30.85226821899414
30.85226821899414
26.520517349243164
11.870201110839844
0.9868192672729492
-0.009955758228898048
-0.010126804932951927
-0.009444025345146656
-0.00956403836607933
-0.008702133782207966
-0.00878487341105938
-0.008014527149498463
-0.008083724416792393
-0.007605889346450567
-0.007359006907790899
-0.006712266243994236
-0.006613460835069418
-0.006351415067911148
-0.005336831323802471
-0.005639120005071163
-0.004832042846828699
-0.004397382028400898
-0.004294727463275194
-0.003833191003650427
-0.0035705245099961758
-0.00302707776427269
-0.0026038538198918104
-0.0022084719967097044
-0.001756399287842214
-0.0013635107316076756
-0.0013565842527896166
-0.0004908549599349499
-8.216139394789934e-05
0.00045026978477835655
0.00014039645611774176
0.0008616739069111645
0.0011361312353983521
0.0010289966594427824
0.0020694611594080925
0.002682523336261511
0.002819573041051626
0.0032336197327822447
0.0033196702133864164
0.0036737616173923016
0.004259286914020777
0.0043403333984315395
0.0051030502654612064
0.005227458663284779
0.005251975264400244
0.006106318905949593
0.005972279701381922
0.006580136716365814
0.0065795355476439
0.006422697566449642
0.007172473706305027
0.007282474543899298
0.0072326818481087685
0.007566565182060003
0.007980640977621078
0.00811709463596344
0.008926121518015862
0.008112381212413311
0.00889689289033413
0.008265001699328423
0.008299039676785469
0.009361312724649906
0.009058421477675438
0.008827309124171734
0.009120791219174862
0.009220154024660587
0.008750027976930141
0.009355444461107254
0.009068457409739494
0.009577805176377296
0.009242190979421139
0.00886092521250248
0.00937404204159975
0.00931574497371912
0.00909789651632309
0.00926460325717926
0.009011378511786461
0.009030708111822605
0.009433645755052567
0.00868432130664587
0.00870061106979847
0.008297905325889587
0.008758245967328548
0.008294381201267242
0.00810936838388443
0.008105541579425335
0.008044441230595112
0.007491987198591232
0.0069577740505337715
0.007436767220497131
0.0072654495015740395
0.0064890035428106785
0.0064436099492013454
0.006289694458246231
0.006402311380952597
2.5455336570739746
6.873812198638916
5.9424848556518555
-11.671794891357422
-12.098458290100098
-5.359763145446777
-5.837121963500977
-4.523336410522461
-2.9039883613586426
-4.011687278747559
-3.00335693359375
-3.354506254196167
-3.451265335083008
-3.1837289333343506
-3.1731224060058594
-3.564704418182373
-3.266770601272583
-3.392390489578247
-3.4512791633605957
-3.32110857963562
-3.466341733932495
-3.2520949840545654
-3.1520729064941406
-3.473651170730591
-3.2488391399383545
-3.2045199871063232
-3.3712127208709717
-3.274005174636841
-2.6045796871185303
-3.043055772781372
-2.5995328426361084
-1.9713958501815796
-2.217578411102295
-1.6135644912719727
-1.2605500221252441
-1.4132254123687744
-1.066630244255066
-0.8902994394302368
-0.5812128782272339
-0.20123210549354553
0.12658844888210297
-0.384488582611084
0.40922975540161133
1.2197588682174683
1.6081371307373047
1.80532968044281
2.5514302253723145
2.7486443519592285
2.2103257179260254
2.0826327800750732
4.541140079498291
5.408812046051025
3.4452195167541504
5.41896915435791
4.753091812133789
4.562302112579346
6.039074897766113
5.895325183868408
7.040220737457275
7.6740217208862305
7.327505588531494
7.536755561828613
7.7859368324279785
8.12541389465332
8.972514152526855
9.562474250793457
9.884844779968262
9.511404037475586
10.175252914428711
10.461355209350586
11.094551086425781
10.66009521484375
11.315725326538086
12.9816255569458
12.399666786193848
12.926019668579102
13.961764335632324
13.379054069519043
14.710856437683105
15.41560173034668
15.892573356628418
15.552583694458008
16.470895767211914
16.469022750854492
17.651182174682617
17.820995330810547
18.882814407348633
18.67469596862793
18.665414810180664
19.534421920776367
20.21136474609375
21.261642456054688
21.61606216430664
21.15325355529785
21.136699676513672
21.556339263916016
22.196788787841797
23.168638229370117
24.059307098388672
23.427995681762695
23.214189529418945
15.813776016235352
-31.6837215423584
-30.423221588134766
-0.006971098482608795
-0.00936910416930914
-0.008437098935246468
-0.010667538270354271
-0.009468698874115944
-0.008355283178389072
-0.008917984552681446
-0.008614067919552326
-0.007528077811002731
-0.008083184249699116
-0.0072337547317147255
-0.006917539052665234
-0.007109909318387508
-0.006067190319299698
-0.006274451967328787
-0.00538063608109951
-0.0056485445238649845
-0.004775164648890495
-0.004727624822407961
-0.004410908557474613
-0.003589590545743704
-0.0035347254015505314
-0.0029629108030349016
-0.002962398109957576
-0.002028869930654764
-0.001864644349552691
-0.0013962859520688653
-0.0011033940827473998
-0.0007353945984505117
-0.00021180810290388763
4.3538748286664486e-05
0.0006055657868273556
0.000868896022439003
0.0009650116553530097
0.001981284935027361
0.002172304317355156
0.0021952628158032894
0.0027269141282886267
0.0029085904825478792
0.0037770625203847885
0.003925110679119825
0.004138100426644087
0.004105919506400824
0.004856133833527565
0.005492397118359804
0.0055236006155610085
0.005763831082731485
0.005644704215228558
0.006193302106112242
0.006562209688127041
0.006535000167787075
0.007398924324661493
0.007004705723375082
0.007653545588254929
0.007698081433773041
0.007660568691790104
0.008055455051362514
0.008257887326180935
0.008551591075956821
0.008380776271224022
0.009000696241855621
0.008501341566443443
0.008701837621629238
0.009176263585686684
0.008955417200922966
0.008973600342869759
0.009594051167368889
0.008705255575478077
0.00973235908895731
0.008553603664040565
0.00953153520822525
0.009155865758657455
0.009252647869288921
0.008639490231871605
0.009668735787272453
0.008968513458967209
0.008983850479125977
0.009325557388365269
0.008709212765097618
0.008511008694767952
0.009023652411997318
0.008835894986987114
0.00873384065926075
0.008262702263891697
0.008889278396964073
0.0076548135839402676
0.007631028536707163
0.0078405337408185
0.007915491238236427
0.007840674370527267
0.007402988616377115
0.006837537046521902
0.007137292064726353
0.006730644963681698
0.006691746413707733
0.006130769848823547
20.685199737548828
92.60577392578125
110.35445404052734
61.31861114501953
36.673362731933594
23.11273193359375
19.38536262512207
8.483558654785156
8.180034637451172
5.499351501464844
1.1977949142456055
1.173185110092163
-0.3931705951690674
-2.252997875213623
-2.330261468887329
-2.787055492401123
-3.5318522453308105
-3.52555513381958
-3.9119765758514404
-3.9964873790740967
-3.9093260765075684
-4.007482528686523
-4.196314811706543
-3.708411693572998
-4.150486946105957
-4.030137538909912
-3.9157986640930176
-3.9513485431671143
-3.0428929328918457
-3.103774309158325
-2.8950202465057373
-3.0929362773895264
-2.510634183883667
-2.934145450592041
-2.2491276264190674
-1.8918949365615845
-1.280918836593628
-0.346340537071228
-0.8981103897094727
-0.458498477935791
0.2159755527973175
-0.5764690041542053
0.6414409875869751
1.7044742107391357
1.6809883117675781
1.8862488269805908
2.1248793601989746
1.961944580078125
2.686537265777588
3.19633150100708
3.613459348678589
3.732762098312378
5.849593162536621
5.617264270782471
4.627989768981934
5.675145626068115
5.5108208656311035
5.714130401611328
7.04171085357666
7.171164035797119
7.1090874671936035
7.647392272949219
7.6739702224731445
7.864222526550293
9.118196487426758
8.996649742126465
10.105718612670898
9.923416137695312
10.349775314331055
11.329526901245117
11.63546085357666
12.618571281433105
12.039423942565918
11.972311019897461
12.684404373168945
12.601168632507324
13.5837984085083
14.026514053344727
14.32404613494873
14.272161483764648
15.019183158874512
15.177668571472168
16.242624282836914
16.4811954498291
16.980815887451172
17.653635025024414
18.2733097076416
17.598472595214844
18.979063034057617
19.269737243652344
19.947757720947266
20.5250244140625
20.8496150970459
20.295988082885742
21.4975528717041
22.57289695739746
22.23158836364746
22.213855743408203
22.77964973449707
23.56061553955078
22.757099151611328
16.391170501708984
-31.6023006439209
-30.00057029724121
-0.0071380226872861385
-0.009436349384486675
-0.0080744419246912
-0.010884642601013184
-0.009513775818049908
-0.008228570222854614
-0.009096789173781872
-0.008459674194455147
-0.007699525915086269
-0.008248762227594852
-0.007000916637480259
-0.0073039354756474495
-0.007147231604903936
-0.006275416351854801
-0.006102181039750576
-0.005973421968519688
-0.005302295554429293
-0.004915905185043812
-0.004613094963133335
-0.00436702836304903
-0.003560807555913925
-0.0037217512726783752
-0.0031786025501787663
-0.0026179980486631393
-0.002457374008372426
-0.0015260844957083464
-0.001557950279675424
-0.0011011428432539105
-0.0011713358107954264
5.438584048533812e-05
-2.6078476366819814e-05
0.0007155941566452384
0.0010240984847769141
0.0009770079050213099
0.0017950140172615647
0.0017500994727015495
0.002379908924922347
0.0030038575641810894
0.003042887896299362
0.003452078904956579
0.003862522542476654
0.0041756900027394295
0.0042183492332696915
0.0046720015816390514
0.005095560569316149
0.0054542506113648415
0.005735811777412891
0.006173348054289818
0.006315139122307301
0.006760066840797663
0.006711194757372141
0.00713643804192543
0.00695889163762331
0.0075378017500042915
0.007749996148049831
0.0075338720344007015
0.008059855550527573
0.008509017527103424
0.008322392590343952
0.008296879008412361
0.008999621495604515
0.008925395086407661
0.008526118472218513
0.008853359147906303
0.009165169671177864
0.009095276705920696
0.009497521445155144
0.008999137207865715
0.009198682382702827
0.00989331305027008
0.00890252273529768
0.009102667681872845
0.009265780448913574
0.009461281821131706
0.008831851184368134
0.009297448210418224
0.00869425293058157
0.009357957169413567
0.008816974237561226
0.008858191780745983
0.009149469435214996
0.008580608293414116
0.008335570804774761
0.00861147791147232
0.008349697105586529
0.007825768552720547
0.008388502523303032
0.007767671253532171
0.007733714766800404
0.007459504995495081
0.007384349592030048
0.006979885511100292
0.007051859050989151
0.006516313645988703
0.006653633899986744
0.006035057362169027
13.169903755187988
83.45577239990234
103.64610290527344
55.74810791015625
30.520700454711914
21.16248893737793
18.26725959777832
5.8237409591674805
4.604255676269531
3.0959689617156982
-0.22820517420768738
-0.2948983609676361
-1.136627197265625
-3.1798160076141357
-2.4648478031158447
-3.7497191429138184
-4.030786991119385
-3.965101718902588
-4.391629695892334
-4.210906028747559
-4.1465654373168945
-4.217955589294434
-4.758243560791016
-4.763413429260254
-3.9496078491210938
-4.0001983642578125
-4.143035411834717
-3.5944855213165283
-3.3990230560302734
-3.1956944465637207
-2.7962183952331543
-2.3042831420898438
-2.5854926109313965
-2.009866952896118
-2.184424877166748
-1.1716557741165161
-1.7625837326049805
-0.9933232069015503
-1.1478688716888428
-0.28519541025161743
0.309724360704422
0.39684373140335083
0.6985781192779541
0.5825125575065613
1.3310452699661255
1.3271054029464722
2.270205020904541
2.8122315406799316
3.847799301147461
3.345423936843872
3.228485107421875
4.572455406188965
4.132431507110596
4.940309524536133
5.165921211242676
5.115626335144043
5.787829399108887
6.622466087341309
6.54186487197876
6.772070407867432
7.272458553314209
7.10399866104126
8.119421005249023
8.050801277160645
7.82736873626709
8.731364250183105
9.100738525390625
9.795025825500488
10.411859512329102
10.75115966796875
11.189521789550781
12.035231590270996
11.501565933227539
13.157954216003418
12.745027542114258
12.754693984985352
12.826884269714355
13.586074829101562
15.154269218444824
14.77702808380127
14.93700122833252
15.257204055786133
15.632678031921387
15.922967910766602
16.053804397583008
16.76035499572754
17.64501953125
17.944522857666016
18.258691787719727
18.942039489746094
18.723796844482422
19.814502716064453
20.157466888427734
21.32781982421875
21.609371185302734
21.788372039794922
21.698938369750977
21.909921646118164
22.738666534423828
22.244522094726562
22.214466094970703
16.030681610107422
-27.614124298095703
-34.79379653930664
-0.007106764707714319
-0.009889373555779457
-0.008179747499525547
-0.010259857401251793
-0.009929260239005089
-0.008125181309878826
-0.009007018059492111
-0.008481889963150024
-0.007803675718605518
-0.008094388991594315
-0.0072113340720534325
-0.0070624263025820255
-0.00677013024687767
-0.006415307521820068
-0.006036064587533474
-0.0057858750224113464
-0.005488858558237553
-0.004773802123963833
-0.004553880076855421
-0.0040857987478375435
-0.0038293018005788326
-0.0031887597870081663
-0.0033022661227732897
-0.002501559443771839
-0.0023048066068440676
-0.0018033201340585947
-0.0013032460119575262
-0.0012761635007336736
-0.0006387006724253297
-0.0003692476893775165
0.0002635472046677023
0.0007036129245534539
0.0008072306518442929
0.001182983978651464
0.0020018641371279955
0.002059144666418433
0.0024126276839524508
0.003155374201014638
0.0032220310531556606
0.0035241234581917524
0.003889387473464012
0.004120799712836742
0.004044170491397381
0.005244195461273193
0.0050277505069971085
0.005314086098223925
0.005827136337757111
0.005783364176750183
0.006732165813446045
0.0063374838791787624
0.006878896616399288
0.006758139468729496
0.00716381287202239
0.007814345881342888
0.007428945507854223
0.0076621039770543575
0.008509712293744087
0.0076187909580767155
0.008454538881778717
0.008564404211938381
0.008538158610463142
0.00857606716454029
0.008850285783410072
0.00884302332997322
0.009057881310582161
0.00898665376007557
0.009289846755564213
0.00890335626900196
0.009438160806894302
0.009356675669550896
0.009043611586093903
0.00937672983855009
0.009467380121350288
0.009097175672650337
0.009342579171061516
0.009081230498850346
0.009232154116034508
0.008676269091665745
0.009045958518981934
0.00844632089138031
0.00890091247856617
0.008232852444052696
0.009208890609443188
0.007979962043464184
0.008352802135050297
0.008452394977211952
0.00801452249288559
0.007627119310200214
0.006979738362133503
0.007677196525037289
0.0072789741680026054
0.007279059384018183
0.00638370867818594
0.0070908935740590096
0.006113550625741482
0.006441102363169193
20.965877532958984
93.27986145019531
110.81251525878906
60.943267822265625
35.740623474121094
23.47091293334961
20.006378173828125
5.8013482093811035
4.5905680656433105
3.834315538406372
0.19052448868751526
-0.47227248549461365
-0.9291056394577026
-2.890428066253662
-2.5563769340515137
-2.5554308891296387
-4.163214683532715
-3.3102405071258545
-4.493169784545898
-4.688478946685791
-4.024416446685791
-4.248223781585693
-4.262499809265137
-4.136956214904785
-4.009974956512451
-3.516566038131714
-3.7092552185058594
-3.677356719970703
-3.198094367980957
-2.6562180519104004
-2.6695001125335693
-2.428719997406006
-2.8266115188598633
-2.182525634765625
-2.0849788188934326
-1.730420470237732
-0.6568504571914673
-0.21304857730865479
-0.8455296754837036
-0.8016629219055176
0.3057265281677246
-0.20451030135154724
-0.26918134093284607
1.294350028038025
1.837545394897461
2.1770689487457275
2.633645534515381
3.191054105758667
2.91939640045166
3.4137580394744873
4.455428123474121
4.363289833068848
4.134593963623047
4.870148658752441
4.551677227020264
5.565825462341309
6.39175271987915
6.204497337341309
5.981903553009033
6.147918224334717
6.639853000640869
7.664029121398926
8.106470108032227
8.703402519226074
9.327604293823242
10.076948165893555
9.858663558959961
10.452611923217773
10.649087905883789
11.237651824951172
11.317611694335938
11.090935707092285
11.541049003601074
12.409164428710938
12.577757835388184
12.534017562866211
13.501335144042969
13.386286735534668
14.110196113586426
15.179150581359863
15.383641242980957
15.7650728225708
15.831751823425293
16.52278709411621
17.144207000732422
17.32742691040039
17.624380111694336
18.852619171142578
18.418594360351562
18.213314056396484
19.54496955871582
19.490001678466797
20.50674057006836
21.22083854675293
21.777448654174805
21.335811614990234
22.200927734375
22.858837127685547
23.067424774169922
22.81290054321289
22.02207374572754
16.607223510742188
-31.84988784790039
-28.993709564208984
-0.006960597820580006
-0.009338722564280033
-0.008295007050037384
-0.010529899038374424
-0.009340583346784115
-0.00858298223465681
-0.009119616821408272
-0.008169673383235931
-0.007881426252424717
-0.007717538625001907
-0.007231307681649923
-0.00700374087318778
-0.006999584846198559
-0.006271458230912685
-0.006099996622651815
-0.00579071044921875
-0.004918957594782114
-0.005211259238421917
-0.0043462603352963924
-0.004147674888372421
-0.004004535265266895
-0.0029854211024940014
-0.003381870687007904
-0.0028451369144022465
-0.00228089839220047
-0.0017148389015346766
-0.001023694290779531
-0.0011673177359625697
-0.0008073411881923676
-0.00017260976892430335
-0.0001174709977931343
0.0006458128336817026
0.0010522432858124375
0.001689676777459681
0.0014534298097714782
0.0020847043488174677
0.0025238418020308018
0.002636231482028961
0.003405452473089099
0.0034360450226813555
0.0034975658636540174
0.004627970512956381
0.00463593564927578
0.004826179705560207
0.005107452627271414
0.006071851588785648
0.005747389979660511
0.006134233437478542
0.0061437939293682575
0.006193379405885935
0.007004693150520325
0.006928195245563984
0.007093478925526142
0.007615967653691769
0.007496115751564503
0.0076907845214009285
0.008204801008105278
0.008000398054718971
0.008670879527926445
0.008131787180900574
0.008705675601959229
0.008818797767162323
0.008746514096856117
0.009184944443404675
0.009218667633831501
0.009174734354019165
0.009101099334657192
0.009162683971226215
0.009323087520897388
0.009173380210995674
0.009070564061403275
0.009538327343761921
0.009547662921249866
0.009215673431754112
0.00916836503893137
0.008876760490238667
0.0089970538392663
0.009183214977383614
0.009244268760085106
0.008928121067583561
0.008686965331435204
0.008825024589896202
0.008554109372198582
0.008851628750562668
0.007959738373756409
0.008694956079125404
0.007905206643044949
0.007809585426002741
0.0075145745649933815
0.007407619152218103
0.007586446590721607
0.007453934755176306
0.0062322793528437614
0.006897184066474438
0.006484562065452337
0.006324452813714743
40.26234817504883
113.30255126953125
128.12533569335938
78.25070190429688
38.972713470458984
30.628936767578125
23.622346878051758
16.130245208740234
10.956674575805664
6.680548667907715
3.7812085151672363
1.6688346862792969
0.5495096445083618
-1.4602141380310059
-1.8715957403182983
-2.6298747062683105
-3.5641543865203857
-3.3199901580810547
-3.4669394493103027
-3.6503872871398926
-3.860642671585083
-4.059447288513184
-4.541583061218262
-3.55116605758667
-3.954641342163086
-3.6428160667419434
-3.642204761505127
-3.4920730590820312
-4.054130554199219
-2.621525764465332
-3.0007247924804688
-2.4554665088653564
-2.499363422393799
-2.6005842685699463
-2.34053897857666
-1.7714970111846924
-0.4623085558414459
-0.21860870718955994
-1.075091004371643
-0.19146117568016052
-0.023018881678581238
0.4846785068511963
0.9278224110603333
0.6342489123344421
1.1720454692840576
2.2412304878234863
2.885953664779663
2.0264892578125
3.618978977203369
3.5037410259246826
3.4990696907043457
3.9782440662384033
4.113924026489258
4.284969329833984
5.6231794357299805
6.301427841186523
5.4947896003723145
6.424737453460693
7.412413120269775
7.317091464996338
7.882876396179199
7.2645978927612305
7.454277038574219
8.093153953552246
8.19484806060791
9.29773998260498
9.384202003479004
9.9008150100708
10.030608177185059
11.138040542602539
11.14162540435791
10.94951343536377
11.846576690673828
11.841559410095215
12.056764602661133
13.185049057006836
12.846307754516602
14.514361381530762
14.055463790893555
14.20263385772705
14.717926025390625
15.61328125
16.37699317932129
16.743518829345703
17.27479362487793
17.034603118896484
17.397037506103516
18.376827239990234
18.007015228271484
19.101024627685547
19.01348114013672
20.50632095336914
20.213045120239258
21.402864456176758
22.466108322143555
21.576765060424805
22.123607635498047
21.896581649780273
22.485071182250977
24.192550659179688
22.875164031982422
15.909083366394043
-32.69482421875
-27.502777099609375
-0.0066976710222661495
-0.009328166022896767
-0.008009565062820911
-0.010390224866569042
-0.009592556394636631
-0.008356790989637375
-0.008679041638970375
-0.008529983460903168
-0.007835561409592628
-0.0077749514020979404
-0.007688344921916723
-0.0067090378142893314
-0.006766811944544315
-0.006309735123068094
-0.005809060297906399
-0.005928155966103077
-0.005115144420415163
-0.004958766512572765
-0.004784694407135248
-0.003941048868000507
-0.004145151935517788
-0.0031960122287273407
-0.0031753424555063248
-0.0025576730258762836
-0.002152643632143736
-0.001967343036085367
-0.0013987041311338544
-0.0009853783994913101
-0.0006993286078795791
3.123439455521293e-05
-0.00029417252517305315
0.0005000896053388715
0.0008171674562618136
0.0014407491544261575
0.0017033793264999986
0.0020574647933244705
0.002572466153651476
0.0030855361837893724
0.0031380155123770237
0.003407770302146673
0.0037698515225201845
0.0043005864135921
0.004503969568759203
0.004963712766766548
0.005129384808242321
0.005664169788360596
0.005116015672683716
0.006844711489975452
0.006121354643255472
0.0061051612719893456
0.007465618662536144
0.0066577373072505
0.007790880743414164
0.007214175071567297
0.007370964623987675
0.008165912702679634
0.00804155133664608
0.008509529754519463
0.00808350183069706
0.008707302622497082
0.009016444906592369
0.008306778967380524
0.009081379510462284
0.008925866335630417
0.00916232354938984
0.008915334939956665
0.009220488369464874
0.009135316126048565
0.009172435849905014
0.009274807758629322
0.009639059193432331
0.009154200553894043
0.009425974451005459
0.009381868876516819
0.009177879430353642
0.009442123584449291
0.00873496476560831
0.009313249960541725
0.008920779451727867
0.009129040874540806
0.008621404878795147
0.009101999923586845
0.008399789221584797
0.008355674333870411
0.008101256564259529
0.00813579373061657
0.008037136867642403
0.008035117760300636
0.007480340544134378
0.007649852428585291
0.007334846071898937
0.006712864153087139
0.0066723874770104885
0.006788188125938177
0.006309958640486002
0.006408479996025562
39.364418029785156
112.32182312011719
124.08802795410156
69.60060119628906
40.369476318359375
20.820589065551758
20.33281135559082
8.703763008117676
7.320651054382324
7.6402587890625
3.732774257659912
2.2207770347595215
1.190608263015747
-1.325317144393921
-1.59531831741333
-1.8244978189468384
-3.3935775756835938
-3.5007851123809814
-3.4588444232940674
-4.184759616851807
-4.3424577713012695
-4.126251220703125
-4.357722282409668
-4.500015735626221
-3.726416826248169
-3.2772679328918457
-4.111659049987793
-3.602029323577881
-3.6970839500427246
-3.0804474353790283
-2.8129265308380127
-2.409379243850708
-1.8006021976470947
-1.7784229516983032
-2.141569137573242
-1.3680474758148193
-1.9368559122085571
-0.9669394493103027
-1.016613483428955
0.09656926244497299
0.6039635539054871
1.0191233158111572
1.705309271812439
1.1932207345962524
1.3857451677322388
2.5532889366149902
2.9029688835144043
3.454833507537842
2.939387798309326
2.886842966079712
4.113144874572754
5.002663612365723
4.621546745300293
5.101327896118164
5.509206771850586
4.91603422164917
5.67748498916626
5.422720909118652
6.416788578033447
7.418943881988525
7.260331153869629
8.012409210205078
8.074104309082031
9.036734580993652
8.645400047302246
9.776898384094238
9.038015365600586
8.7828369140625
10.379624366760254
10.67268180847168
11.533036231994629
11.616676330566406
12.582330703735352
12.464685440063477
13.090359687805176
13.526054382324219
13.95512580871582
14.658564567565918
15.300294876098633
15.903477668762207
15.523183822631836
16.364490509033203
15.606954574584961
16.675329208374023
16.337961196899414
17.10244369506836
16.77423667907715
17.408601760864258
18.19145393371582
19.1468448638916
19.5732421875
18.957904815673828
19.44485092163086
20.264888763427734
20.661640167236328
20.877750396728516
20.475322723388672
21.28168296813965
23.025991439819336
23.114587783813477
22.11811065673828
16.40566635131836
-32.129913330078125
-29.91355323791504
-0.00713870907202363
-0.009227738715708256
-0.008601206354796886
-0.010324804112315178
-0.009463867172598839
-0.008112951181828976
-0.009316964074969292
-0.008148076012730598
-0.007724119815975428
-0.008100731298327446
-0.007293476723134518
-0.007010181900113821
-0.006735978182405233
-0.006451123859733343
-0.0061638313345611095
-0.005544551648199558
-0.0053189462050795555
-0.004850556142628193
-0.00448256591334939
-0.0038650843780487776
-0.0041237943805754185
-0.0033290565479546785
-0.0029735614079982042
-0.002609480172395706
-0.0022903564386069775
-0.001883230754174292
-0.0012893284438177943
-0.0010696842800825834
-0.0009189413976855576
-0.00012108239025110379
0.0002623221662361175
0.0007541164522990584
0.0008404765394516289
0.0013177476357668638
0.0016515696188434958
0.0019601110834628344
0.0024117042776197195
0.0028298881370574236
0.0031370024662464857
0.003520682454109192
0.0038707151543349028
0.004037075210362673
0.004494671709835529
0.00488349050283432
0.004989060573279858
0.005645246710628271
0.0055658817291259766
0.0063138194382190704
0.006023626308888197
0.006394910626113415
0.007152686361223459
0.006633793003857136
0.0073945894837379456
0.007618206553161144
0.0077408915385603905
0.007837946526706219
0.00808802805840969
0.008037260733544827
0.008798007853329182
0.008602472022175789
0.008664618246257305
0.00880135502666235
0.008970899507403374
0.009033313021063805
0.009271019138395786
0.008832143619656563
0.009069828316569328
0.009453204460442066
0.00914105772972107
0.009436210617423058
0.009399255737662315
0.009123380295932293
0.009240983054041862
0.009420129470527172
0.009042195044457912
0.009081991389393806
0.008782787248492241
0.008971055038273335
0.009444293566048145
0.008988086134195328
0.008411009795963764
0.008355925790965557
0.00871419906616211
0.008238086476922035
0.008715912699699402
0.008216985501348972
0.0080365976318717
0.00785592757165432
0.007711432874202728
0.007129989564418793
0.007458625826984644
0.007052022032439709
0.006669469177722931
0.00667349249124527
0.006374180316925049
0.006390039809048176
13.073099136352539
83.1541976928711
102.73664855957031
55.234352111816406
30.249187469482422
20.150110244750977
18.233264923095703
7.693094730377197
7.809878349304199
5.1979594230651855
1.4013429880142212
0.7142789959907532
-0.7761207818984985
-2.0838184356689453
-1.9753166437149048
-2.413719892501831
-3.9763755798339844
-3.2559115886688232
-3.7571892738342285
-4.281792640686035
-4.293630599975586
-4.232586860656738
-4.453608512878418
-4.274853706359863
-3.879072904586792
-3.6652450561523438
-3.5917739868164062
-3.4681339263916016
-2.9317846298217773
-2.6180684566497803
-3.0990326404571533
-2.9126429557800293
-2.486423969268799
-2.382906436920166
-1.443579912185669
-1.5671840906143188
-1.3986996412277222
-0.8296880722045898
-0.09792285412549973
-0.07376004755496979
-0.19909828901290894
0.08424825966358185
0.7759761214256287
0.49632248282432556
1.9834835529327393
2.188448667526245
2.4711391925811768
2.3850622177124023
3.250697374343872
3.5796985626220703
3.919762372970581
4.449385166168213
3.4123713970184326
4.796494007110596
5.282619953155518
6.692859649658203
5.939557075500488
6.927427768707275
7.508103847503662
6.870795249938965
7.678619384765625
7.555062770843506
8.568163871765137
8.346464157104492
8.099778175354004
9.823585510253906
9.80368709564209
9.968745231628418
10.654340744018555
10.681464195251465
10.924385070800781
11.177740097045898
11.627469062805176
11.945449829101562
12.658414840698242
13.819547653198242
14.051304817199707
14.050512313842773
14.247891426086426
13.910812377929688
15.358500480651855
15.215431213378906
15.410305976867676
16.11613655090332
16.495136260986328
17.083152770996094
17.671192169189453
18.090518951416016
17.71841049194336
18.75288200378418
19.135499954223633
19.50383758544922
18.719993591308594
21.19404411315918
21.59467124938965
22.007780075073242
21.544477462768555
22.65821647644043
22.532421112060547
22.491661071777344
22.100629806518555
15.216226577758789
-33.040077209472656
-27.251922607421875
-0.006608019582927227
-0.009563332423567772
-0.00823705643415451
-0.01068451814353466
-0.00963154248893261
-0.008460676297545433
-0.008480426855385303
-0.00901645328849554
-0.007540218532085419
-0.007748226169496775
-0.0076446374878287315
-0.00699596107006073
-0.006896701641380787
-0.00638496782630682
-0.005828449036926031
-0.0059887720271945
-0.004910248331725597
-0.004996914882212877
-0.004478223156183958
-0.004446236416697502
-0.0034568875562399626
-0.0033742059022188187
-0.003108487231656909
-0.002732599852606654
-0.002082116436213255
-0.0018206723034381866
-0.001308476086705923
-0.001267693703994155
-0.00075580581324175
-0.00028226838912814856
0.000429709063610062
0.00043566562817431986
0.0009643473895266652
0.0010233140783384442
0.001966507639735937
0.0021583435591310263
0.0023145927116274834
0.0028447930235415697
0.0029852327425032854
0.0036059473641216755
0.004095559008419514
0.004053147509694099
0.004331653006374836
0.004717669449746609
0.005520552862435579
0.005358647555112839
0.005744935013353825
0.005775879602879286
0.006695769727230072
0.0064797475934028625
0.006635218858718872
0.007283178623765707
0.007230617105960846
0.007861265912652016
0.007315702736377716
0.00812109187245369
0.00810004211962223
0.008077770471572876
0.008650241419672966
0.00855481717735529
0.008414327166974545
0.008788302540779114
0.008742952719330788
0.009086977690458298
0.008824264630675316
0.00903116911649704
0.009179976768791676
0.009612014517188072
0.008995914831757545
0.00886384304612875
0.00961008109152317
0.009777294471859932
0.009200322441756725
0.009034468792378902
0.009019182994961739
0.009296768344938755
0.0090213343501091
0.009076284244656563
0.008863745257258415
0.008820317685604095
0.008964520879089832
0.008681787177920341
0.008526589721441269
0.008354147896170616
0.008279277011752129
0.008135105483233929
0.008114987052977085
0.0076860086992383
0.00752250337973237
0.008056403137743473
0.007044778671115637
0.006962883286178112
0.006890598684549332
0.007053551264107227
0.00652777124196291
0.006379189435392618
20.921985626220703
93.35401153564453
110.6730728149414
61.1834831237793
34.07792663574219
19.80192756652832
18.429515838623047
6.7139739990234375
6.26540470123291
5.118701934814453
1.431433916091919
0.9158884286880493
0.10703687369823456
-2.1898131370544434
-2.3162453174591064
-2.809278964996338
-3.475247621536255
-3.9306347370147705
-4.36087703704834
-4.392941951751709
-4.6141815185546875
-3.9507052898406982
-4.370153903961182
-4.3120198249816895
-4.215279579162598
-3.9785332679748535
-3.355189800262451
-3.908104419708252
-3.6789517402648926
-2.927191734313965
-2.837249517440796
-2.695554733276367
-2.2907729148864746
-2.3784828186035156
-2.5274291038513184
-1.349855661392212
-1.3372377157211304
-0.7703347206115723
-0.6080633401870728
-0.727313756942749
0.2235199511051178
0.1960219442844391
0.043056901544332504
1.2064179182052612
1.9725548028945923
2.112511396408081
2.1581807136535645
2.6555323600769043
2.8658974170684814
2.4500784873962402
4.745068550109863
4.651087760925293
3.8172149658203125
5.270203113555908
4.832483768463135
5.162356376647949
6.370493412017822
7.129502296447754
7.516241550445557
7.4587578773498535
7.040002346038818
7.460964202880859
8.503965377807617
8.274873733520508
8.724973678588867
9.131309509277344
9.954654693603516
9.563793182373047
10.141987800598145
11.500167846679688
10.941144943237305
11.137434005737305
11.752690315246582
11.860353469848633
12.547769546508789
13.37669849395752
13.535487174987793
14.51617431640625
14.706932067871094
15.452199935913086
15.44975471496582
16.026769638061523
16.758630752563477
17.110916137695312
17.36644172668457
18.27646255493164
18.63459587097168
19.33598518371582
19.347606658935547
19.303808212280273
19.368059158325195
19.588075637817383
20.31780242919922
21.047672271728516
21.624433517456055
21.102649688720703
21.817325592041016
22.09255599975586
23.208724975585938
23.809289932250977
22.89927864074707
16.786273956298828
-32.65518569946289
-30.869741439819336
-0.007088629994541407
-0.009055143222212791
-0.008378861472010612
-0.01052879448980093
-0.009310096502304077
-0.008364635519683361
-0.009076806716620922
-0.00816362164914608
-0.007941801100969315
-0.007897565141320229
-0.007501604966819286
-0.00711080152541399
-0.0067601874470710754
-0.006382194813340902
-0.006073894910514355
-0.005679638125002384
-0.005290689878165722
-0.004880270455032587
-0.00474179582670331
-0.0040049017407000065
-0.0037232725881040096
-0.003615559544414282
-0.002919119317084551
-0.002817917615175247
-0.0022604861296713352
-0.001682641333900392
-0.0015106111532077193
-0.0009762111003510654
-0.0008664478664286435
-0.0003653340972959995
0.0002464824647177011
0.00031791129731573164
0.0013200727989897132
0.0008958310936577618
0.0018354743951931596
0.0017917088698595762
0.0022286209277808666
0.0028108227998018265
0.0033436142839491367
0.003409507218748331
0.003921709023416042
0.004539788700640202
0.004426710307598114
0.004877390805631876
0.0048247044906020164
0.005588557105511427
0.006002758163958788
0.005866700783371925
0.006394283380359411
0.0065597789362072945
0.00653537642210722
0.007140040397644043
0.006869067437946796
0.00796370767056942
0.0071942852810025215
0.008101043291389942
0.008005453273653984
0.008069230243563652
0.00838681124150753
0.008569413796067238
0.008410537615418434
0.009035489521920681
0.008650271221995354
0.008996056392788887
0.009207126684486866
0.008988001383841038
0.009172136895358562
0.008990456350147724
0.009423336014151573
0.009028215892612934
0.009490400552749634
0.008920845575630665
0.0094820661470294
0.009264660999178886
0.0093716811388731
0.008752183057367802
0.009038848802447319
0.009035798721015453
0.008857463486492634
0.008964023552834988
0.008702004328370094
0.00819351989775896
0.008767088875174522
0.008088747039437294
0.00870420504361391
0.008112726733088493
0.007738526910543442
0.007602051831781864
0.007763846777379513
0.007513172924518585
0.007015435956418514
0.006555492989718914
0.006784462369978428
0.006606618873775005
0.006148665212094784
0.005938396789133549
30.07377052307129
103.0387191772461
118.09907531738281
65.734375
37.674686431884766
19.0869083404541
18.87610626220703
7.3735857009887695
6.602330207824707
6.913529396057129
3.0109667778015137
1.710375428199768
1.020572304725647
-1.0578006505966187
-1.3199045658111572
-2.3552284240722656
-3.8123912811279297
-3.298729658126831
-3.8330600261688232
-4.1623406410217285
-3.557448148727417
-3.909709930419922
-4.678671836853027
-4.258940696716309
-3.8802566528320312
-4.03185510635376
-3.6471431255340576
-3.318493604660034
-3.316492795944214
-3.2531650066375732
-3.652278184890747
-2.835334062576294
-1.871264100074768
-2.095320701599121
-2.063612937927246
-1.0920536518096924
-1.0951473712921143
-0.21041655540466309
-0.3293154239654541
-0.5631442070007324
-0.7961047887802124
0.5333773493766785
1.7220522165298462
1.0961410999298096
0.708343505859375
2.0769951343536377
1.9362119436264038
2.9131479263305664
3.80914044380188
3.7372937202453613
2.9405651092529297
3.8616116046905518
4.751252174377441
4.5813703536987305
4.636984348297119
5.635650157928467
5.583709716796875
6.48336935043335
7.390995025634766
7.241446495056152
7.5133843421936035
8.078267097473145
8.043169021606445
8.397196769714355
8.577260971069336
9.009588241577148
10.387175559997559
10.13884162902832
10.294868469238281
10.495373725891113
11.417969703674316
11.919227600097656
11.990462303161621
12.60302448272705
12.809779167175293
13.394523620605469
13.785122871398926
14.004473686218262
14.42888069152832
14.204846382141113
14.581067085266113
15.25330924987793
15.63615894317627
16.171255111694336
16.689374923706055
17.288984298706055
16.851970672607422
18.09677505493164
18.83510398864746
18.851119995117188
19.57300567626953
19.908716201782227
20.601768493652344
20.066864013671875
20.254512786865234
21.282398223876953
20.86517333984375
21.828449249267578
22.51944923400879
22.849950790405273
21.740894317626953
16.458417892456055
-32.0939826965332
-30.818492889404297
-0.006977502256631851
-0.00907524861395359
-0.008132758550345898
-0.010415978729724884
-0.00941286701709032
-0.008180303499102592
-0.009126493707299232
-0.008215566165745258
-0.007559989579021931
-0.007959885522723198
-0.007098128087818623
-0.006888626608997583
-0.007030443288385868
-0.00621028570458293
-0.005947214551270008
-0.005863350350409746
-0.00523808877915144
-0.004789917729794979
-0.004584175534546375
-0.004062970168888569
-0.003737934399396181
-0.003503077430650592
-0.0032661384902894497
-0.0023084136191755533
-0.0024059973657131195
-0.001502488274127245
-0.0011612498201429844
-0.0011723487405106425
-0.0005136392428539693
-5.968813638901338e-05
-7.511419426009525e-06
0.0009523819899186492
0.00089355802629143
0.001030056388117373
0.0018782630795612931
0.002145655918866396
0.002390460576862097
0.002854105783626437
0.003115934319794178
0.0037545617669820786
0.004308996256440878
0.003912521991878748
0.004898244049400091
0.005104989744722843
0.004897494334727526
0.006072391290217638
0.005559342447668314
0.006199629046022892
0.006383372005075216
0.006517217494547367
0.006873265840113163
0.007044744677841663
0.007055096328258514
0.007777126040309668
0.007402253802865744
0.007969776168465614
0.008069587871432304
0.008195259608328342
0.008447322063148022
0.00851047970354557
0.008955167606472969
0.00868231151252985
0.00875809509307146
0.008951796218752861
0.008841686882078648
0.009151587262749672
0.00949678011238575
0.009259931743144989
0.009347165003418922
0.00943558756262064
0.0097266286611557
0.009253929369151592
0.009198631159961224
0.009517171420156956
0.009259143844246864
0.009533392265439034
0.008791878819465637
0.009247375652194023
0.008655499666929245
0.008785741403698921
0.008622171357274055
0.008983014151453972
0.00869662407785654
0.008268500678241253
0.008485576137900352
0.007629583589732647
0.008373696357011795
0.007803219370543957
0.007441224064677954
0.00761328125372529
0.00737989554181695
0.006680136080831289
0.007205864880234003
0.007031685207039118
0.006283027585595846
0.006341756787151098
39.02497100830078
112.20723724365234
123.55606842041016
69.67182922363281
40.544830322265625
26.303539276123047
22.806476593017578
9.544916152954102
6.511948585510254
6.082320213317871
1.530989408493042
0.48798832297325134
0.2834785580635071
-2.098328113555908
-2.2632784843444824
-2.584372043609619
-3.6773147583007812
-3.8125641345977783
-3.648350477218628
-4.260066032409668
-4.148794174194336
-3.9854729175567627
-4.415219306945801
-4.185441017150879
-3.330029010772705
-3.766474485397339
-3.3081650733947754
-3.4001705646514893
-3.2532875537872314
-2.985950469970703
-2.9298276901245117
-2.4322123527526855
-2.1356582641601562
-2.2889251708984375
-2.763810634613037
-1.8976829051971436
-1.3907060623168945
-0.25628820061683655
-1.4592931270599365
-0.2451944798231125
0.10969342291355133
-0.025494080036878586
0.9844606518745422
1.038482904434204
2.1995184421539307
1.7155179977416992
1.8325650691986084
2.3055872917175293
2.3489737510681152
2.7497599124908447
4.177435398101807
4.69003963470459
4.183799743652344
4.900300025939941
5.275125980377197
5.093818664550781
6.307668209075928
6.501124382019043
6.526327610015869
6.73895263671875
7.356208801269531
7.4379448890686035
7.939075469970703
8.149858474731445
8.071451187133789
9.316139221191406
9.106512069702148
9.799850463867188
10.633875846862793
10.512041091918945
11.873983383178711
11.68873405456543
12.304658889770508
12.317655563354492
12.513256072998047
13.215855598449707
13.672693252563477
14.484077453613281
14.752429008483887
14.008770942687988
15.363714218139648
15.5840482711792
15.605871200561523
15.350341796875
16.023075103759766
16.669984817504883
17.138334274291992
17.8292179107666
18.47162628173828
18.67220115661621
19.320667266845703
19.164642333984375
19.559133529663086
20.013778686523438
21.40475082397461
21.1278133392334
21.550975799560547
22.29385757446289
23.54768180847168
22.810585021972656
22.21068000793457
17.2823486328125
-31.312633514404297
-30.493810653686523
-0.007287120912224054
-0.009147313423454762
-0.0081236083060503
-0.010744547471404076
-0.009497864171862602
-0.008284090086817741
-0.008414644747972488
-0.008509306237101555
-0.007863244041800499
-0.008188369683921337
-0.007265453692525625
-0.0070935687981545925
-0.006931661162525415
-0.006643702741712332
-0.005888891872018576
-0.005712203681468964
-0.005330769810825586
-0.0048804208636283875
-0.004565554670989513
-0.004109836649149656
-0.004243205767124891
-0.0031607826240360737
-0.002994716167449951
-0.0026076044887304306
-0.0023526079021394253
-0.0016938888002187014
-0.0012860955903306603
-0.0010565788252279162
-0.0007926070829853415
-0.00019608702859841287
4.0086313674692065e-05
0.000705491635017097
0.0009022410959005356
0.0011862037936225533
0.0019856689032167196
0.002126716310158372
0.00247955578379333
0.0027992951218038797
0.0031113927252590656
0.00345247657969594
0.00380827859044075
0.004344854969531298
0.004660479724407196
0.004538794979453087
0.00546562485396862
0.005446606315672398
0.005752443801611662
0.00584228802472353
0.006352115422487259
0.006631848402321339
0.007024805061519146
0.0072333477437496185
0.006739343050867319
0.007844989188015461
0.007807216607034206
0.007714225444942713
0.008208774961531162
0.008154727518558502
0.0082857022061944
0.008601020090281963
0.008457181043922901
0.008800473064184189
0.0084217619150877
0.009242331609129906
0.009329202584922314
0.008743071928620338
0.008989216759800911
0.009222063235938549
0.009243079461157322
0.009217661805450916
0.009287853725254536
0.009678522124886513
0.00921916775405407
0.009445982053875923
0.009012475609779358
0.009269503876566887
0.009040504693984985
0.008642775006592274
0.008947874419391155
0.009119800291955471
0.008787177503108978
0.008491097018122673
0.008618013933300972
0.008249463513493538
0.008590715005993843
0.0076865218579769135
0.008221838623285294
0.007809682283550501
0.007355270441621542
0.0074866050854325294
0.007420034613460302
0.006724561098963022
0.007138079963624477
0.006341065280139446
0.006754743866622448
0.006319234613329172
20.430034637451172
93.34590148925781
110.03043365478516
60.380126953125
33.1178092956543
18.581096649169922
18.14288902282715
6.397404670715332
6.0903143882751465
5.636414527893066
1.29218590259552
0.7430487871170044
0.3280947804450989
-2.2117152214050293
-2.219942569732666
-3.059286594390869
-3.848179578781128
-4.048567771911621
-3.932020664215088
-4.305792808532715
-4.434435844421387
-4.188902854919434
-4.402515888214111
-3.975634813308716
-4.039024353027344
-3.671063184738159
-3.807250499725342
-3.8210113048553467
-3.7367446422576904
-3.2498526573181152
-2.9407875537872314
-2.9540493488311768
-2.8689966201782227
-2.0504837036132812
-2.435317039489746
-0.9277598261833191
-1.128629446029663
-0.8908137083053589
-0.682183027267456
-0.7346213459968567
0.5077258944511414
1.1067540645599365
0.5757890939712524
1.2302325963974
1.1384131908416748
1.6076338291168213
1.8738200664520264
2.813169002532959
3.398221969604492
3.0528931617736816
4.092052459716797
4.921147346496582
3.719392776489258
3.959934949874878
5.174756050109863
4.356377601623535
6.198830604553223
6.452233791351318
6.00076150894165
6.835326194763184
7.720353603363037
7.284425258636475
8.572509765625
8.791251182556152
8.817560195922852
9.295230865478516
9.294143676757812
10.03428840637207
11.069211959838867
9.83967399597168
11.061429023742676
11.92684268951416
11.924725532531738
13.133381843566895
13.566888809204102
13.131884574890137
13.181071281433105
13.634674072265625
13.428624153137207
14.27656078338623
14.783787727355957
15.14079761505127
16.279438018798828
16.032299041748047
16.47568702697754
16.46859359741211
17.512065887451172
17.95464515686035
18.035993576049805
17.729812622070312
19.039459228515625
19.831985473632812
19.623395919799805
19.886554718017578
21.48537826538086
21.62590980529785
20.782323837280273
21.84577751159668
22.66082191467285
23.34211540222168
21.966312408447266
15.628631591796875
-37.369564056396484
-31.414981842041016
-0.006354331970214844
-0.00908382423222065
-0.008500452153384686
-0.010590111836791039
-0.009838772006332874
-0.008119100704789162
-0.009033465757966042
-0.008464761078357697
-0.007841699756681919
-0.007779994513839483
-0.007334530353546143
-0.0072656795382499695
-0.006930147763341665
-0.0064119817689061165
-0.0057596126571297646
-0.005936414934694767
-0.005002220161259174
-0.005380169954150915
-0.004538017325103283
-0.004095206968486309
-0.0037946731317788363
-0.003546854481101036
-0.0031482663471251726
-0.002472302643582225
-0.0020851592998951674
-0.002407170133665204
-0.0007833162089809775
-0.0009877386037260294
-0.0010684358421713114
-0.00015773202176205814
0.0003301627584733069
0.0001959384244401008
0.0009069176157936454
0.0014245420461520553
0.0018779203528538346
0.0022622407414019108
0.0022323851007968187
0.0031940215267241
0.0030905583407729864
0.0033103637397289276
0.003926227800548077
0.004407260101288557
0.0044076391495764256
0.0048124040476977825
0.005337223410606384
0.005470873322337866
0.005566510371863842
0.006083042360842228
0.006231637205928564
0.006357009056955576
0.007053394801914692
0.006713835056871176
0.0072040497325360775
0.00789288803935051
0.0077410549856722355
0.007922736927866936
0.008228194899857044
0.008135879412293434
0.008411655202507973
0.00835949182510376
0.008695530705153942
0.008847427554428577
0.008602363057434559
0.009172806516289711
0.008890298195183277
0.009012686088681221
0.009408647194504738
0.009320661425590515
0.00922503974288702
0.008869269862771034
0.009710758924484253
0.00894374679774046
0.009373357519507408
0.008974830619990826
0.009319746866822243
0.008870506659150124
0.009511193260550499
0.008728662505745888
0.0090359291061759
0.008715554140508175
0.009096574038267136
0.008498952724039555
0.008732586167752743
0.00850372388958931
0.008723190054297447
0.007892141118645668
0.007991863414645195
0.007907993160188198
0.007387532386928797
0.00775218615308404
0.006974474526941776
0.007212368305772543
0.006832879967987537
0.0067389653995633125
0.006315758917480707
0.006434834096580744
12.874746322631836
83.07853698730469
103.37677001953125
55.561866760253906
29.705066680908203
21.228609085083008
18.217559814453125
4.910452365875244
3.6871654987335205
3.597975254058838
-0.28331175446510315
-0.4720330238342285
-0.9262383580207825
-3.3268017768859863
-2.416412830352783
-3.1731624603271484
-3.7845687866210938
-3.6533310413360596
-4.630030632019043
-4.688151836395264
-3.629647731781006
-4.448992729187012
-4.495729923248291
-4.135388374328613
-4.004866600036621
-4.393723011016846
-3.631708860397339
-3.4907565116882324
-3.513192653656006
-2.9078869819641113
-3.4093689918518066
-3.1551475524902344
-2.2850332260131836
-2.369626045227051
-1.9375298023223877
-1.6606042385101318
-1.6625359058380127
-0.09848581999540329
-0.7918113470077515
-0.6073190569877625
0.2630458474159241
0.3622647821903229
1.3100272417068481
1.292698621749878
1.5154225826263428
2.0999791622161865
1.5602318048477173
2.864650011062622
2.4745872020721436
2.2460570335388184
2.9517834186553955
3.562335968017578
3.664356231689453
4.464944839477539
4.650689601898193
5.118992805480957
5.913016319274902
7.064380645751953
6.992650032043457
5.888362407684326
7.137571811676025
7.16964864730835
8.013838768005371
9.117621421813965
9.426980018615723
9.096096992492676
9.382980346679688
9.355043411254883
10.395480155944824
10.459674835205078
11.097444534301758
11.415857315063477
11.95986270904541
13.823286056518555
13.607134819030762
13.34277057647705
13.05821418762207
13.030494689941406
13.597999572753906
14.569554328918457
14.473825454711914
15.045766830444336
15.842775344848633
16.51430320739746
16.184589385986328
18.122705459594727
17.120040893554688
17.854774475097656
18.11493682861328
18.356788635253906
19.59891128540039
19.50101661682129
20.789932250976562
21.40768051147461
20.327777862548828
21.027891159057617
21.672513961791992
21.797115325927734
23.405982971191406
22.89554214477539
22.259620666503906
16.22018051147461
-31.997737884521484
-30.137161254882812
-0.007211612071841955
-0.00904260203242302
-0.00846952572464943
-0.010983998887240887
-0.009439922869205475
-0.008225945755839348
-0.008854245766997337
-0.008642788045108318
-0.007514891680330038
-0.007988662458956242
-0.00750234117731452
-0.00689171627163887
-0.00678343465551734
-0.00635148212313652
-0.005860237404704094
-0.005551522597670555
-0.005501271225512028
-0.005065023899078369
-0.004741352051496506
-0.004004566930234432
-0.0038231597281992435
-0.003275160910561681
-0.0031082213390618563
-0.002920283703133464
-0.0021015857346355915
-0.0017877531936392188
-0.001104383496567607
-0.0010019728215411305
-0.0005428792210295796
0.00026129683828912675
-0.00018211705901194364
0.0005905862199142575
0.000902606057934463
0.0013046188978478312
0.0018520297016948462
0.0022342936135828495
0.0022498760372400284
0.00302691338583827
0.003270114306360483
0.0034683968406170607
0.003968867473304272
0.0041816444136202335
0.004538371693342924
0.004844021052122116
0.005327740218490362
0.005324563942849636
0.005793089512735605
0.006390520837157965
0.006633869372308254
0.006414285860955715
0.006378199905157089
0.007312658242881298
0.0072954194620251656
0.007444309536367655
0.007785382680594921
0.00803928542882204
0.008344730362296104
0.008127906359732151
0.008084484376013279
0.008745095692574978
0.00837218202650547
0.008677845820784569
0.00930775236338377
0.008917512372136116
0.009164677001535892
0.009150507859885693
0.009306634776294231
0.009140905924141407
0.009210736490786076
0.009426489472389221
0.00899313110858202
0.009221835993230343
0.009525930508971214
0.009214630350470543
0.009344136342406273
0.009023314341902733
0.008649670518934727
0.009082898497581482
0.009015321731567383
0.009110517799854279
0.008571046404540539
0.008576853200793266
0.008577285334467888
0.008412221446633339
0.008238693699240685
0.008135885931551456
0.008232923224568367
0.007696398999541998
0.007365711964666843
0.007423005998134613
0.007473275065422058
0.006709154695272446
0.006911389529705048
0.006429990287870169
0.00643926952034235
0.006554917898029089
38.92486572265625
111.58720397949219
123.75251770019531
69.94223022460938
43.887779235839844
19.888118743896484
19.229482650756836
8.099671363830566
7.017833709716797
6.926807403564453
2.599613904953003
1.7506147623062134
0.38475388288497925
-1.495579481124878
-1.9136464595794678
-2.2582173347473145
-3.569699764251709
-2.8207764625549316
-4.075432777404785
-3.9797847270965576
-3.557324171066284
-3.6470000743865967
-4.269042015075684
-4.036390781402588
-3.565582275390625
-3.668888807296753
-3.2912566661834717
-3.654350996017456
-3.751206636428833
-3.614732027053833
-3.3557944297790527
-3.1573855876922607
-2.3889739513397217
-2.0463943481445312
-1.3667480945587158
-1.3946582078933716
-1.6285655498504639
-0.28541502356529236
-0.40813151001930237
-0.791864275932312
0.17075243592262268
0.09937208890914917
0.8260926008224487
1.531121015548706
1.7427384853363037
1.2490036487579346
1.7295634746551514
2.7771663665771484
2.937913179397583
2.883718252182007
4.176556587219238
5.243589401245117
4.1342597007751465
4.672064781188965
5.181108474731445
4.913780212402344
5.8858418464660645
6.016731262207031
6.241330146789551
6.426529884338379
7.8532843589782715
7.2395172119140625
7.760927677154541
8.578989028930664
8.87006664276123
8.796290397644043
8.835493087768555
8.79096508026123
10.568325996398926
10.108656883239746
11.078714370727539
11.111632347106934
12.583080291748047
13.096620559692383
12.558547973632812
13.146184921264648
13.222752571105957
13.6875
15.099123001098633
14.485928535461426
14.518658638000488
15.898307800292969
16.701440811157227
16.161775588989258
17.229084014892578
17.06464385986328
17.747238159179688
18.080453872680664
17.955814361572266
19.251468658447266
18.910764694213867
19.428157806396484
19.36393928527832
20.262819290161133
20.89020538330078
21.533161163330078
23.165912628173828
22.55145263671875
23.35335350036621
23.213336944580078
21.786108016967773
16.57240104675293
-33.845252990722656
-39.3120231628418
-0.006060308311134577
-0.009549769572913647
-0.00877472199499607
-0.009977178648114204
-0.00970433373004198
-0.008515998721122742
-0.00866379588842392
-0.008483177050948143
-0.007919211871922016
-0.00811708439141512
-0.007090277038514614
-0.006989703513681889
-0.007134333252906799
-0.006176038645207882
-0.006131707690656185
-0.005349470768123865
-0.005482125096023083
-0.0050811367109417915
-0.004346438683569431
-0.004137021489441395
-0.0038953342009335756
-0.0032412013970315456
-0.0030925923492759466
-0.0026985923759639263
-0.002041212050244212
-0.0015660406788811088
-0.0013000064063817263
-0.0009584255749359727
-0.000599846534896642
-0.0003186542890034616
-3.342260606586933e-05
0.000638029829133302
0.0007717162370681763
0.0017133236397057772
0.0017481667455285788
0.0020324578508734703
0.0025094475131481886
0.0028073375578969717
0.003294560592621565
0.0034046333748847246
0.004102599807083607
0.003994572442024946
0.004168858751654625
0.0049705225974321365
0.005133662838488817
0.005852618720382452
0.005537963937968016
0.006055338773876429
0.0063338675536215305
0.006139346398413181
0.0070506311021745205
0.007064799312502146
0.007069985382258892
0.007740141358226538
0.0077622733078897
0.007720185909420252
0.008036753162741661
0.007957110181450844
0.008296621032059193
0.008725829422473907
0.008542254567146301
0.008772864937782288
0.008980767801404
0.009016618132591248
0.008927270770072937
0.009447546675801277
0.008553207851946354
0.009742113761603832
0.00942850299179554
0.009243397042155266
0.008898469619452953
0.009424676187336445
0.009030715562403202
0.009706845507025719
0.00924947764724493
0.00908602960407734
0.009041400626301765
0.009043553844094276
0.009041162207722664
0.00871002022176981
0.008783281780779362
0.008624703623354435
0.008710957132279873
0.008024284616112709
0.008306831121444702
0.008387058041989803
0.008046317845582962
0.007636565715074539
0.007638218346983194
0.0076046413742005825
0.007149362470954657
0.007515323348343372
0.0065200491808354855
0.007108212448656559
0.00622980110347271
0.005984948948025703
40.22291946411133
112.2181396484375
124.38238525390625
70.44003295898438
44.6455078125
27.04144859313965
22.68789291381836
8.701242446899414
5.958169937133789
5.249547481536865
1.4854278564453125
0.5112741589546204
0.10825546085834503
-2.1250836849212646
-2.1631712913513184
-2.3145856857299805
-3.4676380157470703
-3.3288440704345703
-3.741302490234375
-3.871044635772705
-3.957038402557373
-4.277768611907959
-4.427664279937744
-3.778214693069458
-3.806276798248291
-4.087369918823242
-3.331369400024414
-3.836066722869873
-2.850954294204712
-3.2077441215515137
-3.4029242992401123
-2.5127885341644287
-2.2975778579711914
-1.9855619668960571
-1.7439672946929932
-1.099663257598877
-1.0377897024154663
-1.263674020767212
-0.9897810220718384
-0.2431851625442505
-0.7387449741363525
0.16014161705970764
1.2656208276748657
0.0822172611951828
1.2082525491714478
1.962141752243042
1.6618531942367554
1.8794711828231812
3.938504695892334
3.6890110969543457
3.0297272205352783
4.251584053039551
4.557493209838867
4.945509910583496
5.1784257888793945
5.593709468841553
5.431897163391113
5.820749282836914
6.1790032386779785
6.498345851898193
7.857517242431641
8.295991897583008
7.879655361175537
8.409765243530273
8.285140991210938
10.066213607788086
10.129060745239258
9.83337688446045
10.04139518737793
10.16309928894043
10.242094039916992
11.908975601196289
12.370782852172852
12.527021408081055
13.273907661437988
12.886938095092773
13.574796676635742
13.934985160827637
14.224496841430664
14.843424797058105
15.66680908203125
15.404187202453613
15.389200210571289
16.429582595825195
16.763742446899414
17.418237686157227
17.908493041992188
17.824047088623047
18.059391021728516
19.08203887939453
19.100828170776367
20.7570858001709
20.95307731628418
21.333984375
21.169708251953125
21.574878692626953
22.04873275756836
22.34092140197754
22.871870040893555
24.222318649291992
22.42930793762207
15.892663955688477
-33.149044036865234
-29.512577056884766
-0.006778315640985966
-0.009391705505549908
-0.008181366138160229
-0.010684557259082794
-0.009746231138706207
-0.008064793422818184
-0.008994542062282562
-0.008530191145837307
-0.007568162865936756
-0.008188153617084026
-0.007517862133681774
-0.006984582636505365
-0.006820693612098694
-0.006393301300704479
-0.006132912822067738
-0.0054610054939985275
-0.0051412866450846195
-0.0049855648539960384
-0.004573899321258068
-0.0042172763496637344
-0.003624537494033575
-0.003380297450348735
-0.0030036454554647207
-0.002656500320881605
-0.0023453268222510815
-0.0018555903807282448
-0.0010493705049157143
-0.0013296068646013737
-0.0008116421522572637
0.0002781084622256458
-0.00023616725229658186
0.0005177248967811465
0.0007814774289727211
0.001541379140689969
0.0017490377649664879
0.0019331608200445771
0.0025401790626347065
0.002664341125637293
0.002945388201624155
0.0034531261771917343
0.004046844784170389
0.004187355749309063
0.0045574381947517395
0.004718142095953226
0.0055438438430428505
0.005525181535631418
0.00545481825247407
0.006092194467782974
0.0065434775315225124
0.006036234088242054
0.006926556583493948
0.007106172852218151
0.007412536535412073
0.007570463232696056
0.007498935796320438
0.007678775582462549
0.008255601860582829
0.008177421987056732
0.008245709352195263
0.008624900132417679
0.008306346833705902
0.00945215579122305
0.008817284367978573
0.008504321798682213
0.00926953461021185
0.00892216619104147
0.009128717705607414
0.009098011068999767
0.009375345893204212
0.008807751350104809
0.009576964192092419
0.009391646832227707
0.008973220363259315
0.009021952748298645
0.009502943605184555
0.009256620891392231
0.008973301388323307
0.00896479096263647
0.008961403742432594
0.00890533346682787
0.008703203871846199
0.008798494935035706
0.008017378859221935
0.008413968607783318
0.007843739353120327
0.008322027511894703
0.0077894302085042
0.00823226198554039
0.007584580220282078
0.007458848413079977
0.007400651462376118
0.007177188992500305
0.007107312325388193
0.006637973245233297
0.006432282738387585
0.006286398507654667
13.356307983398438
83.88907623291016
105.89418029785156
61.16843795776367
30.341623306274414
24.732011795043945
17.587963104248047
12.037376403808594
8.451494216918945
5.0193915367126465
2.3273439407348633
0.7807909846305847
-0.23927049338817596
-1.7052695751190186
-2.0380399227142334
-2.612894058227539
-2.8299031257629395
-3.2099461555480957
-3.0611350536346436
-3.697577953338623
-3.7381598949432373
-3.7220687866210938
-4.081428527832031
-3.603515148162842
-3.6813740730285645
-3.3960723876953125
-3.6385421752929688
-3.4829888343811035
-3.6004092693328857
-3.345672130584717
-2.9298152923583984
-2.6031577587127686
-3.014260768890381
-2.377114772796631
-2.110996723175049
-1.2237989902496338
-1.2895677089691162
-0.03207714855670929
-0.8408921957015991
-0.47827237844467163
0.09999565780162811
1.1089386940002441
0.42443424463272095
0.5699689984321594
1.4451210498809814
2.3834211826324463
2.4351112842559814
3.0507912635803223
3.3667075634002686
2.897594451904297
3.642707109451294
4.013172149658203
3.852083921432495
5.387652397155762
5.793432712554932
5.696863174438477
6.356161117553711
6.005123138427734
6.043357849121094
6.849104404449463
7.248837471008301
7.524786949157715
8.462526321411133
7.947953701019287
8.604846954345703
9.166971206665039
9.28781509399414
10.124265670776367
10.81152057647705
10.82921314239502
11.1834716796875
11.845654487609863
11.711838722229004
12.421289443969727
12.169159889221191
12.6425142288208
13.079251289367676
13.579643249511719
15.250445365905762
15.132104873657227
14.927583694458008
15.627084732055664
15.596476554870605
16.634946823120117
16.93052864074707
16.685131072998047
17.50613784790039
17.622135162353516
18.67133331298828
18.300914764404297
18.216434478759766
19.143997192382812
19.750226974487305
20.317462921142578
21.08549690246582
21.530216217041016
21.87704849243164
21.8184757232666
22.478506088256836
22.780176162719727
22.40966796875
16.41008186340332
-32.350318908691406
-28.242603302001953
-0.007313831243664026
-0.009049981832504272
-0.008310148492455482
-0.010607580654323101
-0.009607243351638317
-0.008158134296536446
-0.009281851351261139
-0.008069595322012901
-0.007985548116266727
-0.008053386583924294
-0.007243280299007893
-0.006863055285066366
-0.006851081736385822
-0.006589437369257212
-0.0058786701411008835
-0.005848275031894445
-0.0051878378726542
-0.0051845065318048
-0.004170853644609451
-0.004361159633845091
-0.003769584698602557
-0.003717798041179776
-0.002847766736522317
-0.0026081986725330353
-0.002192293992266059
-0.0018299106741324067
-0.0011270026443526149
-0.0012236252659931779
-0.0005476431106217206
-7.966933480929583e-05
0.0003500431776046753
0.00015715633344370872
0.00134302640799433
0.0011269281385466456
0.0020004971884191036
0.0020728453528136015
0.0023599762935191393
0.003076545661315322
0.0033587156794965267
0.0036545831244438887
0.003846321254968643
0.004037948325276375
0.004694094881415367
0.004857354797422886
0.005011538974940777
0.005625513382256031
0.005710671190172434
0.00642357487231493
0.006421736441552639
0.0064575993455946445
0.007091683801263571
0.006426677107810974
0.007619498763233423
0.007530202157795429
0.007595458533614874
0.007934876717627048
0.008129536174237728
0.008068719878792763
0.00839090533554554
0.008255118504166603
0.008771500550210476
0.009044094011187553
0.008631093427538872
0.009009829722344875
0.009001978673040867
0.009240133687853813
0.00900360755622387
0.009280248545110226
0.00900561735033989
0.009365842677652836
0.009344308637082577
0.009172758087515831
0.009452959522604942
0.009226339869201183
0.0090347770601511
0.008729161694645882
0.00938892550766468
0.00937271025031805
0.008849185891449451
0.008722906932234764
0.008779422380030155
0.009043846279382706
0.008490665815770626
0.008498386479914188
0.007963159121572971
0.008329824544489384
0.008039903827011585
0.007669024169445038
0.007551425136625767
0.007736088242381811
0.007303401827812195
0.006992456968873739
0.0070837861858308315
0.0062517402693629265
0.006752497516572475
0.006166438572108746
13.112147331237793
83.60365295410156
103.3414535522461
55.47898483276367
30.2662296295166
20.943140029907227
18.07752227783203
5.367546081542969
4.454094886779785
3.9297142028808594
-0.33166059851646423
-0.12168459594249725
-0.8771101236343384
-2.7970786094665527
-2.2796132564544678
-3.3343214988708496
-4.214467525482178
-4.1829328536987305
-4.3755598068237305
-4.527555465698242
-4.232901573181152
-3.8846211433410645
-4.136574745178223
-4.03629207611084
-4.205404281616211
-3.7242064476013184
-3.6491475105285645
-3.423335313796997
-3.0626373291015625
-3.212355136871338
-3.555664539337158
-2.936408519744873
-2.3891541957855225
-1.7876911163330078
-1.3984636068344116
-1.3377739191055298
-1.2298098802566528
-0.33842933177948
-0.11450989544391632
-0.6509258151054382
0.5282875895500183
1.1207391023635864
1.280686616897583
0.9989396333694458
2.0199105739593506
2.0386133193969727
2.3484601974487305
2.978018283843994
2.9859156608581543
2.7321317195892334
4.140758514404297
4.024099826812744
3.171908378601074
4.394801139831543
4.39324426651001
5.769833087921143
6.441524505615234
6.162812232971191
6.17928409576416
6.976619720458984
6.987548828125
7.461641788482666
8.79186725616455
8.952962875366211
9.081165313720703
8.635736465454102
9.176746368408203
10.087753295898438
9.707682609558105
10.935708999633789
10.588162422180176
11.0053071975708
12.119416236877441
11.983542442321777
12.594480514526367
13.172050476074219
13.288763046264648
14.886474609375
14.48591136932373
14.595332145690918
15.5435152053833
16.492069244384766
16.821514129638672
16.516714096069336
16.860172271728516
17.605833053588867
17.76650047302246
18.159963607788086
19.737773895263672
19.735483169555664
19.570537567138672
20.768619537353516
21.179248809814453
21.914663314819336
22.473102569580078
22.028676986694336
23.09793472290039
22.114431381225586
23.220783233642578
24.023893356323242
23.23240089416504
16.347057342529297
-31.9443302154541
-31.823883056640625
-0.0070143393240869045
-0.009188525378704071
-0.00824950821697712
-0.011113193817436695
-0.009329457767307758
-0.008505870588123798
-0.008568051271140575
-0.008671488612890244
-0.007843798026442528
-0.007664164993911982
-0.007421549409627914
-0.006852763704955578
-0.006700943224132061
-0.00655172998085618
-0.005794305820018053
-0.005836105905473232
-0.005651575513184071
-0.0047793155536055565
-0.004751374013721943
-0.003746646922081709
-0.004043249879032373
-0.003209192305803299
-0.003300010459497571
-0.002491578459739685
-0.0021959429141134024
-0.0021687732078135014
-0.0010696996469050646
-0.0014700662577524781
-0.00048133856034837663
-0.00043496693251654506
0.00031340165878646076
0.0005605720216408372
0.0007331742672249675
0.0012565779034048319
0.0017651154194027185
0.002195812063291669
0.0024014697410166264
0.002761858282610774
0.0037429393269121647
0.0033669706899672747
0.00332961929962039
0.0044931210577487946
0.004644536413252354
0.005081075709313154
0.004878092557191849
0.005845062434673309
0.0055606551468372345
0.005936218425631523
0.006451536901295185
0.006473739631474018
0.006793689914047718
0.0067220120690763
0.007521948777139187
0.007670351304113865
0.007404798176139593
0.00801156647503376
0.00829278863966465
0.00821138545870781
0.008409316651523113
0.008290177211165428
0.008644865825772285
0.00878787413239479
0.008797705173492432
0.00886571779847145
0.009403230622410774
0.009230193682014942
0.009087387472391129
0.009488044306635857
0.009389844723045826
0.009315872564911842
0.00916461180895567
0.009724728763103485
0.009171897545456886
0.009298783726990223
0.009261046536266804
0.008947794325649738
0.009366977959871292
0.009030157700181007
0.008891673758625984
0.009092727676033974
0.008717959746718407
0.008623047731816769
0.008620464242994785
0.008462248370051384
0.008361859247088432
0.008145044557750225
0.0077608549036085606
0.007992519065737724
0.007590743713080883
0.007467492017894983
0.007371549494564533
0.006998428609222174
0.007001999765634537
0.007027649320662022
0.006719671189785004
0.005883126053959131
21.375688552856445
93.90937805175781
111.08248138427734
61.31965255737305
34.73816680908203
20.397748947143555
18.74649429321289
7.331766605377197
6.413008689880371
5.892212390899658
1.8816629648208618
0.9839393496513367
-0.21003106236457825
-2.0842909812927246
-1.6399503946304321
-2.739569664001465
-3.7958526611328125
-3.286154270172119
-4.219243049621582
-4.46688175201416
-4.379274368286133
-4.197735786437988
-4.7008161544799805
-4.134727478027344
-4.182809352874756
-3.7955641746520996
-3.530857801437378
-3.8601036071777344
-3.96551513671875
-3.0432422161102295
-3.2496190071105957
-3.1419384479522705
-2.6213393211364746
-2.3480076789855957
-1.997631311416626
-1.0205920934677124
-0.9579351544380188
-0.6081548929214478
-0.8237460255622864
-0.8806751370429993
-0.5037506818771362
0.47132033109664917
0.37628301978111267
1.7194039821624756
2.2382779121398926
1.3581187725067139
1.8069896697998047
2.7635281085968018
3.0856118202209473
3.432053327560425
4.449059963226318
4.16860818862915
4.198493957519531
4.777011871337891
4.383908271789551
5.576102256774902
5.985246658325195
5.842833042144775
5.958041191101074
7.213194847106934
6.540228843688965
8.32602596282959
8.282805442810059
7.732250213623047
8.288675308227539
9.371225357055664
9.99778938293457
10.231969833374023
10.728723526000977
11.294299125671387
11.324061393737793
10.52868938446045
11.632671356201172
12.293901443481445
12.90167236328125
13.594528198242188
13.629476547241211
14.894444465637207
14.503114700317383
14.724824905395508
15.372535705566406
15.298420906066895
15.132658004760742
17.040828704833984
16.59501075744629
17.477609634399414
18.120380401611328
18.024681091308594
18.24212074279785
19.20713996887207
19.199966430664062
20.324905395507812
20.475372314453125
21.22193145751953
20.81378746032715
21.632570266723633
22.320816040039062
22.83258056640625
22.745479583740234
23.1267147064209
21.864986419677734
16.173633575439453
-37.41613006591797
-34.666221618652344
-0.005441098939627409
-0.009413329884409904
-0.008669212460517883
-0.010487185791134834
-0.00942983664572239
-0.008096267469227314
-0.009105445817112923
-0.008457970805466175
-0.007810747716575861
-0.00800144113600254
-0.007406388409435749
-0.006743237376213074
-0.006738769356161356
-0.00667914841324091
-0.0060418760403990746
-0.005548794288188219
-0.005425036884844303
-0.0048889522440731525
-0.004466816782951355
-0.004200868774205446
-0.003826713189482689
-0.003650055732578039
-0.0027596065774559975
-0.0028410640079528093
-0.0023122248239815235
-0.0018956989515572786
-0.001482465653680265
-0.001074027270078659
-0.0005490327021107078
-0.00016387298819608986
8.881192479748279e-05
0.00032597078825347126
0.0011991275241598487
0.001224486855790019
0.001988178351894021
0.0019764876924455166
0.0023118602111935616
0.0031223499681800604
0.0027933635283261538
0.003633738961070776
0.003631316591054201
0.004248991142958403
0.004533183760941029
0.005004648119211197
0.0051247598603367805
0.0056058382615447044
0.005587367806583643
0.006256809923797846
0.006274522747844458
0.006277373991906643
0.007407049182802439
0.00683347973972559
0.00727037712931633
0.007701467722654343
0.007705563213676214
0.008052108809351921
0.007818683981895447
0.008435666561126709
0.008221058174967766
0.008387591689825058
0.008592860773205757
0.00881192646920681
0.009138019755482674
0.008722005411982536
0.009602570906281471
0.009068259969353676
0.008936298079788685
0.009063191711902618
0.009574340656399727
0.009357071481645107
0.009109636768698692
0.009486882016062737
0.009598820470273495
0.009043889120221138
0.009114733897149563
0.009303026832640171
0.009140757843852043
0.008870420977473259
0.008658340200781822
0.009130986407399178
0.00875269528478384
0.00881422869861126
0.00841502845287323
0.00830303318798542
0.008135085925459862
0.008461293764412403
0.008165454491972923
0.007607287261635065
0.007668585982173681
0.007622723467648029
0.007271124515682459
0.007204745896160603
0.006596206221729517
0.006611976772546768
0.006511685438454151
0.006135665811598301
13.058566093444824
84.1155014038086
103.66374206542969
56.57654571533203
31.70131492614746
23.87247657775879
19.361042022705078
5.841216087341309
5.200858116149902
2.704158306121826
0.07697625458240509
-0.07365510612726212
-1.5467277765274048
-3.0300776958465576
-2.7047317028045654
-3.2471344470977783
-3.926077365875244
-3.511594295501709
-4.300130844116211
-4.282959938049316
-4.265740394592285
-4.0522780418396
-3.5000405311584473
-4.453371524810791
-4.413455009460449
-3.6431031227111816
-3.540727138519287
-3.3990275859832764
-2.824988842010498
-2.8045434951782227
-3.4333863258361816
-2.828775644302368
-2.350367546081543
-2.201817035675049
-1.9104121923446655
-1.6106071472167969
-1.5418859720230103
-0.8456271886825562
-1.026021957397461
-0.25065678358078003
0.1670147031545639
-0.26388245820999146
0.9250538945198059
1.0838758945465088
1.276537299156189
1.742229700088501
2.3831255435943604
1.8726093769073486
2.203033685684204
3.148742198944092
3.368011951446533
3.3467774391174316
4.745299339294434
5.019631385803223
4.306044578552246
5.735541343688965
6.03951358795166
5.777897834777832
7.205867767333984
7.595375061035156
6.73970890045166
7.401803493499756
7.1377410888671875
7.891054630279541
9.013568878173828
9.116060256958008
9.53095817565918
8.897344589233398
10.714101791381836
10.487508773803711
11.045400619506836
11.718549728393555
11.884743690490723
11.484097480773926
12.098210334777832
13.300798416137695
12.790300369262695
13.309076309204102
13.665651321411133
14.254267692565918
15.169601440429688
15.782125473022461
16.998659133911133
15.67158031463623
16.697704315185547
17.395912170410156
17.897804260253906
18.578927993774414
18.514596939086914
19.260845184326172
19.260417938232422
20.6806583404541
21.41000747680664
21.33247184753418
22.042476654052734
21.7197208404541
22.0161190032959
22.72542953491211
22.09711265563965
23.067188262939453
21.853181838989258
16.50531768798828
-32.25676345825195
-29.12588119506836
-0.007360565476119518
-0.008961886167526245
-0.00826908927410841
-0.010184277780354023
-0.00981566309928894
-0.00814767461270094
-0.00882794987410307
-0.008161267265677452
-0.008027760311961174
-0.007822724990546703
-0.007472909055650234
-0.007029254920780659
-0.006684123072773218
-0.006333981640636921
-0.006082768086344004
-0.005717605818063021
-0.005299507174640894
-0.005005587823688984
-0.004611440002918243
-0.004168155137449503
-0.0038019665516912937
-0.0033171274699270725
-0.0032805148512125015
-0.0024390951730310917
-0.0024350094608962536
-0.0016870107501745224
-0.0011243766639381647
-0.0012669018469750881
-0.0004575879720505327
-0.00014670898963231593
-8.743318903725594e-05
0.0009852327639237046
0.0009280036319978535
0.000988580984994769
0.0020609034691005945
0.001599829294718802
0.002468779915943742
0.003092624247074127
0.003065427066758275
0.003875249531120062
0.003809592919424176
0.004297562874853611
0.004824398551136255
0.004633380565792322
0.005072575993835926
0.005608701147139072
0.005739565007388592
0.006355058401823044
0.006018742453306913
0.006672828458249569
0.006963827647268772
0.006829759571701288
0.007320949342101812
0.007516041398048401
0.007612402550876141
0.007971631363034248
0.008015803061425686
0.008144520223140717
0.008244562894105911
0.00834574829787016
0.008550002239644527
0.009002926759421825
0.008480377495288849
0.008712610229849815
0.009511152282357216
0.009002157486975193
0.00943170115351677
0.009290652349591255
0.009268530644476414
0.008958443999290466
0.009468027390539646
0.009311447851359844
0.009525513276457787
0.008804481476545334
0.009491397067904472
0.009380647912621498
0.0087343854829669
0.009259449318051338
0.008667237125337124
0.009015392512083054
0.008864196948707104
0.008857381530106068
0.008457059040665627
0.00830143690109253
0.008099334314465523
0.008265453390777111
0.0085678081959486
0.007411818020045757
0.0076362029649317265
0.007550426758825779
0.007239156868308783
0.0069471849128603935
0.0071725137531757355
0.00659944349899888
0.00648441631346941
0.006147812120616436
30.84951400756836
104.17765808105469
118.31260681152344
65.95304870605469
38.17335510253906
19.44342041015625
18.699512481689453
7.255078315734863
6.566493034362793
6.858085632324219
3.0360023975372314
1.2878453731536865
0.931136965751648
-1.430517554283142
-1.3825817108154297
-2.149601459503174
-3.4437813758850098
-2.9656310081481934
-4.316863059997559
-4.275263786315918
-3.9741618633270264
-4.0927958488464355
-4.217077732086182
-4.477880954742432
-4.300156593322754
-3.6599090099334717
-3.7239410877227783
-3.6528751850128174
-3.234463930130005
-2.879965305328369
-3.3522396087646484
-2.9790306091308594
-2.4158666133880615
-2.947385787963867
-2.137042760848999
-1.5332645177841187
-1.7651361227035522
-0.6856372356414795
-0.7110084891319275
-0.8488883972167969
-0.2591114938259125
-0.5858557224273682
1.1887797117233276
0.8111857175827026
1.6666139364242554
2.549996852874756
2.624876022338867
2.0525870323181152
3.897864580154419
3.0390496253967285
3.8843283653259277
4.411530017852783
4.0618157386779785
4.0744524002075195
5.0096564292907715
5.358266353607178
5.299657821655273
6.508414268493652
7.497534275054932
6.513792514801025
7.773061275482178
8.095357894897461
8.049363136291504
8.529153823852539
8.334634780883789
8.836040496826172
9.12898063659668
10.26926326751709
11.35647201538086
10.561243057250977
11.357399940490723
11.81446361541748
11.856606483459473
12.238249778747559
13.162065505981445
13.211138725280762
13.272186279296875
13.566022872924805
14.547297477722168
14.67829418182373
15.908035278320312
15.985326766967773
16.435935974121094
16.419925689697266
17.100799560546875
17.52071189880371
18.3232421875
18.50288963317871
18.468368530273438
18.620267868041992
19.19442367553711
19.822521209716797
19.56963539123535
19.54756736755371
20.44856071472168
21.450136184692383
22.138757705688477
23.064456939697266
23.00682258605957
23.777572631835938
22.872507095336914
17.03574562072754
-36.39497375488281
-21.728572845458984
-0.0078638456761837
-0.01011735200881958
-0.007898525334894657
-0.010591628029942513
-0.009444988332688808
-0.007940166629850864
-0.00913858413696289
-0.008589906617999077
-0.007509653922170401
-0.007925781421363354
-0.007476034574210644
-0.006868394557386637
-0.007070294115692377
-0.0059670316986739635
-0.0061365170404314995
-0.005737174302339554
-0.005550139583647251
-0.004965241067111492
-0.00447977427393198
-0.004157618619501591
-0.0038712979294359684
-0.003243987215682864
-0.0032437529880553484
-0.0020203511230647564
-0.002578896936029196
-0.0018812579801306129
-0.0013398549053817987
-0.0009520575404167175
-0.0012238785857334733
0.00020591980137396604
-0.00023223969037644565
0.0006337762461043894
0.0011045897845178843
0.0012842142023146152
0.0015350135508924723
0.0019525699317455292
0.002486818702891469
0.0031095745507627726
0.0033316039480268955
0.003477858379483223
0.00388095760717988
0.004302469082176685
0.004541286267340183
0.004646326415240765
0.005265125073492527
0.0054219686426222324
0.005683059338480234
0.0064102597534656525
0.006159233395010233
0.00674955639988184
0.006608451250940561
0.007018602453172207
0.0074391416274011135
0.007519331760704517
0.007464846130460501
0.007661736570298672
0.00807633064687252
0.008116650395095348
0.008807559497654438
0.007958934642374516
0.008583233691751957
0.008725959807634354
0.008881802670657635
0.009087106212973595
0.009063558652997017
0.009168379008769989
0.008935462683439255
0.009562828578054905
0.009307795204222202
0.009059797041118145
0.00912669487297535
0.009801609441637993
0.008580693043768406
0.009308024309575558
0.009283935651183128
0.00915505364537239
0.0092835184186697
0.008614557795226574
0.009266157634556293
0.008984321728348732
0.009022004902362823
0.008195997215807438
0.008425801992416382
0.008275010623037815
0.008320392109453678
0.007927024737000465
0.008435642346739769
0.00772843649610877
0.007565984036773443
0.007662338204681873
0.007228836417198181
0.006813065614551306
0.007016477175056934
0.0067868707701563835
0.006411404348909855
0.006658527068793774
29.588069915771484
103.0347671508789
117.54439544677734
65.42820739746094
38.53236770629883
21.525859832763672
19.996950149536133
8.157007217407227
7.439936637878418
6.378565311431885
2.1510977745056152
1.5863438844680786
0.6655487418174744
-1.7768776416778564
-1.8851382732391357
-2.2835681438446045
-3.426337480545044
-3.2881875038146973
-4.146111488342285
-4.168466091156006
-3.677985668182373
-4.312873840332031
-3.8832125663757324
-4.249762535095215
-3.4706757068634033
-3.3290600776672363
-3.324821949005127
-3.7777888774871826
-3.1597328186035156
-3.0062127113342285
-2.8465964794158936
-2.4927432537078857
-2.830267906188965
-1.9066957235336304
-1.9491729736328125
-1.6211906671524048
-1.5409533977508545
0.13046739995479584
-0.993808925151825
-0.46303945779800415
0.0975857824087143
0.4682193398475647
-0.1004837155342102
1.849086046218872
2.1768434047698975
1.499043345451355
2.551888942718506
2.9690747261047363
2.4489169120788574
3.2490074634552
4.25937557220459
3.955935001373291
4.025424003601074
4.837708473205566
4.683305740356445
5.677122592926025
5.776871204376221
6.282826900482178
6.0941572189331055
7.206648826599121
6.500853538513184
7.714257717132568
8.187467575073242
8.67148494720459
9.389196395874023
9.914346694946289
9.347465515136719
9.585214614868164
10.539630889892578
10.598286628723145
11.096146583557129
11.009134292602539
11.478021621704102
13.047826766967773
12.267587661743164
13.06114387512207
14.015385627746582
13.420286178588867
13.939677238464355
14.704676628112793
15.433955192565918
16.06884765625
16.101713180541992
17.022581100463867
17.40888786315918
17.110912322998047
16.870845794677734
17.87881851196289
18.42913246154785
19.909753799438477
19.569242477416992
20.415233612060547
21.638351440429688
20.75927734375
20.71970558166504
21.263187408447266
22.611698150634766
22.585912704467773
23.378005981445312
24.310476303100586
23.094898223876953
16.710222244262695
-32.66211700439453
-30.278682708740234
-0.006866046693176031
-0.009319338947534561
-0.008421835489571095
-0.010816220194101334
-0.009563682600855827
-0.00807340256869793
-0.009049143642187119
-0.008477767929434776
-0.007721868809312582
-0.00802032370120287
-0.007567062973976135
-0.0067485906183719635
-0.007150030229240656
-0.006294315215200186
-0.0059022922068834305
-0.005853075534105301
-0.0049455780535936356
-0.005127220414578915
-0.004922391381114721
-0.004051474388688803
-0.0039755674079060555
-0.0032899777870625257
-0.0033479693811386824
-0.0024656334426254034
-0.002237859182059765
-0.0017765987431630492
-0.001269080094061792
-0.001319768838584423
-0.00046715597272850573
-0.00019563143723644316
-3.751041276700562e-06
0.0008042367990128696
0.0008423544350080192
0.0017671706154942513
0.0017455099150538445
0.001993633573874831
0.0024448076728731394
0.0027112173847854137
0.0032951130997389555
0.0037424887996166945
0.0038938175421208143
0.003819681005552411
0.004824287258088589
0.004975154064595699
0.004869888070970774
0.0058472794480621815
0.0057281507179141045
0.006260252092033625
0.006131040398031473
0.006420035846531391
0.006968754343688488
0.006982174701988697
0.0071782744489610195
0.0077062686905264854
0.008189937099814415
0.007733372040092945
0.007924332283437252
0.008114449679851532
0.008567334152758121
0.008627871051430702
0.008500841446220875
0.008832345716655254
0.009118521586060524
0.008945333771407604
0.00870165042579174
0.009534013457596302
0.008822669275105
0.009271091781556606
0.00978978630155325
0.0090902429074049
0.00947968102991581
0.008870610035955906
0.00949582364410162
0.009233645163476467
0.00906853936612606
0.008727059699594975
0.009243934415280819
0.009234225377440453
0.0090061966329813
0.008864199742674828
0.008589041419327259
0.008630314841866493
0.008525854907929897
0.008653062395751476
0.008193566463887691
0.008079874329268932
0.007850139401853085
0.00827382318675518
0.0073980786837637424
0.007537819445133209
0.007339000701904297
0.006943130400031805
0.007447779178619385
0.0066018677316606045
0.006305030547082424
0.006194442976266146
13.358131408691406
