30.182470321655273
30.182470321655273
24.677616119384766
9.624298095703125
0.5398612022399902
-0.009991403669118881
-0.010154533199965954
-0.009275021962821484
-0.008915468119084835
-0.009106599725782871
-0.008277248591184616
-0.008200014941394329
-0.007955307140946388
-0.007808069232851267
-0.0064399829134345055
-0.0069898939691483974
-0.006593467202037573
-0.0059758457355201244
-0.0060445345006883144
-0.0055041005834937096
-0.0052948398515582085
-0.004284096881747246
-0.004057909362018108
-0.003971454221755266
-0.0030926624312996864
-0.0033141854219138622
-0.002547276671975851
-0.0020424702670425177
-0.0019430093234404922
-0.001451454940252006
-0.0008449503220617771
-0.0007031180430203676
-0.00020830589346587658
0.000613561540376395
-0.0003730787429958582
0.0013671661727130413
0.0015478263376280665
0.0013578521320596337
0.0025041517801582813
0.001500890008173883
0.0032927975989878178
0.003059402573853731
0.0031875986605882645
0.0040849051438272
0.0035943060647696257
0.004810451529920101
0.004973830189555883
0.005054893437772989
0.005494503304362297
0.00590912252664566
0.005686930380761623
0.006795824971050024
0.006593564059585333
0.0065017142333090305
0.0075949206948280334
0.006974865682423115
0.0076284632086753845
0.0075750709511339664
0.007747770752757788
0.008578668348491192
0.007882015779614449
0.008576509542763233
0.008432591333985329
0.008689196780323982
0.009010973386466503
0.009037675336003304
0.009415705688297749
0.00898560881614685
0.0093249985948205
0.00981438159942627
0.00822537112981081
0.010127274319529533
0.009036971256136894
0.009375135414302349
0.009597484022378922
0.008959774859249592
0.009489588439464569
0.009269459173083305
0.009174203500151634
0.009191012941300869
0.00897938758134842
0.009377781301736832
0.008878706954419613
0.00884398352354765
0.00917874462902546
0.0083985086530447
0.008376283571124077
0.008426212705671787
0.008473606780171394
0.008075657300651073
0.007610629312694073
0.008157117292284966
0.007708650082349777
0.007724026683717966
0.007037040777504444
0.007012645248323679
0.00643340265378356
0.007049944251775742
0.006590650416910648
0.4723971486091614
3.9271368980407715
3.5009779930114746
-14.142407417297363
-14.555902481079102
-6.896294593811035
-6.610844612121582
-4.858758449554443
-3.8556487560272217
-4.6557207107543945
-3.6689465045928955
-4.087538242340088
-4.088272571563721
-4.174289703369141
-4.389004707336426
-3.976085662841797
-4.170955657958984
-4.411167144775391
-4.087145805358887
-4.445128440856934
-4.5304412841796875
-3.6278233528137207
-4.113723278045654
-4.410512447357178
-3.935089588165283
-3.489168643951416
-3.296724319458008
-2.7056214809417725
-3.165742874145508
-2.9635987281799316
-2.681105136871338
-2.99491810798645
-2.713792562484741
-2.519028902053833
-1.5676711797714233
-1.3478857278823853
-1.4378535747528076
-0.6190067529678345
-1.0698766708374023
0.3571047782897949
0.48265376687049866
1.5670255422592163
0.8653839230537415
1.5527411699295044
2.174865245819092
1.4685721397399902
2.416027307510376
2.2875561714172363
2.366395950317383
2.2563281059265137
4.315278053283691
4.023721218109131
4.1440629959106445
5.446707725524902
4.820401191711426
5.8270792961120605
5.791356086730957
6.423370361328125
6.817269802093506
7.149990081787109
6.946403503417969
7.63353967666626
8.178728103637695
8.873842239379883
9.11310863494873
8.672628402709961
9.746139526367188
9.036864280700684
9.63720703125
10.622172355651855
11.388148307800293
11.501413345336914
12.056486129760742
12.147293090820312
12.944613456726074
12.914820671081543
13.045084953308105
13.534086227416992
14.091497421264648
15.360824584960938
15.734846115112305
16.509929656982422
16.188365936279297
16.907611846923828
16.510068893432617
17.41217041015625
17.668630599975586
18.190593719482422
18.135757446289062
18.59879493713379
19.2061710357666
19.95619010925293
20.273380279541016
21.172983169555664
20.54043960571289
20.687129974365234
22.064983367919922
23.021766662597656
23.65989112854004
24.02474021911621
22.068862915039062
16.286609649658203
-32.20048141479492
-29.007369995117188
-0.007278968580067158
-0.009311405010521412
-0.008075322955846786
-0.010619154199957848
-0.009295131079852581
-0.008205941878259182
-0.009189920499920845
-0.008351588621735573
-0.007502322550863028
-0.008131553418934345
-0.007268836256116629
-0.007078591734170914
-0.007020422723144293
-0.006296631880104542
-0.005953914485871792
-0.005853165406733751
-0.004919215105473995
-0.0051757050678133965
-0.004605578724294901
-0.004056493751704693
-0.003827932057902217
-0.0035453736782073975
-0.003184692468494177
-0.002767385682091117
-0.0023864873219281435
-0.0020369531121104956
-0.0012330682948231697
-0.0010210138279944658
-0.0006788113387301564
-0.00034739874536171556
-0.0002701450721360743
0.0006824868032708764
0.0014573627850040793
0.0010727435583248734
0.001497554942034185
0.0021188484970480204
0.002420275006443262
0.002750180894508958
0.0029991071205586195
0.0036977767013013363
0.003897563787177205
0.003698174376040697
0.004800441674888134
0.004996501374989748
0.005079003982245922
0.005314103327691555
0.005524418316781521
0.006577189080417156
0.006185806356370449
0.0067033967934548855
0.0064635747112333775
0.006906318478286266
0.007384958676993847
0.007594565395265818
0.007469480391591787
0.007958317175507545
0.00803537480533123
0.008308475837111473
0.008084883913397789
0.008539711125195026
0.008562484756112099
0.00878994632512331
0.008866289630532265
0.008916247636079788
0.009263941086828709
0.008950045332312584
0.009104068391025066
0.008976216427981853
0.00974962580949068
0.008851168677210808
0.009201291017234325
0.0094007458537817
0.008932429365813732
0.009645435959100723
0.008951997384428978
0.009271418675780296
0.009148681536316872
0.009370961226522923
0.008831405080854893
0.008814087137579918
0.008904149755835533
0.00877759326249361
0.008556145243346691
0.00841761939227581
0.008821586146950722
0.008082137443125248
0.008134769275784492
0.007550063077360392
0.00793491955846548
0.007609040942043066
0.007015762384980917
0.0073456475511193275
0.006758833769708872
0.0064147477969527245
0.006951210554689169
0.0063007669523358345
12.937482833862305
83.70497131347656
103.53076171875
56.138511657714844
31.533824920654297
20.299270629882812
17.816423416137695
6.9009504318237305
6.9427313804626465
4.804063320159912
0.6761695146560669
0.6163520216941833
-0.9132911562919617
-2.5374562740325928
-1.7316354513168335
-3.0479700565338135
-3.4537651538848877
-3.43987774848938
-4.301785469055176
-4.221958160400391
-4.273777008056641
-4.032496929168701
-4.599941253662109
-4.053832054138184
-4.318175315856934
-3.949570417404175
-3.3583767414093018
-3.4735817909240723
-3.4821319580078125
-3.219839096069336
-3.423581600189209
-2.3344991207122803
-2.477058172225952
-2.2092301845550537
-1.5003013610839844
-1.1602789163589478
-1.3794552087783813
-1.0011225938796997
-0.7356825470924377
0.18735229969024658
-0.08235461264848709
0.432187020778656
1.5793845653533936
1.135814905166626
0.23992164433002472
1.4325610399246216
3.1569466590881348
1.9834396839141846
3.6584792137145996
3.4394690990448
3.1265294551849365
3.924464702606201
4.740560054779053
5.319758415222168
4.938940048217773
6.888301849365234
5.710478782653809
6.398078441619873
6.584863185882568
6.539956569671631
7.303640842437744
8.470558166503906
8.536474227905273
8.8862943649292
8.931151390075684
8.639036178588867
9.146768569946289
10.074616432189941
10.1038236618042
10.711244583129883
10.817384719848633
11.205916404724121
12.178935050964355
12.048166275024414
12.53541374206543
12.199796676635742
12.744351387023926
14.483777046203613
14.448999404907227
14.886876106262207
15.218098640441895
15.093914985656738
15.544851303100586
16.266101837158203
17.367538452148438
16.888952255249023
17.081762313842773
17.99334144592285
18.18451499938965
19.91232681274414
19.326494216918945
19.84233283996582
20.268709182739258
20.890750885009766
21.85269546508789
22.360858917236328
21.47336196899414
22.536022186279297
22.74871253967285
22.327960968017578
21.894527435302734
15.230456352233887
-32.453914642333984
-28.269489288330078
-0.006970362272113562
-0.009035304188728333
-0.008517286740243435
-0.01042248960584402
-0.009591838344931602
-0.008201198652386665
-0.008881567977368832
-0.008206014521420002
-0.007955859415233135
-0.008093101903796196
-0.007021983619779348
-0.007095214910805225
-0.00680369371548295
-0.006417130585759878
-0.0058507309295237064
-0.0058234138414263725
-0.005313404835760593
-0.0046341512352228165
-0.005031689070165157
-0.004051740746945143
-0.0038796078879386187
-0.0033904816955327988
-0.0032390677370131016
-0.002404522616416216
-0.0026018875651061535
-0.0015794498613104224
-0.001298998249694705
-0.0011599657591432333
-0.0007689673220738769
-0.00019727216567844152
0.00018455510144121945
0.0004432112327776849
0.000779442663770169
0.0012555599678307772
0.0020787015091627836
0.0019090758869424462
0.0023504984565079212
0.0029880618676543236
0.003430596087127924
0.003250399138778448
0.004097755532711744
0.004199210088700056
0.004196194000542164
0.00490299379453063
0.005059459712356329
0.005460348911583424
0.005883729550987482
0.005832751281559467
0.006577286869287491
0.00624045729637146
0.0069779083132743835
0.006768282502889633
0.007393025793135166
0.0073678335174918175
0.0073388805612921715
0.008135315962135792
0.008160360157489777
0.008309708908200264
0.008266248740255833
0.008631330914795399
0.008670576848089695
0.008937308564782143
0.008689150214195251
0.008812258020043373
0.009293518960475922
0.008916222490370274
0.009304884821176529
0.008957358077168465
0.009492401964962482
0.009410197846591473
0.009268333204090595
0.00898235198110342
0.009854822419583797
0.009364521130919456
0.008822837844491005
0.0089297816157341
0.009478670544922352
0.009089691564440727
0.009147041477262974
0.008664500899612904
0.00887975562363863
0.00866481103003025
0.008504015393555164
0.008064392022788525
0.008524801582098007
0.008031667210161686
0.008042716421186924
0.008023541420698166
0.007466775365173817
0.0074015213176608086
0.007072909269481897
0.007332784589380026
0.0068695335648953915
0.0065231784246861935
0.006543345749378204
0.006282382644712925
13.257052421569824
83.89764404296875
104.3469009399414
55.967323303222656
30.443798065185547
17.06229591369629
16.827234268188477
5.99098014831543
5.713957786560059
4.999320983886719
1.4556739330291748
1.06479811668396
-0.15108664333820343
-2.324824810028076
-2.1711010932922363
-2.76884126663208
-3.9244511127471924
-3.4973196983337402
-4.111260414123535
-4.536696910858154
-3.7073726654052734
-4.412200450897217
-4.025903701782227
-4.168738842010498
-4.606655120849609
-4.153448104858398
-4.220739841461182
-3.458695650100708
-3.982264280319214
-3.1320178508758545
-3.2063651084899902
-2.755868434906006
-2.4651551246643066
-2.377394676208496
-1.935590386390686
-1.2852227687835693
-1.5163640975952148
-1.119853138923645
-0.7455703020095825
-0.485853910446167
0.3634985387325287
0.2965983748435974
0.8325455784797668
0.732971727848053
1.1575852632522583
1.6385778188705444
2.0318472385406494
2.206895351409912
2.300001621246338
2.718449831008911
4.154330253601074
5.072914123535156
4.394189834594727
4.9836931228637695
4.9242377281188965
5.17581033706665
5.807919025421143
6.15406608581543
6.862046241760254
6.696911811828613
6.728362083435059
7.903642177581787
8.901358604431152
9.502796173095703
8.852227210998535
9.052721977233887
8.708578109741211
10.02271842956543
9.920496940612793
10.755846977233887
11.62244701385498
11.563031196594238
11.571035385131836
12.093141555786133
12.654474258422852
14.068687438964844
14.036616325378418
14.792783737182617
14.32490348815918
15.941195487976074
14.8295316696167
15.755894660949707
16.546001434326172
16.601261138916016
18.124652862548828
18.17146873474121
17.985271453857422
18.755321502685547
18.54378318786621
18.925573348999023
19.51152992248535
19.50764274597168
20.30693817138672
21.761314392089844
22.170055389404297
21.696134567260742
22.20631217956543
22.828815460205078
23.534488677978516
23.701950073242188
23.20084571838379
16.19590950012207
-32.06022262573242
-31.618515014648438
-0.007090928498655558
-0.009363577701151371
-0.00837554968893528
-0.010532081127166748
-0.009639943018555641
-0.008415949530899525
-0.009052932262420654
-0.008227075450122356
-0.007487546652555466
-0.008258955553174019
-0.007105265744030476
-0.007136782165616751
-0.006755798123776913
-0.006520761642605066
-0.005801250226795673
-0.005713767372071743
-0.00548451766371727
-0.0049952357076108456
-0.004692091606557369
-0.0038657572586089373
-0.003821995574980974
-0.0034047383815050125
-0.0033396147191524506
-0.002681244630366564
-0.0020010462030768394
-0.001886247657239437
-0.001270730048418045
-0.0011387673439458013
-0.0007256259559653699
2.2020400137989782e-05
9.984744247049093e-05
0.0003463226312305778
0.0010679831029847264
0.0014841146767139435
0.0016398172592744231
0.0017664560582488775
0.0027400366961956024
0.0029650158248841763
0.0033353082835674286
0.0035362448543310165
0.003826840315014124
0.004240307956933975
0.004603159613907337
0.004882144276052713
0.005207639653235674
0.005239639896899462
0.0053932578302919865
0.005998237989842892
0.0064050122164189816
0.006703577004373074
0.00679561635479331
0.006918792612850666
0.0074067129753530025
0.007922163233160973
0.007805351167917252
0.007827362045645714
0.00789867527782917
0.008160850964486599
0.008907878771424294
0.008056378923356533
0.008772378787398338
0.008793564513325691
0.008746670559048653
0.009158870205283165
0.008689267560839653
0.00894609373062849
0.008961204439401627
0.009322560392320156
0.009295186027884483
0.00954927783459425
0.009141257032752037
0.009036446921527386
0.009215684607625008
0.009089961647987366
0.00897021684795618
0.009112481027841568
0.009213969111442566
0.009178614243865013
0.00906200148165226
0.008647561073303223
0.008746090345084667
0.008622336201369762
0.00843022856861353
0.008432555012404919
0.008594940416514874
0.007830699905753136
0.007950691506266594
0.007417961955070496
0.007852891460061073
0.007272246293723583
0.007310289889574051
0.007109657861292362
0.0069215139374136925
0.006620300468057394
0.006055156700313091
0.006299177650362253
21.02520179748535
94.32789611816406
111.59391784667969
61.78627395629883
34.12096405029297
24.216650009155273
20.547962188720703
7.583872318267822
5.591060161590576
4.421687126159668
-0.4022659659385681
-0.4510757029056549
-1.1476151943206787
-3.579025983810425
-2.7255775928497314
-3.261202573776245
-3.989990711212158
-3.877967119216919
-4.087360858917236
-4.676157474517822
-4.233292579650879
-4.167999744415283
-4.262205600738525
-3.894136905670166
-4.043521881103516
-3.7543082237243652
-4.2033185958862305
-3.7896792888641357
-3.265632152557373
-3.513486385345459
-3.036167621612549
-2.6843059062957764
-2.1303200721740723
-2.5250658988952637
-2.3036417961120605
-1.6376001834869385
-0.993022084236145
-0.8173232078552246
-0.628039538860321
-0.6477160453796387
-0.5953537821769714
0.44623416662216187
1.257796049118042
1.5083420276641846
1.2135308980941772
0.6852633953094482
1.100969672203064
2.0548007488250732
3.62256121635437
3.5668671131134033
3.224947452545166
4.813050270080566
3.7267773151397705
4.366644859313965
5.1995368003845215
4.889543056488037
6.039572238922119
5.882635593414307
5.9567766189575195
6.36216926574707
7.808326721191406
7.648700714111328
7.513134956359863
7.991631507873535
9.028510093688965
9.917506217956543
9.712672233581543
9.906905174255371
10.137670516967773
10.811494827270508
11.854687690734863
12.957966804504395
12.172968864440918
13.164957046508789
12.45565414428711
13.658134460449219
13.174365043640137
14.301366806030273
14.600257873535156
14.127050399780273
14.301855087280273
15.041007995605469
15.476481437683105
16.238489151000977
15.5913667678833
16.710201263427734
16.868257522583008
16.655017852783203
19.307811737060547
19.00058937072754
18.72526741027832
19.79648780822754
19.93442153930664
20.705392837524414
21.081186294555664
21.9751033782959
21.29886245727539
21.99494743347168
22.79313850402832
22.93459129333496
22.615209579467773
17.372053146362305
-31.890270233154297
-29.039661407470703
-0.00722891092300415
-0.0091495830565691
-0.008614310063421726
-0.010972505435347557
-0.009570677764713764
-0.008204720914363861
-0.009070174768567085
-0.008674027398228645
-0.007497185375541449
-0.008251084014773369
-0.007638378534466028
-0.006756175309419632
-0.006798128597438335
-0.006596832536160946
-0.006017993204295635
-0.005805184133350849
-0.005349359009414911
-0.005017668940126896
-0.004591003060340881
-0.004159572534263134
-0.0036219514440745115
-0.0034588307607918978
-0.002977132797241211
-0.002636431949213147
-0.0024833963252604008
-0.0016175869386643171
-0.0014047091826796532
-0.0011649273801594973
-0.0006000444409437478
-0.0005441283574327826
0.0002551624784246087
0.0008613906684331596
0.0012322320835664868
0.000993118854239583
0.001616382272914052
0.002198943169787526
0.0022015527356415987
0.0030775570776313543
0.002919034566730261
0.004144346807152033
0.0037351027131080627
0.003935665357857943
0.004955043084919453
0.0047649843618273735
0.004996900912374258
0.00581649225205183
0.005683049559593201
0.005716672632843256
0.0067319609224796295
0.0061763981357216835
0.006736661307513714
0.0072310129180550575
0.00737897539511323
0.007547365035861731
0.0074914731085300446
0.007982395589351654
0.008172337897121906
0.008174886927008629
0.00804530642926693
0.008562639355659485
0.008662075735628605
0.008864364586770535
0.008459784090518951
0.009138143621385098
0.0091729536652565
0.009000459685921669
0.009224841371178627
0.008983241394162178
0.0091860955581069
0.009430302307009697
0.009348318912088871
0.009079490788280964
0.009376821108162403
0.00933751743286848
0.009262102656066418
0.009240486659109592
0.009064837358891964
0.008911902084946632
0.00918482057750225
0.008811147883534431
0.008682135492563248
0.008643798530101776
0.008444102481007576
0.008679497055709362
0.008322774432599545
0.008082901127636433
0.007789296098053455
0.00791028793901205
0.007513205520808697
0.007473609410226345
0.007183199282735586
0.007407183758914471
0.007007267326116562
0.006580264773219824
0.006309043616056442
0.006409692112356424
20.407894134521484
92.33165740966797
110.17781066894531
60.69404220581055
33.667396545410156
19.37495231628418
18.21795654296875
6.53566837310791
6.261895656585693
5.366144180297852
1.5147581100463867
1.0140691995620728
0.33537042140960693
-1.824668288230896
-1.8372586965560913
-2.6281447410583496
-3.5165767669677734
-3.3143134117126465
-4.401372909545898
-4.207289695739746
-4.435027122497559
-3.733427047729492
-4.313767433166504
-3.2934234142303467
-4.332009792327881
-4.045448303222656
-3.944995403289795
-3.9106802940368652
-3.6812007427215576
-2.9388458728790283
-3.177133321762085
-2.2804675102233887
-2.2331252098083496
-3.1014416217803955
-1.662549614906311
-1.2588155269622803
-1.5372393131256104
-0.7624019384384155
-0.3239353895187378
-0.44095563888549805
-0.0025223493576049805
0.5646823048591614
1.2244808673858643
1.2329219579696655
1.30804443359375
2.1257786750793457
1.2241443395614624
2.450183391571045
3.2910666465759277
3.399599552154541
4.067059516906738
4.842456817626953
4.188258171081543
4.623896598815918
4.925472736358643
5.6430463790893555
6.01462984085083
6.181211471557617
6.499818325042725
7.231439113616943
7.563267707824707
7.574427604675293
8.804211616516113
8.54833698272705
8.662393569946289
8.593926429748535
9.548958778381348
10.39224624633789
9.844202041625977
10.725428581237793
10.767007827758789
11.247570037841797
10.968351364135742
11.712126731872559
12.571817398071289
12.630549430847168
13.55170726776123
14.125582695007324
14.529451370239258
14.511489868164062
15.13947868347168
15.561347961425781
15.957990646362305
16.344560623168945
17.48232650756836
16.376628875732422
17.347654342651367
17.941959381103516
18.07695198059082
18.782384872436523
19.16346549987793
20.436025619506836
20.28200912475586
21.003599166870117
22.04620933532715
22.027450561523438
22.411617279052734
22.558076858520508
23.33881950378418
23.54991340637207
22.18831443786621
15.390154838562012
-33.01776123046875
-29.541473388671875
-0.006855080835521221
-0.00924594420939684
-0.008304056711494923
-0.010835876688361168
-0.009361223317682743
-0.008390190079808235
-0.008837645873427391
-0.008257010020315647
-0.007771099451929331
-0.008007978089153767
-0.007293506525456905
-0.007263883948326111
-0.006923525128513575
-0.00674406299367547
-0.005580797791481018
-0.005887915380299091
-0.005078607238829136
-0.004827259108424187
-0.0050071910955011845
-0.0037955944426357746
-0.0039573172107338905
-0.0033947997726500034
-0.0031412611715495586
-0.0025124126113951206
-0.002275446429848671
-0.0018384667346253991
-0.0011922736885026097
-0.0012241434305906296
-0.0006004230817779899
-0.0004601425607688725
0.0002721378696151078
0.00030354131013154984
0.0010969442082569003
0.00147857959382236
0.001507342210970819
0.002124127931892872
0.002334955148398876
0.0031237490475177765
0.002779335482046008
0.0036232254933565855
0.004164517857134342
0.003980646841228008
0.0041910321451723576
0.004882517270743847
0.0055205440148711205
0.005708314478397369
0.005388653837144375
0.006122948136180639
0.006601615343242884
0.006202569231390953
0.007165883667767048
0.006503684911876917
0.007569941692054272
0.007153534330427647
0.007751398719847202
0.008321572095155716
0.007730868645012379
0.008046738803386688
0.008692039176821709
0.0081552155315876
0.008585140109062195
0.009120759554207325
0.008631632663309574
0.008975444361567497
0.008967461995780468
0.00911741890013218
0.009174732491374016
0.008863605558872223
0.009475898928940296
0.0095295375213027
0.009335496462881565
0.009348928928375244
0.009324993006885052
0.009454304352402687
0.0088364128023386
0.009241175837814808
0.009008752182126045
0.009131239727139473
0.008970922790467739
0.00882556289434433
0.008828386664390564
0.009131912142038345
0.007850264199078083
0.00848186295479536
0.008317215368151665
0.008056736551225185
0.007954223081469536
0.007653845939785242
0.008014598861336708
0.007165250834077597
0.006786249577999115
0.007205503527075052
0.006868167780339718
0.0071469261310994625
0.0057754828594625
0.0068441154435276985
20.513259887695312
93.08834838867188
110.7022476196289
61.49141311645508
35.3137092590332
23.256093978881836
20.14008903503418
8.516624450683594
8.293567657470703
5.8097333908081055
1.8838402032852173
1.603316307067871
-0.1370355784893036
-2.074378490447998
-1.932621717453003
-2.838862419128418
-3.9776294231414795
-3.1792521476745605
-4.082035064697266
-4.375056266784668
-3.60349702835083
-4.190626621246338
-4.075597763061523
-3.9050235748291016
-3.890471935272217
-3.7103514671325684
-3.5480282306671143
-3.7902023792266846
-3.1165833473205566
-2.87914776802063
-3.0149173736572266
-2.323392152786255
-2.592129707336426
-2.383389949798584
-1.2892951965332031
-1.5825598239898682
-1.119004726409912
-0.4481346011161804
-1.0360103845596313
-0.18913957476615906
0.08238329738378525
0.17066314816474915
1.3831355571746826
1.683025598526001
1.7688801288604736
1.7558485269546509
2.46276593208313
2.1265780925750732
3.4348843097686768
2.8692851066589355
2.922917604446411
3.2816905975341797
5.297518253326416
5.424806118011475
4.4922566413879395
5.741738796234131
5.622663974761963
5.02353048324585
5.988969326019287
6.447434902191162
7.196398735046387
7.895163059234619
8.597768783569336
8.358709335327148
8.615896224975586
8.666048049926758
9.364686965942383
9.734417915344238
9.445063591003418
10.956974983215332
11.67149543762207
11.435314178466797
12.03365707397461
12.33159065246582
12.69701099395752
13.21891975402832
13.426300048828125
13.707180976867676
13.680707931518555
15.60449504852295
15.758630752563477
15.646122932434082
15.841863632202148
15.608383178710938
16.92691421508789
17.214832305908203
17.11933708190918
17.930879592895508
18.04651641845703
18.487491607666016
18.912433624267578
20.21254539489746
21.168323516845703
21.53658676147461
21.01327896118164
20.999095916748047
21.67874526977539
22.574392318725586
22.779525756835938
23.260278701782227
22.261198043823242
16.169761657714844
-33.07575225830078
-30.62113380432129
-0.006934471428394318
-0.00940083246678114
-0.008293690159916878
-0.010406751185655594
-0.009585154242813587
-0.008281344547867775
-0.00897219032049179
-0.008346755057573318
-0.007748743984848261
-0.008016785606741905
-0.007377229630947113
-0.006665193475782871
-0.0068876007571816444
-0.006420406512916088
-0.005831892602145672
-0.005773757118731737
-0.005337608512490988
-0.004917406477034092
-0.004571358673274517
-0.004201725125312805
-0.003614214714616537
-0.0034250051248818636
-0.0031000401359051466
-0.0029704016633331776
-0.0016289351042360067
-0.0019078569021075964
-0.0013811032986268401
-0.0012916501145809889
-0.0007479327032342553
8.499620162183419e-05
4.8484187573194504e-05
0.0006434029783122241
0.0009772826451808214
0.0012120369356125593
0.0016238812822848558
0.002443214412778616
0.0023572316858917475
0.0030115104746073484
0.003045835066586733
0.003854242619127035
0.0037326253950595856
0.004137653391808271
0.004396343603730202
0.0048396228812634945
0.005169086158275604
0.005640520714223385
0.005417739041149616
0.00579286552965641
0.006735906004905701
0.006313266698271036
0.006779003888368607
0.007029525935649872
0.007021003402769566
0.007534594740718603
0.007716800086200237
0.0076717184856534
0.008434809744358063
0.008137492462992668
0.008155274204909801
0.0087262699380517
0.008587062358856201
0.009010341949760914
0.008744960650801659
0.008873692713677883
0.009358924813568592
0.00913777481764555
0.008800002746284008
0.00920028705149889
0.009408177807927132
0.009314274415373802
0.009585028514266014
0.00883710477501154
0.009147508069872856
0.00960987526923418
0.008714011870324612
0.009229975752532482
0.008973835036158562
0.009099672548472881
0.009034265764057636
0.00848029088228941
0.008769422769546509
0.008996190503239632
0.008487990126013756
0.007840028963983059
0.008836350403726101
0.007653762586414814
0.007914234884083271
0.0076546380296349525
0.007405233569443226
0.0072790770791471004
0.007119639310985804
0.007110865321010351
0.006867090705782175
0.006558959372341633
0.006400327198207378
0.0064605302177369595
20.592561721801758
93.27784729003906
110.61607360839844
61.21612548828125
35.18646240234375
23.025493621826172
20.186433792114258
8.9775972366333
8.819283485412598
6.343172073364258
2.0483438968658447
0.928115963935852
-0.26543790102005005
-1.9869740009307861
-1.595083236694336
-2.518916606903076
-3.7668099403381348
-3.4732234477996826
-3.5463461875915527
-4.246914863586426
-3.8323254585266113
-3.932095766067505
-3.882556438446045
-4.578341007232666
-4.2428483963012695
-4.465188503265381
-3.6252903938293457
-3.80614972114563
-3.5868122577667236
-2.990927219390869
-2.9157350063323975
-2.738722085952759
-2.3251914978027344
-2.1402459144592285
-2.192018985748291
-1.0959193706512451
-1.5884711742401123
0.16496869921684265
-0.8487679362297058
-0.17042341828346252
0.06239715963602066
0.25817570090293884
1.3471510410308838
1.2838866710662842
1.2960913181304932
1.999834418296814
2.2205116748809814
2.354335308074951
2.9944939613342285
3.4997124671936035
3.0342414379119873
3.6163864135742188
4.774642467498779
5.405625820159912
4.557337760925293
5.746112823486328
6.038681983947754
6.3576226234436035
6.931499481201172
7.0905256271362305
7.190182685852051
7.6753644943237305
7.8147759437561035
8.836505889892578
9.390318870544434
9.078432083129883
10.236019134521484
9.480722427368164
10.33184814453125
11.26810073852539
11.415422439575195
11.129602432250977
11.968326568603516
11.81499195098877
11.711530685424805
13.156567573547363
13.05793285369873
13.287870407104492
14.177029609680176
14.590913772583008
14.247426986694336
14.682882308959961
16.033018112182617
16.550357818603516
17.239730834960938
17.219945907592773
17.826902389526367
17.780519485473633
18.88627052307129
19.705257415771484
18.985809326171875
19.766355514526367
20.291452407836914
20.150056838989258
21.333459854125977
22.021591186523438
22.175914764404297
22.848247528076172
22.780485153198242
22.930099487304688
22.101110458374023
16.214265823364258
-35.48750686645508
-24.726919174194336
-0.007520376238971949
-0.00965745560824871
-0.008107955567538738
-0.01051329169422388
-0.009906208142638206
-0.008283685892820358
-0.008872775360941887
-0.008468855172395706
-0.007723198737949133
-0.008206994272768497
-0.007347016595304012
-0.006869786884635687
-0.007056178990751505
-0.006388661917299032
-0.005835103336721659
-0.005689053796231747
-0.005576764233410358
-0.004496550653129816
-0.004725418519228697
-0.004154839552938938
-0.003915693145245314
-0.0033869121689349413
-0.002958074677735567
-0.0025580318178981543
-0.002454258967190981
-0.0016871482366696
-0.0010966737754642963
-0.0013043091166764498
-0.0005963935400359333
-0.0005344038363546133
0.00015967586659826338
0.0005423807306215167
0.0010186393046751618
0.0015982904005795717
0.001364522846415639
0.0018954226979985833
0.0024603467900305986
0.002938314341008663
0.002977115334942937
0.003496797289699316
0.0039756218902766705
0.004355434328317642
0.004319879692047834
0.005059457384049892
0.004941021557897329
0.005969586316496134
0.005621471907943487
0.005698510445654392
0.006630167365074158
0.006253480911254883
0.0072974590584635735
0.007166019640862942
0.006984869949519634
0.007214061915874481
0.007775629870593548
0.008160768076777458
0.00786885991692543
0.008626095950603485
0.008337384089827538
0.008447198197245598
0.008849225006997585
0.008693558163940907
0.008893272839486599
0.009456117637455463
0.009159155189990997
0.009035687893629074
0.009316631592810154
0.009102599695324898
0.009303878992795944
0.009565145708620548
0.009222598746418953
0.008816678076982498
0.009351965971291065
0.009211702272295952
0.009323878213763237
0.009269810281693935
0.009000922553241253
0.008581212721765041
0.009066547267138958
0.00885511003434658
0.00913065206259489
0.008291089907288551
0.009149366989731789
0.008065536618232727
0.008185947313904762
0.008254452608525753
0.007956438697874546
0.008012097328901291
0.007665197364985943
0.007690700236707926
0.006908000446856022
0.006710083689540625
0.007058239541947842
0.00658479193225503
0.006192076951265335
0.006484483368694782
13.238777160644531
83.90959167480469
103.95741271972656
56.57208251953125
31.424306869506836
23.4837703704834
18.97593116760254
6.1113691329956055
5.583218574523926
3.2793421745300293
-0.45320582389831543
-0.2164028137922287
-0.657814621925354
-2.810515880584717
-2.5763959884643555
-3.3310799598693848
-3.486987352371216
-3.767798662185669
-4.258376598358154
-4.1218180656433105
-3.914407253265381
-3.779930830001831
-3.9697012901306152
-3.7331173419952393
-3.7984821796417236
-4.004359245300293
-3.372908115386963
-3.410874128341675
-3.651777744293213
-3.5442535877227783
-2.791616439819336
-3.059845447540283
-2.8984475135803223
-2.279444456100464
-1.8326307535171509
-1.3486151695251465
-0.9594802856445312
-0.28576117753982544
-0.9067935943603516
-0.3726823329925537
-0.27001506090164185
0.4116581380367279
1.0062177181243896
1.1305912733078003
1.3925493955612183
2.1076674461364746
2.3097968101501465
2.7553694248199463
2.4483275413513184
2.5692849159240723
3.0464792251586914
4.204318523406982
4.999972820281982
5.77793025970459
4.406817436218262
5.679024696350098
6.222375392913818
5.922231197357178
6.692553520202637
6.7934465408325195
7.618071556091309
7.937004089355469
7.870733737945557
8.328045845031738
9.46270751953125
9.870431900024414
10.404314994812012
9.573613166809082
10.351236343383789
11.397974014282227
11.576204299926758
11.404802322387695
11.343862533569336
12.141396522521973
13.101608276367188
13.086103439331055
12.899310111999512
13.867074966430664
14.372964859008789
14.89990520477295
14.497350692749023
15.161267280578613
15.588775634765625
15.969843864440918
16.911603927612305
18.00147247314453
17.772043228149414
18.312213897705078
18.53219985961914
18.028409957885742
19.191158294677734
20.08407211303711
20.289024353027344
20.685962677001953
20.730085372924805
21.9887638092041
21.616947174072266
21.7805233001709
22.715797424316406
22.527652740478516
22.228282928466797
16.159122467041016
-29.41868019104004
-34.96744155883789
-0.00699547678232193
-0.009631361812353134
-0.008207748644053936
-0.010421188548207283
-0.009713973850011826
-0.008061809465289116
-0.008951219730079174
-0.00822862982749939
-0.007648961152881384
-0.008209992200136185
-0.007230792194604874
-0.006804077886044979
-0.0068189287558197975
-0.006343278102576733
-0.006142329424619675
-0.0055498285219073296
-0.005602041259407997
-0.004867699928581715
-0.0046505373902618885
-0.004150199703872204
-0.003613058477640152
-0.003771713003516197
-0.0031290568877011538
-0.002395863411948085
-0.0021941254381090403
-0.0016732703661546111
-0.0011843268293887377
-0.0011712145060300827
-0.00085791404126212
0.00013856547593604773
-8.896707731764764e-05
0.00025959016056731343
0.0010084734531119466
0.0013886953238397837
0.002096974290907383
0.0018248686101287603
0.0023055297788232565
0.0029090852476656437
0.003421461209654808
0.003815962001681328
0.0035932983737438917
0.004353317432105541
0.004550832323729992
0.004755715373903513
0.005240829661488533
0.0056333160027861595
0.005551222711801529
0.006059612147510052
0.006550047546625137
0.006375890225172043
0.007131232880055904
0.006434454116970301
0.0077280523255467415
0.007677516434341669
0.007466738577932119
0.007544030901044607
0.008285105228424072
0.00820884294807911
0.008453193120658398
0.008444661274552345
0.008691048249602318
0.008909083902835846
0.009057126939296722
0.008685367181897163
0.009198281913995743
0.009368502534925938
0.00922804232686758
0.008875003084540367
0.009544800035655499
0.009203115478157997
0.009167052805423737
0.009293858893215656
0.009148631244897842
0.00892454944550991
0.009095248766243458
0.009170042350888252
0.008906272239983082
0.00929497741162777
0.00892850011587143
0.008900472894310951
0.008904616348445415
0.008481723256409168
0.008430371060967445
0.008433014154434204
0.008739465847611427
0.00765804061666131
0.008237956091761589
0.007534093223512173
0.007607854902744293
0.007503462489694357
0.007154249586164951
0.006891877390444279
0.006794878747314215
0.006718626711517572
0.006215027533471584
0.006332819350063801
12.78950309753418
83.1912841796875
103.26827239990234
56.16754913330078
32.743263244628906
20.751405715942383
17.45890235900879
6.985383033752441
6.910977840423584
3.8695640563964844
-0.1594417244195938
-0.032651711255311966
-1.3225988149642944
-2.605039119720459
-2.8517966270446777
-3.7123215198516846
-4.382960319519043
-3.813622236251831
-3.755096435546875
-4.204464435577393
-4.3768205642700195
-3.6207027435302734
-4.359158992767334
-3.718853712081909
-3.626244068145752
-4.020276069641113
-3.827341079711914
-3.608497142791748
-3.3691868782043457
-3.285902738571167
-2.8546953201293945
-2.3848516941070557
-2.4013214111328125
-1.921812653541565
-1.7942712306976318
-1.0232903957366943
-1.6325979232788086
-0.6474785208702087
-0.7815505862236023
0.21808667480945587
0.2931610643863678
0.621888279914856
1.5528926849365234
1.561593770980835
1.2507404088974
1.9660375118255615
1.8248441219329834
2.4422192573547363
2.879964828491211
3.305450916290283
3.519770383834839
3.8472163677215576
5.344820022583008
5.49957275390625
4.963356971740723
5.665902137756348
5.973265647888184
6.241513252258301
6.9944329261779785
7.195000648498535
7.353376865386963
7.472198486328125
7.975996971130371
8.91122055053711
9.099205017089844
9.549492835998535
9.637110710144043
9.72822380065918
10.626832008361816
11.325579643249512
11.77541446685791
11.464449882507324
11.404277801513672
12.156408309936523
13.005389213562012
13.223100662231445
13.810770988464355
14.293489456176758
15.120584487915039
14.255319595336914
15.154764175415039
14.69983959197998
15.187057495117188
16.379505157470703
16.653226852416992
17.20189094543457
17.972095489501953
17.733219146728516
18.21747398376465
18.485084533691406
18.90885353088379
19.109331130981445
19.059040069580078
20.07695960998535
20.228731155395508
20.32649040222168
20.760967254638672
21.610477447509766
21.62384796142578
22.678932189941406
21.285812377929688
15.845466613769531
-31.74755859375
-29.139705657958984
-0.007138049695640802
-0.009201383218169212
-0.008000724948942661
-0.010697172954678535
-0.009402917698025703
-0.008015493862330914
-0.00871325097978115
-0.008323529735207558
-0.007542911916971207
-0.008032821118831635
-0.007362848613411188
-0.006815609522163868
-0.006799656897783279
-0.006405298598110676
-0.0060011958703398705
-0.005617052782326937
-0.005015861243009567
-0.00497871870175004
-0.004421310964971781
-0.004019985906779766
-0.0037634694017469883
-0.0034842374734580517
-0.002977491356432438
-0.0026444648392498493
-0.0019157740753144026
-0.0019523492082953453
-0.0010674605146050453
-0.000916479155421257
-0.0006951282848604023
-7.677753274037968e-06
-0.000256486760918051
0.0004444854275789112
0.0015672447625547647
0.0014328162651509047
0.0018145085778087378
0.001725864945910871
0.002670522080734372
0.0029586765449494123
0.003005588660016656
0.0037231736350804567
0.00448195543140173
0.003998009487986565
0.004530581645667553
0.005185912363231182
0.004689112771302462
0.005782722029834986
0.005520389415323734
0.005944748409092426
0.006881703622639179
0.006149600259959698
0.006790687330067158
0.0069181048311293125
0.007254272699356079
0.007768169045448303
0.007306265644729137
0.007815523073077202
0.008231802843511105
0.007913480512797832
0.00831676460802555
0.008915345184504986
0.008183235302567482
0.008784018456935883
0.008697090670466423
0.00913129560649395
0.008933767676353455
0.009272710420191288
0.008850441314280033
0.00939409714192152
0.008898532018065453
0.009630320593714714
0.009120156057178974
0.009852367453277111
0.00906593818217516
0.009002501145005226
0.009253330528736115
0.009074303321540356
0.009245586581528187
0.009270688518881798
0.00906645692884922
0.008663666434586048
0.00927484966814518
0.008419784717261791
0.008803237229585648
0.008171404711902142
0.008379200473427773
0.007600297685712576
0.008447853848338127
0.007434254977852106
0.007687320001423359
0.007857341319322586
0.00706838071346283
0.007000969257205725
0.006703293416649103
0.006550231482833624
0.0067032077349722385
0.005988355726003647
20.713220596313477
93.28456115722656
110.92498779296875
61.39057540893555
36.80236053466797
23.217809677124023
19.287168502807617
8.690751075744629
8.480400085449219
5.3820624351501465
1.9212554693222046
1.1135694980621338
-0.1319064348936081
-2.0916590690612793
-1.3911359310150146
-2.9798784255981445
-3.828768491744995
-3.5172314643859863
-4.132253170013428
-4.351607799530029
-4.229554653167725
-3.707659959793091
-4.190610885620117
-3.8783392906188965
-3.918597459793091
-3.675325870513916
-3.637937545776367
-3.371476650238037
-3.3218350410461426
-2.529262065887451
-2.492927312850952
-2.4909021854400635
-2.567716360092163
-2.6571273803710938
-2.3895208835601807
-1.1585547924041748
-1.238834023475647
-1.192465901374817
-0.6220191717147827
0.0842289999127388
-0.11326704174280167
-0.4234298765659332
0.5280702710151672
1.008574366569519
2.3121237754821777
2.2514052391052246
1.9499582052230835
2.353861093521118
3.7092909812927246
3.8667240142822266
3.525822877883911
3.0055489540100098
4.917405128479004
5.035804748535156
4.474452495574951
6.004626274108887
6.354519367218018
5.952075004577637
6.857008457183838
6.4068779945373535
6.756330966949463
7.478271484375
7.957376956939697
8.507511138916016
9.127704620361328
9.319583892822266
9.700345993041992
10.313663482666016
9.973775863647461
10.960355758666992
11.826019287109375
11.411649703979492
11.431745529174805
11.977291107177734
12.641816139221191
12.553524017333984
12.85071086883545
13.724530220031738
13.924905776977539
15.155477523803711
15.654528617858887
15.46796703338623
15.817209243774414
16.814777374267578
17.149669647216797
17.161884307861328
17.53127670288086
17.014938354492188
18.137168884277344
18.11381721496582
18.679946899414062
19.724618911743164
20.208148956298828
20.132492065429688
21.408151626586914
21.77269172668457
21.022193908691406
21.852352142333984
22.597415924072266
23.7564640045166
22.759382247924805
16.520620346069336
-36.60657501220703
-34.81328582763672
-0.006107143126428127
-0.009126261807978153
-0.008611010387539864
-0.010588523000478745
-0.009705775417387486
-0.008046588860452175
-0.008885176852345467
-0.008376368321478367
-0.007819878868758678
-0.007928842678666115
-0.007339358329772949
-0.007008253131061792
-0.006898968014866114
-0.00615650275722146
-0.006146720610558987
-0.005665245000272989
-0.005285453516989946
-0.004983498714864254
-0.004190563224256039
-0.004083574749529362
-0.0037444964982569218
-0.003477036487311125
-0.0029071697499603033
-0.00296979583799839
-0.0018025562167167664
-0.002180892275646329
-0.001045819721184671
-0.000962347723543644
-0.0005055099609307945
-0.0005376199260354042
0.00028384715551510453
0.0005873403279110789
0.001108543248847127
0.0013215283397585154
0.0017093282658606768
0.0018967896467074752
0.0025809311773627996
0.002822588663548231
0.0031019686721265316
0.003941182047128677
0.003141948254778981
0.004469740204513073
0.0046381400898098946
0.004735261667519808
0.005187466274946928
0.0051614767871797085
0.00612666504457593
0.006033089943230152
0.006046038120985031
0.006350954528898001
0.007253175135701895
0.007030540145933628
0.007289533503353596
0.007564393337816
0.007528798189014196
0.007793794386088848
0.008181270211935043
0.008098815567791462
0.008308173157274723
0.008691334165632725
0.008394904434680939
0.00898805446922779
0.008546140976250172
0.008917194791138172
0.009000873193144798
0.009194321930408478
0.009235760197043419
0.009160110726952553
0.009252497926354408
0.009348990395665169
0.009242411702871323
0.009188702329993248
0.009336384013295174
0.008834337815642357
0.009357945993542671
0.009437863714993
0.008845624513924122
0.008671468123793602
0.00905563123524189
0.009172516874969006
0.008517727255821228
0.008822819218039513
0.0085704131051898
0.008294777013361454
0.008146115578711033
0.008173136971890926
0.008144698105752468
0.007463774643838406
0.007959599606692791
0.007384481839835644
0.007465295493602753
0.00716053182259202
0.007015875540673733
0.006088417023420334
0.006642727646976709
0.006278783082962036
39.437049865722656
112.36900329589844
127.57198333740234
78.23114776611328
38.76811599731445
30.7769775390625
23.58477210998535
15.561086654663086
10.348746299743652
6.505629062652588
3.3538944721221924
1.5038025379180908
-0.3685843050479889
-1.4931806325912476
-1.9697221517562866
-2.940932512283325
-3.7360846996307373
-3.7082340717315674
-3.51049542427063
-4.250146389007568
-3.4162802696228027
-4.076813697814941
-4.466682434082031
-4.000945568084717
-4.260436058044434
-4.0029168128967285
-3.446023464202881
-3.840473175048828
-3.6296520233154297
-3.252561092376709
-2.8944106101989746
-2.161303997039795
-2.2766804695129395
-2.0675010681152344
-1.9107040166854858
-1.3198052644729614
-1.2010438442230225
-1.1991280317306519
-0.12191450595855713
-0.3212922215461731
-0.4957931935787201
-0.13424496352672577
0.056587010622024536
0.9191849827766418
1.7750120162963867
1.751156210899353
1.5050592422485352
2.5981969833374023
3.638216733932495
2.9470276832580566
3.3788676261901855
3.5491702556610107
3.6013481616973877
4.891163349151611
6.140590190887451
5.917250633239746
5.170405387878418
6.3721771240234375
5.887903213500977
6.261266708374023
6.873621940612793
7.314945220947266
7.617131233215332
8.195657730102539
7.9997687339782715
8.69813060760498
9.581363677978516
10.288179397583008
10.545463562011719
10.536754608154297
10.5315523147583
11.085213661193848
12.053451538085938
12.0742826461792
12.474106788635254
13.904228210449219
13.432461738586426
13.85301685333252
14.086982727050781
14.931272506713867
14.933479309082031
15.3174467086792
16.034894943237305
17.288536071777344
17.079267501831055
17.8638858795166
17.719030380249023
18.475982666015625
18.644290924072266
19.796926498413086
20.05756378173828
19.754793167114258
20.292539596557617
20.92989158630371
21.708585739135742
21.590150833129883
22.660099029541016
22.74850845336914
22.798946380615234
22.96884536743164
22.082223892211914
15.854818344116211
-32.83652877807617
-29.534347534179688
-0.007138668559491634
-0.009162187576293945
-0.008162841200828552
-0.01065255980938673
-0.009234549477696419
-0.00800013355910778
-0.009114471264183521
-0.008472206071019173
-0.007663133088499308
-0.007902664132416248
-0.007518606726080179
-0.006777234375476837
-0.006763034500181675
-0.006290799472481012
-0.005924315191805363
-0.005681078415364027
-0.005133035592734814
-0.004768054001033306
-0.005091574974358082
-0.0038350678514689207
-0.003612210275605321
-0.003815866308286786
-0.002757310401648283
-0.0025783602613955736
-0.002436490263789892
-0.0016512386500835419
-0.0014238700969144702
-0.0012198211625218391
-0.0007798979058861732
-0.0002783600939437747
1.7191399820148945e-05
0.0006082759937271476
0.0010258689289912581
0.0008279176545329392
0.001631448045372963
0.002156659960746765
0.00236057722941041
0.003103854600340128
0.002805615309625864
0.003577922936528921
0.0038346792571246624
0.004180236719548702
0.004307550378143787
0.004992345813661814
0.005012507550418377
0.005796381738036871
0.005452483892440796
0.006122170481830835
0.006406455300748348
0.006584732327610254
0.00687798485159874
0.00714303832501173
0.007215399295091629
0.007783167064189911
0.007578913122415543
0.007644726894795895
0.0080508291721344
0.008524623699486256
0.008252361789345741
0.00845381710678339
0.008733290247619152
0.008640537038445473
0.008731537498533726
0.008865376934409142
0.009376650676131248
0.009338905103504658
0.008985296823084354
0.00936674140393734
0.008892695419490337
0.009708601050078869
0.009231853298842907
0.009456324391067028
0.009463544003665447
0.008768139407038689
0.009245160967111588
0.009194142185151577
0.009037621319293976
0.009209592826664448
0.008810953237116337
0.009242230094969273
0.008885261602699757
0.008372783660888672
0.009138649329543114
0.008336370810866356
0.008394320495426655
0.007866171188652515
0.008171109482645988
0.007807929068803787
0.007832461968064308
0.007488335017114878
0.007185384631156921
0.0071635618805885315
0.007112069521099329
0.006804362870752811
0.006643907632678747
0.006340636871755123
29.804540634155273
102.34403991699219
118.1917495727539
66.7714614868164
41.132301330566406
26.981094360351562
21.949167251586914
7.892673492431641
5.344666481018066
4.314198970794678
0.1790453940629959
0.5016980171203613
-0.33310988545417786
-2.630467653274536
-2.227705478668213
-3.469266414642334
-3.647481918334961
-3.5708537101745605
-3.888795852661133
-4.245016098022461
-3.8053596019744873
-4.168554306030273
-4.376932144165039
-3.447222948074341
-3.7636730670928955
-3.85005259513855
-3.7861175537109375
-3.680269241333008
-3.425034284591675
-2.8505072593688965
-3.1907639503479004
-2.693922758102417
-2.006446599960327
-2.242490291595459
-1.9045394659042358
-1.6749814748764038
-1.4295835494995117
-1.2164785861968994
-0.675122082233429
-0.43169111013412476
0.6360646486282349
-0.31243571639060974
0.006051449570804834
1.2959649562835693
2.127737283706665
1.9675586223602295
2.104495048522949
3.4905917644500732
3.357598066329956
3.2410945892333984
3.5884337425231934
3.7785325050354004
5.119814872741699
4.768805980682373
5.197088718414307
6.002110004425049
6.789235591888428
5.8147149085998535
6.558291435241699
7.189296722412109
7.377786159515381
8.123969078063965
7.865335941314697
8.17207145690918
9.294283866882324
9.31163501739502
10.091612815856934
10.066313743591309
10.383746147155762
11.019498825073242
11.586833000183105
11.30853271484375
11.087628364562988
11.972051620483398
12.909431457519531
13.158584594726562
12.707952499389648
13.087203979492188
13.830352783203125
13.848150253295898
14.953120231628418
15.368792533874512
15.63898754119873
16.772653579711914
17.336597442626953
17.225872039794922
18.27974510192871
18.40131187438965
19.05966567993164
19.601009368896484
20.333728790283203
20.99663734436035
19.69168472290039
20.631200790405273
20.886159896850586
22.11937713623047
21.76931381225586
22.361614227294922
23.38312530517578
23.26205062866211
22.350141525268555
16.519262313842773
-35.403663635253906
-36.92694854736328
-0.006682685576379299
-0.009017386473715305
-0.008610809221863747
-0.010359198786318302
-0.009481819346547127
-0.008423330262303352
-0.008822132833302021
-0.00864878948777914
-0.007628202438354492
-0.0078009068965911865
-0.007504200097173452
-0.0070534138940274715
-0.006822332739830017
-0.0065591163001954556
-0.006047903560101986
-0.00580989895388484
-0.0053828926756978035
-0.004805377218872309
-0.004772098269313574
-0.0044015636667609215
-0.003914658445864916
-0.003374770749360323
-0.0028699988033622503
-0.0026314235292375088
-0.002010822994634509
-0.0018623785581439734
-0.0015246582916006446
-0.000951666384935379
-0.0007458075997419655
-4.521515074884519e-05
0.00026891290326602757
0.00023238132416736335
0.001210170448757708
0.001454673707485199
0.0018169255927205086
0.002104138256981969
0.002354647498577833
0.003043282078579068
0.0030589913949370384
0.0033821077086031437
0.003932591527700424
0.00435037724673748
0.004348755348473787
0.004689039662480354
0.00470955204218626
0.005846208892762661
0.005602621473371983
0.006350272335112095
0.006045600399374962
0.0064859539270401
0.007065918296575546
0.00685117905959487
0.007606963161379099
0.007295927498489618
0.00774590065702796
0.007840398699045181
0.007976753637194633
0.007933286018669605
0.008630827069282532
0.008675134740769863
0.008572478778660297
0.009246526286005974
0.008497384376823902
0.009024659171700478
0.00890711136162281
0.00870619248598814
0.009570741094648838
0.00898033194243908
0.009412749670445919
0.009101280011236668
0.009748212061822414
0.008850939571857452
0.00979619286954403
0.008919653482735157
0.00941201951354742
0.009212103672325611
0.008983653970062733
0.009412238374352455
0.00849568098783493
0.008915252983570099
0.008726062253117561
0.008831212297081947
0.008274168707430363
0.008427283726632595
0.00791347585618496
0.008105755783617496
0.008391101844608784
0.007185150869190693
0.007800335995852947
0.007505360059440136
0.007457565516233444
0.006737946067005396
0.007154030259698629
0.006369408220052719
0.006541608367115259
0.005682779010385275
13.431503295898438
84.36226654052734
103.79011535644531
56.3760986328125
31.164321899414062
20.637958526611328
18.058650970458984
7.44537353515625
7.453951835632324
4.745227336883545
0.8234341740608215
0.9558992385864258
-0.4742211401462555
-2.5606369972229004
-2.0070595741271973
-2.575949192047119
-3.527207136154175
-3.4306728839874268
-3.8991780281066895
-3.8379199504852295
-3.9159202575683594
-4.092959403991699
-4.3966145515441895
-4.125962257385254
-4.399620056152344
-3.8308615684509277
-3.9935355186462402
-3.254209041595459
-3.3308472633361816
-2.9507663249969482
-2.837895154953003
-2.8286118507385254
-2.425342082977295
-1.9838924407958984
-1.597928762435913
-1.876943826675415
-1.8578097820281982
-0.8427044153213501
-0.8758350610733032
0.5705621838569641
1.2043863534927368
-0.17266014218330383
0.22548401355743408
1.9026094675064087
1.6908785104751587
1.7592061758041382
3.134490489959717
2.9078149795532227
3.282625913619995
3.4358856678009033
4.271890163421631
3.690520763397217
4.483890056610107
5.094296455383301
4.4463677406311035
6.036327838897705
6.115963935852051
5.668508052825928
7.072483062744141
6.433579921722412
6.82135534286499
7.942043304443359
8.250608444213867
8.759735107421875
8.679815292358398
9.149372100830078
10.077554702758789
9.915669441223145
10.322854042053223
11.150867462158203
11.156641006469727
11.187743186950684
11.546663284301758
11.778887748718262
11.719746589660645
12.367420196533203
13.387102127075195
14.456097602844238
13.5686674118042
14.963033676147461
15.643739700317383
15.53797721862793
16.5158748626709
17.054840087890625
17.1926326751709
17.829927444458008
18.2834529876709
19.525936126708984
18.920799255371094
19.77342414855957
19.602684020996094
20.126300811767578
20.434341430664062
20.67811393737793
21.255313873291016
22.36436653137207
22.090190887451172
22.668506622314453
23.403667449951172
23.913249969482422
22.3208065032959
15.486259460449219
-33.09966278076172
-29.360702514648438
-0.006607324816286564
-0.009222356602549553
-0.008099952712655067
-0.010612113401293755
-0.009356037713587284
-0.007973076775670052
-0.00893147848546505
-0.007937592454254627
-0.008011235855519772
-0.008122817613184452
-0.00705838855355978
-0.006745362188667059
-0.0069034406915307045
-0.006113809999078512
-0.006081812083721161
-0.0057480488903820515
-0.005485209636390209
-0.004718906246125698
-0.00468295905739069
-0.004066173918545246
-0.003796114819124341
-0.003222317900508642
-0.0030372340697795153
-0.002915890421718359
-0.0021084879990667105
-0.002010050928220153
-0.0012200953206047416
-0.0013040474150329828
-0.0006505605997517705
-6.596699677174911e-05
-0.00015094655100256205
0.0005764468805864453
0.0008885227143764496
0.001659824512898922
0.0017376563046127558
0.002286023460328579
0.0021854243241250515
0.002912362338975072
0.0030893348157405853
0.003968571312725544
0.004129019100219011
0.004036077298223972
0.0042982520535588264
0.005122738890349865
0.005116543732583523
0.005468056537210941
0.005684542469680309
0.006191834807395935
0.006655696779489517
0.006235174369066954
0.007152850739657879
0.007230355404317379
0.006994176656007767
0.00757251912727952
0.007396833039820194
0.008070189505815506
0.008540899492800236
0.008101237006485462
0.008377638645470142
0.008447645232081413
0.008268820121884346
0.009220629930496216
0.00891147181391716
0.00895717367529869
0.009259724989533424
0.009158505126833916
0.009629652835428715
0.00879442784935236
0.009047763422131538
0.009798549115657806
0.008823322132229805
0.00954482052475214
0.008991588838398457
0.009150383993983269
0.009645484387874603
0.008729142136871815
0.009085615165531635
0.009130869060754776
0.009284460917115211
0.008810535073280334
0.008844075724482536
0.009117458947002888
0.008265483193099499
0.008268519304692745
0.008625644259154797
0.0077911256812512875
0.008006656542420387
0.00790405459702015
0.00789727084338665
0.007645843084901571
0.00707920640707016
0.007391118444502354
0.006813731975853443
0.006617809180170298
0.00639648362994194
0.006229776423424482
20.83335304260254
93.28913879394531
110.77178955078125
61.57429885864258
36.942665100097656
24.019397735595703
19.455448150634766
6.347653865814209
5.004215717315674
3.176239490509033
-0.9441852569580078
-0.8726842999458313
-1.4798632860183716
-2.955436944961548
-2.7174432277679443
-3.3413968086242676
-3.782175064086914
-3.4783623218536377
-3.58715558052063
-4.530770778656006
-4.10573148727417
-4.43331241607666
-3.7711262702941895
-3.8847994804382324
-4.240453720092773
-3.9669387340545654
-3.6949870586395264
-3.562168836593628
-3.1103858947753906
-2.744985818862915
-2.5670158863067627
-2.5665552616119385
-2.6873912811279297
-2.3748810291290283
-1.946785569190979
-1.6398341655731201
-1.1995552778244019
-0.49410176277160645
-0.6918359994888306
-0.379023015499115
0.4554760456085205
0.811122715473175
0.9373008012771606
1.7644824981689453
2.057570219039917
1.566453456878662
0.9548530578613281
1.9956554174423218
2.93229603767395
3.0565528869628906
3.586643934249878
4.472046852111816
4.37907075881958
4.849785804748535
5.188655376434326
5.365927696228027
5.843184947967529
7.154721260070801
6.641221046447754
7.125555515289307
7.37627649307251
7.979952335357666
8.05707836151123
8.466534614562988
8.236214637756348
9.308794021606445
9.346786499023438
9.741762161254883
10.430811882019043
9.975671768188477
11.705327033996582
11.865265846252441
11.952495574951172
12.9488525390625
12.780984878540039
13.106958389282227
13.436357498168945
14.384472846984863
14.697120666503906
14.383583068847656
14.850954055786133
15.228227615356445
15.635747909545898
15.299565315246582
16.809768676757812
16.227527618408203
16.543947219848633
17.688289642333984
17.88152503967285
17.9153995513916
18.103525161743164
18.671972274780273
19.83147621154785
19.51266860961914
20.681745529174805
21.771154403686523
21.89446449279785
22.162151336669922
22.023372650146484
23.360511779785156
21.40774917602539
14.909120559692383
-29.028141021728516
-34.812644958496094
-0.007193042431026697
-0.00950273685157299
-0.008707556873559952
-0.0102703170850873
-0.009615122340619564
-0.008327985182404518
-0.008500961586833
-0.008348880335688591
-0.008047917857766151
-0.007790242321789265
-0.007472161203622818
-0.007097708992660046
-0.00688238674774766
-0.006281089968979359
-0.006014721933752298
-0.005906269885599613
-0.005231890827417374
-0.005057812202721834
-0.0042376103810966015
-0.0043746838346123695
-0.003796309232711792
-0.0036821640096604824
-0.0033055413514375687
-0.002305787755176425
-0.0024793457705527544
-0.0016580406809225678
-0.001493503456003964
-0.001466536894440651
-0.0005183336324989796
-0.0001945710537256673
-2.705678298298153e-06
0.0006747544393874705
0.0008223533513955772
0.0011805383255705237
0.0016509126871824265
0.0021764435805380344
0.0023228353820741177
0.0029849258717149496
0.003345101373270154
0.003587017534300685
0.003519476158544421
0.004244585521519184
0.004573374520987272
0.0048862025141716
0.005274977535009384
0.005498792976140976
0.00563416862860322
0.006222250405699015
0.005844493862241507
0.00658243615180254
0.006947166286408901
0.0067716785706579685
0.007622770965099335
0.007297367788851261
0.007762022316455841
0.007707121782004833
0.00810464657843113
0.008202535100281239
0.008042039349675179
0.008798815310001373
0.009352815337479115
0.008601282723248005
0.008686903864145279
0.009428227320313454
0.009118449874222279
0.009120943024754524
0.008662616834044456
0.00970251951366663
0.009355658665299416
0.00881802849471569
0.009445251896977425
0.009140600450336933
0.009399330243468285
0.009597799740731716
0.008738972246646881
0.009331286884844303
0.008998148143291473
0.009022742509841919
0.009070169180631638
0.00876860972493887
0.008671162649989128
0.008912942372262478
0.008491799235343933
0.008668364956974983
0.008226966485381126
0.008580275811254978
0.007706745062023401
0.007607427425682545
0.007588747888803482
0.007668720092624426
0.007031773682683706
0.007255458272993565
0.007094268687069416
0.006509231869131327
0.006595882587134838
0.006144239101558924
39.79985809326172
112.26495361328125
125.99378967285156
74.48461151123047
41.27061080932617
32.60101318359375
24.33293342590332
16.55748176574707
11.769375801086426
7.700230598449707
4.316603660583496
2.7635138034820557
0.5047397017478943
-0.6990928053855896
-1.3477102518081665
-1.973483681678772
-2.33785080909729
-2.3587310314178467
-3.3287806510925293
-3.1981775760650635
-3.248511552810669
-3.635152816772461
-3.906864643096924
-3.120736598968506
-3.584479570388794
-3.8817520141601562
-2.8103747367858887
-3.790678024291992
-3.0616374015808105
-2.793684720993042
-2.276843547821045
-2.5758543014526367
-1.8548691272735596
-1.4181188344955444
-1.9309247732162476
-0.9848735928535461
-0.8874662518501282
-1.3215358257293701
-0.9468045234680176
0.031140943989157677
0.13460388779640198
0.8032223582267761
0.8096200227737427
1.482942819595337
1.8325083255767822
1.6112886667251587
1.2775040864944458
2.5094990730285645
2.5930962562561035
3.4614901542663574
4.30217981338501
4.1862311363220215
4.593911647796631
5.098659515380859
5.017523288726807
4.861825942993164
5.856475830078125
6.349428653717041
6.646539211273193
7.238005638122559
6.923162937164307
7.480944633483887
9.102692604064941
7.243691444396973
8.77131462097168
8.863508224487305
9.136510848999023
11.001444816589355
10.765413284301758
11.105406761169434
10.810599327087402
11.71600341796875
12.180891036987305
12.482439041137695
12.9635009765625
13.305317878723145
13.91033935546875
14.717687606811523
14.270254135131836
14.5260009765625
15.149685859680176
15.098234176635742
15.962862014770508
15.786279678344727
16.006010055541992
17.401714324951172
17.773643493652344
17.838077545166016
17.271530151367188
18.91853904724121
18.935697555541992
19.79318618774414
20.161653518676758
20.15262222290039
21.29195785522461
22.095212936401367
22.017480850219727
22.494218826293945
22.688858032226562
22.58898162841797
21.498214721679688
15.924838066101074
-32.91569137573242
-29.687414169311523
-0.007244757376611233
-0.009214932098984718
-0.008238319307565689
-0.010523354634642601
-0.009413180872797966
-0.00818208884447813
-0.009061691351234913
-0.008535554632544518
-0.007464772555977106
-0.008015748113393784
-0.007269954774528742
-0.00717845419421792
-0.006570433732122183
-0.006294933147728443
-0.006057593040168285
-0.005486310459673405
-0.005355759523808956
-0.005017146002501249
-0.004616567399352789
-0.00419516209512949
-0.0034332405775785446
-0.0033974237740039825
-0.003246272448450327
-0.0023277015425264835
-0.002530731726437807
-0.0017897996585816145
-0.001520112855359912
-0.0009108896483667195
-0.0005793198361061513
-0.00012476264964789152
-0.00014035622007213533
0.0005213352851569653
0.0016029110411182046
0.0012483190512284636
0.001716132857836783
0.0021142091136425734
0.0021710777655243874
0.0028985370881855488
0.0033487186301499605
0.003395984647795558
0.003813327057287097
0.004035138990730047
0.004645077511668205
0.004896977916359901
0.005252585746347904
0.005275990813970566
0.005754627287387848
0.0059256283566355705
0.006425818894058466
0.0066677117720246315
0.006623788736760616
0.007235783152282238
0.00732047576457262
0.007414014544337988
0.007558763958513737
0.0077431341633200645
0.008077177219092846
0.008471352979540825
0.008381430990993977
0.00853188056498766
0.008688678964972496
0.008604076690971851
0.009265793487429619
0.00915845762938261
0.009133891202509403
0.008676441386342049
0.009203690104186535
0.00926909875124693
0.009456564672291279
0.00935174897313118
0.009209186770021915
0.00924738496541977
0.009567483328282833
0.008909543976187706
0.009541047737002373
0.008857103064656258
0.009310029447078705
0.00889831967651844
0.008776558563113213
0.008517492562532425
0.009121520444750786
0.008424850180745125
0.008232582360506058
0.009003627113997936
0.0077573745511472225
0.008178371004760265
0.008157020434737206
0.007923336699604988
0.007485511712729931
0.00716472277417779
0.007337953895330429
0.007186410017311573
0.0071019502356648445
0.006279640831053257
0.006711916066706181
0.005938427057117224
39.594032287597656
112.14410400390625
124.0259017944336
70.42583465576172
43.675052642822266
23.486631393432617
21.172183990478516
9.398475646972656
9.083807945251465
6.939436912536621
2.2683825492858887
1.077720046043396
0.272114098072052
-1.9812644720077515
-1.9051945209503174
-2.6407814025878906
-3.147578477859497
-3.2359485626220703
-3.5717594623565674
-3.9262306690216064
-3.550032377243042
-3.9336330890655518
-3.869594097137451
-3.7444610595703125
-3.7661094665527344
-3.3849129676818848
-3.5808918476104736
-3.8301239013671875
-3.7345871925354004
-2.822023391723633
-3.2688701152801514
-2.763197422027588
-2.315922975540161
-2.4918673038482666
-2.2992806434631348
-1.4436933994293213
-1.4352816343307495
-0.13648688793182373
-1.1344506740570068
-0.4181241989135742
0.2983098328113556
-0.0647176057100296
0.7487676739692688
1.9003944396972656
2.4454851150512695
1.5118484497070312
1.7353086471557617
2.588026762008667
3.249619245529175
2.2544023990631104
4.286261081695557
3.997321367263794
3.1750802993774414
5.176774024963379
5.265902519226074
5.2470855712890625
6.585762023925781
6.104509353637695
6.268124580383301
7.393894195556641
7.161942958831787
8.06075382232666
8.49705696105957
8.158853530883789
8.421615600585938
8.009916305541992
8.916111946105957
9.899839401245117
11.113410949707031
10.23435115814209
11.165252685546875
12.143841743469238
12.051106452941895
12.074247360229492
13.348978996276855
13.769099235534668
14.199315071105957
14.246641159057617
14.088163375854492
14.54425048828125
15.590185165405273
15.02088737487793
15.34797191619873
16.7426700592041
16.978179931640625
16.544673919677734
17.457416534423828
17.34928321838379
17.96854591369629
18.7912540435791
19.311208724975586
19.4497013092041
19.100318908691406
19.8199520111084
20.587743759155273
22.200206756591797
21.922740936279297
22.13294792175293
22.097240447998047
22.47892951965332
21.79932403564453
15.985315322875977
-34.08734130859375
-28.668609619140625
-0.007324850652366877
-0.00893455557525158
-0.008550041355192661
-0.010347552597522736
-0.009431460872292519
-0.008258645422756672
-0.008917487226426601
-0.00853470154106617
-0.007668508682399988
-0.007697227410972118
-0.0072558121755719185
-0.007186136208474636
-0.006965736858546734
-0.006130891386419535
-0.005929472390562296
-0.005797238554805517
-0.005416183732450008
-0.004732590168714523
-0.004603283014148474
-0.004285341128706932
-0.00388799118809402
-0.003270891262218356
-0.0031076730228960514
-0.002577152568846941
-0.0023758145980536938
-0.001663926406763494
-0.0012599050533026457
-0.0012214891612529755
-0.000879129976965487
0.00034232225152663887
3.5463599488139153e-06
0.0008101280545815825
0.00042884232243523
0.0017716896254569292
0.0017496688524261117
0.0019783801399171352
0.0024700413923710585
0.0028895214200019836
0.003172673285007477
0.0033879168331623077
0.0039785755798220634
0.004206029232591391
0.004306509159505367
0.004993326496332884
0.005115889478474855
0.005428195931017399
0.005980795715004206
0.0057137636467814445
0.006955844350159168
0.0064691477455198765
0.006506395526230335
0.006952161435037851
0.007236681878566742
0.008016255684196949
0.0070305815897881985
0.008038008585572243
0.007721883710473776
0.008215745911002159
0.008662148378789425
0.00832186359912157
0.008653843775391579
0.008830790407955647
0.008407719433307648
0.009366259910166264
0.009199453517794609
0.009222334250807762
0.009399773553013802
0.009279097430408001
0.009310881607234478
0.009016718715429306
0.009476755745708942
0.0091101648285985
0.009459327906370163
0.009019354358315468
0.008938903920352459
0.009535235352814198
0.008981048129498959
0.009565377607941628
0.008827201090753078
0.008784974925220013
0.008950838819146156
0.008753664791584015
0.00840795785188675
0.008311356417834759
0.008668066933751106
0.008160874247550964
0.007531797979027033
0.007887938991189003
0.007678153458982706
0.007203345652669668
0.0073707131668925285
0.006978387478739023
0.006888637784868479
0.006362890359014273
0.006735038012266159
0.005501913838088512
40.06446075439453
112.39115142822266
127.9776840209961
78.39208221435547
38.86405563354492
31.169239044189453
23.739931106567383
15.665639877319336
10.254274368286133
6.828631401062012
3.3757565021514893
1.5853686332702637
-0.11321737617254257
-1.2351363897323608
-1.8026506900787354
-2.7251248359680176
-3.8340201377868652
-3.5301480293273926
-3.395745038986206
-3.907904863357544
-3.6522326469421387
-3.830108165740967
-4.638197422027588
-3.4189696311950684
-4.231992244720459
-3.9121975898742676
-2.967020034790039
-3.4410529136657715
-3.251340866088867
-3.0534563064575195
-2.789130687713623
-3.1409049034118652
-2.2111613750457764
-2.15761399269104
-1.7091115713119507
-1.151254415512085
-1.1216731071472168
-0.5217699408531189
-0.5666240453720093
-0.4150175154209137
0.35648566484451294
0.1858755350112915
1.2690386772155762
0.9317007064819336
1.1848576068878174
2.0450565814971924
1.8969255685806274
3.1674041748046875
4.076083183288574
2.9183762073516846
3.3482604026794434
4.598823070526123
4.329710483551025
4.783868789672852
5.150917053222656
5.380706310272217
5.522383213043213
6.332202911376953
6.7142014503479
6.776921272277832
7.485581874847412
7.792515754699707
8.027474403381348
8.048089027404785
9.590370178222656
9.130477905273438
10.667198181152344
10.087389945983887
11.04288101196289
11.479043006896973
11.050775527954102
11.500772476196289
12.462560653686523
12.499269485473633
12.746224403381348
13.120251655578613
13.737197875976562
14.127386093139648
14.430811882019043
14.217691421508789
14.690363883972168
15.2586088180542
16.399459838867188
16.980289459228516
16.98739242553711
17.513057708740234
18.312969207763672
18.42525863647461
18.47953224182129
19.277389526367188
19.593852996826172
19.923160552978516
20.208131790161133
22.076160430908203
21.207046508789062
21.65826988220215
21.7499942779541
22.61692237854004
23.815710067749023
23.310436248779297
22.35198974609375
16.231815338134766
-36.64607620239258
-34.28916931152344
-0.006126088555902243
-0.009134526364505291
-0.00850939005613327
-0.010537965223193169
-0.00964259635657072
-0.00820061657577753
-0.008740191347897053
-0.008481263183057308
-0.007865546271204948
-0.00785383116453886
-0.007194967474788427
-0.006953365169465542
-0.0069287666119635105
-0.006258965935558081
-0.006067042239010334
-0.005618622992187738
-0.0053455582819879055
-0.0048942770808935165
-0.004611143376678228
-0.0038269658107310534
-0.003965722396969795
-0.0036665652878582478
-0.0029289096128195524
-0.002755299210548401
-0.0022227333392947912
-0.0019058265024796128
-0.0012340748216956854
-0.0010044475784525275
-0.0004783507320098579
5.352224616217427e-05
6.168959953356534e-05
0.00029107165755704045
0.0008186923223547637
0.0017018405487760901
0.0019327771151438355
0.0018423681613057852
0.0023129857145249844
0.0030827492009848356
0.002965081948786974
0.003948649391531944
0.003881311509758234
0.003836380783468485
0.004325585905462503
0.005161025561392307
0.004890178330242634
0.0057093300856649876
0.00559218367561698
0.006182380951941013
0.006349337287247181
0.006724943406879902
0.0068719470873475075
0.006757667753845453
0.007366505917161703
0.0076538510620594025
0.007413321174681187
0.007972772233188152
0.007895821705460548
0.00797171052545309
0.008285606279969215
0.008530179038643837
0.008689416572451591
0.00860554352402687
0.008904782123863697
0.009668140672147274
0.008669855073094368
0.009430183097720146
0.008691960945725441
0.009530628100037575
0.009075586684048176
0.009317619726061821
0.009262500330805779
0.009258897975087166
0.009637811221182346
0.008757838048040867
0.009386366233229637
0.009283924475312233
0.009416231885552406
0.008617667481303215
0.00950274895876646
0.008662138134241104
0.00905012246221304
0.008523454889655113
0.008595634251832962
0.008613362908363342
0.008568240329623222
0.007973460480570793
0.00778519082814455
0.007671585772186518
0.0072820959612727165
0.008134575560688972
0.00722088385373354
0.00706843426451087
0.006637893617153168
0.006415084935724735
0.0063121505081653595
0.006459991447627544
12.910680770874023
82.85917663574219
102.99810791015625
55.57231903076172
31.019634246826172
20.246259689331055
17.989168167114258
7.134510040283203
7.027779579162598
4.898195266723633
1.0242751836776733
1.0450319051742554
-0.09120789170265198
-2.319458246231079
-1.78302001953125
-2.972977876663208
-3.7843410968780518
-2.941781997680664
-3.792296886444092
-3.3119492530822754
-3.9790167808532715
-4.01689338684082
-4.157291412353516
-3.7560105323791504
-3.2505786418914795
-3.5257015228271484
-3.9914016723632812
-3.122159242630005
-3.3553683757781982
-3.3890788555145264
-3.276548385620117
-2.6580123901367188
-2.4262702465057373
-2.346407413482666
-1.6733920574188232
-1.309221863746643
-1.6376798152923584
-1.487667441368103
-0.4240555167198181
-0.21698984503746033
-0.04416141286492348
0.5377864241600037
1.1285922527313232
1.1131272315979004
1.195340871810913
2.321604013442993
2.4560515880584717
2.6322503089904785
2.6671836376190186
2.5505120754241943
3.496974229812622
4.292986869812012
3.8130440711975098
4.578329563140869
5.713949680328369
6.164736270904541
5.4693498611450195
6.5237531661987305
6.950810432434082
7.143255710601807
7.948503017425537
7.779085636138916
7.715523719787598
8.337127685546875
8.285758018493652
8.489423751831055
9.945707321166992
9.54314136505127
11.15676498413086
11.701004028320312
11.087977409362793
11.221248626708984
12.243084907531738
12.444764137268066
12.468228340148926
12.638216972351074
12.299095153808594
13.04101276397705
14.171930313110352
13.751370429992676
14.621946334838867
15.678866386413574
15.53162670135498
15.024162292480469
16.051803588867188
16.228504180908203
17.53874397277832
17.873533248901367
18.288803100585938
18.2264404296875
18.838640213012695
19.758283615112305
19.154600143432617
20.56991195678711
20.828336715698242
21.095844268798828
21.530366897583008
21.67794418334961
22.979427337646484
23.253963470458984
22.16378402709961
15.369508743286133
-32.37388610839844
-28.264196395874023
-0.0072054555639624596
-0.009321183897554874
-0.00827491469681263
-0.01086760126054287
-0.009726367890834808
-0.008119875565171242
-0.008794699795544147
-0.008544867858290672
-0.007680535316467285
-0.007803258486092091
-0.00754243740811944
-0.006788796279579401
-0.006949885748326778
-0.006332074757665396
-0.006021685432642698
-0.005791039671748877
-0.005270973779261112
-0.004937269724905491
-0.004430717322975397
-0.004023371729999781
-0.0036740365903824568
-0.0035572350025177
-0.0029449351131916046
-0.002386238891631365
-0.0024894229136407375
-0.001657236134633422
-0.0012363179121166468
-0.001173275988548994
-0.0005491696065291762
-0.00039405684219673276
0.0002498631947673857
0.0010670177871361375
0.0006355326622724533
0.0012600785121321678
0.001908505568280816
0.0018764093983918428
0.002639122772961855
0.002913262927904725
0.0030413796193897724
0.0033297245390713215
0.0038279250729829073
0.004283139016479254
0.004766030237078667
0.004731679800897837
0.005538658704608679
0.005622635595500469
0.005698502529412508
0.006051337346434593
0.006014914717525244
0.006678743753582239
0.006872332654893398
0.007148516830056906
0.007514632306993008
0.007433516439050436
0.007652089931070805
0.007917950861155987
0.008425007574260235
0.008299311622977257
0.00839314516633749
0.008409088477492332
0.008974367752671242
0.008714931085705757
0.008812906220555305
0.009089373983442783
0.009157560765743256
0.009347272105515003
0.008829331956803799
0.009763145819306374
0.00892468448728323
0.009566867724061012
0.009338555857539177
0.009123044088482857
0.009408815763890743
0.009242416359484196
0.009309867396950722
0.00948423333466053
0.009019790217280388
0.009527869522571564
0.008370870724320412
0.009138266555964947
0.008793151006102562
0.008741101250052452
0.008378186263144016
0.008828023448586464
0.008294059894979
0.008112175390124321
0.008061155676841736
0.0077207619324326515
0.007638599723577499
0.007643585558980703
0.0069603524170815945
0.0070807659067213535
0.007092411629855633
0.006188220344483852
0.007013637572526932
0.005909613333642483
40.192649841308594
112.62577819824219
127.56143951416016
78.11235046386719
39.57665252685547
30.84511375427246
23.70401382446289
15.827911376953125
10.742022514343262
6.824704647064209
3.321010112762451
1.6630690097808838
-0.17430588603019714
-1.2182729244232178
-1.8876829147338867
-2.1730263233184814
-3.6130523681640625
-3.4004292488098145
-3.5324835777282715
-3.8987438678741455
-3.5091583728790283
-3.7536213397979736
-4.013993263244629
-3.4455361366271973
-4.151375770568848
-3.9181296825408936
-3.371795177459717
-3.1798620223999023
-3.523204803466797
-2.813284397125244
-3.2093472480773926
-2.920714855194092
-2.9231081008911133
-2.0239930152893066
-1.70565664768219
-1.7714614868164062
-1.7345060110092163
-1.447493076324463
-0.8604768514633179
-0.19260700047016144
0.08664488792419434
0.20668712258338928
0.13568979501724243
0.605169951915741
1.1603000164031982
1.4837037324905396
1.6872262954711914
3.193899154663086
3.6352181434631348
2.724977493286133
3.96362042427063
4.503961563110352
4.057218074798584
4.554861545562744
4.9177021980285645
5.638165473937988
5.592370510101318
5.987557411193848
6.6243696212768555
7.310437202453613
6.848489284515381
7.314549922943115
8.267401695251465
8.270156860351562
8.158105850219727
9.427679061889648
9.495064735412598
10.26620101928711
11.088472366333008
10.95832633972168
11.295408248901367
11.831808090209961
12.031744003295898
12.378060340881348
12.641549110412598
13.101351737976074
13.561378479003906
13.392221450805664
14.212812423706055
14.2396240234375
15.427225112915039
16.352293014526367
15.773600578308105
16.29975700378418
17.118179321289062
16.933536529541016
17.535863876342773
17.517765045166016
19.466588973999023
20.212726593017578
19.409591674804688
20.655193328857422
20.610654830932617
21.114784240722656
21.80447006225586
21.476045608520508
21.73369026184082
22.221221923828125
23.0263729095459
23.917072296142578
22.104511260986328
15.41051959991455
-28.447040557861328
-37.518070220947266
-0.00683761527761817
-0.009561489336192608
-0.008402131497859955
-0.010922741144895554
-0.009339231997728348
-0.008313214406371117
-0.008303692564368248
-0.008784852921962738
-0.007929468527436256
-0.007761330809444189
-0.007154596038162708
-0.006945835892111063
-0.007531958166509867
-0.005879356991499662
-0.006175620015710592
-0.005916808731853962
-0.005225387401878834
-0.005063296295702457
-0.004267875105142593
-0.004404203500598669
-0.0036908998154103756
-0.0032495823688805103
-0.0033828583545982838
-0.002540738321840763
-0.0023528977762907743
-0.0017057487275451422
-0.0015080783050507307
-0.0008804379031062126
-0.0008506214362569153
-0.00012373369827400893
0.00016966022667475045
0.0009081029566004872
0.0007737023988738656
0.001242757891304791
0.001759071252308786
0.00218959036283195
0.002153919544070959
0.003116864012554288
0.0030221259221434593
0.003417531494051218
0.0034874402917921543
0.00439849216490984
0.004909405950456858
0.004533822648227215
0.005048937164247036
0.00562956091016531
0.005896307993680239
0.005805636756122112
0.006268590688705444
0.00648950319737196
0.006945221219211817
0.006513872649520636
0.007404085248708725
0.007434328552335501
0.007910782471299171
0.008158166892826557
0.007656820118427277
0.008709326386451721
0.008201940916478634
0.00845612958073616
0.008692034520208836
0.008386746048927307
0.008990120142698288
0.009044438600540161
0.009361129254102707
0.009385588578879833
0.008782587945461273
0.009174918755888939
0.009444587863981724
0.009318146854639053
0.009338108822703362
0.009450353682041168
0.009133629500865936
0.009444443508982658
0.008831823244690895
0.009433997794985771
0.009164826944470406
0.00870757270604372
0.008909615688025951
0.00919033121317625
0.008769888430833817
0.008666044101119041
0.008293528109788895
0.008494020439684391
0.008065706118941307
0.00825529731810093
0.008209078572690487
0.007558093871921301
0.007831169292330742
0.007230052258819342
0.0074642496183514595
0.0070724450051784515
0.006951502524316311
0.006773721426725388
0.005948266945779324
0.006288349628448486
29.5784912109375
102.61369323730469
117.1246109008789
65.5045394897461
40.6030387878418
21.492481231689453
19.137676239013672
7.947432041168213
7.480812072753906
5.999435901641846
2.0013644695281982
1.3104448318481445
0.0393381342291832
-2.168377637863159
-1.9289153814315796
-2.621185064315796
-3.807683229446411
-3.1470799446105957
-3.9317307472229004
-4.106148719787598
-3.7069549560546875
-4.3538360595703125
-4.251020431518555
-3.4902877807617188
-4.082023620605469
-3.7383224964141846
-3.6354079246520996
-3.7976925373077393
-3.0008468627929688
-2.9753823280334473
-3.0194780826568604
-2.4007256031036377
-2.647376537322998
-2.3839619159698486
-1.7857787609100342
-1.6111209392547607
-2.4784915447235107
-0.533023476600647
-0.5768219232559204
-0.08687229454517365
0.26415157318115234
-0.2464589774608612
0.5854889154434204
1.3346538543701172
2.0513482093811035
1.9908939599990845
2.1483616828918457
3.021988868713379
2.3843300342559814
2.675224542617798
3.5616016387939453
4.211771011352539
4.098483085632324
4.810492038726807
5.503464698791504
5.550197601318359
6.000694751739502
5.9994025230407715
6.282993316650391
6.970178127288818
6.72301721572876
7.0093584060668945
7.454461574554443
8.19227409362793
8.04738998413086
8.795920372009277
9.650728225708008
10.095154762268066
10.708711624145508
10.949260711669922
11.6391019821167
10.99964714050293
12.150355339050293
12.158835411071777
12.985788345336914
12.86320972442627
13.467147827148438
14.118988037109375
14.318822860717773
15.052350997924805
14.546130180358887
14.963953971862793
15.726755142211914
16.16316795349121
16.715654373168945
17.35356903076172
17.501266479492188
18.56289291381836
18.271026611328125
18.877891540527344
19.249792098999023
19.789417266845703
20.106616973876953
21.020933151245117
21.47056007385254
20.474201202392578
21.699275970458984
21.794347763061523
22.21079444885254
23.132169723510742
21.774892807006836
16.283605575561523
-32.24274444580078
-28.12150001525879
-0.007338915020227432
-0.009179403074085712
-0.008438223041594028
-0.010597864165902138
-0.009652471169829369
-0.008231623098254204
-0.00881719496101141
-0.00840655155479908
-0.007632418069988489
-0.008201414719223976
-0.007427814416587353
-0.006976455450057983
-0.006710580084472895
-0.0063090855255723
-0.006104010157287121
-0.005751207936555147
-0.0053744688630104065
-0.0046794237568974495
-0.004555762279778719
-0.004247755743563175
-0.0038302484899759293
-0.003258410142734647
-0.0028868422377854586
-0.003094090148806572
-0.0021341184619814157
-0.0016796685522422194
-0.0015018658014014363
-0.0010084557579830289
-0.0006447461200878024
-0.00036118735442869365
0.000455974048236385
0.0002147912746295333
0.0013608003500849009
0.0009609005646780133
0.0017733912682160735
0.0020837236661463976
0.0024821925908327103
0.002829390112310648
0.0034127612598240376
0.0032181558199226856
0.004006660543382168
0.004036284983158112
0.0046829888597130775
0.005025540478527546
0.005310919135808945
0.005509626120328903
0.005800612736493349
0.005792834796011448
0.006583628244698048
0.006184703204780817
0.006712600588798523
0.007171581033617258
0.007339325733482838
0.007687768898904324
0.007440030574798584
0.007916036993265152
0.0078306058421731
0.008372281678020954
0.00845762062817812
0.008491093292832375
0.008475794456899166
0.008798640221357346
0.008697057142853737
0.009036457166075706
0.009144132025539875
0.00897880457341671
0.009584191255271435
0.00906485877931118
0.009162703529000282
0.009198366664350033
0.009262008592486382
0.009431635960936546
0.00908335018903017
0.009433393366634846
0.009224903769791126
0.009472928941249847
0.008597549051046371
0.008815666660666466
0.009272501803934574
0.008928878232836723
0.008728609420359135
0.008561510592699051
0.008257221430540085
0.008395161479711533
0.008925463072955608
0.008058550767600536
0.008092256262898445
0.007591660134494305
0.007626587059348822
0.007344855926930904
0.007236839737743139
0.007380245719105005
0.006412296090275049
0.006668290589004755
0.006556283682584763
0.005892597138881683
39.802268981933594
