-6.706734657287598
-6.706734657287598
-10.911808967590332
-23.762357711791992
-4.032582759857178
0.007117916829884052
0.007488855626434088
0.006651035510003567
0.007239415310323238
0.007035624235868454
0.00640370836481452
0.007276745047420263
0.00646097119897604
0.006289468612521887
0.007082824595272541
0.006642111577093601
0.006115112919360399
0.006371986120939255
0.006336995866149664
0.006172065623104572
0.005497386213392019
0.00697562750428915
0.005753791891038418
0.005958625115454197
0.0065975310280919075
0.005169122479856014
0.005478928796947002
0.005874846130609512
0.005383386742323637
0.005729736760258675
0.004989761393517256
0.005309142172336578
0.005597427953034639
0.004469334147870541
0.004444214049726725
0.00514982221648097
0.0038159475661814213
0.004099729936569929
0.0048105171881616116
0.004274244885891676
0.0037731812335550785
0.004175985231995583
0.0035832542926073074
0.004305568523705006
0.0031072208657860756
0.0038293409161269665
0.0032861288636922836
0.0034406580962240696
0.0028752649668604136
0.002919908845797181
0.0030659229960292578
0.0029201710131019354
0.002697784686461091
0.002528123091906309
0.0023380951024591923
0.0026080820243805647
0.0027773790061473846
0.0023388087283819914
0.0020809192210435867
0.002361664781346917
0.0019749621860682964
0.002090869937092066
0.002102468628436327
0.0015159051399677992
0.0021269102580845356
0.0015135817229747772
0.0015530986711382866
0.0016624161507934332
0.0017118422547355294
0.0009754737839102745
0.0013922108337283134
0.0012922463938593864
0.0017498660599812865
0.0012910617515444756
0.0003947975055780262
0.0021317140199244022
0.0009435720858164132
0.0005727314273826778
0.00063781050266698
0.0017884321277961135
0.0006626476533710957
0.0010366771603003144
0.0010037024039775133
0.001045418786816299
0.00040878626168705523
0.000963100406806916
0.0008177392301149666
0.0010776396375149488
0.0007692057988606393
0.00044785355567000806
0.001438924460671842
0.0009761861292645335
0.0005998819833621383
0.00030063639860600233
0.0012105116620659828
0.0011972199426963925
0.00021689462300855666
0.0011358906049281359
0.0006955513963475823
6.470181941986084
20.306798934936523
23.184345245361328
19.455646514892578
5.1079630851745605
5.758917808532715
6.847707271575928
2.462928295135498
0.19849970936775208
1.4184306859970093
-0.08355701714754105
-1.1402088403701782
-0.8408771753311157
-1.3045568466186523
-2.3733675479888916
-2.5528340339660645
-1.857822060585022
-2.2209792137145996
-2.362006902694702
-2.3026742935180664
-3.39233660697937
-3.5436854362487793
-3.6985111236572266
-3.418034076690674
-3.4810776710510254
-4.206149101257324
-3.847417116165161
-4.869978427886963
-4.283524513244629
-4.99118709564209
-5.6145219802856445
-5.693803310394287
-6.225488185882568
-5.985233783721924
-6.955905914306641
-6.221976280212402
-6.243919372558594
-6.523055076599121
-6.347141742706299
-6.922375679016113
-6.903879642486572
-7.2844743728637695
-8.170790672302246
-7.01601505279541
-7.873626708984375
-8.9844331741333
-7.657347202301025
-7.951590061187744
-7.870744228363037
-7.679047584533691
-8.556665420532227
-8.364784240722656
-8.742098808288574
-8.71757698059082
-9.090320587158203
-9.502691268920898
-9.716066360473633
-9.944051742553711
-10.187928199768066
-9.510744094848633
-9.55129623413086
-9.713277816772461
-10.16185188293457
-10.654038429260254
-11.114405632019043
-11.450047492980957
-10.161856651306152
-11.021666526794434
-10.881131172180176
-11.790616989135742
-11.951616287231445
-10.943706512451172
-12.48305606842041
-11.922785758972168
-11.628090858459473
-12.231181144714355
-12.45690631866455
-13.17280101776123
-12.78177547454834
-13.397636413574219
-13.717277526855469
-13.084344863891602
-13.359903335571289
-14.525754928588867
-13.358484268188477
-13.665901184082031
-13.659500122070312
-14.685847282409668
-14.728007316589355
-15.053220748901367
-14.627912521362305
-15.629692077636719
-16.197744369506836
-15.29974365234375
-15.181989669799805
-15.20453929901123
-16.278858184814453
-16.358951568603516
-16.12442398071289
-16.474885940551758
-16.799283981323242
-16.22784423828125
-4.079909324645996
-4.296435832977295
0.0058363135904073715
0.0064235166646540165
0.006623241119086742
0.0069932169280946255
0.007686844561249018
0.006481426768004894
0.006968057248741388
0.0070807537995278835
0.006649660877883434
0.006457311101257801
0.006635908968746662
0.006621235050261021
0.006411089561879635
0.006557446904480457
0.006028535310178995
0.006161803845316172
0.006430602632462978
0.0060988059267401695
0.005647794343531132
0.005969704128801823
0.005649151746183634
0.006388151086866856
0.005482605192810297
0.005770442076027393
0.005733994301408529
0.00534482579678297
0.004887297749519348
0.005800808314234018
0.005273816641420126
0.005060651805251837
0.005019602365791798
0.004554379731416702
0.005078426096588373
0.004650190006941557
0.004218780901283026
0.00433447677642107
0.004389072768390179
0.00407961942255497
0.0037349178455770016
0.0038983281701803207
0.004301822744309902
0.0038773324340581894
0.003549139481037855
0.0037076964508742094
0.0030154420528560877
0.003440383356064558
0.0029614262748509645
0.003383111208677292
0.0027014773804694414
0.0030977395363152027
0.00271455361507833
0.0030249515548348427
0.0025128438137471676
0.002354173921048641
0.0021172375418245792
0.0022330349311232567
0.002169250277802348
0.0022060179617255926
0.0018701998051255941
0.0012414070079103112
0.002549320925027132
0.0013543650275096297
0.001864952384494245
0.0016936175525188446
0.0011236619902774692
0.0019315807148814201
0.0014342203503474593
0.0016045270022004843
0.0012075225822627544
0.0011488478630781174
0.0012784322025254369
0.0012578361202031374
0.0012872663792222738
0.0005885545979253948
0.0012235961621627212
0.0008670167298987508
0.0013474279548972845
0.0010109235299751163
0.0007423525094054639
0.0011776435421779752
0.0007487567490898073
0.001247607171535492
0.0012103273766115308
0.0008961853454820812
0.0013124259421601892
0.00035865060635842383
0.001289763837121427
0.001259181066416204
0.0008529867045581341
2.4472339646308683e-05
0.0018134398851543665
0.0010799109004437923
0.0004644756263587624
0.0009023890015669167
0.0013421078911051154
0.0011422594543546438
-4.30216646194458
-15.990165710449219
-21.44256019592285
-11.898839950561523
-6.671845436096191
-8.19983196258545
-5.516646385192871
-4.169262886047363
-2.8483803272247314
-2.7975637912750244
-2.5199506282806396
-3.014007329940796
-2.9466373920440674
-2.7544450759887695
-2.237680435180664
-2.563668727874756
-1.646329641342163
-2.5021145343780518
-2.1044974327087402
-2.087644577026367
-3.832775115966797
-3.3705062866210938
-3.498960018157959
-4.835983753204346
-4.451638221740723
-4.065549373626709
-4.864908695220947
-4.019617080688477
-3.964871883392334
-5.713200092315674
-5.328853607177734
-5.284306049346924
-5.6122236251831055
-5.524582386016846
-5.935097694396973
-6.46321964263916
-6.486994743347168
-6.5912299156188965
-6.3372979164123535
-7.436148166656494
-8.345895767211914
-7.513810157775879
-7.244762420654297
-7.68892765045166
-7.6315202713012695
-7.331425666809082
-8.058679580688477
-7.701615333557129
-8.301865577697754
-7.6947455406188965
-7.713230133056641
-8.522662162780762
-8.556463241577148
-8.165099143981934
-9.248705863952637
-8.799539566040039
-9.937726974487305
-9.563681602478027
-9.917359352111816
-9.658681869506836
-10.017972946166992
-9.451507568359375
-10.296896934509277
-10.069135665893555
-10.424182891845703
-11.040740013122559
-10.484098434448242
-11.082113265991211
-10.31098747253418
-11.645983695983887
-10.60698413848877
-10.936416625976562
-11.781489372253418
-11.213650703430176
-12.864175796508789
-12.9845552444458
-12.225113868713379
-11.495553970336914
-12.488680839538574
-12.434019088745117
-12.529115676879883
-13.29632568359375
-13.309587478637695
-13.38696002960205
-13.580221176147461
-12.902799606323242
-14.019224166870117
-14.448623657226562
-13.838386535644531
-14.633718490600586
-14.623103141784668
-15.228475570678711
-15.103483200073242
-14.774581909179688
-15.512466430664062
-15.139703750610352
-16.27059555053711
-16.328136444091797
-16.021953582763672
-16.67279815673828
-16.28921890258789
-15.865842819213867
-7.547094821929932
-3.9812731742858887
0.006138864438980818
0.006469269283115864
0.006195419002324343
0.00718482444062829
0.00730871269479394
0.0068920268677175045
0.006541166454553604
0.00688900426030159
0.006592895835638046
0.006521116942167282
0.006788186728954315
0.006142673082649708
0.00672546261921525
0.006390349008142948
0.006235228385776281
0.006175994873046875
0.006455735303461552
0.005790655501186848
0.00605193804949522
0.005678326357156038
0.006061832420527935
0.006028315518051386
0.0056447614915668964
0.005853349808603525
0.00560294883325696
0.005366403143852949
0.005137973465025425
0.005603487137705088
0.005150056444108486
0.005139372311532497
0.004612107761204243
0.0049195075407624245
0.004962678533047438
0.003927421756088734
0.004987793974578381
0.004231947008520365
0.0038690126966685057
0.004095102660357952
0.003781197126954794
0.004273468162864447
0.0038059409707784653
0.0033115199767053127
0.003624300705268979
0.003803808242082596
0.003267340362071991
0.00283818319439888
0.003328876569867134
0.0032785083167254925
0.0027770313899964094
0.002976370509713888
0.0028318301774561405
0.0027905148454010487
0.0023052466567605734
0.002340907696634531
0.0021715774200856686
0.0024062031880021095
0.001966718351468444
0.0022774909157305956
0.0019400302553549409
0.0020787357352674007
0.0023817741312086582
0.0014238411094993353
0.001917651272378862
0.0017076708609238267
0.001497106277383864
0.0009238289785571396
0.0018906384939327836
0.0016257304232567549
0.001167086185887456
0.0011702018091455102
0.00112446048296988
0.0011629187501966953
0.0018779272213578224
0.001216391334310174
0.0013271167408674955
0.00079281663056463
0.001241940539330244
0.0008306761155836284
0.0012752264738082886
0.001172886579297483
0.0010656336089596152
0.0005051980260759592
0.0010207253508269787
0.001163365668617189
0.0009327236330136657
0.0009604563820175827
0.0007044751546345651
0.0011833629105240107
0.0012231048895046115
0.0009450746001675725
0.001034747576341033
0.0007631114567629993
0.0007198296952992678
0.0016269620973616838
0.0003941156901419163
0.0010137712815776467
-3.2382450103759766
-14.64947509765625
-16.945175170898438
-9.915689468383789
-12.206275939941406
-17.85502815246582
-7.084141731262207
-7.498467445373535
-2.7505548000335693
-1.3454773426055908
-2.018322706222534
-1.0679887533187866
-1.452300786972046
-1.4084994792938232
-1.614558219909668
-3.2761878967285156
-2.931678533554077
-2.6680967807769775
-3.0588150024414062
-3.1870276927948
-3.0524566173553467
-2.621243953704834
-3.1180062294006348
-3.6073107719421387
-4.441253185272217
-4.3568925857543945
-4.423288822174072
-4.793046474456787
-4.36156702041626
-4.515650272369385
-5.208230495452881
-5.188469886779785
-5.917545318603516
-5.888457298278809
-6.512990474700928
-6.94183349609375
-6.515154838562012
-6.079856872558594
-6.6919050216674805
-6.1883368492126465
-6.928128242492676
-7.010752201080322
-7.828136444091797
-8.106125831604004
-8.322835922241211
-8.254171371459961
-7.564933776855469
-8.268342971801758
-8.583725929260254
-8.35011100769043
-9.587020874023438
-9.389031410217285
-8.628861427307129
-9.11245059967041
-8.85356330871582
-9.304672241210938
-9.201231956481934
-9.649859428405762
-10.744796752929688
-8.95283317565918
-10.771261215209961
-10.312886238098145
-9.944215774536133
-10.10810661315918
-11.010672569274902
-10.05548095703125
-11.209259033203125
-10.843037605285645
-10.648077011108398
-11.07214641571045
-11.472193717956543
-11.210238456726074
-11.327441215515137
-12.040776252746582
-12.219576835632324
-11.997591018676758
-12.180521965026855
-13.059306144714355
-12.24277400970459
-11.906179428100586
-13.971445083618164
-13.959671020507812
-13.558021545410156
-13.315437316894531
-13.357136726379395
-13.426162719726562
-14.103652954101562
-14.0608549118042
-14.253087043762207
-14.602836608886719
-14.300161361694336
-15.409754753112793
-15.719392776489258
-15.905439376831055
-16.47652816772461
-16.404224395751953
-14.953030586242676
-15.68603801727295
-16.494300842285156
-16.70859718322754
-16.64229393005371
-15.617645263671875
-12.203143119812012
-2.983916759490967
0.14944875240325928
0.004439252894371748
0.0068875523284077644
0.006710769142955542
0.007704533636569977
0.006602623499929905
0.006287777330726385
0.007466392125934362
0.006589598022401333
0.006434362381696701
0.007243546657264233
0.006073351483792067
0.006537494249641895
0.006460406817495823
0.006508052349090576
0.006129303481429815
0.006195738911628723
0.006069855764508247
0.006297790911048651
0.005856479052454233
0.006105887237936258
0.006012250669300556
0.005505749024450779
0.005366838537156582
0.005576258525252342
0.005824603606015444
0.005548964720219374
0.004937557969242334
0.004959604702889919
0.005491257179528475
0.004820213187485933
0.004893469624221325
0.004491151310503483
0.004603940062224865
0.004411901347339153
0.004553608596324921
0.004248382523655891
0.004186076112091541
0.003990700002759695
0.003796455217525363
0.003796470584347844
0.003968522883951664
0.003412696998566389
0.0035345908254384995
0.0038653207011520863
0.0028049261309206486
0.003060714341700077
0.0033162147738039494
0.0024210282135754824
0.003346273209899664
0.0027421279810369015
0.002174359280616045
0.0025972083676606417
0.002606277819722891
0.002265767427161336
0.0022791733499616385
0.0021235663443803787
0.0018236462492495775
0.002150831278413534
0.001654312014579773
0.0018871441716328263
0.0017821767833083868
0.001532207359559834
0.0017953014466911554
0.0015960310120135546
0.0012621316127479076
0.0013722172006964684
0.001641570241190493
0.0014574798988178372
0.0009455302497372031
0.0009629877167753875
0.001145714777521789
0.001504687126725912
0.0011170690413564444
0.0007437242893502116
0.0010626950534060597
0.0011754634324461222
0.0011860050726681948
0.0009416380780749023
0.0010340770240873098
0.0010148248402401805
0.0011631682282313704
0.000306753849145025
0.001092162448912859
0.0007904681260697544
0.0008164748433046043
0.0011663712793961167
0.0011975854868069291
0.00021658590412698686
0.000815496314316988
0.001923760981298983
-0.0002289817639393732
0.0015262550441548228
0.0013958896743133664
0.0003398822736926377
0.0012685416731983423
-7.241874694824219
-19.69412612915039
-21.065195083618164
-13.344378471374512
-11.227910995483398
-9.860437393188477
-6.67928409576416
-8.410543441772461
-7.794958591461182
-4.459079742431641
-4.199906826019287
-2.9078028202056885
-2.723928928375244
-3.1449837684631348
-2.38173246383667
-2.8267524242401123
-1.9458580017089844
-2.4736328125
-2.9988815784454346
-3.2061314582824707
-3.5924530029296875
-2.590916395187378
-3.866288661956787
-2.897582530975342
-4.048479080200195
-4.3085808753967285
-3.9616165161132812
-4.287105083465576
-4.009479522705078
-4.235788345336914
-5.364232063293457
-5.020192623138428
-6.073492050170898
-5.965270042419434
-5.497070789337158
-7.02655553817749
-6.953437805175781
-6.074790954589844
-6.795275688171387
-5.969886779785156
-7.103712558746338
-7.365377902984619
-7.935977935791016
-6.671704292297363
-8.169466972351074
-7.477805137634277
-9.155057907104492
-7.792036533355713
-7.5600128173828125
-8.64456558227539
-8.831531524658203
-8.583731651306152
-8.44739818572998
-8.315220832824707
-8.60814094543457
-9.480857849121094
-9.568602561950684
-10.003606796264648
-10.133554458618164
-10.019497871398926
-9.070578575134277
-9.49046802520752
-10.047353744506836
-11.431461334228516
-10.497979164123535
-11.053787231445312
-11.180784225463867
-10.998649597167969
-11.723264694213867
-11.86245346069336
-11.844940185546875
-11.898838996887207
-11.91175651550293
-12.22123908996582
-12.428231239318848
-12.769408226013184
-12.296455383300781
-12.816261291503906
-11.927328109741211
-12.674598693847656
-13.607632637023926
-12.363838195800781
-13.475967407226562
-12.950727462768555
-14.125860214233398
-13.600445747375488
-13.696035385131836
-14.960041999816895
-14.395039558410645
-15.0449800491333
-14.703384399414062
-15.289520263671875
-15.418340682983398
-15.765104293823242
-16.12076187133789
-16.04747772216797
-15.817415237426758
-14.601083755493164
-15.713650703430176
-16.844615936279297
-16.635822296142578
-15.3456449508667
-4.67611837387085
-4.510855197906494
0.00601379107683897
0.006342901848256588
0.006499110255390406
0.007145963609218597
0.007449083961546421
0.006613817997276783
0.006714777089655399
0.007363596465438604
0.00653422623872757
0.006567728705704212
0.00716724107041955
0.006817442364990711
0.006596561521291733
0.006075846031308174
0.0065910243429243565
0.0066076284274458885
0.0059023769572377205
0.005845280829817057
0.00590068195015192
0.006034218706190586
0.0058493358083069324
0.006102110259234905
0.005480533931404352
0.0055901906453073025
0.005670763552188873
0.005528077948838472
0.0048917788080871105
0.005325757898390293
0.005167779978364706
0.005511646158993244
0.004463112447410822
0.004815318156033754
0.004726736340671778
0.004950757138431072
0.004485373385250568
0.0047570643946528435
0.003661906812340021
0.004058723337948322
0.0043050446547567844
0.0038707584608346224
0.003777287434786558
0.0036178037989884615
0.003606316400691867
0.003252670867368579
0.003628108184784651
0.0030561035964637995
0.0033198383171111345
0.003007496241480112
0.0027639144100248814
0.003064828459173441
0.002653874456882477
0.0028566624969244003
0.002611675765365362
0.002248084172606468
0.0019687185995280743
0.002394902054220438
0.0025116861797869205
0.001584009500220418
0.0024179848842322826
0.0016725774621590972
0.0023782087955623865
0.001404239097610116
0.0019089359557256103
0.001712230034172535
0.0015415009111166
0.0011287241941317916
0.0017867157002910972
0.0008501422707922757
0.002141774632036686
0.0009915991686284542
0.0011701395269483328
0.0010826571378856897
0.0009501840686425567
0.0017542550340294838
0.0008045320282690227
0.0008112401701509953
0.0011016273638233542
0.001717330887913704
0.0005326310638338327
0.0005588700296357274
0.0010258483234792948
0.0014500940451398492
0.00023111168411560357
0.001327857025898993
0.0006703759427182376
0.0007987722638063133
0.0011273338459432125
0.000525886076502502
0.0009242583182640374
0.0013211640762165189
0.0007597248768433928
0.0008717739838175476
0.0011660301825031638
0.0008157865959219635
0.00103941245470196
0.0011179300490766764
-4.633676052093506
-16.848804473876953
-18.446537017822266
-11.019018173217773
-12.171792984008789
-5.619226932525635
-3.6525516510009766
-5.640187740325928
-7.427826881408691
-3.3938841819763184
-4.116175651550293
-2.1743128299713135
-2.479177236557007
-1.9103988409042358
-1.9766696691513062
-2.3077054023742676
-2.761629104614258
-3.1574759483337402
-3.369298219680786
-3.7725167274475098
-3.328624725341797
-3.381831407546997
-3.133648633956909
-2.4590048789978027
-2.5705857276916504
-2.7766518592834473
-4.232304573059082
-4.623624801635742
-4.561767578125
-5.634099006652832
-5.101951599121094
-4.755914688110352
-5.5509257316589355
-6.116250038146973
-6.951962947845459
-5.8738298416137695
-5.705808162689209
-6.529671669006348
-6.82445764541626
-6.52032995223999
-7.2785491943359375
-7.195313453674316
-7.666197776794434
-7.347344398498535
-7.571192264556885
-7.7294440269470215
-7.604615688323975
-8.065797805786133
-7.89760684967041
-8.09894847869873
-8.962605476379395
-9.132568359375
-8.797390937805176
-8.640583992004395
-8.567060470581055
-9.783994674682617
-9.68430233001709
-9.771831512451172
-9.689718246459961
-9.655792236328125
-10.618560791015625
-11.827812194824219
-10.463072776794434
-10.358377456665039
-9.476295471191406
-9.967880249023438
-10.604875564575195
-11.20893383026123
-12.265260696411133
-12.016767501831055
-12.59674072265625
-11.429832458496094
-12.439386367797852
-12.504342079162598
-12.034833908081055
-12.555440902709961
-12.387015342712402
-12.643686294555664
-13.0026216506958
-13.051714897155762
-13.024595260620117
-12.578156471252441
-13.673611640930176
-12.858924865722656
-13.339818000793457
-13.025797843933105
-13.12315559387207
-13.506416320800781
-14.335558891296387
-14.500162124633789
-15.072880744934082
-15.10206127166748
-15.171783447265625
-14.917813301086426
-14.564684867858887
-15.289268493652344
-15.257548332214355
-15.913558959960938
-16.411531448364258
-16.302927017211914
-15.568138122558594
-15.14631175994873
-4.007861137390137
-3.695319414138794
0.005924216005951166
0.006792073138058186
0.006514105014503002
0.006908525712788105
0.007291526533663273
0.0067366184666752815
0.0068723587319254875
0.007257797755300999
0.0066692219115793705
0.006415063049644232
0.00674707954749465
0.0068353572860360146
0.00610502902418375
0.00612290482968092
0.006674300879240036
0.006379458121955395
0.005908296909183264
0.006055864971131086
0.006022236775606871
0.005946997087448835
0.0058499970473349094
0.005878283176571131
0.0060360427014529705
0.00550262164324522
0.00553548987954855
0.005453544203191996
0.005313292611390352
0.005441182292997837
0.005519094876945019
0.004737470764666796
0.004885212518274784
0.004713997710496187
0.004504990763962269
0.004768081940710545
0.0045842318795621395
0.00416558887809515
0.0043945168145000935
0.004387878347188234
0.0038588158786296844
0.0036718982737511396
0.00400026049464941
0.003505513072013855
0.003771508112549782
0.0030325460247695446
0.0030718992929905653
0.003538727294653654
0.0032527644652873278
0.0030324910767376423
0.0026927972212433815
0.002571618650108576
0.0031849269289523363
0.00275243679061532
0.002219216898083687
0.002431275323033333
0.002697248477488756
0.0022388077341020107
0.0016991139855235815
0.0025862574111670256
0.002078397898003459
0.0012131108669564128
0.002017888007685542
0.002499563153833151
0.0013984976103529334
0.0017872091848403215
0.0010293861851096153
0.0017258087173104286
0.0014790010172873735
0.0014939202228561044
0.0013105489779263735
0.0013766854535788298
0.0012980311876162887
0.001136579317972064
0.0016825931379571557
0.0006228015990927815
0.0013900937046855688
0.0012479096185415983
0.0009326518629677594
0.0010808933293446898
0.0012664756504818797
0.0009695230983197689
0.0005708105745725334
0.000713767483830452
0.0013932909350842237
0.0005427740979939699
0.0007406750810332596
0.0013624378480017185
0.0009472714737057686
0.0008814389002509415
0.0006353534990921617
0.001270109903998673
0.00030061358120292425
0.001578591763973236
0.0006396655226126313
0.0009116361034102738
0.0012646305840462446
0.0011599326971918344
-7.373714447021484
-20.031166076660156
-21.51187515258789
-12.681278228759766
-11.491692543029785
-19.785991668701172
-7.558850288391113
-9.382412910461426
-5.0412750244140625
-1.8589611053466797
-1.8242937326431274
-1.4068530797958374
-1.6175518035888672
-1.7398862838745117
-1.621752142906189
-1.9996774196624756
-2.2862019538879395
-2.231548547744751
-2.772294759750366
-2.9284422397613525
-3.1183927059173584
-2.939945697784424
-2.9061694145202637
-4.152515411376953
-3.5171470642089844
-4.173767566680908
-3.5095276832580566
-4.137582778930664
-4.059605598449707
-5.550447463989258
-4.989625453948975
-5.901030540466309
-5.907026290893555
-6.038506984710693
-5.601683616638184
-6.667004585266113
-6.724095821380615
-6.310299873352051
-6.237792491912842
-6.283181190490723
-7.364717960357666
-6.880483150482178
-7.9450531005859375
-7.793037414550781
-7.921103477478027
-7.760134220123291
-8.331266403198242
-7.902125358581543
-8.118096351623535
-7.945324897766113
-8.272098541259766
-9.092077255249023
-9.461529731750488
-9.282449722290039
-9.368598937988281
-9.779138565063477
-9.698031425476074
-8.728921890258789
-9.072300910949707
-9.557095527648926
-10.674539566040039
-9.896477699279785
-10.496003150939941
-10.393831253051758
-10.914265632629395
-11.08249568939209
-11.139546394348145
-10.718103408813477
-10.837677955627441
-10.504876136779785
-11.839487075805664
-11.48065185546875
-11.016447067260742
-11.894892692565918
-11.958436012268066
-13.494619369506836
-12.395005226135254
-12.456438064575195
-12.679569244384766
-12.27448558807373
-13.357278823852539
-13.462702751159668
-13.97546100616455
-14.337122917175293
-14.337617874145508
-14.06049919128418
-14.98701286315918
-15.186803817749023
-15.2267427444458
-14.607254028320312
-15.371671676635742
-16.389497756958008
-15.815935134887695
-15.612081527709961
-15.270139694213867
-15.506307601928711
-16.228343963623047
-16.153255462646484
-17.862445831298828
-16.8105411529541
-16.981630325317383
-16.172210693359375
-4.1643548011779785
-4.375838279724121
0.006152304820716381
0.006034505553543568
0.006727656815201044
0.007083556614816189
0.007378485053777695
0.006902930326759815
0.006769760511815548
0.006860171910375357
0.0064948685467243195
0.0068511394783854485
0.007161612622439861
0.006359086371958256
0.006310486234724522
0.00631004199385643
0.006472897715866566
0.006297624204307795
0.006599154323339462
0.006114141084253788
0.006076999939978123
0.0060085272416472435
0.005816218443214893
0.006120967213064432
0.005862504243850708
0.00556466868147254
0.005432781297713518
0.00553467683494091
0.004905611276626587
0.005437256768345833
0.005379639100283384
0.005152065772563219
0.004702587611973286
0.004456257447600365
0.0049824342131614685
0.004734802059829235
0.004483450669795275
0.003962813876569271
0.00445165578275919
0.004213786218315363
0.004314853344112635
0.0036701136268675327
0.0041193836368620396
0.003525060135871172
0.0035569462925195694
0.0034049388486891985
0.00350341503508389
0.0030380492098629475
0.0033002649433910847
0.0026724333874881268
0.003118757391348481
0.0027661691419780254
0.002952528651803732
0.0029979459941387177
0.001908368431031704
0.0025359056890010834
0.002128297695890069
0.0032001305371522903
0.0016368788201361895
0.0024624536745250225
0.001893758773803711
0.00205408688634634
0.0019437407609075308
0.0013190030585974455
0.0021319801453500986
0.0016791103407740593
0.0015397516544908285
0.0012469469802454114
0.0010574464686214924
0.0018433589721098542
0.0013041896745562553
0.0012189988046884537
0.0010111044393852353
0.001198049052618444
0.0019404471386224031
0.000676866911817342
0.0012213678564876318
0.0007684517768211663
0.0011221423046663404
0.0014284609351307154
0.0007186926668509841
0.0013610540190711617
0.0010979865910485387
0.0006644075037911534
0.0015455195680260658
0.0006382587016560137
0.0011289713438600302
0.0012964687775820494
0.0005421307869255543
0.0004133147594984621
0.0015845397720113397
0.0007462495705112815
0.0007215476362034678
0.0012085353955626488
0.0012928048381581903
0.0009812407661229372
0.0006115433643572032
0.0014910884201526642
-6.259140968322754
-19.257293701171875
-22.683704376220703
-13.037610054016113
-11.27160930633545
-10.820954322814941
-7.153347015380859
-5.082564830780029
-4.273163795471191
-3.0225255489349365
-3.202533721923828
-2.935018301010132
-2.270843982696533
-1.500930905342102
-1.9293819665908813
-1.6837122440338135
-1.837487816810608
-2.0923314094543457
-1.7172893285751343
-2.2206931114196777
-3.195037841796875
-3.439342975616455
-3.7906272411346436
-4.18505859375
-4.001086235046387
-3.5733115673065186
-3.991673231124878
-3.713592529296875
-3.816216230392456
-4.594601631164551
-5.472474098205566
-5.024825572967529
-5.031225204467773
-4.987143516540527
-5.868047714233398
-6.285068988800049
-6.475769996643066
-6.381417274475098
-8.068475723266602
-6.663932800292969
-7.117528438568115
-7.052700996398926
-7.0204877853393555
-7.27154541015625
-7.428389549255371
-8.591606140136719
-8.367006301879883
-8.263565063476562
-8.055697441101074
-8.332193374633789
-7.788051605224609
-8.185748100280762
-8.371932029724121
-8.604982376098633
-10.474210739135742
-9.443643569946289
-9.57706356048584
-9.84899616241455
-9.159088134765625
-8.87454891204834
-9.305255889892578
-9.22165298461914
-10.472355842590332
-10.142965316772461
-10.25954532623291
-10.334734916687012
-10.798232078552246
-11.153077125549316
-11.03986930847168
-12.027443885803223
-12.10562515258789
-11.793425559997559
-11.744104385375977
-12.377050399780273
-12.060332298278809
-12.452483177185059
-12.159631729125977
-12.00821590423584
-12.135062217712402
-12.653604507446289
-12.197050094604492
-12.45954704284668
-12.72254753112793
-12.859886169433594
-13.3060302734375
-13.429689407348633
-13.394630432128906
-13.739683151245117
-15.005447387695312
-15.203298568725586
-15.38280963897705
-15.453817367553711
-15.72020435333252
-15.647674560546875
-15.565027236938477
-15.53459644317627
-15.503351211547852
-16.16782569885254
-16.9773006439209
-16.853334426879883
-16.70964241027832
-15.742088317871094
-4.438695430755615
-4.461625576019287
0.0057882643304765224
0.006307607050985098
0.006596911698579788
0.006776785012334585
0.007479630410671234
0.007380091585218906
0.006423138082027435
0.007190590258687735
0.006587646901607513
0.0065627871081233025
0.0063662780448794365
0.006687268614768982
0.006599395535886288
0.0063098459504544735
0.006532983388751745
0.0063536823727190495
0.006136870943009853
0.0062103355303406715
0.005867076572030783
0.0062314290553331375
0.0057381028309464455
0.0061765508726239204
0.005656165070831776
0.005850390996783972
0.005580292083323002
0.005336177069693804
0.005238149780780077
0.005369274411350489
0.005527029279619455
0.004849684424698353
0.004964477848261595
0.00478630606085062
0.005237861070781946
0.004149183165282011
0.004693279974162579
0.004012422636151314
0.004080530721694231
0.0038556151557713747
0.004166671074926853
0.004027942661195993
0.004114465322345495
0.0030759922228753567
0.004218025598675013
0.0030775018967688084
0.0032085056882351637
0.0036121432203799486
0.0031669829040765762
0.003174538491293788
0.0031531054992228746
0.002789056394249201
0.002303787274286151
0.0029480899684131145
0.003059250768274069
0.0018522649770602584
0.0022786620538681746
0.002546202391386032
0.0019785738550126553
0.002383289160206914
0.001998362597078085
0.0016544072423130274
0.001923974952660501
0.0016932819271460176
0.0020884929690510035
0.0013854546705260873
0.00158046861179173
0.0014353122096508741
0.001061092596501112
0.0017629608046263456
0.001578554860316217
0.0007673648651689291
0.0018263483652845025
0.0007776655838824809
0.00135180470533669
0.0003785723529290408
0.0015340718673542142
0.0013590565649792552
0.000993250636383891
0.0008816388435661793
0.0007644790457561612
0.0011755843879655004
0.001032356871291995
0.0008532929932698607
0.0010112564777955413
0.0008930281037464738
0.0008703555213287473
0.0007768572540953755
0.0010044429218396544
0.0007974161999300122
0.0010834791464731097
0.0013331028167158365
0.00023741545737721026
0.0012417964171618223
0.001509728142991662
0.0012474062386900187
0.0007743090391159058
0.000578409933950752
-2.6046416759490967
-15.5779447555542
-17.572006225585938
-10.271916389465332
-16.952594757080078
-16.32033920288086
-4.915809631347656
-8.949409484863281
-5.079959392547607
-1.4540551900863647
-1.9537274837493896
-0.9381099939346313
-1.2926199436187744
-1.4554450511932373
-1.5760210752487183
-1.9785887002944946
-1.9070122241973877
-2.5216996669769287
-2.9029836654663086
-2.7646279335021973
-3.2138123512268066
-3.2902684211730957
-3.5418167114257812
-4.120700836181641
-4.155369281768799
-4.474433898925781
-4.100215911865234
-4.0395917892456055
-5.1108293533325195
-5.192655086517334
-5.2063703536987305
-5.016164302825928
-6.300705909729004
-6.0940704345703125
-6.048995018005371
-6.461134433746338
-6.999185085296631
-6.585516452789307
-6.306550025939941
-7.2427568435668945
-6.611059665679932
-7.348345756530762
-7.908341407775879
-8.542670249938965
-7.845584869384766
-7.515650749206543
-7.600560665130615
-7.997209072113037
-7.886760711669922
-7.507544040679932
-8.532709121704102
-8.888022422790527
-8.113327026367188
-8.687889099121094
-7.712183952331543
-8.690889358520508
-9.445920944213867
-8.926839828491211
-9.52624225616455
-9.759176254272461
-10.005759239196777
-9.746792793273926
-10.495141983032227
-10.396897315979004
-10.77538013458252
-10.382926940917969
-9.77746295928955
-10.563835144042969
-10.855067253112793
-11.176542282104492
-10.986589431762695
-11.804156303405762
-11.664386749267578
-13.003460884094238
-11.875965118408203
-12.249470710754395
-11.986337661743164
-12.338582992553711
-13.108919143676758
-13.736852645874023
-13.72362995147705
-14.545820236206055
-13.28993034362793
-13.396780014038086
-13.551956176757812
-13.241480827331543
-14.019895553588867
-14.202917098999023
-15.161165237426758
-14.953651428222656
-15.267695426940918
-15.09837818145752
-15.039712905883789
-16.244234085083008
-16.49661636352539
-17.126237869262695
-17.062910079956055
-16.30459213256836
-16.429584503173828
-16.701250076293945
-17.521665573120117
-16.524003982543945
-4.925358295440674
-4.895949363708496
0.005430244840681553
0.006705138832330704
0.006903679110109806
0.006641575135290623
0.007142262998968363
0.006855180952697992
0.007201124913990498
0.006810497492551804
0.006736011244356632
0.006602840963751078
0.006928551942110062
0.006148966494947672
0.006718186195939779
0.00597341125831008
0.0068550026044249535
0.006222316529601812
0.005984583869576454
0.0064453245140612125
0.0057559534907341
0.006199892610311508
0.005928782280534506
0.005563066340982914
0.005848248489201069
0.0058419788256287575
0.005473698023706675
0.005530043505132198
0.0054793572053313255
0.005419102963060141
0.005050244741141796
0.004976065829396248
0.0048307874239981174
0.0052318149246275425
0.004675121512264013
0.004391808062791824
0.004765069577842951
0.004366652574390173
0.00377144617959857
0.00404457887634635
0.004218274261802435
0.0038526630960404873
0.003823950421065092
0.0032215018291026354
0.003981666639447212
0.0029841719660907984
0.0036471113562583923
0.0035779811441898346
0.002947490196675062
0.0028028867673128843
0.0032450458966195583
0.002286977367475629
0.0028233749326318502
0.0027769573498517275
0.0024273113813251257
0.002762256655842066
0.0024907849729061127
0.0019217859953641891
0.002037294674664736
0.002036909805610776
0.00217679375782609
0.0025685722939670086
0.0015633387956768274
0.002052494790405035
0.0014762606006115675
0.002142104087397456
0.0015298069920390844
0.0014248109655454755
0.0014565563760697842
0.0009904761100187898
0.001755435368977487
0.000977732939645648
0.0015160397160798311
0.0008938299724832177
0.0017843982204794884
0.000853458303026855
0.0010213034693151712
0.0009938578587025404
0.0003575146838556975
0.0018309395527467132
0.0008576253312639892
0.00031615450279787183
0.00159410887863487
0.001196500612422824
0.0002647311775945127
0.001748245907947421
0.0011792287696152925
0.00029471138259395957
0.0008791342261247337
0.001343947951681912
0.0008524142322130501
0.00022244286083150655
0.0007506349356845021
0.0011157712433487177
0.001190611277706921
0.0010926643153652549
0.0002896845689974725
0.001287591876462102
-4.22218132019043
-17.005023956298828
-19.184236526489258
-11.760427474975586
-15.717031478881836
-9.726428031921387
-6.231276512145996
-6.428498268127441
-5.939074516296387
-3.2171146869659424
-3.2540676593780518
-1.9698076248168945
-3.7063794136047363
-2.6544413566589355
-2.241245746612549
-2.9761431217193604
-2.5793163776397705
-2.381828784942627
-2.5295612812042236
-3.1920065879821777
-3.502480983734131
-3.296265125274658
-3.0163044929504395
-3.4261422157287598
-3.1799476146698
-3.912623167037964
-3.445969820022583
-4.513642311096191
-4.4213080406188965
-4.891172409057617
-6.4555840492248535
-5.765679359436035
-6.003939628601074
-6.09057092666626
-7.059046745300293
-7.047534942626953
-7.147326469421387
-7.1360907554626465
-7.4579644203186035
-7.491135597229004
-7.91116189956665
-7.624045372009277
-8.047107696533203
-8.117572784423828
-8.063969612121582
-8.157988548278809
-8.380778312683105
-8.039815902709961
-8.323465347290039
-8.796575546264648
-9.624138832092285
-9.179285049438477
-9.34506893157959
-9.31798267364502
-9.915077209472656
-10.356635093688965
-9.878498077392578
-10.487264633178711
-9.841787338256836
-10.274368286132812
-10.848380088806152
-9.542165756225586
-10.52889633178711
-10.495353698730469
-9.791520118713379
-10.486528396606445
-10.10990047454834
-11.259973526000977
-11.482356071472168
-10.656415939331055
-11.397461891174316
-11.575128555297852
-12.025754928588867
-11.784794807434082
-12.210290908813477
-12.555292129516602
-12.757073402404785
-12.702977180480957
-12.550302505493164
-12.838546752929688
-13.165011405944824
-13.09986686706543
-13.149637222290039
-13.030131340026855
-14.409396171569824
-14.445086479187012
-13.796008110046387
-13.996278762817383
-14.56584644317627
-13.914355278015137
-14.530900955200195
-14.514370918273926
-14.896944046020508
-15.339315414428711
-15.352287292480469
-15.267641067504883
-15.416478157043457
-15.633443832397461
-17.320842742919922
-16.081897735595703
-16.756887435913086
-16.423927307128906
-5.195623397827148
-4.547439098358154
0.006063057575374842
0.006391945295035839
0.006478932686150074
0.007254072465002537
0.0072478377260267735
0.006984255276620388
0.006651790346950293
0.006941172294318676
0.006798442453145981
0.006330175790935755
0.007191949989646673
0.006115701049566269
0.006402021739631891
0.0065970392897725105
0.006406794302165508
0.0059537808410823345
0.006283900700509548
0.006390970200300217
0.005774229299277067
0.005898498930037022
0.005693468730896711
0.006113272160291672
0.005360415671020746
0.0061623454093933105
0.005660486873239279
0.005411882884800434
0.005004270933568478
0.0052548982203006744
0.005481829401105642
0.004924615379422903
0.0051614935509860516
0.004456185270100832
0.005178383551537991
0.004751254338771105
0.0042578172869980335
0.004715603776276112
0.0038101859390735626
0.0045148516073822975
0.0040611522272229195
0.0041196090169250965
0.0037920516915619373
0.003803584026172757
0.003584017511457205
0.0032405417878180742
0.003594148438423872
0.00325367646291852
0.0033573328983038664
0.0032855041790753603
0.0030840111430734396
0.0025164205580949783
0.002884181449189782
0.0025183686520904303
0.0028771571815013885
0.002801594091579318
0.001992568839341402
0.0025729567278176546
0.002308499999344349
0.0022884435020387173
0.00244608661159873
0.0016945640090852976
0.001640676287934184
0.002738594077527523
0.0014623738825321198
0.0015490149380639195
0.0019120468059554696
0.0016945900861173868
0.0016695704543963075
0.0014735169243067503
0.0015053539536893368
0.0016458509489893913
0.0011312433052808046
0.0009030350483953953
0.0018035674002021551
0.0018120312597602606
0.0005736008170060813
0.000965589948464185
0.0014382144436240196
0.0001490392751293257
0.0017205538460984826
0.0008420308004133403
0.0005817402270622551
0.0006365305744111538
0.0010212351335212588
0.0009274779004044831
0.0009602262871339917
0.0009430386126041412
0.0006795319495722651
0.0010570914018899202
0.0011004554107785225
0.0011179345892742276
0.0004931825096718967
0.0009808542672544718
0.0009753861231729388
0.000835469167213887
0.0009404899319633842
0.0013541573425754905
-4.818404674530029
-17.398983001708984
-19.397478103637695
-11.40385627746582
-10.909119606018066
-17.340625762939453
-6.219459056854248
-7.803785800933838
-4.282890796661377
-2.556079626083374
-1.8544161319732666
-0.997888445854187
-1.7761452198028564
-1.7775814533233643
-1.7690906524658203
-2.4118711948394775
-2.550485134124756
-3.012512683868408
-3.5471184253692627
-2.6948294639587402
-2.118593692779541
-2.2015633583068848
-3.5336222648620605
-3.5478947162628174
-3.4597537517547607
-4.542549133300781
-4.468749046325684
-4.77024507522583
-3.9895453453063965
-4.323665142059326
-4.480961799621582
-6.13156270980835
-5.583869457244873
-6.30590295791626
-6.260097026824951
-6.8918609619140625
-7.444880485534668
-8.032495498657227
-6.801807403564453
-7.191643714904785
-6.893683433532715
-7.408509731292725
-8.290475845336914
-7.775839805603027
-7.386549472808838
-8.177173614501953
-8.582963943481445
-9.184568405151367
-7.962146759033203
-8.546696662902832
-8.93750286102295
-9.04050064086914
-9.296501159667969
-9.07889461517334
-9.3274507522583
-9.826467514038086
-9.672452926635742
-9.642078399658203
-10.301726341247559
-10.45134162902832
-11.35789966583252
-11.148714065551758
-11.385383605957031
-11.240199089050293
-11.268157958984375
-11.815346717834473
-11.846392631530762
-11.029415130615234
-11.179414749145508
-11.136375427246094
-11.942968368530273
-11.325187683105469
-12.249567031860352
-13.017873764038086
-12.924077987670898
-13.35853385925293
-13.49299144744873
-13.066953659057617
-13.135401725769043
-13.621810913085938
-13.160046577453613
-13.173627853393555
-13.563554763793945
-13.650965690612793
-13.804170608520508
-13.648600578308105
-14.23119831085205
-13.716403007507324
-15.487218856811523
-15.038902282714844
-14.095654487609863
-14.886990547180176
-14.934077262878418
-14.966303825378418
-15.04443073272705
-15.622296333312988
-16.298227310180664
-15.648945808410645
-15.727885246276855
-16.794261932373047
-17.953184127807617
-16.551694869995117
-5.141119956970215
-4.8894853591918945
0.005980847403407097
0.005847756750881672
0.006791376508772373
0.006905029062181711
0.007804406341165304
0.00666644936427474
0.007058954797685146
0.006256116088479757
0.0069618187844753265
0.006931421812623739
0.00641341507434845
0.006271271966397762
0.0064621297642588615
0.006732658948749304
0.006409653928130865
0.005891450680792332
0.00616991613060236
0.006085613276809454
0.005986982490867376
0.006297068204730749
0.00574809405952692
0.006152424495667219
0.005435243248939514
0.005936053581535816
0.005413034465163946
0.005133754573762417
0.005585469771176577
0.005221642553806305
0.0052811759524047375
0.005053294822573662
0.004853301681578159
0.005210557021200657
0.004308152012526989
0.004755694419145584
0.004505995661020279
0.004527096636593342
0.004202569834887981
0.003728717565536499
0.0034101929049938917
0.004334642086178064
0.003968407865613699
0.003380407113581896
0.0034101568162441254
0.0038149028550833464
0.0030982079915702343
0.0028402823954820633
0.0034630384761840105
0.003283087629824877
0.0031404891051352024
0.002894806442782283
0.002332800766453147
0.002991530578583479
0.0025161243975162506
0.00263455999083817
0.0021033387165516615
0.002445582766085863
0.0018162576016038656
0.0019470583647489548
0.002129618776962161
0.0012130510294809937
0.0028313070069998503
0.0012658938067033887
0.0019267179304733872
0.001453113043680787
0.0018679953645914793
0.001580097945407033
0.001094569219276309
0.0016430874820798635
0.0014689094386994839
0.0012160943588241935
0.001246253028512001
0.0007531422888860106
0.0013412947300821543
0.0011260457104071975
0.0014079061802476645
0.0011402772506698966
0.00048243990750052035
0.001315595000050962
0.0008114778320305049
0.0017342843348160386
0.00039501377614215016
0.0011121308198198676
0.0009739138185977936
0.0006638457998633385
0.0012537164147943258
0.0014896462671458721
0.00031954326550476253
0.001632360159419477
0.0007961720111779869
0.0010113853495568037
0.0008345966343767941
0.0011829150607809424
0.0005261940532363951
0.0012340850662440062
0.0008154230308718979
0.001659625442698598
-2.6813864707946777
-14.628372192382812
-18.595279693603516
-11.078722953796387
-12.197196960449219
-9.042036056518555
-5.433796405792236
-5.897500038146973
-5.36064338684082
-3.4516518115997314
-4.309875011444092
-2.6189217567443848
-3.108381748199463
-1.685624361038208
-2.2430355548858643
-2.150078296661377
-3.3534302711486816
-3.8327503204345703
-2.8671505451202393
-2.4637742042541504
-3.595435380935669
-4.064480781555176
-3.8129539489746094
-3.8413422107696533
-3.2717387676239014
-4.412195682525635
-4.352680683135986
-4.628318786621094
-5.120283126831055
-4.909388065338135
-4.140475749969482
-5.559264183044434
-5.9223313331604
-6.650404930114746
-6.147084712982178
-6.116065502166748
-6.693691253662109
-6.4634504318237305
-6.782928466796875
-6.309604644775391
-6.703133583068848
-6.841299533843994
-7.535794734954834
-8.014406204223633
-7.921298980712891
-7.6136651039123535
-8.239442825317383
-7.546526908874512
-7.815365791320801
-7.515044212341309
-7.9081926345825195
-8.758268356323242
-9.551687240600586
-9.174724578857422
-8.83824348449707
-9.273050308227539
-9.131278991699219
-9.466115951538086
-9.90668773651123
-8.988959312438965
-10.00964641571045
-9.398584365844727
-9.926019668579102
-10.91900634765625
-9.777990341186523
-11.130472183227539
-10.46318244934082
-11.276118278503418
-10.81367015838623
-11.71747875213623
-11.710031509399414
-10.926130294799805
-10.775561332702637
-12.114120483398438
-13.385416030883789
-12.167146682739258
-12.833529472351074
-12.620549201965332
-14.650403022766113
-13.188281059265137
-13.302848815917969
-13.062675476074219
-13.96387004852295
-13.838659286499023
-14.755023002624512
-13.99939250946045
-14.60331916809082
-14.866724014282227
-14.459124565124512
-15.273590087890625
-14.979644775390625
-14.280230522155762
-15.159334182739258
-15.19440746307373
-15.45231819152832
-16.023527145385742
-15.834261894226074
-15.937106132507324
-16.127056121826172
-15.891519546508789
-16.144819259643555
-16.051952362060547
-4.024923801422119
-4.1891093254089355
0.006217410787940025
0.006060733459889889
0.006678090896457434
0.007492797914892435
0.0074971141293644905
0.006606712006032467
0.006793068256229162
0.0068965451791882515
0.006608242634683847
0.0067848763428628445
0.0068531581200659275
0.006244452204555273
0.0065520755015313625
0.006428124848753214
0.006599912885576487
0.00593420397490263
0.006355445832014084
0.006324180867522955
0.006091623101383448
0.0058194370940327644
0.005684441886842251
0.006138513330370188
0.0060153682716190815
0.005277710035443306
0.005797517951577902
0.005354168824851513
0.00506797106936574
0.005328327417373657
0.005495564546436071
0.005070756189525127
0.004693853668868542
0.0049446141347289085
0.004992765840142965
0.0041566891595721245
0.004344726447016001
0.003994762897491455
0.004496654029935598
0.0043610162101686
0.0036059878766536713
0.00398976681753993
0.0038428320549428463
0.0036091271322220564
0.0036287792026996613
0.0032919272780418396
0.0032832175493240356
0.0032482328824698925
0.002897572237998247
0.003588363528251648
0.002751807915046811
0.0025508704129606485
0.002711120992898941
0.003045438788831234
0.002710874890908599
0.0022208511363714933
0.002726893872022629
0.00220043258741498
0.0023833259474486113
0.0024253514129668474
0.0017755531007423997
0.0017696705181151628
0.001649032928980887
0.0021276790648698807
0.001604311866685748
0.0016070427373051643
0.001958543434739113
0.0008582264999859035
0.0017269991803914309
0.0017427284037694335
0.001308133010752499
0.0010840136092156172
0.001236864598467946
0.0013187926961109042
0.0013294973177835345
0.0014486719155684114
0.001007485669106245
0.0012661453802138567
0.0010509028797969222
0.00105876917950809
0.0012696465710178018
0.0011788029223680496
0.0007984751719050109
0.0013363256584852934
0.0011103088036179543
0.00042078393744304776
0.0007973549654707313
0.000659345299936831
0.0014655019622296095
0.0011716483859345317
0.0008612385718151927
0.0008487834711559117
0.0009742846596054733
0.0009006888722069561
0.0012857799883931875
0.0013176541542634368
0.0009455676190555096
0.0011156441178172827
-3.910851240158081
-15.544378280639648
-18.40668487548828
-11.056857109069824
-8.622900009155273
-9.423946380615234
-6.547962188720703
-5.974972248077393
-5.93018102645874
-4.108523845672607
-3.3835906982421875
-3.0531270503997803
-2.9813570976257324
-3.300220489501953
-3.255528688430786
-3.6656394004821777
-3.5477306842803955
-2.7090888023376465
-3.076960802078247
-2.9185357093811035
-3.2126235961914062
-4.0013933181762695
-3.4491214752197266
-3.4209842681884766
-3.7423758506774902
-3.9404563903808594
-4.3825273513793945
-5.215572834014893
-4.807481288909912
-5.539551734924316
-5.546787738800049
-6.37367582321167
-5.256898880004883
-5.5763044357299805
-6.143043518066406
-5.790209770202637
-6.725444793701172
-6.301537990570068
-6.488145351409912
-6.430750370025635
-7.743105888366699
-7.347570896148682
-6.579704284667969
-7.4586591720581055
-7.3208909034729
-7.555848598480225
-7.431330680847168
-8.284116744995117
-8.249967575073242
-7.83319616317749
-8.801338195800781
-9.189596176147461
-9.017862319946289
-8.700879096984863
-8.350777626037598
-8.605318069458008
-9.416419982910156
-10.336881637573242
-9.403308868408203
-10.299654006958008
-9.36020278930664
-9.262726783752441
-10.330652236938477
-10.792177200317383
-10.452802658081055
-10.810626029968262
-10.028322219848633
-11.001916885375977
-11.584043502807617
-11.934564590454102
-12.770364761352539
-11.517395973205566
-11.961194038391113
-12.191041946411133
-12.270437240600586
-12.71292495727539
-12.305333137512207
-12.786709785461426
-12.347424507141113
-13.351017951965332
-12.78329086303711
-12.487688064575195
-13.037463188171387
-13.212661743164062
-13.207174301147461
-13.418340682983398
-14.190851211547852
-14.069547653198242
-14.400547981262207
-14.248598098754883
-14.289854049682617
-14.546577453613281
-15.201791763305664
-14.31004524230957
-15.208234786987305
-14.769452095031738
-16.070323944091797
-17.411378860473633
-16.146638870239258
-16.2273006439209
-15.732809066772461
-15.204365730285645
-1.608896255493164
-5.031369209289551
0.006672640331089497
0.0052259801886975765
0.006948258727788925
0.007527046836912632
0.007414470426738262
0.006634370423853397
0.006861341185867786
0.007189949508756399
0.0070077041164040565
0.006533127278089523
0.006482469849288464
0.00653537642210722
0.006760540418326855
0.0067067863419651985
0.00611344538629055
0.006356070749461651
0.006612427532672882
0.006014734506607056
0.006492202635854483
0.005663337651640177
0.006245451979339123
0.006003601010888815
0.005785471294075251
0.0054975226521492004
0.0056287446059286594
0.0052733332850039005
0.005714757367968559
0.005017411895096302
0.0052372245118021965
0.004735040944069624
0.0053520649671554565
0.004345814697444439
0.004458507522940636
0.0049089910462498665
0.0045863306149840355
0.004076394252479076
0.003990924917161465
0.003732287557795644
0.004409858491271734
0.0038880936335772276
0.0034843881148844957
0.0033342435490339994
0.003630824852734804
0.0036275468301028013
0.0034674282651394606
0.0031213166657835245
0.0030656333547085524
0.003433564677834511
0.0027875942178070545
0.0027014967054128647
0.002774542663246393
0.002444756682962179
0.0025710095651447773
0.00281835556961596
0.0018837504321709275
0.0024516109842807055
0.002727124374359846
0.0018954218830913305
0.001998231280595064
0.002119370037689805
0.001883597346022725
0.0019218086963519454
0.0013202221598476171
0.0018323948606848717
0.001239851349964738
0.0019013462588191032
0.0012784223072230816
0.0008976459503173828
0.0017453944310545921
0.0014775037998333573
0.0010856268927454948
0.001360580325126648
0.0013866687659174204
0.0009081096504814923
0.0010700488928705454
0.0009349698084406555
0.0012113729026168585
0.0013707706239074469
0.0001574198977323249
0.0014868390280753374
0.0011730013648048043
0.001224064501002431
0.000681195524521172
0.0007494165911339223
0.0010184119455516338
0.0008538193069398403
0.001443227520212531
0.0006018764106556773
0.0012288853758946061
0.0010068485280498862
0.000942234240937978
0.000699092517606914
0.0011654682457447052
0.001254329108633101
0.0013883914798498154
0.0004774495027959347
-4.442485809326172
-16.74916648864746
-19.26372528076172
-11.505781173706055
-16.52191162109375
-16.738075256347656
-5.0980401039123535
-9.307877540588379
-5.051294803619385
-1.8880904912948608
-2.271801471710205
-1.429885745048523
-1.6566349267959595
-1.2624272108078003
-1.713486909866333
-1.631424903869629
-2.4223597049713135
-2.9548192024230957
-3.13930606842041
-2.6568524837493896
-2.4553475379943848
-3.2951080799102783
-3.909456968307495
-4.020162582397461
-3.619793653488159
-4.376739025115967
-4.982326030731201
-4.79556131362915
-4.29207706451416
-4.430882930755615
-5.1943678855896
-4.859076023101807
-5.672487735748291
-5.279325008392334
-6.606913089752197
-5.75504207611084
-6.4866790771484375
-6.497835636138916
-6.393118858337402
-7.165252685546875
-8.425623893737793
-8.019379615783691
-7.300143241882324
-8.297222137451172
-7.381119728088379
-7.380898952484131
-7.893338203430176
-7.2159423828125
-8.19782829284668
-7.802414894104004
-8.321115493774414
-7.601418972015381
-9.130620956420898
-8.168795585632324
-8.841431617736816
-9.132020950317383
-8.86574649810791
-8.900124549865723
-9.728251457214355
-9.946368217468262
-9.647329330444336
-10.120882987976074
-10.529657363891602
-10.602701187133789
-10.672014236450195
-10.936256408691406
-10.259231567382812
-11.059942245483398
-10.82722282409668
-11.220898628234863
-10.723844528198242
-10.933099746704102
-11.5509614944458
-11.86354923248291
-13.028172492980957
-12.537961959838867
-12.556436538696289
-12.459641456604004
-12.950448989868164
-13.72607421875
-13.682805061340332
-13.448308944702148
-13.207171440124512
-13.658140182495117
-13.99126148223877
-14.298884391784668
-14.287137985229492
-14.2545747756958
-14.775073051452637
-15.243179321289062
-15.216575622558594
-15.059247970581055
-15.888114929199219
-15.442136764526367
-15.668825149536133
-15.986421585083008
-15.477787971496582
-16.541698455810547
-16.130828857421875
-16.085330963134766
-16.94408416748047
-15.795125007629395
-5.264153957366943
-3.427159547805786
0.007145453244447708
0.0072550587356090546
0.006076676305383444
0.007010666187852621
0.007649985142052174
0.006865312810987234
0.007131601683795452
0.006511120591312647
0.006572707090526819
0.006731588393449783
0.00647448655217886
0.006228840444236994
0.006863499991595745
0.006168153136968613
0.006501641124486923
0.006659851409494877
0.006366579793393612
0.005745274480432272
0.006041109096258879
0.0057641915045678616
0.005710445810109377
0.005811520852148533
0.006194956600666046
0.0057181925512850285
0.00526374951004982
0.005650538019835949
0.005808768328279257
0.004330848343670368
0.005674662534147501
0.004919824656099081
0.005301739554852247
0.0042519052512943745
0.005565186031162739
0.004068654961884022
0.004333850461989641
0.004614908713847399
0.0037213973701000214
0.004487329162657261
0.003665998112410307
0.003936596214771271
0.0036111189983785152
0.003549945307895541
0.0034415435511618853
0.0037908933591097593
0.003163763554766774
0.003457843791693449
0.002801664639264345
0.003202611580491066
0.0026986845768988132
0.002994478214532137
0.0019956091418862343
0.003411681856960058
0.002218211768195033
0.00229840399697423
0.0027607958763837814
0.0022911573760211468
0.001645901007577777
0.002638627775013447
0.0018269012216478586
0.0019209915772080421
0.0021391643676906824
0.0016048364341259003
0.0015609231777489185
0.0016388039803132415
0.0016952356090769172
0.0012154736323282123
0.0017443858087062836
0.00180567498318851
0.0012550156097859144
0.0015125524951145053
0.0007308627245947719
0.001374183688312769
0.0010560418013483286
0.0013116775080561638
0.0007545150583609939
0.0011983222793787718
0.0008360721985809505
0.0007648234022781253
0.0015533638652414083
0.0010910300770774484
0.0008661601459607482
0.0007884309743531048
0.0009952716063708067
0.0010132348397746682
0.0007432134007103741
0.0011532629141584039
0.0006244537071324885
0.0006771442713215947
0.0016649544704705477
0.000979374977760017
0.0009534014388918877
0.0006547565571963787
0.0006388990441337228
0.001438734820112586
0.00075099419336766
0.0009783476125448942
-6.204994201660156
-17.721033096313477
-19.4387149810791
-11.721138954162598
-10.976500511169434
-20.465112686157227
-7.662036895751953
-8.626482963562012
-4.942744731903076
-1.9724470376968384
-1.7984449863433838
-1.452122449874878
-1.851926565170288
-1.4319168329238892
-1.8001325130462646
-2.5014262199401855
-2.6248583793640137
-1.952386498451233
-2.9542202949523926
-3.4552395343780518
-3.203634738922119
-3.0565903186798096
-3.0955958366394043
-3.5450282096862793
-3.474170684814453
-4.007129669189453
-3.8427963256835938
-4.33088493347168
-4.891935348510742
-4.33482551574707
-4.027744770050049
-4.924500942230225
-4.969233989715576
-5.247354030609131
-6.123971462249756
-7.152604579925537
-7.507289886474609
-6.205338478088379
-6.728220462799072
-6.927855491638184
-6.829686164855957
-6.894920349121094
-7.602997779846191
-7.603036403656006
-7.28324031829834
-7.394888877868652
-7.9813690185546875
-7.493907928466797
-7.44539737701416
-7.729826927185059
-9.210047721862793
-8.95676326751709
-8.81196403503418
-9.121011734008789
-9.616199493408203
-9.173349380493164
-8.698175430297852
-8.671243667602539
-8.876283645629883
-9.82453441619873
-10.654541015625
-10.214456558227539
-9.292038917541504
-9.69776725769043
-10.165975570678711
-10.18121337890625
-10.187159538269043
-10.47688102722168
-11.812479019165039
-11.602108001708984
-10.551563262939453
-10.784643173217773
-11.240814208984375
-11.97111988067627
-11.447000503540039
-12.250970840454102
-12.466784477233887
-13.519582748413086
-12.667867660522461
-13.298971176147461
-13.100947380065918
-13.38300609588623
-13.605119705200195
-13.685978889465332
-13.766077041625977
-13.557168960571289
-14.300577163696289
-14.89348316192627
-14.729289054870605
-14.823532104492188
-14.298212051391602
-15.700750350952148
-15.997121810913086
-15.2630615234375
-16.309688568115234
-15.355300903320312
-16.408512115478516
-16.62450408935547
-16.468584060668945
-16.647476196289062
-16.41963768005371
-15.832183837890625
-3.8276493549346924
-4.339953422546387
0.00586725166067481
0.006314615253359079
0.0064504570327699184
0.007022882346063852
0.007272697985172272
0.006850511766970158
0.006753912661224604
0.007039484567940235
0.006828806363046169
0.006695969495922327
0.006997700780630112
0.006519005633890629
0.006124957464635372
0.006612859666347504
0.00651757325977087
0.005833649076521397
0.00618347991257906
0.006113121751695871
0.006210031919181347
0.006150742061436176
0.0060227722860872746
0.005846674554049969
0.005604644306004047
0.0059563471004366875
0.005579163786023855
0.0055006081238389015
0.005138404201716185
0.0050430879928171635
0.005336903966963291
0.00511245708912611
0.004987566731870174
0.004527609795331955
0.00517621822655201
0.004472024273127317
0.004511234350502491
0.0041857571341097355
0.004393608309328556
0.004366160370409489
0.00411748792976141
0.004139727912843227
0.003977006301283836
0.0032766498625278473
0.004025233443826437
0.0027862093411386013
0.0034080178011208773
0.0035742868203669786
0.002785834949463606
0.0033583485055714846
0.003130342112854123
0.0025557545013725758
0.003073714207857847
0.002642005914822221
0.003000798402354121
0.002349420450627804
0.0018820533296093345
0.0025907258968800306
0.002394025679677725
0.0016266762977465987
0.0022366917692124844
0.00208682450465858
0.0017025036504492164
0.002007573377341032
0.0016848245868459344
0.0014350987039506435
0.0020394031889736652
0.0010086199035868049
0.0023187161423265934
0.001570901833474636
0.0008313503349199891
0.0016339120920747519
0.0011246686335653067
0.00100701954215765
0.001406982890330255
0.0013649106258526444
0.001358194393105805
0.0009291133610531688
0.0007207339513115585
0.0014108152827247977
0.001574705122038722
0.0006410734495148063
0.0005388782010413706
0.0008488865569233894
0.0012336518848314881
0.0002812356106005609
0.0011579307029023767
0.0012070558732375503
0.0005336737958714366
0.0009580209734849632
0.0010449348483234644
0.0011419604998081923
0.0007039509946480393
0.0007986660930328071
0.0008217848953790963
0.0014178401324898005
0.0011332717258483171
0.0004366733192000538
-2.74005126953125
-15.049725532531738
-16.891977310180664
-9.5592041015625
-7.2022504806518555
-10.569806098937988
-7.011680603027344
-5.76046895980835
-5.992417335510254
-3.3579227924346924
-3.246340274810791
-2.714811325073242
-2.2649052143096924
-2.6292545795440674
-2.058405876159668
-1.8341737985610962
-2.1172401905059814
-2.301583766937256
-3.581320285797119
-3.2467169761657715
-3.4137229919433594
-2.8078229427337646
-3.287172794342041
-3.6420726776123047
-3.377054214477539
-3.491090774536133
-3.364013195037842
-2.829641103744507
-4.063281536102295
-3.8702666759490967
-4.338669776916504
-5.175077438354492
-5.094478130340576
-6.551677703857422
-6.0507354736328125
-6.04046106338501
-6.364373683929443
-6.425387382507324
-5.704308986663818
-6.515685081481934
-7.573376655578613
-7.651068687438965
-8.567413330078125
-7.52096700668335
-7.184046745300293
-7.7443108558654785
-7.213944435119629
-7.8738908767700195
-7.394299507141113
-7.891016960144043
-9.255640029907227
-8.72039794921875
-8.51133918762207
-9.23544692993164
-8.486549377441406
-8.675824165344238
-10.154813766479492
-9.639728546142578
-10.206686973571777
-9.01595401763916
-10.740165710449219
-10.10071086883545
-9.623740196228027
-10.098186492919922
-10.176259994506836
-10.722500801086426
-10.025697708129883
-11.597697257995605
-11.501993179321289
-12.045377731323242
-12.68350887298584
-12.122282981872559
-10.964700698852539
-11.284051895141602
-11.40694522857666
-12.463529586791992
-12.314628601074219
-13.121437072753906
-12.461652755737305
-12.87511920928955
-12.475125312805176
-12.512697219848633
-13.40106201171875
-13.322415351867676
-13.974496841430664
-14.589520454406738
-15.243947982788086
-14.53593921661377
-15.669923782348633
-14.451434135437012
-14.659692764282227
-15.577672004699707
-15.27599048614502
-15.280511856079102
-15.52100944519043
-15.392794609069824
-15.423080444335938
-15.860971450805664
-15.658703804016113
-15.83197021484375
-16.367238998413086
-15.948969841003418
2.0854320526123047
-4.84151554107666
0.005851109977811575
0.006072734482586384
0.0068467422388494015
0.006632825825363398
0.00739887123927474
0.006961905863136053
0.006622105836868286
0.006855574902147055
0.006951489485800266
0.006593642290681601
0.006505593657493591
0.006894814781844616
0.006295420229434967
0.006320417858660221
0.006070062518119812
0.006489911582320929
0.006496039219200611
0.005910398904234171
0.006072630174458027
0.0060043977573513985
0.005606610793620348
0.005728926043957472
0.005584497004747391
0.006056235171854496
0.005517910234630108
0.005120738875120878
0.005498224403709173
0.004856031853705645
0.005343777127563953
0.00483263423666358
0.0054864464327692986
0.004231026396155357
0.004490201361477375
0.0047383857890963554
0.004542180337011814
0.004115943796932697
0.004147683270275593
0.00463537871837616
0.003506515873596072
0.004081259481608868
0.004255087114870548
0.003424114314839244
0.0031078781466931105
0.003723178058862686
0.0030605322681367397
0.0035230095963925123
0.0028698674868792295
0.0031278033275157213
0.0027454898227006197
0.0025320735294371843
0.003119110595434904
0.002089505549520254
0.0021917265839874744
0.0024471355136483908
0.0023307534866034985
0.0023787326645106077
0.0018160215113312006
0.0023330068215727806
0.0023593695368617773
0.0014788723783567548
0.002203776268288493
0.0015551780816167593
0.0021988407243043184
0.0015324028208851814
0.0008710079127922654
0.0019214313942939043
0.0012865914031863213
0.0015036124968901277
0.0011895995121449232
0.0012641774956136942
0.0013651271583512425
0.0013699547853320837
0.001290060579776764
0.000967231229878962
0.0012861542636528611
0.0009377454407513142
0.001031646504998207
0.0011763174552470446
0.0007905933307483792
0.001134946709498763
0.0010545981349423528
0.0007846286753192544
0.0010998628567904234
0.0008858650689944625
0.0009684693068265915
0.0009258436039090157
0.0010611767647787929
0.0005725610535591841
0.0010418009478598833
0.0007288946653716266
0.0010552313178777695
0.0009185175294987857
0.0009147161617875099
0.0006920237792655826
0.0012655165046453476
0.0010032681748270988
-4.352481842041016
-16.20822525024414
-17.160215377807617
-10.298898696899414
-7.838887691497803
-11.084349632263184
-6.999642372131348
-7.801713466644287
-8.076390266418457
-5.172270774841309
-3.327634811401367
-3.0223841667175293
-2.5340874195098877
-2.5959343910217285
-2.2092397212982178
-2.4729034900665283
-2.211834192276001
-2.4543685913085938
-2.933114528656006
-3.7888846397399902
-3.1921064853668213
-2.5191636085510254
-3.335256576538086
-3.429952621459961
-3.281458616256714
-3.9812846183776855
-3.646214246749878
-3.597370147705078
-3.9291787147521973
-4.465710639953613
-4.804844379425049
-5.635853290557861
-5.496098518371582
-6.328038215637207
-5.299583435058594
-5.586199760437012
-6.197504997253418
-5.863805770874023
-6.274786472320557
-7.1259260177612305
-8.166865348815918
-7.810681343078613
-7.9230475425720215
-8.332743644714355
-7.520285129547119
-8.166865348815918
-8.0730562210083
-7.81737756729126
-8.542192459106445
-7.91986608505249
-8.612863540649414
-8.536175727844238
-8.510627746582031
-8.818382263183594
-9.593737602233887
-9.811639785766602
-9.77163314819336
-9.527688980102539
-9.7433500289917
-8.874043464660645
-9.691320419311523
-9.977226257324219
-10.51905345916748
-10.793754577636719
-10.221179008483887
-10.486252784729004
-10.788335800170898
-10.371167182922363
-11.704566955566406
-10.070867538452148
-11.338516235351562
-11.189155578613281
-10.900815963745117
-11.737252235412598
-11.774529457092285
-12.34415340423584
-13.714953422546387
-12.156293869018555
-13.717931747436523
-13.416131973266602
-13.454452514648438
-13.905502319335938
-12.349692344665527
-13.102777481079102
-13.500051498413086
-14.89799976348877
-14.421806335449219
-14.260848999023438
-14.017123222351074
-14.499613761901855
-14.738525390625
-15.27885913848877
-15.634577751159668
-15.797357559204102
-15.370918273925781
-15.87928295135498
-15.027531623840332
-15.430707931518555
-16.183801651000977
-16.76869773864746
-16.482236862182617
-16.180866241455078
-3.776160478591919
-4.21416711807251
0.0059427255764603615
0.006317775696516037
0.006646156311035156
0.0068243034183979034
0.007576380856335163
0.007049561943858862
0.00643769558519125
0.007017513271421194
0.006704823113977909
0.007059744093567133
0.006762084551155567
0.006395298056304455
0.006149753928184509
0.006583488546311855
0.006609645672142506
0.006200146861374378
0.006201474461704493
0.006200041621923447
0.0060728127136826515
0.00635134894400835
0.005539313890039921
0.006006021983921528
0.0055579254403710365
0.006149150896817446
0.0054208398796617985
0.0053026108071208
0.005293155554682016
0.005284617654979229
0.005207151640206575
0.005218959413468838
0.004667331930249929
0.0044607981108129025
0.004944424144923687
0.004645112901926041
0.0046501620672643185
0.004456524271517992
0.004785778932273388
0.003991301171481609
0.003781801089644432
0.00431040208786726
0.003488851012662053
0.0040241265669465065
0.0036861691623926163
0.0031813927926123142
0.0032334073912352324
0.003811935428529978
0.002739413408562541
0.0034662685357034206
0.002747552702203393
0.0028047016821801662
0.0026737083680927753
0.0029998684767633677
0.0021751360036432743
0.0034030587412416935
0.0016918268520385027
0.0026403279043734074
0.0021857013925909996
0.001772310584783554
0.0021532108075916767
0.001873569330200553
0.0017178673297166824
0.002097115386277437
0.0018991976976394653
0.0019605192355811596
0.0015012163203209639
0.0014165323227643967
0.0015216369647532701
0.0016866991063579917
0.0006051947129890323
0.0013600725214928389
0.0015313004842028022
0.0013744861353188753
0.0009250501170754433
0.001493364805355668
0.0013035618467256427
0.0009438871638849378
0.0011847269488498569
0.0009089199593290687
0.0007714516250416636
0.0013225808506831527
0.0007310592336580157
0.0009696672786958516
0.0011271684197708964
0.0009407565812580287
0.0011095275403931737
0.0009422924485988915
0.0008714143186807632
0.0009855354437604547
0.0010547743877395988
0.0007030963897705078
0.00047429007827304304
0.0011464623967185616
0.0010171029716730118
0.0010700211860239506
0.0007109418511390686
0.001273169182240963
-3.0156102180480957
-14.787236213684082
-18.43853187561035
-12.366107940673828
-16.718891143798828
-9.739114761352539
-6.279712677001953
-5.932365417480469
-5.84354829788208
-3.195046901702881
-3.288423538208008
-2.428104877471924
-2.1740176677703857
-2.7561445236206055
-2.314816474914551
-2.557190179824829
-2.533221960067749
-2.753087043762207
-2.299931764602661
-2.7268683910369873
-3.1384646892547607
-3.6330406665802
-3.2201590538024902
-4.5868449211120605
-3.394411563873291
-4.055214881896973
-4.4911980628967285
-4.22629451751709
-5.556410789489746
-5.254246711730957
-5.566079616546631
-5.656862258911133
-4.629732131958008
-6.122282981872559
-6.004920959472656
-6.302288055419922
-6.332564353942871
-6.208556175231934
-6.355224132537842
-6.258004665374756
-7.121151924133301
-6.658700466156006
-7.688314914703369
-7.988278388977051
-7.717089653015137
-7.071157932281494
-7.84014892578125
-8.021050453186035
-7.975064754486084
-8.836403846740723
-8.022851943969727
-8.596586227416992
-8.845919609069824
-9.01652717590332
-8.39673137664795
-8.990768432617188
-8.772120475769043
-9.219124794006348
-9.506689071655273
-9.71220588684082
-9.314263343811035
-9.615565299987793
-10.448619842529297
-10.243814468383789
-10.186456680297852
-10.195467948913574
-11.44100284576416
-10.423914909362793
-11.261747360229492
-10.770845413208008
-10.680981636047363
-10.884844779968262
-11.410618782043457
-11.642210006713867
-12.421699523925781
-12.623758316040039
-13.659405708312988
-13.650327682495117
-12.779592514038086
-12.684638023376465
-13.242782592773438
-12.869174003601074
-14.02473258972168
-13.800813674926758
-14.259613037109375
-13.674946784973145
-14.86414623260498
-14.363372802734375
-14.63886833190918
-14.446864128112793
-14.393218994140625
-15.069267272949219
-15.184659957885742
-14.379140853881836
-15.149503707885742
-15.569406509399414
-15.972841262817383
-16.470317840576172
-16.70060920715332
-16.995296478271484
-15.473177909851074
-15.563905715942383
-3.6156222820281982
-4.439749717712402
0.0054932935163378716
0.006325669586658478
0.0067450860515236855
0.007297291420400143
0.007286919746547937
0.006698920391499996
0.006765210069715977
0.007107618264853954
0.006687974091619253
0.00655389204621315
0.006842467933893204
0.006188256200402975
0.006790547631680965
0.005897517316043377
0.006718198768794537
0.00616917060688138
0.005984129849821329
0.0064653055742383
0.005707239266484976
0.006175409536808729
0.005725368857383728
0.006116312928497791
0.00536232627928257
0.0059206439182162285
0.005316668190062046
0.005374114029109478
0.005477198865264654
0.0052874162793159485
0.00510740652680397
0.004936269484460354
0.004988525528460741
0.004834286402910948
0.004663984756916761
0.004773829132318497
0.0042366026900708675
0.004210985265672207
0.00427083857357502
0.003956823609769344
0.004012180957943201
0.0038416250608861446
0.004077475052326918
0.003450884250923991
0.00423886114731431
0.003097442677244544
0.002828247146680951
0.0033708747942000628
0.0038158271927386522
0.0025352805387228727
0.003085013013333082
0.0029750256799161434
0.003241080790758133
0.0022626512218266726
0.0021114028058946133
0.0024868010077625513
0.0021739203948527575
0.0027966906782239676
0.0017180911963805556
0.0025058421306312084
0.001966964453458786
0.001701587112620473
0.002015257952734828
0.0018748656148090959
0.0020225290209054947
0.001905504846945405
0.0011978831607848406
0.0016769159119576216
0.001688050338998437
0.001360114780254662
0.0009800594998523593
0.0012702096719294786
0.001301871961914003
0.0014939684187993407
0.00046628760173916817
0.001605409779585898
0.0009871793445199728
0.0012569607933983207
0.000980120967142284
0.000858840998262167
0.001155958278104663
0.0013414412969723344
0.0009090163512155414
0.0006155476439744234
0.0011427946155890822
0.0011047770967707038
0.00017207558266818523
0.001259896787814796
0.0009078913135454059
0.0013083815574645996
0.0007483825320377946
0.0008815797045826912
0.0011834916658699512
0.0005722660571336746
0.0013921443605795503
0.0007799190352670848
0.0016114863101392984
0.0005632147076539695
-3.898577928543091
-16.92107391357422
-18.677274703979492
-11.615516662597656
-8.548921585083008
-15.594340324401855
-6.297117233276367
-6.396785736083984
-5.08802604675293
-2.6187233924865723
-2.0755772590637207
-1.6517502069473267
-2.4055488109588623
-2.314150333404541
-2.5843145847320557
-2.5154833793640137
-2.553116798400879
-1.9502862691879272
-2.726226806640625
-2.1063039302825928
-2.41227388381958
-3.2148075103759766
-3.107790470123291
-3.3010337352752686
-4.185761451721191
-4.039239883422852
-4.233569145202637
-4.748927593231201
-3.735602855682373
-4.404067039489746
-4.362937927246094
-5.391186714172363
-4.939759254455566
-5.572367191314697
-6.481705665588379
-6.6298956871032715
-7.025339603424072
-7.027770042419434
-7.53567361831665
-6.829526424407959
-6.874403953552246
-6.800766944885254
-7.091912746429443
-7.770371437072754
-7.1322784423828125
-7.686200141906738
-8.130393981933594
-8.229851722717285
-8.028313636779785
-7.260894775390625
-8.310308456420898
-8.457158088684082
-9.495307922363281
-9.241365432739258
-9.202466011047363
-8.850016593933105
-9.162364959716797
-9.202718734741211
-9.42701530456543
-9.541153907775879
-10.333415985107422
-10.887240409851074
-10.169370651245117
-10.203398704528809
-9.172517776489258
-10.584386825561523
-10.049565315246582
-10.334585189819336
-10.195199966430664
-11.11184310913086
-11.755118370056152
-11.80174446105957
-11.311712265014648
-12.107897758483887
-12.879575729370117
-11.868490219116211
-12.810365676879883
-12.216147422790527
-13.43083667755127
-12.545853614807129
-13.37189769744873
-13.267489433288574
-13.119131088256836
-13.371190071105957
-14.069857597351074
-14.52363395690918
-14.117164611816406
-14.072851181030273
-13.81019115447998
-14.506715774536133
-14.947300910949707
-14.17119312286377
-15.007519721984863
-15.335899353027344
-15.574058532714844
-15.471038818359375
-15.671539306640625
-16.48436164855957
-15.462420463562012
-17.16545867919922
-16.156850814819336
-15.482645034790039
-3.4329514503479004
-4.06186580657959
0.005906730890274048
0.006293796934187412
0.006783965043723583
0.006931753363460302
0.007248148322105408
0.006731624249368906
0.006921297870576382
0.007178988307714462
0.006531537510454655
0.00687215942889452
0.006614431738853455
0.006535274442285299
0.006716915871948004
0.0063837142661213875
0.006466184742748737
0.006234338041394949
0.006007892079651356
0.006020541302859783
0.006012079771608114
0.00592475151643157
0.005800513084977865
0.005838474258780479
0.005644583143293858
0.005918479524552822
0.005275240167975426
0.0057234372943639755
0.0051654945127666
0.005173277575522661
0.005278472788631916
0.005000443197786808
0.004785127472132444
0.0046654799953103065
0.004907737951725721
0.004340475425124168
0.004716194700449705
0.004383155144751072
0.00401179539039731
0.004716773983091116
0.0037445619236677885
0.0037712999619543552
0.0040664211846888065
0.003227046923711896
0.003971611149609089
0.0035547788720577955
0.0033904027659446
0.002976367948576808
0.003488787915557623
0.0027019877452403307
0.0029266555793583393
0.002598812570795417
0.002926469314843416
0.0022276421077549458
0.002708729123696685
0.00261964974924922
0.0021664747036993504
0.0020091612823307514
0.002671175869181752
0.0021141772158443928
0.0016794148832559586
0.0022566081024706364
0.0014219996519386768
0.0019394237315282226
0.0016905434895306826
0.0013551551382988691
0.001353987492620945
0.0022112715523689985
0.0005683262133970857
0.001836120500229299
0.001128367381170392
0.0019437160808593035
0.0011934275971725583
0.0011722343042492867
0.0008853969047777355
0.001446807524189353
0.0015976916765794158
0.0003824184532277286
0.0006796952802687883
0.0013954680180177093
0.000990874134004116
0.00047637088573537767
0.0008307596435770392
0.001133335055783391
0.001087765209376812
0.0011127999750897288
0.0004615596553776413
0.000968784443102777
0.0008907282608561218
0.0009929151274263859
0.0010329955257475376
0.0011404771357774734
0.0007095892797224224
0.0009196918690577149
0.0013788489159196615
0.0007612741901539266
0.0008726721862331033
0.0012030063662678003
-2.632354736328125
-14.522279739379883
-17.654123306274414
-10.77479362487793
-9.848945617675781
-11.893528938293457
-7.823304653167725
-5.8754706382751465
-4.579341411590576
-2.8656628131866455
-2.1976752281188965
-2.6288609504699707
-2.325448989868164
-2.1713361740112305
-1.7808570861816406
-1.658384084701538
-1.816454529762268
-3.300295352935791
-2.9066567420959473
-2.264594078063965
-2.665442943572998
-2.427110195159912
-3.7469565868377686
-3.867811918258667
-4.187746047973633
-4.200443267822266
-3.8205413818359375
-4.601833343505859
-5.273689270019531
-4.789073944091797
-5.578845977783203
-5.893999099731445
-5.087124824523926
-6.403226375579834
-6.072436332702637
-5.6033430099487305
-6.325489044189453
-6.753776550292969
-6.750478267669678
-7.212241172790527
-6.251233100891113
-6.190739631652832
-7.572774410247803
-8.028308868408203
-7.07036828994751
-7.4233503341674805
-8.157585144042969
-7.3566575050354
-8.298928260803223
-8.542913436889648
-8.314309120178223
-9.101948738098145
-8.935070991516113
-9.12930965423584
-8.897317886352539
-8.306234359741211
-9.414709091186523
-9.714057922363281
-10.402234077453613
-9.507538795471191
-9.425869941711426
-10.100778579711914
-9.272883415222168
-10.218744277954102
-9.70641040802002
-10.038467407226562
-10.526176452636719
-11.145254135131836
-11.821681022644043
-11.037001609802246
-12.275015830993652
-11.940057754516602
-11.733719825744629
-11.41807746887207
-11.863954544067383
-12.2818021774292
-13.122576713562012
-12.074247360229492
-12.067404747009277
-13.353708267211914
-13.3895263671875
-13.427116394042969
-12.902874946594238
-13.150174140930176
-13.72599983215332
-13.477729797363281
-14.472906112670898
-14.23523235321045
-14.815777778625488
-15.028299331665039
-14.571187019348145
-14.393086433410645
-14.723004341125488
-15.843518257141113
-16.523847579956055
-16.401325225830078
-15.774450302124023
-16.62639045715332
-15.869955062866211
-16.06886100769043
-15.874475479125977
-15.635934829711914
-3.677452564239502
-4.2978644371032715
0.006187736988067627
0.005945876240730286
0.006587103940546513
0.007158859167248011
0.007415123283863068
0.007014673203229904
0.006585472263395786
0.007365708705037832
0.006312812678515911
0.006553313694894314
0.00692704226821661
0.006159151904284954
0.006395003292709589
0.006342972628772259
0.006251637823879719
0.005864495877176523
0.006688764784485102
0.005734928883612156
0.006093312986195087
0.006284655537456274
0.0060235061682760715
0.005315261892974377
0.005612772889435291
0.005484498105943203
0.0057123396545648575
0.005819431971758604
0.0051228562369942665
0.004985249135643244
0.0052332282066345215
0.005424432456493378
0.004268840420991182
0.005109454970806837
0.004593751393258572
0.00426145177334547
0.004900267347693443
0.004496579524129629
0.004280258901417255
0.0036968737840652466
0.0036110759247094393
0.004103577695786953
0.003919383976608515
0.0035367286764085293
0.0036673122085630894
0.003528370289131999
0.003312101121991873
0.0032165751326829195
0.0029589913319796324
0.003295235801488161
0.00273307366296649
0.0029020714573562145
0.002965283580124378
0.0024843725841492414
0.0029842634685337543
0.002244685310870409
0.0027616433799266815
0.0021228643599897623
0.0018686667317524552
0.002061875071376562
0.0014360647182911634
0.0027226037345826626
0.0017828617710620165
0.001675632200203836
0.0013503402005881071
0.0018749929731711745
0.0014335988089442253
0.0019119549542665482
0.0012394078075885773
0.0011085289297625422
0.0018066304037347436
0.0011428698198869824
0.0016406821087002754
0.0014209167566150427
0.0004786027129739523
0.0010102527448907495
0.0015387269668281078
0.0012480600271373987
0.0005358528578653932
0.0009353799978271127
0.0011461516842246056
0.000687912106513977
0.0007921635988168418
0.0008809968712739646
0.0012103093322366476
0.0008982965955510736
0.000858926388900727
0.0011006417917087674
0.001010359963402152
0.0012555166613310575
0.0009571661939844489
0.0004907861584797502
0.0012773895869031549
0.0006055666017346084
0.0011396358022466302
0.0007232737843878567
0.0013061108766123652
0.0009298882214352489
-2.347836971282959
-12.986488342285156
-17.220237731933594
-10.743331909179688
-12.648908615112305
-17.131683349609375
-7.270634651184082
-8.045782089233398
-4.169506549835205
-1.93777334690094
-1.8837850093841553
-0.3433307707309723
-1.7385812997817993
-2.389340877532959
-2.202115297317505
-2.5100090503692627
-2.240865707397461
-2.485978841781616
-3.2678062915802
-3.094107151031494
-2.6420633792877197
-3.903623104095459
-4.470033645629883
-3.8896961212158203
-4.030982494354248
-4.331546306610107
-3.4888827800750732
-3.5912177562713623
-4.340508937835693
-4.969053268432617
-5.525815010070801
-5.671151638031006
-5.083003520965576
-6.058513164520264
-6.156370639801025
-6.8256988525390625
-6.377025604248047
-6.121301651000977
-6.371522426605225
-6.491817474365234
-7.119906425476074
-7.402421474456787
-7.050034523010254
-7.5508527755737305
-8.142171859741211
-8.33967113494873
-9.097770690917969
-8.734495162963867
-8.488354682922363
-8.87559700012207
-8.546346664428711
-7.815550804138184
-8.337873458862305
-8.537092208862305
-8.677120208740234
-9.623526573181152
-10.08060359954834
-9.712544441223145
-9.232643127441406
-9.363386154174805
-9.4553861618042
-9.85045337677002
-8.794631958007812
-9.620699882507324
-9.924184799194336
-10.747906684875488
-11.415385246276855
-12.286877632141113
-12.038042068481445
-11.93230152130127
-11.953324317932129
-11.62704849243164
-11.69713306427002
-12.12187385559082
-12.368462562561035
-11.87584114074707
-11.953975677490234
-12.523656845092773
-12.762847900390625
-12.288484573364258
-12.693061828613281
-13.215624809265137
-12.833727836608887
-13.803753852844238
-14.246238708496094
-13.39783763885498
-13.681982040405273
-15.256482124328613
-13.858583450317383
-15.819537162780762
-15.60578441619873
-15.135232925415039
-15.937765121459961
-15.483100891113281
-15.691027641296387
-16.132081985473633
-16.156261444091797
-16.38269805908203
-16.69384002685547
-16.724952697753906
-16.70066261291504
-16.141374588012695
-3.9191222190856934
-4.499790668487549
0.005984919145703316
0.006199500057846308
0.006694733165204525
0.007199276238679886
0.007714645471423864
0.006755061447620392
0.006568864919245243
0.0070690130814909935
0.006767380051314831
0.00676890229806304
0.006816537585109472
0.006439190357923508
0.006592967547476292
0.006236254703253508
0.0061167385429143906
0.006431308574974537
0.006538371089845896
0.005535572301596403
0.00587467011064291
0.006098452489823103
0.005810629576444626
0.006178069859743118
0.005640225950628519
0.005479805637151003
0.00559960026293993
0.005392321385443211
0.005321945529431105
0.005365447141230106
0.004745610989630222
0.005066473502665758
0.004959373734891415
0.0040486943908035755
0.005105623975396156
0.0048109497874975204
0.004458446055650711
0.004811657126992941
0.0035928681027144194
0.004018700215965509
0.003987930249422789
0.004048237111419439
0.004125782288610935
0.003381144953891635
0.0033853028435260057
0.0038430255372077227
0.00281507452018559
0.00347028742544353
0.002966718515381217
0.003473014337942004
0.002555754967033863
0.0027159072924405336
0.0031575863249599934
0.0022798976860940456
0.0023814670275896788
0.0025433155242353678
0.002623548498377204
0.0018340928945690393
0.0021897645201534033
0.002200485672801733
0.0019457407761365175
0.0019504480296745896
0.0018803367856889963
0.0015433814842253923
0.002093949820846319
0.0009956149151548743
0.001786766923032701
0.0017424479592591524
0.0009859349811449647
0.0012206241954118013
0.001336593646556139
0.0011959292460232973
0.0012388549512252212
0.0007734304526820779
0.0016535911709070206
0.0006091095856390893
0.001451936550438404
0.000981974764727056
0.0008921257103793323
0.0009754386846907437
0.0010381883475929499
0.0006549881072714925
0.0011394183384254575
0.0007990693557076156
0.0009340266697108746
0.0010309121571481228
0.0006880745640955865
0.00025313033256679773
0.001265903003513813
0.0007726261974312365
0.0008806671248748899
0.0011376618640497327
0.000582298671361059
0.0009602984646335244
0.0012226247927173972
0.0009863441810011864
0.0008569041965529323
0.001281266799196601
-3.175830841064453
