30.565692901611328
30.565692901611328
26.2996768951416
9.886738777160645
0.5473577380180359
-0.010266111232340336
-0.010099783539772034
-0.009441124275326729
-0.00988413579761982
-0.008739391341805458
-0.008789007551968098
-0.008650068193674088
-0.00739491730928421
-0.007868645712733269
-0.0064387074671685696
-0.006837033666670322
-0.006203073542565107
-0.006674604024738073
-0.005629135761409998
-0.005620355252176523
-0.00493632024154067
-0.00529423588886857
-0.0038302033208310604
-0.003932786639779806
-0.003840239252895117
-0.003026561811566353
-0.0027966108173131943
-0.001785258762538433
-0.0018177104648202658
-0.002002652967348695
-0.000762658251915127
-0.0008038263767957687
-0.00029147189343348145
0.0008393771713599563
0.00016728680930100381
0.000494286126922816
0.00222451682202518
0.0011778620537370443
0.0023375963792204857
0.002243585418909788
0.003065685974434018
0.003044650424271822
0.0036275149323046207
0.00341517711058259
0.004115459509193897
0.004557357169687748
0.0046417065896093845
0.004900765605270863
0.005744163412600756
0.005669585894793272
0.0058411345817148685
0.00694579491391778
0.006448637694120407
0.007443261798471212
0.006541130132973194
0.0077341897413134575
0.007448929361999035
0.0072800591588020325
0.00788714550435543
0.00751147698611021
0.008709114976227283
0.008113031275570393
0.008081185631453991
0.008872535079717636
0.008881380781531334
0.008593268692493439
0.009384864941239357
0.008806748315691948
0.009405402466654778
0.008780211210250854
0.009391692467033863
0.00929265096783638
0.00918992143124342
0.009468699805438519
0.008959285914897919
0.009180169552564621
0.009414494968950748
0.008392788469791412
0.009336055256426334
0.009640226140618324
0.008462013676762581
0.009255697950720787
0.008708525449037552
0.009220054373145103
0.008324338123202324
0.008856634609401226
0.008317211642861366
0.008081873878836632
0.008939201012253761
0.007506025489419699
0.007717689033597708
0.007922021672129631
0.0073699853383004665
0.0072485459968447685
0.0073506771586835384
0.006199991330504417
0.007151422090828419
0.006321063730865717
0.006045697722584009
1.284841537475586
6.1718950271606445
2.2025113105773926
-9.596552848815918
-11.042154312133789
-6.957566261291504
-5.87628698348999
-5.293482303619385
-4.410720348358154
-4.529999732971191
-4.591547966003418
-3.8487319946289062
-4.102450370788574
-4.267350196838379
-4.1000471115112305
-4.282072067260742
-4.628123760223389
-3.760672092437744
-4.167897701263428
-4.3564958572387695
-3.9951374530792236
-4.175269603729248
-3.9796524047851562
-3.8910248279571533
-3.865399122238159
-4.1948652267456055
-3.4003729820251465
-3.8113818168640137
-2.8895249366760254
-2.819063663482666
-3.4102706909179688
-3.036263942718506
-2.0437443256378174
-1.6382179260253906
-1.6803874969482422
-1.23952054977417
-1.589722990989685
-0.4839184284210205
-1.0164804458618164
-0.39228394627571106
0.5339217185974121
0.15582780539989471
-0.05407140403985977
0.4661479890346527
2.372431993484497
1.653385877609253
2.488483428955078
2.7346701622009277
2.4161272048950195
2.9681475162506104
4.389875888824463
3.9639296531677246
4.053896903991699
4.981661319732666
5.244955539703369
4.596489906311035
5.755443096160889
5.613840103149414
6.039158344268799
6.867800712585449
7.467894554138184
8.097768783569336
8.92332935333252
8.165529251098633
9.187776565551758
9.733282089233398
10.211053848266602
9.489569664001465
9.963006019592285
10.044111251831055
10.697665214538574
11.046174049377441
11.306707382202148
11.975706100463867
13.036580085754395
12.855427742004395
14.28297233581543
14.31669807434082
13.761724472045898
14.651388168334961
15.578994750976562
16.311559677124023
16.154430389404297
16.666866302490234
16.76944351196289
17.292362213134766
18.132671356201172
18.099449157714844
19.32091522216797
19.595386505126953
19.768936157226562
19.27474021911621
19.131460189819336
19.87203598022461
20.78074073791504
21.12682342529297
21.53658676147461
22.599519729614258
23.858394622802734
23.648540496826172
22.07394027709961
15.936930656433105
-32.846187591552734
-30.757450103759766
-0.006830313708633184
-0.0091120395809412
-0.008599288761615753
-0.01048589963465929
-0.009538127109408379
-0.008187317289412022
-0.008831570856273174
-0.008246884681284428
-0.007535682525485754
-0.008279137313365936
-0.007357422262430191
-0.006578667555004358
-0.006949990056455135
-0.006223650649189949
-0.006083967629820108
-0.005628559738397598
-0.00522951502352953
-0.005319606512784958
-0.004444102291017771
-0.004208780359476805
-0.0038051935844123363
-0.0037457949947565794
-0.0030561070889234543
-0.002566911978647113
-0.002406641375273466
-0.001831223489716649
-0.0011978968977928162
-0.001258792937733233
-0.0009441610309295356
4.194239227217622e-05
-0.00014987189206294715
0.0007397123263217509
0.0008622700115665793
0.0014286220539361238
0.00165282073430717
0.0021535931155085564
0.002572938334196806
0.003197907004505396
0.003314448054879904
0.002982922364026308
0.003910309635102749
0.004095758777111769
0.0045702592469751835
0.004956123419106007
0.005049909930676222
0.005629952531307936
0.005210483446717262
0.0065807318314909935
0.006275087594985962
0.006432441063225269
0.006752436514943838
0.006711652036756277
0.007243922911584377
0.0078046671114861965
0.007466843817383051
0.007711279205977917
0.007801658008247614
0.008407900109887123
0.008388010784983635
0.00844833068549633
0.008465477265417576
0.008528666570782661
0.008957093581557274
0.009177563712000847
0.008897052146494389
0.009055781178176403
0.009144149720668793
0.00940633937716484
0.00927499495446682
0.009380018338561058
0.009266907349228859
0.008992659859359264
0.009832060895860195
0.008716431446373463
0.008938823826611042
0.009312057867646217
0.009418854489922523
0.008846755139529705
0.009127930738031864
0.008984586223959923
0.009007947519421577
0.008431488648056984
0.008374510332942009
0.008512353524565697
0.008154827170073986
0.008190580643713474
0.007992948405444622
0.007917995564639568
0.007320774253457785
0.007339525036513805
0.007112685590982437
0.006875506602227688
0.0073860809206962585
0.006546528544276953
0.006134266499429941
0.006194903515279293
29.720989227294922
103.1912841796875
117.943115234375
65.86241149902344
38.77224349975586
26.816082000732422
21.934337615966797
7.912128448486328
6.022324562072754
4.883852958679199
0.4348933696746826
-0.023306604474782944
-0.8690603971481323
-2.78810977935791
-3.1843035221099854
-3.1348960399627686
-3.9882805347442627
-3.884427547454834
-3.956573963165283
-4.080263137817383
-3.579277753829956
-3.8955204486846924
-4.221434593200684
-3.833289384841919
-3.863823413848877
-4.139480113983154
-3.4601521492004395
-4.01777982711792
-2.288280963897705
-2.2567336559295654
-2.6353955268859863
-2.2602927684783936
-2.796100378036499
-2.096372604370117
-2.287747383117676
-1.7713428735733032
-1.2726926803588867
0.05927411466836929
-1.0547205209732056
-0.06241415813565254
0.08233042061328888
-0.3268083930015564
-0.11976716667413712
1.0462918281555176
1.310362696647644
1.9746366739273071
2.246598720550537
2.415198802947998
3.302130937576294
3.113520860671997
4.30584716796875
4.542819499969482
3.7132530212402344
4.550955772399902
3.678614377975464
4.724212169647217
5.5351643562316895
6.027331829071045
6.965304374694824
7.731959342956543
7.344679832458496
7.727126121520996
7.807260990142822
7.791667938232422
8.827594757080078
9.514037132263184
9.819380760192871
9.83621883392334
10.187858581542969
10.458439826965332
11.266617774963379
11.780801773071289
11.684165954589844
12.441988945007324
13.171697616577148
12.842697143554688
14.066861152648926
14.35278034210205
14.515508651733398
15.09553337097168
15.445637702941895
16.0124568939209
16.96226692199707
16.52395248413086
17.129703521728516
17.933908462524414
17.84989356994629
18.394790649414062
19.337779998779297
19.448448181152344
20.818260192871094
20.548248291015625
20.6428165435791
20.60036849975586
20.953502655029297
21.568721771240234
21.98839569091797
22.790283203125
23.301177978515625
23.355934143066406
22.533802032470703
16.93138885498047
-36.68587112426758
-21.43119239807129
-0.0076574101112782955
-0.010102493688464165
-0.008075660094618797
-0.010286732576787472
-0.009703213348984718
-0.007987266406416893
-0.009037655778229237
-0.008590961806476116
-0.00746993999928236
-0.007960951887071133
-0.007411921862512827
-0.006893950514495373
-0.007118702866137028
-0.006243541371077299
-0.005987134296447039
-0.005507528316229582
-0.005449868738651276
-0.005072224419564009
-0.004546744748950005
-0.004035908728837967
-0.003703146008774638
-0.003763509914278984
-0.0032204657327383757
-0.0023955232463777065
-0.0021041978616267443
-0.0020177429541945457
-0.0010507393162697554
-0.00119965267367661
-0.0006219152128323913
0.0001048595440806821
-0.0006025252514518797
0.0008354518795385957
0.0008484298596158624
0.0014862797688692808
0.0017090821638703346
0.0021193556021898985
0.0024002515710890293
0.003204974113032222
0.002359325997531414
0.0036089445929974318
0.004233031999319792
0.00427540997043252
0.004513995721936226
0.00483312550932169
0.0050143888220191
0.0053848871029913425
0.005941159091889858
0.006216656882315874
0.00629926985129714
0.006226080935448408
0.006891156546771526
0.007185893598943949
0.007040318101644516
0.007659123744815588
0.007553890347480774
0.007978780195116997
0.008295448496937752
0.0080686304718256
0.008135534822940826
0.008565515279769897
0.008571677841246128
0.008713724091649055
0.008923140354454517
0.008934037759900093
0.009022610262036324
0.00898631103336811
0.009492042474448681
0.009165473282337189
0.009212908335030079
0.00900714285671711
0.0095449797809124
0.009502965025603771
0.009086845442652702
0.009107431396842003
0.009756560437381268
0.008632930926978588
0.0093458853662014
0.009052498266100883
0.009146842174232006
0.008222042582929134
0.009066281840205193
0.008689611218869686
0.00889354757964611
0.008232011459767818
0.008295178413391113
0.008224431425333023
0.007754215504974127
0.007705014199018478
0.007766024675220251
0.00737419817596674
0.007313354406505823
0.007006536237895489
0.007302715443074703
0.006392864976078272
0.006156573537737131
0.006368523929268122
38.954261779785156
111.6102523803711
123.82823181152344
69.3694076538086
40.464481353759766
20.103763580322266
20.004959106445312
8.334113121032715
6.793366432189941
7.738630771636963
3.6958060264587402
2.1769254207611084
1.180829405784607
-0.9865792393684387
-1.3778425455093384
-1.909769058227539
-3.268585205078125
-3.201720714569092
-3.966480255126953
-3.9956576824188232
-3.934605360031128
-3.942056179046631
-3.940634250640869
-4.494546890258789
-4.426901817321777
-3.6969306468963623
-3.806685209274292
-4.010305404663086
-3.3018665313720703
-3.5569660663604736
-2.711033344268799
-2.034714937210083
-2.827793836593628
-1.5099210739135742
-1.4630903005599976
-1.8272860050201416
-1.1586840152740479
-0.9566183090209961
-1.1221287250518799
-0.2094285488128662
0.3665677607059479
0.1845874786376953
0.12094710767269135
1.1133158206939697
2.302124500274658
1.5465729236602783
1.9693561792373657
2.593588352203369
2.500112771987915
3.5627708435058594
4.639889717102051
4.152431011199951
3.8350043296813965
4.664380073547363
5.553149700164795
5.504622459411621
5.984436511993408
6.149987697601318
6.075342655181885
6.622385501861572
6.8193793296813965
8.488969802856445
7.944998741149902
7.941649436950684
9.170877456665039
9.090394973754883
9.664571762084961
9.930658340454102
10.233123779296875
10.231740951538086
11.239497184753418
11.81312370300293
11.62751579284668
11.720365524291992
13.321264266967773
13.351448059082031
14.289799690246582
14.855766296386719
15.018953323364258
15.481315612792969
15.513934135437012
14.848429679870605
15.1304292678833
15.91455364227295
17.42225456237793
17.980321884155273
18.76820182800293
18.26190948486328
18.319238662719727
19.929597854614258
19.48118782043457
20.623775482177734
21.01361083984375
21.170671463012695
21.805316925048828
21.114849090576172
21.467594146728516
23.27004051208496
23.49009132385254
24.45285415649414
22.69451332092285
15.136068344116211
-33.55762481689453
-28.091323852539062
-0.007083142641931772
-0.009089916944503784
-0.008482249453663826
-0.010647693648934364
-0.009644830599427223
-0.00818138662725687
-0.008874783292412758
-0.008336554281413555
-0.007787356618791819
-0.00806346908211708
-0.00766031676903367
-0.006749969907104969
-0.007302521727979183
-0.006154967006295919
-0.0060667917132377625
-0.005824333056807518
-0.005284387618303299
-0.004800145514309406
-0.004766576923429966
-0.004363411106169224
-0.003561832709237933
-0.0035955056082457304
-0.003061237744987011
-0.002861497225239873
-0.0022314239758998156
-0.0017404876416549087
-0.0011729735415428877
-0.0015754870837554336
-0.00037410957156680524
-0.0002625986817292869
2.6912148314295337e-05
0.0005191558157093823
0.0013206201838329434
0.0009527158108539879
0.0017263538902625442
0.0022317753173410892
0.0020519159734249115
0.0031466353684663773
0.003137309802696109
0.0033130154479295015
0.0043831984512507915
0.003492635441944003
0.004715637769550085
0.004806865472346544
0.005181384272873402
0.005598054733127356
0.005541895050555468
0.0058171553537249565
0.006643091794103384
0.006617183331400156
0.006602002773433924
0.0072887130081653595
0.006677934434264898
0.007681542541831732
0.007591122295707464
0.007891942746937275
0.008219634182751179
0.00795260164886713
0.008857776410877705
0.008361846208572388
0.00840269960463047
0.00870148278772831
0.008814339525997639
0.008982842788100243
0.009116558358073235
0.008811770007014275
0.009226446971297264
0.008770325221121311
0.009294450283050537
0.0089260283857584
0.009644174948334694
0.009155593812465668
0.009295024909079075
0.009131829254329205
0.009148123674094677
0.009363998658955097
0.009279227815568447
0.008603012189269066
0.009157816879451275
0.008615365251898766
0.008968068286776543
0.008082388900220394
0.008612127974629402
0.008068578317761421
0.008856585249304771
0.007672447711229324
0.00808862317353487
0.0076538631692528725
0.007400779519230127
0.007195542566478252
0.007477582432329655
0.006978160236030817
0.0071370648220181465
0.006581126246601343
0.006336922291666269
0.006293227430433035
13.10784912109375
83.63449096679688
103.45750427246094
55.344688415527344
30.147058486938477
20.824817657470703
18.195219039916992
5.152735233306885
3.7594292163848877
3.9073498249053955
0.24390049278736115
0.217394158244133
-0.7095299959182739
-2.8942711353302
-2.8476154804229736
-3.3381710052490234
-3.9168472290039062
-3.845909833908081
-4.3558349609375
-4.101838111877441
-4.010315895080566
-4.0706024169921875
-4.28298282623291
-4.129753112792969
-4.213647842407227
-3.9165256023406982
-4.051173210144043
-3.6362366676330566
-3.374760389328003
-3.381582736968994
-3.2106029987335205
-2.8306519985198975
-2.764317035675049
-2.1312344074249268
-1.8411238193511963
-0.685036301612854
-1.606076955795288
-1.0879629850387573
-0.7087913751602173
-1.2210594415664673
-0.6046563982963562
0.1831652969121933
0.9606696367263794
1.0983980894088745
1.6566228866577148
2.164374589920044
2.1549694538116455
2.3852620124816895
3.4711227416992188
2.0699517726898193
3.9042930603027344
4.126967430114746
4.637960433959961
5.052902698516846
5.076409339904785
5.383613109588623
6.010010242462158
6.135308742523193
6.467719078063965
7.462796211242676
7.057415962219238
7.587701320648193
8.645247459411621
9.085623741149902
8.836735725402832
9.786741256713867
9.226541519165039
9.592100143432617
9.95475959777832
10.253561019897461
10.516206741333008
11.597311019897461
11.907051086425781
12.492687225341797
12.546391487121582
13.516510009765625
13.384363174438477
14.226320266723633
13.714256286621094
14.612271308898926
15.290704727172852
15.447405815124512
16.394094467163086
17.07415199279785
17.05057144165039
17.876272201538086
17.560016632080078
17.654476165771484
18.165536880493164
19.07826042175293
19.427907943725586
20.622997283935547
20.496641159057617
20.466968536376953
20.587976455688477
21.406185150146484
20.74552345275879
21.431821823120117
23.169389724731445
23.232011795043945
22.670673370361328
16.43245506286621
-31.571155548095703
-30.044198989868164
-0.00715994369238615
-0.009248724207282066
-0.008526480756700039
-0.010401961393654346
-0.009375796653330326
-0.008258037269115448
-0.009005449712276459
-0.00836242362856865
-0.007690049707889557
-0.007837818004190922
-0.007412217557430267
-0.006728647742420435
-0.006728865206241608
-0.006411551497876644
-0.006381964776664972
-0.005490994080901146
-0.0052351681515574455
-0.004901667591184378
-0.004876244813203812
-0.0038762353360652924
-0.0038149103056639433
-0.0032428125850856304
-0.0030640442855656147
-0.0026696219574660063
-0.002121073193848133
-0.0016304070595651865
-0.0014926906442269683
-0.001122382003813982
-0.0006247865967452526
-1.01721843748237e-05
8.654715202283114e-05
0.0008330480195581913
0.0009608000400476158
0.001524599501863122
0.0015036847908049822
0.0020032161846756935
0.002773040672764182
0.0027851718477904797
0.0032498505897819996
0.003237597644329071
0.004207526799291372
0.0041612982749938965
0.004354330711066723
0.004970502108335495
0.005245928652584553
0.005739598535001278
0.005890076979994774
0.0060187759809195995
0.006068003363907337
0.006767102517187595
0.006664026528596878
0.007139609660953283
0.007126172073185444
0.007815169170498848
0.007657647132873535
0.007845627143979073
0.008107466623187065
0.007619266398251057
0.008425366133451462
0.008751558139920235
0.008836324326694012
0.007988963276147842
0.00884641520678997
0.009241067804396152
0.00871451385319233
0.009084112010896206
0.009123196825385094
0.008912215009331703
0.009526102803647518
0.008976085111498833
0.00930324662476778
0.009336067363619804
0.009082606062293053
0.009478256106376648
0.00892464816570282
0.009213769808411598
0.008953624404966831
0.008856421336531639
0.00882722157984972
0.008635896258056164
0.009004566818475723
0.008487368933856487
0.008605402894318104
0.008505399338901043
0.007924117147922516
0.008455926552414894
0.007766092661768198
0.007848638109862804
0.007617275230586529
0.007625849451869726
0.007204975001513958
0.0072175064124166965
0.0066281817853450775
0.006956913508474827
0.006642814725637436
0.005982563830912113
21.247600555419922
94.09333801269531
111.3432388305664
61.743370056152344
34.313255310058594
24.27070426940918
20.619258880615234
6.9973578453063965
5.162899971008301
4.215529441833496
0.15567688643932343
-0.2527601718902588
-0.6987217664718628
-2.7735226154327393
-2.869900703430176
-3.177617073059082
-3.9754719734191895
-3.9078774452209473
-3.915531873703003
-4.595223426818848
-4.298282623291016
-4.680880069732666
-4.115696907043457
-4.303461074829102
-4.508596420288086
-3.907698154449463
-3.737722873687744
-3.938289165496826
-3.558866500854492
-3.26580810546875
-2.673156499862671
-3.022949695587158
-2.6787431240081787
-2.5020744800567627
-1.9075082540512085
-1.5754892826080322
-1.072453260421753
-1.0793073177337646
-0.8389054536819458
-0.6266258955001831
-0.4003532826900482
0.4236242175102234
0.7231613993644714
1.2033841609954834
1.1144893169403076
1.2332018613815308
0.9062830209732056
2.579744815826416
3.3538577556610107
3.360269069671631
3.756904125213623
4.608711242675781
3.781959056854248
4.011599540710449
4.239251136779785
4.980299949645996
4.898304462432861
7.5377702713012695
7.0275726318359375
5.865080833435059
7.597918510437012
7.115304470062256
7.336709499359131
8.179678916931152
8.681635856628418
9.999555587768555
10.56474494934082
9.674324989318848
10.772337913513184
10.607992172241211
10.914654731750488
12.009811401367188
12.895726203918457
12.716354370117188
12.06382942199707
12.62251091003418
12.982623100280762
13.210739135742188
14.026832580566406
14.6857271194458
15.005903244018555
15.268733024597168
15.824323654174805
16.964786529541016
16.607168197631836
17.384326934814453
18.540164947509766
18.210147857666016
18.8042049407959
19.006149291992188
19.57407569885254
20.10945701599121
20.706693649291992
20.313060760498047
20.369136810302734
21.340900421142578
21.79656410217285
22.79672622680664
23.607860565185547
24.43722915649414
23.02619743347168
17.16366195678711
-32.076744079589844
-30.7694091796875
-0.007264824118465185
-0.009393321350216866
-0.008298765867948532
-0.010544568300247192
-0.009624654427170753
-0.00818043015897274
-0.009063463658094406
-0.008452760055661201
-0.007742891553789377
-0.00817502848803997
-0.00713724410161376
-0.0070053101517260075
-0.0074601443484425545
-0.006166170351207256
-0.006337872240692377
-0.005619347095489502
-0.005424845032393932
-0.005047083832323551
-0.004735167603939772
-0.004041710868477821
-0.003957678098231554
-0.003241406287997961
-0.0032661668956279755
-0.0025839731097221375
-0.002201719442382455
-0.0020430958829820156
-0.0013795552076771855
-0.0010049480479210615
-0.0007831469993107021
-0.00032348130480386317
5.540796701097861e-05
0.0004638317914213985
0.0009493602556176484
0.001158876228146255
0.0020383901428431273
0.0018148620147258043
0.002427928615361452
0.0028821569867432117
0.003054599743336439
0.003503649029880762
0.004061514977365732
0.0042216358706355095
0.004392546135932207
0.004791670478880405
0.005472161807119846
0.005642726551741362
0.0055998023599386215
0.005797810852527618
0.006443831138312817
0.006621486507356167
0.006992589682340622
0.006820324808359146
0.007335626985877752
0.007498669438064098
0.007763528730720282
0.007907521910965443
0.007922882214188576
0.008478449657559395
0.007993856444954872
0.008695223368704319
0.008661935105919838
0.008721173740923405
0.009069708175957203
0.009187011048197746
0.009289927780628204
0.00922874454408884
0.008881548419594765
0.009094873443245888
0.009005825035274029
0.009632390923798084
0.009222414344549179
0.009299201890826225
0.009483857080340385
0.008819609880447388
0.009448057040572166
0.00926494225859642
0.008792438544332981
0.008994381874799728
0.008978426456451416
0.008981547318398952
0.008784381672739983
0.008191453292965889
0.008480464108288288
0.00863865576684475
0.008451093919575214
0.008107439614832401
0.007840010337531567
0.007871941663324833
0.007686375640332699
0.007790054194629192
0.007079236209392548
0.006892441771924496
0.006957851350307465
0.006730674300342798
0.006497612688690424
0.006198250688612461
39.27365493774414
112.24937438964844
124.2187728881836
70.50389862060547
44.092803955078125
28.217174530029297
22.99498748779297
8.937214851379395
6.930452823638916
4.778132438659668
1.0031499862670898
0.2587921619415283
-0.42525714635849
-3.1688361167907715
-2.336338520050049
-3.3496367931365967
-3.809197187423706
-3.2346031665802
-3.9710464477539062
-3.7172341346740723
-3.740502119064331
-3.8647830486297607
-3.757042407989502
-3.8645362854003906
-3.786998748779297
-3.267977476119995
-3.700897693634033
-3.3518383502960205
-3.051928758621216
-2.6494367122650146
-2.838369607925415
-2.7310216426849365
-2.7365469932556152
-2.3425347805023193
-1.995042085647583
-2.224238157272339
-0.9628427624702454
0.11482075601816177
-0.5641123652458191
-0.9656783938407898
0.004065801855176687
0.6226793527603149
0.8770825266838074
1.4241005182266235
1.2501736879348755
1.7996450662612915
1.9275014400482178
2.69939923286438
3.3679511547088623
3.1104023456573486
4.191347599029541
4.412026882171631
4.144585609436035
4.851855278015137
4.9283037185668945
5.063517093658447
5.109341621398926
6.278000831604004
6.327582359313965
6.974326133728027
7.462385654449463
7.731178283691406
7.799639701843262
8.912251472473145
8.796917915344238
9.570487976074219
9.511682510375977
9.725791931152344
10.234941482543945
10.371071815490723
11.547669410705566
11.990350723266602
13.174100875854492
13.23988151550293
12.845723152160645
13.799917221069336
14.162010192871094
14.131199836730957
14.242016792297363
14.063679695129395
15.129968643188477
15.288185119628906
15.455177307128906
16.166967391967773
16.25381088256836
16.020341873168945
17.063358306884766
17.643779754638672
17.489818572998047
17.521305084228516
18.7248592376709
19.52755355834961
19.537586212158203
20.04630470275879
20.610401153564453
20.50117301940918
21.6386661529541
21.480445861816406
22.15380859375
21.98566436767578
22.11020851135254
14.970800399780273
-33.41946029663086
-26.570697784423828
-0.006795254535973072
-0.009289848618209362
-0.00829700194299221
-0.01039939559996128
-0.009575862437486649
-0.00802177470177412
-0.009005393832921982
-0.008397730067372322
-0.007474255748093128
-0.007952436804771423
-0.007767937146127224
-0.006871701683849096
-0.0067322091199457645
-0.0067179263569414616
-0.006094307638704777
-0.005712711717933416
-0.005387436598539352
-0.004795676562935114
-0.004385518375784159
-0.004013691563159227
-0.004202284384518862
-0.0032780631445348263
-0.0028982297517359257
-0.0028041726909577847
-0.002005759160965681
-0.002264647278934717
-0.0007827925728634
-0.0012356265215203166
-0.0007181348046287894
0.00016232366033364087
-0.00010988335270667449
0.0005506300367414951
0.0016392020042985678
0.001453212695196271
0.0015284098917618394
0.002165109384804964
0.002398967742919922
0.0027307590935379267
0.0031420569866895676
0.0037096079904586077
0.0039438484236598015
0.003960989881306887
0.004482618533074856
0.0050324611365795135
0.0049775587394833565
0.0056938352063298225
0.005686604417860508
0.005964029114693403
0.0066566444002091885
0.006152199115604162
0.007060649339109659
0.0069599514827132225
0.0076019056141376495
0.0073750861920416355
0.007873840630054474
0.0077687716111540794
0.008176225237548351
0.008094836957752705
0.0087516438215971
0.008389687165617943
0.008412022143602371
0.008585408329963684
0.009069817140698433
0.008980873040854931
0.008888743817806244
0.009285508655011654
0.008847543969750404
0.009157886728644371
0.009436371736228466
0.008954583667218685
0.009477472864091396
0.00956779532134533
0.008968211710453033
0.009485945105552673
0.009069422259926796
0.009509516879916191
0.008972948417067528
0.008949626237154007
0.008637232705950737
0.008830668404698372
0.009354646317660809
0.007944799959659576
0.008826796896755695
0.008257471956312656
0.00838328618556261
0.008199633099138737
0.00802328996360302
0.008150728419423103
0.007505583576858044
0.0074079507030546665
0.007377536501735449
0.00731439795345068
0.0067192064598202705
0.006144029088318348
0.00665554404258728
0.006453618407249451
13.1124849319458
83.57470703125
103.21842956542969
55.25075149536133
29.5263614654541
20.892545700073242
18.243915557861328
6.388934135437012
4.945504188537598
3.7892234325408936
-0.22148115932941437
-0.26663175225257874
-1.2506577968597412
-3.233461856842041
-2.418734312057495
-2.994222402572632
-3.679055690765381
-3.556025743484497
-4.209765911102295
-4.3410234451293945
-3.6598904132843018
-4.420880317687988
-4.357686519622803
-4.045210838317871
-4.250209808349609
-3.887507915496826
-3.830592393875122
-3.7091851234436035
-3.1049835681915283
-2.9806387424468994
-3.297858476638794
-3.1317105293273926
-2.671177625656128
-2.7209298610687256
-1.5142967700958252
-1.3815542459487915
-1.057359218597412
-0.39469844102859497
-0.25081390142440796
-0.5941156148910522
-0.2689783573150635
0.5255643129348755
0.8960326313972473
1.0661921501159668
1.4436838626861572
2.0527491569519043
1.8363968133926392
2.4845004081726074
3.2179787158966064
2.501491069793701
3.4791641235351562
3.5580973625183105
3.9389395713806152
4.8555169105529785
4.774020195007324
5.2243332862854
5.97213077545166
6.1097002029418945
6.922732353210449
6.914373874664307
7.12441873550415
8.164796829223633
8.54116439819336
8.34936809539795
8.444753646850586
9.006115913391113
9.006476402282715
10.167326927185059
9.735878944396973
11.217737197875977
10.71211051940918
11.405442237854004
11.89106273651123
12.681456565856934
12.490139961242676
12.68149185180664
13.545145988464355
14.544832229614258
14.788955688476562
14.957258224487305
15.556523323059082
15.625284194946289
14.598780632019043
16.377788543701172
17.476057052612305
17.264726638793945
18.51522445678711
17.667072296142578
18.377323150634766
18.56734848022461
18.638416290283203
19.326263427734375
20.09284782409668
20.599950790405273
21.266202926635742
22.108333587646484
22.36831283569336
22.687108993530273
23.217199325561523
22.738454818725586
22.277530670166016
17.17986297607422
-31.879470825195312
-30.82976722717285
-0.007461568806320429
-0.009366779588162899
-0.0081566097214818
-0.010404981672763824
-0.009973235428333282
-0.00820981152355671
-0.008932148106396198
-0.008185042068362236
-0.007736449129879475
-0.00783426221460104
-0.007304050028324127
-0.006848583929240704
-0.006957134697586298
-0.006240637972950935
-0.0063690124079585075
-0.005777148064225912
-0.005347623024135828
-0.004943889565765858
-0.004411516711115837
-0.004094425123184919
-0.0038044839166104794
-0.003559272736310959
-0.0029690691735595465
-0.002477919915691018
-0.0025506955571472645
-0.0017292570555582643
-0.0012899211142212152
-0.001053673797287047
-0.0005145235918462276
-0.00010781481250887737
-6.048455907148309e-05
0.0006922596949152648
0.0007240417180582881
0.0014267393853515387
0.0012220458593219519
0.0021891682408750057
0.002589381765574217
0.002545701339840889
0.0034523799549788237
0.003322512609884143
0.003959569614380598
0.004076630808413029
0.00411264831200242
0.005353459622710943
0.005022729746997356
0.005525992251932621
0.005694492720067501
0.005936807487159967
0.005908962804824114
0.006526163779199123
0.006613609846681356
0.006736240349709988
0.007565324194729328
0.007515358738601208
0.007691903971135616
0.007648368366062641
0.008347691968083382
0.00789425428956747
0.008425363339483738
0.008531937375664711
0.008409282192587852
0.00913137849420309
0.008706795983016491
0.009209404699504375
0.008839773945510387
0.009326626546680927
0.008852480910718441
0.009176362305879593
0.009234137833118439
0.009131615981459618
0.009287277236580849
0.009407337754964828
0.009104704484343529
0.008920377120375633
0.00951701682060957
0.008955824188888073
0.009273046627640724
0.00880802609026432
0.008820382878184319
0.008678370155394077
0.008620691485702991
0.008643288165330887
0.008492892608046532
0.008443504571914673
0.008387913927435875
0.00784990657120943
0.007880324497818947
0.007889335043728352
0.00748579204082489
0.007380811031907797
0.007393557578325272
0.006642241962254047
0.007035210728645325
0.007275599054992199
0.006301631219685078
0.005726661067456007
40.28860092163086
113.68449401855469
124.99562072753906
70.9070816040039
44.269203186035156
24.824464797973633
21.895572662353516
10.16879940032959
9.089147567749023
6.801787376403809
2.9082798957824707
1.9096946716308594
0.47697290778160095
-2.0739173889160156
-1.6396808624267578
-3.014230489730835
-3.2386791706085205
-3.409266233444214
-3.634575366973877
-3.8098177909851074
-4.015272617340088
-3.707573413848877
-4.340044975280762
-3.6494216918945312
-3.8539023399353027
-4.303042411804199
-3.35962176322937
-3.714038848876953
-3.2890753746032715
-2.8978002071380615
-3.5195350646972656
-3.0530214309692383
-2.433394193649292
-1.9984238147735596
-1.9336446523666382
-1.5849863290786743
-1.315114974975586
-0.22713668644428253
-0.5271180272102356
-0.22086183726787567
0.44095873832702637
0.05949084833264351
0.37564903497695923
1.1357719898223877
1.312497615814209
0.8403100967407227
1.9549782276153564
2.426379919052124
2.7651584148406982
2.7687950134277344
3.4722232818603516
3.1333975791931152
3.894739866256714
5.292317867279053
4.675280570983887
5.947501182556152
6.433570861816406
5.615945816040039
6.36241340637207
6.739495754241943
6.975367069244385
7.7223334312438965
7.48773717880249
8.094304084777832
8.391160011291504
9.51097583770752
9.753296852111816
9.916831970214844
11.031457901000977
11.03539752960205
11.07323932647705
11.707847595214844
12.526759147644043
13.23107624053955
13.125417709350586
13.819223403930664
13.982806205749512
14.775518417358398
15.352209091186523
15.029726028442383
15.366790771484375
16.001291275024414
16.060802459716797
16.301189422607422
17.026500701904297
16.588546752929688
17.515626907348633
16.944189071655273
17.909160614013672
19.569990158081055
19.913246154785156
20.460498809814453
20.04881477355957
20.46670913696289
21.221071243286133
22.132661819458008
21.283557891845703
23.066904067993164
23.49530792236328
23.239906311035156
22.869306564331055
16.122276306152344
-33.1639289855957
-28.6265926361084
-0.007039965130388737
-0.009262540377676487
-0.008590102195739746
-0.010421073995530605
-0.009612711146473885
-0.00818965770304203
-0.008842670358717442
-0.008679067716002464
-0.0076588839292526245
-0.008077836595475674
-0.007062443997710943
-0.007309562526643276
-0.0067283594980835915
-0.006532982923090458
-0.0056434618309140205
-0.006207072176039219
-0.005105216521769762
-0.005280757322907448
-0.00468344334512949
-0.003984216134995222
-0.003669333178550005
-0.003541689831763506
-0.003149439347907901
-0.0028542312793433666
-0.002246252028271556
-0.002009924966841936
-0.0014211817178875208
-0.0011159137357026339
-0.000626727007329464
-0.00012644131493289024
-0.0002920432307291776
0.0007054819725453854
0.0008088603499345481
0.0010240699630230665
0.0018656555330380797
0.00190929532982409
0.0022345068864524364
0.002802798990160227
0.003553026122972369
0.003536387113854289
0.002995932474732399
0.004355746321380138
0.004561598412692547
0.0051083797588944435
0.004963245242834091
0.005498390644788742
0.006051580421626568
0.005787463393062353
0.006484101060777903
0.00631080474704504
0.007081984076648951
0.006771928630769253
0.007345220539718866
0.008141783997416496
0.007149687968194485
0.007608461193740368
0.00879918783903122
0.007924651727080345
0.00855222623795271
0.008578900247812271
0.008499624207615852
0.008822578936815262
0.008755438029766083
0.00879877433180809
0.00924219936132431
0.009020166471600533
0.009145690128207207
0.0093755554407835
0.009315203875303268
0.009519828483462334
0.009105440229177475
0.009068595245480537
0.009793654084205627
0.008739214390516281
0.00957456137984991
0.0096320491284132
0.00845249928534031
0.009233023039996624
0.00872548297047615
0.00889446958899498
0.008694645948708057
0.008455869741737843
0.008450726978480816
0.00876571238040924
0.008259745314717293
0.007782749831676483
0.00782378576695919
0.007807733025401831
0.007502120919525623
0.007449893746525049
0.006937784608453512
0.007246538996696472
0.006464844103902578
0.006837672553956509
0.0064389510080218315
0.005799540784209967
13.556312561035156
84.57009887695312
104.1313705444336
56.814849853515625
33.433937072753906
21.387401580810547
17.95171356201172
7.543687343597412
7.241667747497559
3.811314821243286
0.35407236218452454
8.184909529518336e-05
-0.9627892374992371
-2.7274394035339355
-2.618152141571045
-3.0739986896514893
-3.574115753173828
-3.4352200031280518
-3.6219534873962402
-4.111282825469971
-4.166813850402832
-4.011218070983887
-4.084564685821533
-4.347396373748779
-3.6751017570495605
-3.973872423171997
-3.7686944007873535
-3.3553500175476074
-3.0565314292907715
-3.2969555854797363
-3.366136074066162
-2.9593238830566406
-2.451911211013794
-2.4203028678894043
-1.8388593196868896
-2.0482254028320312
-1.2137914896011353
-0.8739637136459351
-1.5355103015899658
-0.4666624069213867
-0.42856818437576294
-0.13539759814739227
0.7508321404457092
1.1306045055389404
1.004111886024475
1.0661548376083374
1.270677089691162
1.9322588443756104
2.764387369155884
3.0498833656311035
3.380056858062744
2.832624912261963
4.6685471534729
4.732079982757568
3.874194622039795
5.31912899017334
5.840737342834473
5.0632452964782715
5.890994548797607
5.800630569458008
6.535604000091553
7.06818151473999
7.145459175109863
7.812089443206787
9.099432945251465
8.977778434753418
8.99706745147705
9.231663703918457
9.514204025268555
10.848156929016113
11.54741096496582
10.994083404541016
11.723913192749023
11.732068061828613
12.070444107055664
12.858566284179688
12.977455139160156
13.730557441711426
13.131731986999512
14.144754409790039
14.94862174987793
15.57539176940918
16.287445068359375
16.072040557861328
16.86435317993164
16.733638763427734
17.77023696899414
18.319358825683594
18.535865783691406
19.389484405517578
19.954936981201172
20.194477081298828
20.161712646484375
20.21221923828125
21.3973331451416
22.358896255493164
22.945880889892578
22.416593551635742
22.514404296875
22.905927658081055
22.937686920166016
15.150364875793457
-29.837045669555664
-34.900413513183594
-0.006865353789180517
-0.009748788550496101
-0.008382624015212059
-0.010241465643048286
-0.009864975698292255
-0.008343194611370564
-0.008612938225269318
-0.008198199793696404
-0.00785805843770504
-0.007865838706493378
-0.007294635288417339
-0.006749259773641825
-0.006830319762229919
-0.006553707178682089
-0.0060770707204937935
-0.005763170309364796
-0.005262154154479504
-0.004780975170433521
-0.004843813367187977
-0.004122399725019932
-0.0036322560627013445
-0.0034159503411501646
-0.0031372844241559505
-0.0027822318952530622
-0.0022052722051739693
-0.0015572654083371162
-0.0017854750622063875
-0.0012499624863266945
-0.0005067835445515811
-0.00045078154653310776
-6.226508412510157e-05
0.0007628332241438329
0.001266890438273549
0.0009161768248304725
0.0020127270836383104
0.0018952481914311647
0.0025433592963963747
0.0029941201210021973
0.003067512298002839
0.003300689160823822
0.003801543265581131
0.004054454155266285
0.004612606950104237
0.005022022873163223
0.004952667281031609
0.005398535635322332
0.005751865450292826
0.006251323968172073
0.006521533243358135
0.006013850215822458
0.007307983003556728
0.006902663502842188
0.007073646876960993
0.007589139975607395
0.008111442439258099
0.007903560996055603
0.008154194802045822
0.008128908462822437
0.008199058473110199
0.00865720584988594
0.008484589867293835
0.008731839247047901
0.008977828547358513
0.009129343554377556
0.008903589099645615
0.009025891311466694
0.008906057104468346
0.00943942554295063
0.00910680741071701
0.009701298549771309
0.008825245313346386
0.009426804259419441
0.009197642095386982
0.009160804562270641
0.0094270845875144
0.008995854295790195
0.009425261057913303
0.009199172258377075
0.008812746964395046
0.008644061163067818
0.008780324831604958
0.008840835653245449
0.00845526996999979
0.008583683520555496
0.008005240932106972
0.008142207749187946
0.007994422689080238
0.007927117869257927
0.007658506743609905
0.007590136490762234
0.007105562835931778
0.00717964256182313
0.007224428467452526
0.006092347204685211
0.00641156081110239
0.005900542251765728
30.010873794555664
103.64835357666016
115.2322769165039
63.9373779296875
37.43651580810547
19.238069534301758
17.90266227722168
7.381718635559082
6.909928798675537
5.767352104187012
1.668097734451294
0.8607354164123535
-0.510945200920105
-1.8640835285186768
-2.6129088401794434
-3.352273941040039
-3.983905792236328
-3.981510639190674
-3.9628384113311768
-4.138685703277588
-4.229049205780029
-3.9834682941436768
-3.677842617034912
-3.9956612586975098
-4.079619407653809
-4.017270088195801
-4.298376560211182
-3.872358798980713
-3.005338191986084
-3.2362022399902344
-3.4881796836853027
-3.1985244750976562
-2.352020025253296
-2.367379665374756
-2.4380810260772705
-1.16470205783844
-1.6420170068740845
-1.8637068271636963
-1.4580519199371338
-0.9893687963485718
-0.44417762756347656
0.6611433029174805
1.4631938934326172
0.9150413274765015
0.9829357266426086
1.4740732908248901
1.569632887840271
2.277468204498291
3.727430820465088
3.5935215950012207
3.2668616771698
3.62101674079895
4.197453498840332
4.7494282722473145
5.090359687805176
5.132920265197754
5.378223419189453
7.073876857757568
7.0787553787231445
6.865697383880615
7.223621368408203
7.820780277252197
7.740637302398682
7.999993324279785
8.124428749084473
8.670947074890137
9.355372428894043
9.016251564025879
11.546952247619629
11.070746421813965
11.48707103729248
12.367776870727539
12.554180145263672
12.219700813293457
12.820521354675293
13.540362358093262
12.657739639282227
13.541053771972656
14.113374710083008
13.688992500305176
15.298480033874512
15.280088424682617
15.847753524780273
16.429061889648438
16.15500831604004
16.762773513793945
17.253643035888672
18.450456619262695
18.42613983154297
18.897945404052734
19.816083908081055
18.928539276123047
19.824581146240234
20.001375198364258
20.833040237426758
20.710193634033203
21.1932373046875
21.59854507446289
22.352046966552734
23.08359146118164
22.545345306396484
15.67259693145752
-36.96529006958008
-33.03727340698242
-0.006006655283272266
-0.00888381339609623
-0.008695128373801708
-0.010446147993206978
-0.009546874091029167
-0.008151224814355373
-0.008875623345375061
-0.008290239609777927
-0.007668726146221161
-0.007985725067555904
-0.0072759292088449
-0.006828860379755497
-0.006929178722202778
-0.006399994250386953
-0.005907586310058832
-0.005594669375568628
-0.005187150090932846
-0.0049669090658426285
-0.004623935557901859
-0.004158121533691883
-0.00357408937998116
-0.0034867338836193085
-0.0030051223002374172
-0.0027195285074412823
-0.0022836155258119106
-0.0015512688551098108
-0.0014221783494576812
-0.0006746006547473371
-0.0009506588103249669
-0.00030732774757780135
0.00030672355205751956
0.0006746717845089734
0.0008443270926363766
0.0014264433411881328
0.0018836390227079391
0.0019656287040561438
0.0023023050744086504
0.003115269588306546
0.0026892931200563908
0.003964054398238659
0.004183464217931032
0.004044354893267155
0.004746030550450087
0.004714317619800568
0.004976911004632711
0.006025858223438263
0.00529906153678894
0.006413524504750967
0.006224523298442364
0.00658394256606698
0.006608183495700359
0.006930779665708542
0.007105821277946234
0.007563760969787836
0.007846681401133537
0.007857886143028736
0.00820139516144991
0.008192694745957851
0.008176187053322792
0.008559217676520348
0.0086213368922472
0.009019658900797367
0.00841195322573185
0.009153744205832481
0.008559600450098515
0.009297799319028854
0.009220076724886894
0.009332704357802868
0.009161530062556267
0.009482478722929955
0.00950663723051548
0.009235003031790257
0.009305419400334358
0.00927271880209446
0.009430671110749245
0.008774511516094208
0.00936820637434721
0.008697519078850746
0.008940279483795166
0.009354205802083015
0.0084274522960186
0.008521783165633678
0.008817753754556179
0.008297101594507694
0.008322952315211296
0.008009528741240501
0.008175776340067387
0.00766752939671278
0.007429197430610657
0.007398354355245829
0.0073069194331765175
0.0071177720092237
0.0070368582382798195
0.006524933036416769
0.006319066975265741
0.006319166626781225
20.694427490234375
93.29461669921875
109.9383316040039
60.375221252441406
33.54435348510742
18.74203872680664
17.852890014648438
6.381176948547363
6.415213584899902
5.501425743103027
1.5960830450057983
1.0957062244415283
-0.5669584274291992
-2.597506046295166
-2.7328944206237793
-3.619736909866333
-3.8053736686706543
-4.01088809967041
-3.7383975982666016
-4.20199728012085
-4.129472732543945
-4.50490665435791
-4.406243324279785
-4.362944602966309
-4.274971008300781
-4.13448429107666
-4.305066108703613
-3.4219157695770264
-3.5982861518859863
-3.2050819396972656
-3.2708823680877686
-3.057814598083496
-2.679316282272339
-2.4627156257629395
-1.9752153158187866
-0.9860361814498901
-1.7568881511688232
-0.9973970651626587
-0.20542767643928528
-0.4359360635280609
0.626035213470459
0.5232723951339722
1.0222265720367432
0.9109901189804077
1.6139638423919678
1.543480634689331
1.931393027305603
2.782076120376587
2.575875759124756
2.784454822540283
3.6912434101104736
4.088034629821777
3.8083667755126953
4.278955936431885
4.6462812423706055
4.746528148651123
5.376038551330566
6.214028835296631
6.81049108505249
7.370445251464844
7.213068962097168
7.36118221282959
8.232403755187988
8.6985445022583
8.547602653503418
8.782429695129395
8.681447982788086
9.247025489807129
10.678650856018066
11.732892990112305
11.305848121643066
11.778844833374023
12.449618339538574
12.763867378234863
12.836282730102539
13.444920539855957
13.574322700500488
14.378946304321289
14.422322273254395
14.833135604858398
15.31129264831543
15.096074104309082
16.049785614013672
16.684656143188477
16.611774444580078
16.766979217529297
17.28253173828125
18.032032012939453
19.673864364624023
19.481815338134766
19.876968383789062
19.811962127685547
20.587955474853516
20.007770538330078
21.638286590576172
21.99771499633789
22.399845123291016
22.399866104125977
22.387880325317383
22.399282455444336
21.75790786743164
16.304147720336914
-32.28736114501953
-28.2770938873291
-0.007268134504556656
-0.009467054158449173
-0.008086172863841057
-0.010601567104458809
-0.009648962877690792
-0.008097327314317226
-0.008901073597371578
-0.00858653336763382
-0.0075650387443602085
-0.00816413201391697
-0.007355055306106806
-0.0070237950421869755
-0.006911705248057842
-0.006482780911028385
-0.006010426674038172
-0.005789493676275015
-0.005305808503180742
-0.0050659640692174435
-0.004451065324246883
-0.0041859084740281105
-0.0035562440752983093
-0.0037505612708628178
-0.0029526057187467813
-0.002957132877781987
-0.0021061052102595568
-0.002087608678266406
-0.0010826465440914035
-0.0011242000618949533
-0.0007170820608735085
-7.762030872981995e-05
0.0001963857066584751
0.000545589835382998
0.0010883465874940157
0.0010427895467728376
0.0017287485534325242
0.002244839444756508
0.0023541110567748547
0.002872338518500328
0.0032226149924099445
0.0033275585155934095
0.003953215666115284
0.00431517418473959
0.004348468035459518
0.005141648463904858
0.005156876053661108
0.005716125015169382
0.005399179644882679
0.006041805259883404
0.006357924547046423
0.006685599684715271
0.0065640234388411045
0.006943204905837774
0.007263399660587311
0.0075572156347334385
0.008025165647268295
0.007539782673120499
0.008188461884856224
0.008455288596451283
0.008358693681657314
0.008589424192905426
0.008880638517439365
0.008233033120632172
0.009105559438467026
0.008755193091928959
0.00894811563193798
0.009196335449814796
0.009125666692852974
0.009440516121685505
0.009181687608361244
0.009393236599862576
0.009260022081434727
0.009406733326613903
0.00942123681306839
0.008924469351768494
0.009511660784482956
0.009204733185470104
0.008663799613714218
0.009462995454668999
0.008453508839011192
0.008755831979215145
0.008817857131361961
0.008776546455919743
0.008574244566261768
0.008565226569771767
0.008393057622015476
0.008013300597667694
0.008238712325692177
0.0076421089470386505
0.007945575751364231
0.007308389060199261
0.007437442895025015
0.007320498116314411
0.006734361406415701
0.006349282804876566
0.006425774190574884
0.006473473273217678
39.86554718017578
112.97794342041016
124.45951843261719
71.01341247558594
44.53427505493164
28.761486053466797
23.320676803588867
9.315241813659668
7.063851833343506
5.458736896514893
0.9382351636886597
0.7633832693099976
-0.3964061141014099
-2.9359917640686035
-1.8412272930145264
-3.174394130706787
-3.0714316368103027
-3.294633388519287
-3.715000629425049
-4.033524990081787
-3.8362560272216797
-4.016632080078125
-4.13545560836792
-3.755098819732666
-3.8209757804870605
-3.6091113090515137
-3.4248604774475098
-3.4994499683380127
-3.113164186477661
-3.1768078804016113
-2.958920955657959
-2.8303232192993164
-2.364422559738159
-2.195152521133423
-1.7882518768310547
-1.2602591514587402
-1.2219047546386719
-0.4372365474700928
-0.15061728656291962
-0.26966750621795654
0.18966352939605713
-0.40087905526161194
0.6919800043106079
1.7156963348388672
1.988959550857544
2.148951768875122
2.2090718746185303
2.8606882095336914
2.431013584136963
2.911527156829834
4.063549995422363
4.0242390632629395
4.752491474151611
4.576508522033691
4.524147987365723
5.410582542419434
5.369085788726807
5.008240699768066
6.398421287536621
6.708914279937744
7.389975070953369
7.390743255615234
8.424967765808105
9.55201530456543
9.12051010131836
9.938596725463867
9.84459400177002
10.000555992126465
9.89680290222168
10.797338485717773
11.187650680541992
11.264127731323242
11.306675910949707
11.077470779418945
12.451397895812988
13.114840507507324
13.875801086425781
13.946927070617676
13.633779525756836
14.354089736938477
15.491070747375488
16.571020126342773
16.214035034179688
16.559051513671875
17.257680892944336
17.77039909362793
18.186954498291016
18.831974029541016
19.46943473815918
19.224245071411133
21.081199645996094
20.59524154663086
20.621532440185547
21.687198638916016
21.47628402709961
21.383434295654297
21.97885513305664
22.520301818847656
22.688791275024414
23.542552947998047
22.93047332763672
16.052600860595703
-32.81669998168945
-30.003021240234375
-0.00670998077839613
-0.00906757079064846
-0.008462255820631981
-0.010649841278791428
-0.009406641125679016
-0.008269335143268108
-0.009085792116820812
-0.008432612754404545
-0.007401471026241779
-0.00809509214013815
-0.007573726586997509
-0.006353030446916819
-0.007141329348087311
-0.00632255245000124
-0.006170851178467274
-0.0053467703983187675
-0.005518964026123285
-0.004722308367490768
-0.0045932019129395485
-0.004034438170492649
-0.003941763658076525
-0.003301602555438876
-0.0033675208687782288
-0.0024047549813985825
-0.0022392168175429106
-0.002366237808018923
-0.0010303417220711708
-0.0011292236158624291
-0.0007581297541037202
7.289424684131518e-05
2.6375822926638648e-05
0.00043791477219201624
0.0009157973108813167
0.0014335144078359008
0.001880468102172017
0.0019125953549519181
0.0026130490005016327
0.002944593084976077
0.003273921785876155
0.0034842845052480698
0.0038156635127961636
0.004096727352589369
0.00466513354331255
0.004928950220346451
0.004603540059179068
0.005610000807791948
0.005790958181023598
0.005923887249082327
0.006525515113025904
0.006238745525479317
0.007057624869048595
0.007021727506071329
0.007102747913450003
0.007627441547811031
0.007699035108089447
0.007966926321387291
0.008028521202504635
0.008416613563895226
0.00828185398131609
0.008331271819770336
0.008613099344074726
0.008935227058827877
0.008730439469218254
0.008754023350775242
0.009307227097451687
0.009009100496768951
0.008966667577624321
0.008861993439495564
0.009153407998383045
0.009336715564131737
0.009498721919953823
0.009261106140911579
0.009133596904575825
0.008802585303783417
0.009083675220608711
0.00949103757739067
0.009394940920174122
0.008681717328727245
0.00863724760711193
0.008639229461550713
0.009318321011960506
0.008119658567011356
0.008801551535725594
0.008268008939921856
0.00819469429552555
0.00788399949669838
0.007819416001439095
0.007502197287976742
0.0076198154129087925
0.0074536302126944065
0.006969708018004894
0.007152891252189875
0.0068721892312169075
0.006514598615467548
0.006522210780531168
0.0059064822271466255
13.136106491088867
83.74919891357422
103.21529388427734
55.89674758911133
33.05534744262695
20.227556228637695
17.367584228515625
7.319864749908447
7.33151388168335
4.621829032897949
0.9407184720039368
0.4642661213874817
-0.6497964859008789
-2.499966621398926
-2.7157797813415527
-3.2262604236602783
-4.004489898681641
-3.6707444190979004
-3.750825881958008
-4.363635063171387
-4.072927951812744
-4.333129405975342
-4.027932643890381
-4.2783894538879395
-3.339702606201172
-3.8175525665283203
-3.3663883209228516
-3.6633973121643066
-3.4188640117645264
-2.8636248111724854
-3.2732009887695312
-2.444277048110962
-2.4082818031311035
-2.576267957687378
-1.706886649131775
-1.9330930709838867
-1.1217080354690552
-0.28554192185401917
-0.7459532022476196
-0.4703144133090973
0.9718717336654663
-0.40284013748168945
1.5989210605621338
1.1333776712417603
0.7578779458999634
2.1784181594848633
1.2572075128555298
2.1981635093688965
2.9123685359954834
3.366650104522705
3.4423165321350098
3.05940580368042
4.952460289001465
5.3003435134887695
4.829938888549805
5.950713634490967
5.451433181762695
5.882694244384766
7.209223747253418
6.759819030761719
6.600649833679199
7.960633277893066
6.8701066970825195
8.270292282104492
8.303799629211426
9.78663444519043
9.783110618591309
9.874343872070312
10.639679908752441
11.009102821350098
11.164945602416992
11.711402893066406
11.66730785369873
12.803079605102539
12.008262634277344
12.134048461914062
12.403026580810547
13.487859725952148
14.358586311340332
14.765890121459961
15.280346870422363
15.682256698608398
14.809476852416992
16.258056640625
16.836210250854492
17.573986053466797
18.236913681030273
17.99277687072754
18.454254150390625
19.62291717529297
19.537425994873047
19.38576889038086
20.258150100708008
20.168682098388672
20.308063507080078
21.289262771606445
21.962936401367188
22.554880142211914
22.787832260131836
22.742868423461914
22.747325897216797
16.362611770629883
-32.751380920410156
-27.541112899780273
-0.006877646781504154
-0.009415904060006142
-0.007860701531171799
-0.010693168267607689
-0.009394070133566856
-0.008096965961158276
-0.008801944553852081
-0.008692930452525616
-0.007677711546421051
-0.007752828299999237
-0.0073236627504229546
-0.0067225173115730286
-0.007019469980150461
-0.006364286877214909
-0.005933899898082018
-0.006024826318025589
-0.005064346361905336
-0.004907193593680859
-0.004738891962915659
-0.0036881775595247746
-0.0038592603523284197
-0.0034010603558272123
-0.0029734259005635977
-0.002497487235814333
-0.0023365234956145287
-0.0018267991254106164
-0.001411515986546874
-0.0009227278642356396
-0.0008690563845448196
-5.9059566410724074e-05
-1.8537184587330557e-05
0.000582073989789933
0.0007402087794616818
0.0013676625676453114
0.0017882740357890725
0.002010839758440852
0.002585770096629858
0.0027344455011188984
0.0032607708126306534
0.003512132912874222
0.003831292036920786
0.004178203642368317
0.004395938478410244
0.004784471355378628
0.005179715342819691
0.005358240567147732
0.005507846362888813
0.005972972605377436
0.006308669690042734
0.006234313361346722
0.0069014630280435085
0.006954709533601999
0.007316317409276962
0.007280907593667507
0.008088368922472
0.007721844129264355
0.008272692561149597
0.008202852681279182
0.008214518427848816
0.008729008957743645
0.008730167523026466
0.008572403341531754
0.008841429837048054
0.008981995284557343
0.009253422729671001
0.009209362789988518
0.008998481556773186
0.009440349414944649
0.008965210057795048
0.009375518187880516
0.009256402961909771
0.009388498030602932
0.009288196451961994
0.009054922498762608
0.009569570422172546
0.008713645860552788
0.009641137905418873
0.009223905391991138
0.0086390171200037
0.008817581459879875
0.008548151701688766
0.008682635612785816
0.008777569979429245
0.00803403276950121
0.008654664270579815
0.007949477061629295
0.007748433388769627
0.007877293974161148
0.007750086486339569
0.007425860967487097
0.006880722939968109
0.007252162788063288
0.0069842711091041565
0.00684432964771986
0.005737722851336002
0.0064000776037573814
29.82804298400879
102.96270751953125
117.17582702636719
64.94889831542969
36.624935150146484
17.133502960205078
18.04334259033203
7.3894805908203125
6.64962100982666
7.074803352355957
3.3774218559265137
2.0220375061035156
1.0106686353683472
-1.3449158668518066
-1.8209422826766968
-2.574794054031372
-3.4309935569763184
-3.857041835784912
-4.068502902984619
-3.9292244911193848
-4.172666549682617
-3.7826359272003174
-4.010275840759277
-4.467469215393066
-3.530406951904297
-3.8833229541778564
-3.955169677734375
-3.5956013202667236
-3.6592230796813965
-3.210850238800049
-3.108633279800415
-2.3647258281707764
-2.570189952850342
-2.1085596084594727
-1.615264654159546
-0.7568880319595337
-1.5105301141738892
-1.1827292442321777
-0.326907753944397
0.06458289921283722
-0.6678775548934937
0.12990765273571014
1.033686637878418
0.7341771721839905
1.0125895738601685
2.2837228775024414
2.4507222175598145
2.340986967086792
3.66078519821167
3.353178024291992
2.6472268104553223
3.7116026878356934
3.9990744590759277
4.522756099700928
4.947475433349609
5.798218727111816
5.814148426055908
6.1709184646606445
6.279834270477295
7.4565110206604
7.404914855957031
7.539912223815918
8.508543014526367
8.399694442749023
8.94256591796875
8.608972549438477
8.589393615722656
10.11073112487793
10.648820877075195
11.120821952819824
11.542474746704102
11.3831205368042
11.995620727539062
12.19939136505127
12.389432907104492
12.565916061401367
13.339428901672363
14.658439636230469
14.584460258483887
14.671908378601074
15.60010051727295
15.727151870727539
16.480731964111328
16.955726623535156
17.048465728759766
16.72606658935547
17.775165557861328
18.174360275268555
17.937164306640625
18.158493041992188
18.95752716064453
19.76941680908203
20.81980323791504
21.29918098449707
21.114755630493164
21.618715286254883
22.098987579345703
21.93498992919922
22.077838897705078
23.229345321655273
22.474903106689453
16.71725082397461
-31.57954978942871
-30.150949478149414
-0.0072897314094007015
-0.009387117810547352
-0.00824406836181879
-0.010334550403058529
-0.009792307391762733
-0.008023085072636604
-0.009047821164131165
-0.008083615452051163
-0.007928936742246151
-0.008102146908640862
-0.007083984557539225
-0.006927416659891605
-0.006874787621200085
-0.006159935146570206
-0.006028065923601389
-0.005438405089080334
-0.005433071870356798
-0.0050775534473359585
-0.0046943845227360725
-0.004142621532082558
-0.0035748761147260666
-0.0035217194817960262
-0.0032448633573949337
-0.0023506623692810535
-0.002730515319854021
-0.0015030924696475267
-0.0014007887803018093
-0.0011310720583423972
-0.0005113015649840236
-0.00035775441210716963
0.0001619752001715824
0.0007767201750539243
0.0009906267514452338
0.0010494717862457037
0.0015201852656900883
0.0022890311665832996
0.002331805881112814
0.0025450713001191616
0.0033652286510914564
0.0037065253127366304
0.0037760294508188963
0.004221355076879263
0.0045543210580945015
0.005115962121635675
0.005110116209834814
0.005587521940469742
0.005596783943474293
0.0060296510346233845
0.006440131459385157
0.006685545202344656
0.006824383977800608
0.007014627568423748
0.007368274033069611
0.007743907161056995
0.00739380344748497
0.008247507736086845
0.008135429583489895
0.007906300015747547
0.008785970509052277
0.008259487338364124
0.008608930744230747
0.008937740698456764
0.008681758306920528
0.008968377485871315
0.008909979835152626
0.009330176748335361
0.009403744712471962
0.009185205213725567
0.00912045780569315
0.009377839975059032
0.009165311232209206
0.00911741703748703
0.009633944369852543
0.009477803483605385
0.009222548454999924
0.009139436297118664
0.00884073507040739
0.009264691732823849
0.008993980474770069
0.00866062380373478
0.008682569488883018
0.00849077571183443
0.008412608876824379
0.008374383673071861
0.008405974134802818
0.00809950940310955
0.0077349720522761345
0.0077765705063939095
0.007426851894706488
0.007264224346727133
0.0073335967026650906
0.007178080268204212
0.006943286396563053
0.006648768670856953
0.00641938392072916
0.006261480040848255
20.61429214477539
93.77845001220703
110.846435546875
61.18505096435547
36.82149887084961
23.351688385009766
19.430055618286133
5.896516799926758
4.152044773101807
3.2518699169158936
-0.7937072515487671
-0.7031874656677246
-1.144004464149475
-3.4471282958984375
-2.8483595848083496
-3.232053279876709
-4.296526908874512
-3.97331166267395
-4.3851094245910645
-4.118039608001709
-4.242594242095947
-4.111558437347412
-4.2638678550720215
-3.8559558391571045
-3.716114044189453
-3.6675028800964355
-3.546119213104248
-3.8150475025177
-3.3453876972198486
-2.8617920875549316
-2.827871084213257
-2.7838408946990967
-1.6958801746368408
-2.2397730350494385
-2.3010380268096924
-0.8510761260986328
-1.5834977626800537
-0.5144442915916443
0.08783592283725739
-0.7678887248039246
0.09347554296255112
0.13801366090774536
0.8406386375427246
1.2177655696868896
1.6315810680389404
2.0667757987976074
1.377751111984253
2.1982948780059814
3.3554630279541016
3.42256236076355
3.7528083324432373
4.269975185394287
4.56673526763916
5.384101867675781
4.954439163208008
5.857467174530029
6.476195335388184
7.006182670593262
7.327142238616943
5.944593906402588
8.07429313659668
7.860188961029053
8.118345260620117
8.956721305847168
9.060842514038086
8.838857650756836
9.46051025390625
9.932132720947266
10.581762313842773
11.233091354370117
11.640247344970703
12.287632942199707
12.05263614654541
12.626574516296387
13.261250495910645
13.21971607208252
13.499903678894043
13.47271728515625
14.92939567565918
14.533346176147461
15.020588874816895
15.369961738586426
15.88231086730957
16.333843231201172
16.188968658447266
16.501197814941406
16.72861099243164
17.85355567932129
18.331186294555664
18.4686222076416
19.14297866821289
19.24135971069336
19.785627365112305
21.10880470275879
21.28797721862793
21.519378662109375
21.220088958740234
22.731082916259766
22.693815231323242
22.959674835205078
22.198482513427734
16.04412841796875
-31.621021270751953
-27.42776107788086
-0.007381579838693142
-0.009251100942492485
-0.008284138515591621
-0.01060341577976942
-0.009648235514760017
-0.008143335580825806
-0.008816588670015335
-0.008595176041126251
-0.007711122278124094
-0.008140577003359795
-0.007470318581908941
-0.006739038974046707
-0.006941006984561682
-0.006686392240226269
-0.005563289392739534
-0.0062311566434800625
-0.005328370723873377
-0.004899383056908846
-0.004679971374571323
-0.003856709925457835
-0.003752516582608223
-0.003662665141746402
-0.0029798937030136585
-0.0026064864359796047
-0.002214468317106366
-0.0017163105076178908
-0.0013901419006288052
-0.0010678560938686132
-0.00047758285654708743
-0.00036996713606640697
-0.00016056436288636178
0.0010578123619779944
0.0009268810972571373
0.0012266285484656692
0.0016837837174534798
0.0019529632991179824
0.0024169033858925104
0.002950133988633752
0.0030525000765919685
0.0034291758202016354
0.004048706032335758
0.004232815466821194
0.004378913901746273
0.004667582921683788
0.005234011448919773
0.005599338561296463
0.0058544776402413845
0.005957816727459431
0.006460168398916721
0.006088503170758486
0.007168765179812908
0.006851626094430685
0.007673022337257862
0.007494404911994934
0.007285165600478649
0.007796815130859613
0.007989460602402687
0.008163155987858772
0.008646040223538876
0.008595990017056465
0.008488215506076813
0.008738034404814243
0.009340052492916584
0.008821738883852959
0.00926936324685812
0.00895323883742094
0.00915532000362873
0.009443535469472408
0.009102696552872658
0.0093143405392766
0.00889948196709156
0.009332935325801373
0.009209869429469109
0.008819738402962685
0.009263725951313972
0.009156433865427971
0.009352538734674454
0.008945124223828316
0.009012235328555107
0.00862567313015461
0.008897868916392326
0.008493619039654732
0.008694171905517578
0.008259032852947712
0.008190661668777466
0.008137605153024197
0.00814229715615511
0.007502278778702021
0.007910913787782192
0.00778159499168396
0.007177378050982952
0.007348170969635248
0.0065239062532782555
0.0071822525933384895
0.0064521171152591705
0.0061763133853673935
20.666332244873047
92.794189453125
110.14949035644531
60.14409255981445
33.555809020996094
23.43210792541504
20.28104019165039
6.890883445739746
5.5428853034973145
4.872300624847412
0.5546517968177795
-0.022125553339719772
-0.35069337487220764
-2.4226341247558594
-2.656524658203125
-3.1163852214813232
-3.7555575370788574
-4.199197769165039
-3.602480411529541
-4.1996564865112305
-3.860227108001709
-3.862902879714966
-4.574525356292725
-4.381405830383301
-4.464402198791504
-3.9084038734436035
-3.223947525024414
-3.709503173828125
-3.2085788249969482
-3.2033143043518066
-3.3081138134002686
-2.404445171356201
-2.5702474117279053
-2.219224452972412
-2.0180649757385254
-1.3875993490219116
-1.2852424383163452
-0.49330073595046997
-0.7376512289047241
-0.03537748381495476
0.30027416348457336
-0.410910040140152
-0.11891019344329834
1.3585726022720337
2.0956954956054688
1.4312787055969238
2.1110281944274902
2.167017698287964
2.3797357082366943
2.653876543045044
4.602933883666992
4.970188140869141
4.3969645500183105
5.176568031311035
5.520282745361328
4.483461380004883
6.083209037780762
5.027788162231445
6.571130275726318
6.802026271820068
6.261736869812012
8.246644973754883
8.612412452697754
8.355031967163086
8.9686279296875
8.98553466796875
9.892406463623047
9.851152420043945
10.547892570495605
10.298759460449219
11.583057403564453
10.932271957397461
11.589363098144531
11.977046012878418
12.136120796203613
13.185060501098633
12.63166618347168
14.146730422973633
14.056169509887695
14.495538711547852
15.421630859375
15.213228225708008
15.461039543151855
17.26980972290039
17.375225067138672
17.747913360595703
17.52269744873047
17.487306594848633
17.840229034423828
18.602989196777344
18.893787384033203
20.261451721191406
20.24741554260254
20.815967559814453
21.201309204101562
21.751361846923828
22.322772979736328
22.681293487548828
23.895694732666016
23.979209899902344
22.159400939941406
16.43629264831543
-31.74361801147461
-29.951608657836914
-0.007468767464160919
-0.009004538878798485
-0.008357335813343525
-0.010399183258414268
-0.009689072147011757
-0.008016680367290974
-0.008726553991436958
-0.008582706563174725
-0.007488998584449291
-0.008136551827192307
-0.006830018945038319
-0.007159879896789789
-0.006904818117618561
-0.00611617648974061
-0.006040624342858791
-0.005431829020380974
-0.005427022464573383
-0.00486989039927721
-0.004522886127233505
-0.004303107503801584
-0.004042559769004583
-0.0033072070218622684
-0.0030967406928539276
-0.002677932847291231
-0.0021067392081022263
-0.001701047644019127
-0.0013385431375354528
-0.0012878794223070145
-0.0005486711161211133
-0.00044590086326934397
-0.00010320192814106122
0.0009476568666286767
0.001099440036341548
0.0010600488167256117
0.002097515156492591
0.0021558015141636133
0.0025514275766909122
0.0029696591664105654
0.0030101784504950047
0.00379159115254879
0.003673757892102003
0.004129464738070965
0.004807283170521259
0.004930686205625534
0.005299053620547056
0.005326868034899235
0.005508539732545614
0.006392973009496927
0.0063297199085354805
0.006406612694263458
0.00664880033582449
0.007168108131736517
0.006998593453317881
0.007346966303884983
0.008037887513637543
0.007435531821101904
0.007944082841277122
0.008367680944502354
0.008048130199313164
0.00876649096608162
0.008520382456481457
0.009073778986930847
0.008814489468932152
0.008942545391619205
0.009225434623658657
0.0093722864985466
0.009369269013404846
0.009299605153501034
0.008819451555609703
0.009584041312336922
0.009242765605449677
0.009042613208293915
0.009390372782945633
0.009668389335274696
0.009003077633678913
0.009339964017271996
0.009088934399187565
0.008963250555098057
0.009059818461537361
0.009038588032126427
0.008599497377872467
0.009276606142520905
0.008301175199449062
0.008537511341273785
0.008763770572841167
0.007701729889959097
0.00801207683980465
0.008104480803012848
0.0070268539711833
0.007846413180232048
0.007374707609415054
0.007062201388180256
0.007006394676864147
0.0062540569342672825
0.006502515636384487
0.00643940269947052
12.947776794433594
82.63936614990234
103.01824951171875
55.21076202392578
30.010873794555664
21.05724334716797
17.987775802612305
5.153505802154541
4.4876484870910645
3.315481185913086
-0.2689824104309082
0.184501051902771
-1.056885838508606
-2.7216758728027344
-2.495774507522583
-2.951812505722046
-3.8675246238708496
-3.6286461353302
-3.9795596599578857
-4.344794273376465
-3.9779560565948486
-4.133790493011475
-4.2575907707214355
-4.016383171081543
-4.344672679901123
-4.70964241027832
-3.4309334754943848
-3.872946262359619
-3.4423553943634033
-3.417529344558716
-2.772477149963379
-2.19018816947937
-2.641061305999756
-2.5709986686706543
-1.7590548992156982
-1.2110366821289062
-1.3992364406585693
-0.6213518977165222
-0.38984233140945435
-0.7166302800178528
0.45613962411880493
0.3912002742290497
0.7619658708572388
0.33897897601127625
2.1335108280181885
1.5063855648040771
1.4521758556365967
3.396296262741089
2.625365734100342
2.978529453277588
3.9976463317871094
3.9983928203582764
3.7447056770324707
5.290009498596191
5.126176357269287
4.94854211807251
5.627419948577881
6.164728164672852
5.712640285491943
6.5168609619140625
7.036930084228516
7.968115329742432
9.351139068603516
8.705068588256836
8.945600509643555
9.567811965942383
9.731937408447266
10.583937644958496
10.643969535827637
10.348395347595215
10.483141899108887
10.844789505004883
11.165681838989258
12.389352798461914
12.524009704589844
13.11011028289795
14.202420234680176
14.119921684265137
13.537946701049805
14.632308959960938
15.628936767578125
16.506725311279297
16.923664093017578
16.82981300354004
17.314144134521484
17.34071922302246
18.58588409423828
18.849212646484375
18.676427841186523
19.31594467163086
19.594213485717773
20.291961669921875
20.53554916381836
20.966556549072266
21.4265079498291
22.640005111694336
23.921937942504883
23.817455291748047
23.056682586669922
24.324129104614258
22.189178466796875
15.590141296386719
-33.09417724609375
-30.864864349365234
-0.006838523782789707
-0.009371787309646606
-0.008544732816517353
-0.010433726944029331
-0.009222002699971199
-0.008455382660031319
-0.00893725547939539
-0.008203832432627678
-0.007431723177433014
-0.008178037591278553
-0.007145144045352936
-0.0069649964570999146
-0.006749446038156748
-0.006543673574924469
-0.005856975447386503
-0.0057957107201218605
-0.004998340737074614
-0.004992893431335688
-0.004577227868139744
-0.004114644601941109
-0.0035780048929154873
-0.003760987427085638
-0.002848593983799219
-0.0026516641955822706
-0.002459219191223383
-0.0016245389124378562
-0.0011536398669704795
-0.0011574090458452702
-0.0003417222178541124
-0.0002022988919634372
3.440121508901939e-05
0.000642971892375499
0.0007551104063168168
0.0012336090439930558
0.0016841195756569505
0.0020320392213761806
0.0025655017234385014
0.0026321520563215017
0.0032036539632827044
0.003902323544025421
0.0036416437942534685
0.004104378633201122
0.004901541862636805
0.004579203203320503
0.005334231071174145
0.005604221019893885
0.005919822491705418
0.005950546823441982
0.006153197027742863
0.006566156633198261
0.006899159401655197
0.00675501162186265
0.007301720324903727
0.008123796433210373
0.0073750815354287624
0.007862120866775513
0.008033842779695988
0.00804644450545311
0.008813709020614624
0.008212114684283733
0.00869978778064251
0.008885292336344719
0.00856236182153225
0.009181656874716282
0.00904406514018774
0.009234169498085976
0.009149016812443733
0.008896728977560997
0.009556750766932964
0.009214374236762524
0.00927862711250782
0.008826707489788532
0.009351429529488087
0.008934189565479755
0.009279737249016762
0.009124593809247017
0.009351076558232307
0.008795538917183876
0.008908584713935852
0.008801733143627644
0.00883821677416563
0.008389228954911232
0.008665850386023521
0.0084396842867136
0.00838171225041151
0.00833493284881115
0.007760931737720966
0.00795888714492321
0.007654999382793903
0.007307304535061121
0.007344720419496298
0.006732995621860027
0.0068582817912101746
0.006547541823238134
0.006828126963227987
0.0060659414157271385
20.909549713134766
93.50775146484375
111.21435546875
61.941925048828125
35.51689529418945
26.589929580688477
21.524139404296875
8.185559272766113
6.956744194030762
3.9555554389953613
0.3779730200767517
0.23104257881641388
-0.956775963306427
-2.708681583404541
-2.399848699569702
-3.2054221630096436
-3.473888397216797
-3.3288307189941406
-4.059502124786377
-4.176398277282715
-3.8338122367858887
-3.940157651901245
-4.055804252624512
-4.163515090942383
-4.183794021606445
-3.904906749725342
-3.704206943511963
-3.572086811065674
-3.7641196250915527
-3.156705617904663
-2.9681954383850098
-2.585843563079834
-2.606224536895752
-2.4177944660186768
-2.343374729156494
-2.155242443084717
-1.0837459564208984
0.022299688309431076
-0.6217826008796692
-0.07960337400436401
0.3441729247570038
-0.1549607664346695
0.7876697778701782
1.0609362125396729
1.023552656173706
1.695121169090271
2.453840970993042
2.507763624191284
2.728882312774658
3.1576573848724365
3.4634735584259033
3.573209047317505
3.8829498291015625
5.376919269561768
4.773606300354004
6.041166305541992
6.277706623077393
6.040433406829834
6.625370979309082
6.479645729064941
7.290090084075928
8.387733459472656
8.147029876708984
9.013113021850586
9.290700912475586
8.709145545959473
9.611383438110352
9.957311630249023
10.72096061706543
10.988110542297363
11.244173049926758
11.986610412597656
12.075705528259277
12.279666900634766
12.08953857421875
13.39276123046875
13.612627983093262
13.929303169250488
14.440831184387207
14.352261543273926
14.543106079101562
14.65392780303955
15.758708000183105
16.82323455810547
16.48192024230957
17.385894775390625
18.155521392822266
18.740570068359375
18.988445281982422
18.702939987182617
19.775678634643555
19.720783233642578
20.373655319213867
20.752796173095703
21.851200103759766
21.986812591552734
22.743824005126953
22.131196975708008
22.352643966674805
23.489055633544922
22.423431396484375
16.103469848632812
-32.29871368408203
-29.28879737854004
-0.006783717777580023
-0.00959288515150547
-0.00807998888194561
-0.010606307536363602
-0.009660838171839714
-0.007986892014741898
-0.009044051170349121
-0.008343731984496117
-0.00785322580486536
-0.008009732700884342
-0.007047862745821476
-0.007009010761976242
-0.006718033459037542
-0.006428088992834091
-0.00610180152580142
-0.005475231911987066
-0.005390375852584839
-0.004942920990288258
-0.004631015472114086
-0.004042300395667553
-0.0037311906926333904
-0.00363926962018013
-0.0029602409340441227
-0.0026344305370002985
-0.002203262411057949
-0.0019003432244062424
-0.001097248401492834
-0.0013481348287314177
-0.0007192151388153434
-8.884970884537324e-05
1.8135295249521732e-05
0.0002946500026155263
0.0015053662937134504
0.0009805569425225258
0.0016334237297996879
0.0022958707995712757
0.0023039940278977156
0.0026506860740482807
0.003625445533543825
0.0034234258346259594
0.003944762051105499
0.0040140352211892605
0.004799789749085903
0.00461179856210947
0.005333487875759602
0.005328499712049961
0.005752311088144779
0.005923064425587654
0.006260937545448542
0.006502332631498575
0.00690460717305541
0.006934196688234806
0.00735467066988349
0.007994182407855988
0.007324411068111658
0.007838545367121696
0.008276513777673244
0.008187947794795036
0.008043955080211163
0.008636385202407837
0.008591280318796635
0.008729694411158562
0.00903935544192791
0.008953426964581013
0.008946893736720085
0.009121053852140903
0.008811825886368752
0.009539207443594933
0.00910206139087677
0.009206200949847698
0.009546838700771332
0.009256786666810513
0.009306401014328003
0.009526380337774754
0.009374101646244526
0.009068237617611885
0.009074617177248001
0.009218396618962288
0.008880911394953728
0.008884635753929615
0.00861747283488512
0.008844202384352684
0.008815675973892212
0.008335497230291367
0.008221356198191643
0.00811595655977726
0.00800471380352974
0.007526739034801722
0.00819975696504116
0.007042062934488058
0.007143976632505655
0.007453933358192444
0.006770648993551731
0.006788505706936121
0.006280927453190088
0.006022125482559204
12.992526054382324
83.54400634765625
103.4655532836914
56.05120086669922
31.079687118530273
23.512409210205078
18.912097930908203
6.41271448135376
5.419861793518066
3.2669806480407715
-0.02824123576283455
-0.0734824389219284
-1.2581417560577393
-3.414349317550659
-2.116267442703247
-3.3860344886779785
-3.8261890411376953
-3.6684181690216064
-3.9622302055358887
-3.7726142406463623
-3.4868228435516357
-4.0619611740112305
-4.096349716186523
-4.155776500701904
-4.664750576019287
-3.946215867996216
-4.06384801864624
-3.791015148162842
-3.4982123374938965
-2.9733567237854004
-3.6808032989501953
-2.7572367191314697
-2.7784152030944824
-1.8539797067642212
-2.039611339569092
-2.088841676712036
-1.526720643043518
-0.9655842781066895
-0.27090245485305786
-0.0931638851761818
-0.5564900040626526
-0.42242106795310974
0.5675690174102783
1.444035530090332
1.2481180429458618
2.2662675380706787
2.9394803047180176
2.3757054805755615
2.7130699157714844
3.0625317096710205
3.3964781761169434
4.067060470581055
4.4324541091918945
4.7204909324646
4.768105983734131
5.199097633361816
5.943796157836914
6.6106767654418945
6.40588903427124
6.158155918121338
7.390139579772949
7.7358245849609375
7.965249061584473
8.905255317687988
8.794889450073242
9.023507118225098
9.891889572143555
10.076430320739746
11.19579792022705
11.344693183898926
11.759724617004395
12.45495319366455
11.497072219848633
12.40915584564209
12.856016159057617
13.27473258972168
13.154302597045898
13.750554084777832
14.96955394744873
14.990119934082031
15.098806381225586
16.614389419555664
16.571754455566406
16.5541934967041
17.265920639038086
17.67022705078125
17.717880249023438
18.797027587890625
19.05983543395996
19.661727905273438
19.734996795654297
20.549514770507812
21.475475311279297
20.723739624023438
21.174732208251953
21.490079879760742
21.653453826904297
23.287532806396484
24.27353858947754
23.732072830200195
22.6966609954834
15.9505033493042
-35.213478088378906
-25.306034088134766
-0.007451255805790424
-0.009687655605375767
-0.0078022899106144905
-0.010622624307870865
-0.00963827408850193
-0.008101754821836948
-0.009056384675204754
-0.008436627686023712
-0.00769549235701561
-0.00813921820372343
-0.007227757479995489
-0.006805982440710068
-0.006901554763317108
-0.006208126433193684
-0.006275361869484186
-0.005694940686225891
-0.0054400344379246235
-0.0048124538734555244
-0.004446009173989296
-0.004235683940351009
-0.0038309339433908463
-0.0033254935406148434
-0.002921187784522772
-0.0025725557934492826
-0.002283325884491205
-0.00184656644705683
-0.0012238549534231424
-0.0013310268986970186
-0.0006903437897562981
-0.0005188969080336392
0.00016706723545212299
0.0005313136498443782
0.0009677621419541538
0.0013646130682900548
0.0014491898473352194
0.002299266867339611
0.002300265710800886
0.002836603671312332
0.003398202359676361
0.0034340161364525557
0.00398233300074935
0.003923585172742605
0.004518066067248583
0.004811893217265606
0.005165447480976582
0.005655310582369566
0.005452255718410015
0.006249874830245972
0.0064688147976994514
0.005979825742542744
0.00679585849866271
0.007320798933506012
0.007384682539850473
0.007667383644729853
0.007834842428565025
0.007735248655080795
0.008305886760354042
0.00795006938278675
0.008254026994109154
0.008824817836284637
0.008389503695070744
0.008487292565405369
0.008583210408687592
0.009078016504645348
0.008918712846934795
0.00911439023911953
0.00934359896928072
0.008974814787507057
0.009697009809315205
0.009147709235548973
0.009515325538814068
0.009210529737174511
0.00910473708063364
0.009483670815825462
0.00912718940526247
0.008784981444478035
0.00913835410028696
0.009024513885378838
0.008861670270562172
0.008974762633442879
0.009479330852627754
0.00823978427797556
0.00836410466581583
0.008453111164271832
0.008155031129717827
0.008076376281678677
0.008052544668316841
0.00786821823567152
0.007720870431512594
0.007516594137996435
0.007185471709817648
0.007327408995479345
0.006475294940173626
0.006684078369289637
0.006688117049634457
0.006516264285892248
39.2564582824707
111.51225280761719
123.6897201538086
70.4140396118164
42.59447479248047
24.095888137817383
21.72018051147461
9.621233940124512
9.13011360168457
7.467440605163574
2.953376293182373
2.4265048503875732
1.1234902143478394
-1.2440261840820312
-1.4115514755249023
-2.242263078689575
-3.157177209854126
-3.291443347930908
-3.9884254932403564
-4.393719673156738
-3.918225049972534
-3.9297385215759277
-3.993790864944458
-4.021590709686279
-3.907646894454956
-3.9965271949768066
-4.115550994873047
-3.370260238647461
-3.128453493118286
-3.0452003479003906
-3.1309475898742676
-3.0238027572631836
-1.8976272344589233
-2.2433199882507324
-1.7767301797866821
-1.3595753908157349
-1.517608404159546
-0.6837072372436523
-0.9958953857421875
-0.40700140595436096
0.23361273109912872
0.7131052017211914
0.9071750640869141
1.426169753074646
1.7553520202636719
1.7854408025741577
2.481339693069458
2.835923433303833
2.742860794067383
2.0453124046325684
3.9726943969726562
5.099160671234131
4.287324905395508
5.100672245025635
5.396684169769287
5.6094970703125
6.064234256744385
5.823575019836426
5.741165637969971
6.091574192047119
7.606092929840088
7.980449676513672
8.588444709777832
8.573182106018066
8.979633331298828
9.779374122619629
9.077714920043945
9.876691818237305
10.188047409057617
11.007418632507324
10.586795806884766
11.240667343139648
11.823373794555664
11.20085334777832
13.112136840820312
14.38201904296875
14.105880737304688
14.233121871948242
15.4390287399292
15.20952320098877
16.078786849975586
16.281944274902344
17.251937866210938
17.356491088867188
17.46733283996582
17.919469833374023
18.320627212524414
19.07330894470215
19.886394500732422
20.17450523376465
20.869794845581055
20.83517074584961
20.928625106811523
21.365928649902344
21.850839614868164
22.60393524169922
21.48681640625
22.669879913330078
23.64760398864746
24.106224060058594
22.882532119750977
16.334733963012695
-32.39479064941406
-31.67412757873535
-0.006857072468847036
-0.00958396028727293
-0.008162034675478935
-0.010469774715602398
-0.009506503120064735
-0.008192082867026329
-0.00913190096616745
-0.008352844044566154
-0.007855868898332119
-0.0077148922719061375
-0.0074628801085054874
-0.00726767722517252
-0.006957404315471649
-0.006223333068192005
-0.005565478000789881
-0.00578423123806715
-0.005268613807857037
-0.004705457948148251
-0.004669967573136091
-0.003910120576620102
-0.0037392936646938324
-0.0033355269115418196
-0.0030039141420274973
-0.002967232372611761
-0.0022614465560764074
-0.0019109167624264956
-0.0008719555917195976
-0.0015551686519756913
-0.0004547146672848612
-0.00027142593171447515
0.00018738307699095458
0.0007218999671749771
0.0008323650108650327
0.0012988001108169556
0.001727723516523838
0.0019444653298705816
0.002782057970762253
0.002503669122233987
0.003327963873744011
0.0036997520364820957
0.0037233619950711727
0.004465725738555193
0.004361345898360014
0.004707768559455872
0.005096098408102989
0.005697977263480425
0.005387611221522093
0.006153660826385021
0.00638203090056777
0.00686382781714201
0.006320911459624767
0.007174489088356495
0.00741051509976387
0.007441812660545111
0.0074568456038832664
0.008284266106784344
0.007899044081568718
0.008267111144959927
0.008707782253623009
0.008398080244660378
0.008664426393806934
0.008518906310200691
0.009159346111118793
0.008911178447306156
0.009133116342127323
0.009198443964123726
0.009157884865999222
0.009368455037474632
0.009190589189529419
0.009395426139235497
0.009483817964792252
0.009445957839488983
0.009108386002480984
0.009287446737289429
0.009537278674542904
0.008824245072901249
0.009014427661895752
0.009605596773326397
0.008736048825085163
0.009063014760613441
0.00873725488781929
0.008772432804107666
0.008756834082305431
0.008335521444678307
0.008206775411963463
0.008487006649374962
0.007944797165691853
0.0077042183838784695
0.007744926959276199
0.0077658346854150295
0.007441955152899027
0.0068402946926653385
0.006861209869384766
0.006820927374064922
0.006588238291442394
0.005978123284876347
21.184476852416992
