230.5090789794922
230.5090789794922
181.95523071289062
50.266502380371094
0.09025424718856812
-0.09738786518573761
-0.09804682433605194
-0.09858947992324829
-0.09646611660718918
-0.09726185351610184
-0.09773890674114227
-0.09751047194004059
-0.09716898947954178
-0.09749042242765427
-0.09784545004367828
-0.09755929559469223
-0.09844890981912613
-0.09764926135540009
-0.09695164859294891
-0.09829235821962357
-0.09736872464418411
-0.09784367680549622
-0.09775706380605698
-0.09756390750408173
-0.09685850888490677
-0.0980457067489624
-0.09759347885847092
-0.09794344007968903
-0.09741800278425217
-0.09818559139966965
-0.0976327508687973
-0.09812489151954651
-0.09749070554971695
-0.09940589964389801
-0.09774646908044815
-0.0978488102555275
-0.09790770709514618
-0.09675312042236328
-0.09856046736240387
-0.09711558371782303
-0.09706176817417145
-0.09816087037324905
-0.09735927730798721
-0.09771616756916046
-0.09791506081819534
-0.0976186990737915
-0.09804753214120865
-0.09706851094961166
-0.09777674823999405
-0.09873926639556885
-0.09792730957269669
-0.09715797007083893
-0.09762128442525864
-0.09729645401239395
-0.09775742143392563
-0.09775679558515549
-0.09662652760744095
-0.09708277881145477
-0.09810097515583038
-0.09813942760229111
-0.09730224311351776
-0.09758250415325165
-0.09808667749166489
-0.09548135101795197
-0.09851230680942535
-0.09789389371871948
-0.09789930284023285
-0.09805609285831451
-0.09711740911006927
-0.09782928228378296
-0.09713710844516754
-0.09765907377004623
-0.09730969369411469
-0.09667462855577469
-0.09835678339004517
-0.09821538627147675
-0.09685882180929184
-0.09760099649429321
-0.09763067215681076
-0.09696624428033829
-0.09802787005901337
-0.09707929193973541
-0.09777054935693741
-0.09885021299123764
-0.0976913720369339
-0.09736964851617813
-0.09876265376806259
-0.09658513963222504
-0.09663735330104828
-0.09896577149629593
-0.09557431191205978
-0.0986117571592331
-0.09833190590143204
-0.09675903618335724
-0.09835600852966309
-0.09773483127355576
-0.09771445393562317
-0.09808088839054108
-0.09793460369110107
84.23604583740234
191.52011108398438
200.90415954589844
108.30738830566406
87.13082122802734
150.14373779296875
148.8676300048828
123.56800842285156
131.70193481445312
133.06735229492188
127.7166519165039
132.95932006835938
135.1951141357422
133.93161010742188
138.57369995117188
139.44863891601562
140.0623321533203
145.75564575195312
150.16900634765625
153.26182556152344
159.0279083251953
163.51925659179688
166.32528686523438
171.07101440429688
176.19065856933594
182.2287139892578
188.34974670410156
193.18199157714844
196.8021240234375
201.55545043945312
204.2703399658203
209.4773712158203
215.29257202148438
220.96456909179688
225.5534210205078
221.7725830078125
217.7325439453125
223.0391387939453
228.92623901367188
228.26416015625
225.0720977783203
225.82699584960938
226.6808319091797
221.39889526367188
226.0399169921875
233.77865600585938
231.1503448486328
228.87533569335938
229.8108673095703
228.07406616210938
226.63717651367188
227.30038452148438
226.1216583251953
230.333740234375
237.560791015625
235.74282836914062
232.2423553466797
233.1395263671875
232.67544555664062
230.4755859375
231.5994110107422
229.06460571289062
229.5684814453125
228.3216094970703
226.970458984375
229.47549438476562
229.3019561767578
230.6169891357422
231.9127197265625
232.0652313232422
232.5464324951172
233.1847381591797
233.1756591796875
232.71597290039062
232.2663116455078
231.68319702148438
230.6455841064453
230.370849609375
229.3270263671875
229.3402862548828
230.25503540039062
229.3406219482422
229.5762481689453
229.9870147705078
230.68893432617188
229.9905548095703
230.5540771484375
230.3688507080078
230.87850952148438
231.9791717529297
232.1840057373047
234.07763671875
234.3747100830078
235.330810546875
235.2208251953125
235.4549102783203
235.38107299804688
235.847412109375
235.25772094726562
236.45834350585938
235.3719482421875
228.66018676757812
186.47911071777344
32.42289733886719
-0.09551645070314407
-0.09906856715679169
-0.0957542136311531
-0.09856794774532318
-0.09790690243244171
-0.09640930593013763
-0.09790876507759094
-0.0973716601729393
-0.09726295620203018
-0.09815195947885513
-0.0974053144454956
-0.09760598093271255
-0.09794378280639648
-0.0974903553724289
-0.09763146191835403
-0.09778985381126404
-0.09765397012233734
-0.09762430191040039
-0.09761439263820648
-0.09782753884792328
-0.09764876216650009
-0.09772034734487534
-0.09791084378957748
-0.09796552360057831
-0.09827392548322678
-0.09705273061990738
-0.09785791486501694
-0.09807749092578888
-0.09786754846572876
-0.097630575299263
-0.0983438566327095
-0.09784135222434998
-0.09782683104276657
-0.09774632006883621
-0.09735894203186035
-0.09858973324298859
-0.09753481298685074
-0.0964362844824791
-0.09841324388980865
-0.09892291575670242
-0.09734604507684708
-0.09741546958684921
-0.09799208492040634
-0.09770786017179489
-0.09763030707836151
-0.09754101932048798
-0.0977812111377716
-0.09753124415874481
-0.09749814867973328
-0.09785161912441254
-0.09761671721935272
-0.09793762117624283
-0.09724095463752747
-0.09682940691709518
-0.0980272963643074
-0.09731309115886688
-0.09726374596357346
-0.09783051908016205
-0.09712067246437073
-0.0977606251835823
-0.0977703332901001
-0.09739474952220917
-0.09787663072347641
-0.09695731848478317
-0.09777972102165222
-0.09759563952684402
-0.09726843237876892
-0.097901351749897
-0.09678328037261963
-0.0970286950469017
-0.09821852296590805
-0.09669850021600723
-0.09861625730991364
-0.09729768335819244
-0.09700161218643188
-0.0982392430305481
-0.0976404920220375
-0.09753306210041046
-0.09784236550331116
-0.09781955182552338
-0.09758604317903519
-0.09757085144519806
-0.09797663986682892
-0.09744741022586823
-0.0977904349565506
-0.09777076542377472
-0.09751947969198227
-0.09753727912902832
-0.09823767095804214
-0.09759731590747833
-0.09815662354230881
-0.09762626886367798
-0.09810123592615128
-0.09791348874568939
-0.09777693450450897
-0.09809209406375885
31.68954086303711
148.353759765625
207.8191375732422
137.17770385742188
91.87519836425781
138.62551879882812
140.0996551513672
105.00868225097656
112.065185546875
115.44307708740234
108.95936584472656
117.12464904785156
120.93293762207031
121.6878433227539
127.46440124511719
129.23654174804688
133.3958282470703
141.27377319335938
144.9342498779297
149.0665740966797
154.02842712402344
158.4293975830078
162.51519775390625
169.54800415039062
174.7012481689453
180.20718383789062
184.15029907226562
186.59742736816406
191.97329711914062
196.71803283691406
202.3119354248047
209.63436889648438
215.0662384033203
219.24380493164062
222.5150909423828
223.98239135742188
223.1476593017578
224.20053100585938
223.19485473632812
222.7781982421875
224.055908203125
225.61758422851562
225.19174194335938
225.0098114013672
225.3136444091797
224.4741668701172
224.1156005859375
225.18551635742188
224.49826049804688
227.425537109375
233.26498413085938
232.2500457763672
228.37448120117188
229.34841918945312
228.40744018554688
227.6190643310547
227.74685668945312
227.4383087158203
227.41128540039062
227.71847534179688
228.0526123046875
228.95523071289062
230.1184844970703
228.7186737060547
229.2545623779297
229.98965454101562
228.8738250732422
229.7310333251953
229.9991455078125
229.51138305664062
230.712890625
229.66378784179688
230.82565307617188
230.63504028320312
231.1683807373047
231.518310546875
231.2981414794922
231.9770050048828
232.1284637451172
232.30252075195312
232.12582397460938
232.5186767578125
233.14505004882812
233.02828979492188
232.7458038330078
233.5161895751953
233.42733764648438
233.56149291992188
234.1629180908203
234.08999633789062
234.34201049804688
235.00650024414062
234.65182495117188
235.2008056640625
235.3065643310547
234.94760131835938
235.52346801757812
235.86056518554688
235.53402709960938
236.1488494873047
235.4805450439453
229.14450073242188
176.021728515625
23.068857192993164
-0.09660270065069199
-0.09852942079305649
-0.09500525891780853
-0.09907270967960358
-0.09805278480052948
-0.09626452624797821
-0.09843094646930695
-0.09713546931743622
-0.09702463448047638
-0.09801065921783447
-0.09753815829753876
-0.09759342670440674
-0.09801499545574188
-0.09774649143218994
-0.09757774323225021
-0.0977339893579483
-0.09763176739215851
-0.09801698476076126
-0.09795722365379333
-0.09748373925685883
-0.09758023172616959
-0.0980583056807518
-0.09796726703643799
-0.09748207032680511
-0.09788624942302704
-0.09746313840150833
-0.09754776954650879
-0.09862780570983887
-0.09783416241407394
-0.09761697053909302
-0.09788785129785538
-0.09755279123783112
-0.09743572026491165
-0.09854630380868912
-0.09741584956645966
-0.0977897047996521
-0.09790367633104324
-0.09766699373722076
-0.0980854481458664
-0.0974336788058281
-0.09740377217531204
-0.09830285608768463
-0.09712997823953629
-0.09761077165603638
-0.09796492010354996
-0.0974489152431488
-0.09734208136796951
-0.09721793979406357
-0.09734375774860382
-0.09832455217838287
-0.09745503962039948
-0.09738817065954208
-0.09778569638729095
-0.09712214767932892
-0.09762971103191376
-0.0974339097738266
-0.09730254113674164
-0.09775347262620926
-0.09746253490447998
-0.09720110148191452
-0.09757040441036224
-0.09741754829883575
-0.09791319817304611
-0.09780929237604141
-0.09749675542116165
-0.09699828177690506
-0.09739203751087189
-0.09740860760211945
-0.09736253321170807
-0.0972675010561943
-0.09725417196750641
-0.09764088690280914
-0.09749156981706619
-0.09726904332637787
-0.0975370705127716
-0.09742923080921173
-0.09781954437494278
-0.09760476648807526
-0.09753923863172531
-0.0972767323255539
-0.09742599725723267
-0.09808041155338287
-0.09758229553699493
-0.09748487919569016
-0.09768576920032501
-0.09764702618122101
-0.09761921316385269
-0.09758468717336655
-0.09772251546382904
-0.09786143153905869
-0.09760784357786179
-0.09777234494686127
-0.09778238832950592
-0.09809412807226181
-0.09814233332872391
-0.09790676087141037
54.00010299682617
168.77459716796875
225.5631103515625
150.46792602539062
95.3251953125
141.50579833984375
147.90093994140625
109.19681549072266
111.36491394042969
116.40997314453125
108.65020751953125
113.001220703125
117.67961120605469
115.73915100097656
121.92742919921875
127.04685974121094
129.8602294921875
135.37979125976562
138.05908203125
142.72964477539062
149.6195068359375
154.5792694091797
158.8445281982422
162.8021240234375
167.78770446777344
172.52651977539062
177.9456329345703
184.84017944335938
189.6515350341797
194.92184448242188
197.44007873535156
202.39073181152344
206.01828002929688
212.10287475585938
217.9185333251953
223.99697875976562
230.2837371826172
232.10751342773438
226.7313232421875
225.3661346435547
230.67935180664062
235.32080078125
233.69223022460938
231.457275390625
231.1139678955078
229.69564819335938
227.7524871826172
226.1311798095703
224.32669067382812
227.7480010986328
235.8683624267578
236.3352813720703
232.4148406982422
233.65219116210938
230.7849578857422
228.07241821289062
228.4467010498047
227.5963897705078
227.7346649169922
230.4759521484375
231.48251342773438
232.2580108642578
232.93539428710938
231.06912231445312
229.9281463623047
227.9025421142578
225.53073120117188
226.1990966796875
226.5827178955078
228.19656372070312
230.7860107421875
231.5393524169922
232.9052276611328
234.28585815429688
234.26895141601562
234.9246826171875
235.47280883789062
234.8025360107422
234.0707550048828
234.1123046875
233.3340301513672
232.76620483398438
232.7299041748047
232.0131378173828
232.0299530029297
231.90060424804688
231.6413116455078
232.15206909179688
232.0614013671875
232.3527374267578
232.53515625
233.2764434814453
232.9172821044922
233.2264404296875
233.0418701171875
233.1653289794922
233.97970581054688
233.8416290283203
234.345458984375
234.96939086914062
234.46890258789062
227.9498748779297
185.98410034179688
32.83863067626953
-0.09517616033554077
-0.0993567407131195
-0.09562082588672638
-0.09871997684240341
-0.09762433171272278
-0.09689301997423172
-0.09752964973449707
-0.0973941832780838
-0.0971912145614624
-0.09801085293292999
-0.09727268666028976
-0.09747141599655151
-0.09847577661275864
-0.09763218462467194
-0.09737901389598846
-0.09803077578544617
-0.09765230864286423
-0.09774576127529144
-0.09793664515018463
-0.09761768579483032
-0.09779442101716995
-0.09761857241392136
-0.09778720140457153
-0.09819422662258148
-0.09812767803668976
-0.09727339446544647
-0.09782125055789948
-0.09821753203868866
-0.09765605628490448
-0.09783981740474701
-0.09814412891864777
-0.09765443205833435
-0.09762300550937653
-0.09801511466503143
-0.09719495475292206
-0.09818645566701889
-0.0977964997291565
-0.0968707874417305
-0.09817390143871307
-0.09855657070875168
-0.09735731780529022
-0.09790591895580292
-0.09817014634609222
-0.09712980687618256
-0.09791151434183121
-0.09781833738088608
-0.09744395315647125
-0.09787638485431671
-0.09752216190099716
-0.0978660136461258
-0.09754206985235214
-0.09752265363931656
-0.09775268286466599
-0.09750085324048996
-0.09764370322227478
-0.09726431220769882
-0.09779033064842224
-0.09754817187786102
-0.09720048308372498
-0.09763083606958389
-0.09792634099721909
-0.09721017628908157
-0.09740549325942993
-0.09741596132516861
-0.0970417708158493
-0.09787068516016006
-0.09739376604557037
-0.09713514149188995
-0.09714365750551224
-0.09737575799226761
-0.09786857664585114
-0.09736160188913345
-0.09709958732128143
-0.09748296439647675
-0.09808461368083954
-0.09684891998767853
-0.09779872745275497
-0.09762533754110336
-0.09730120003223419
-0.0976509228348732
-0.09728454053401947
-0.09808681905269623
-0.09755515307188034
-0.09710539132356644
-0.09819464385509491
-0.09757587313652039
-0.09773619472980499
-0.09772670269012451
-0.098127081990242
-0.0974133163690567
-0.09796866774559021
-0.09810539335012436
-0.09770648181438446
-0.09767107665538788
-0.09821070730686188
-0.09831760823726654
31.834484100341797
147.3733673095703
209.6407928466797
138.48580932617188
90.75537109375
139.57479858398438
144.5504913330078
116.07261657714844
124.7685317993164
129.59136962890625
120.68123626708984
123.92431640625
126.58695220947266
126.2958984375
133.77749633789062
136.15118408203125
137.89154052734375
143.6659393310547
147.913818359375
151.103515625
156.03720092773438
158.00271606445312
162.93075561523438
169.48397827148438
174.25331115722656
179.509521484375
183.35263061523438
187.42904663085938
190.95521545410156
196.68069458007812
201.38980102539062
207.8669891357422
214.22531127929688
218.18698120117188
222.36837768554688
225.2799530029297
229.8293914794922
230.8414764404297
225.34652709960938
225.400146484375
227.0258026123047
223.6018524169922
226.68826293945312
234.25119018554688
231.825439453125
227.4865264892578
228.1572723388672
227.0929718017578
225.0986328125
231.77005004882812
238.26272583007812
234.186279296875
230.40603637695312
232.03012084960938
230.162841796875
229.7906494140625
230.27621459960938
227.94369506835938
228.8181610107422
226.6637420654297
227.44320678710938
229.90625
229.7783660888672
229.10244750976562
229.8273468017578
231.2181854248047
231.1722412109375
231.6602325439453
231.82284545898438
231.0526885986328
230.77407836914062
231.3360137939453
230.84457397460938
230.516845703125
230.3545379638672
230.76522827148438
231.5854949951172
232.22525024414062
232.1360626220703
232.2349853515625
232.0836181640625
231.8497314453125
232.06930541992188
232.2634735107422
232.27651977539062
232.4428253173828
233.12936401367188
232.75436401367188
233.5304718017578
232.9906005859375
233.0931854248047
233.617431640625
234.0240020751953
234.04248046875
234.0414581298828
234.48471069335938
234.6947021484375
235.4769287109375
235.7614288330078
235.7486114501953
236.3220672607422
229.0095977783203
186.46900939941406
33.42470932006836
-0.09493904560804367
-0.0995015799999237
-0.09554800391197205
-0.0988558903336525
-0.09779953956604004
-0.09655027091503143
-0.09802652895450592
-0.09726505726575851
-0.09739440679550171
-0.09804649651050568
-0.09748630225658417
-0.09728816896677017
-0.09816417098045349
-0.09772069752216339
-0.09753592312335968
-0.09780316799879074
-0.09708637744188309
-0.0980391874909401
-0.09815298020839691
-0.09700275957584381
-0.09798084199428558
-0.09785731136798859
-0.09794792532920837
-0.09793625771999359
-0.09756146371364594
-0.09819026291370392
-0.09784901142120361
-0.09749923646450043
-0.09791118651628494
-0.09795272350311279
-0.09747419506311417
-0.09781754016876221
-0.09808759391307831
-0.09813626110553741
-0.0974503755569458
-0.09815719723701477
-0.09787259250879288
-0.09736660122871399
-0.09800229221582413
-0.09756632149219513
-0.09787362813949585
-0.09775780141353607
-0.09769909828901291
-0.09808660298585892
-0.09710539132356644
-0.09759508818387985
-0.0981486439704895
-0.09730470925569534
-0.0974399745464325
-0.09816551953554153
-0.09744124114513397
-0.09763924032449722
-0.09790221601724625
-0.09724649041891098
-0.0976828932762146
-0.09784024953842163
-0.09729834645986557
-0.09723091125488281
-0.09796351939439774
-0.09729884564876556
-0.09797529876232147
-0.09702698141336441
-0.09761454164981842
-0.09783841669559479
-0.09735704213380814
-0.09692563116550446
-0.09802202135324478
-0.09737224876880646
-0.0971393957734108
-0.0975445955991745
-0.09734482318162918
-0.09745161980390549
-0.09722061455249786
-0.09788699448108673
-0.09764812886714935
-0.09761320054531097
-0.09745515882968903
-0.0976947695016861
-0.09784848988056183
-0.09753622114658356
-0.09796388447284698
-0.09717459231615067
-0.0977214127779007
-0.09779220819473267
-0.09768497943878174
-0.09766687452793121
-0.09801153093576431
-0.09752868860960007
-0.09746523201465607
-0.09778319299221039
-0.0982259064912796
-0.09749101102352142
-0.09820853173732758
-0.09746833145618439
-0.09772422164678574
-0.09882849454879761
31.606151580810547
148.26361083984375
210.53347778320312
138.31842041015625
90.17667388916016
141.74530029296875
141.06121826171875
119.37786865234375
127.29444885253906
129.95484924316406
124.8424072265625
128.52516174316406
131.7169189453125
132.59075927734375
138.2736053466797
140.0357666015625
141.47755432128906
146.2550048828125
151.56524658203125
155.8902130126953
159.34768676757812
161.38397216796875
166.8490753173828
171.92730712890625
177.5189666748047
183.28407287597656
187.58718872070312
191.83587646484375
193.4957733154297
200.12637329101562
204.6019744873047
211.447265625
217.5419464111328
221.731689453125
226.7872314453125
225.7998504638672
223.1998748779297
222.54287719726562
221.46432495117188
222.01235961914062
225.3392333984375
226.11312866210938
226.36166381835938
226.2559814453125
225.0140380859375
223.65951538085938
224.7607879638672
224.8370361328125
223.62936401367188
229.21792602539062
236.038818359375
232.61178588867188
228.9686279296875
230.4016876220703
229.19064331054688
229.4622802734375
229.25485229492188
226.108154296875
226.37069702148438
225.8486328125
226.2306365966797
230.0107879638672
230.43875122070312
230.1417694091797
232.00173950195312
231.81103515625
232.5791778564453
232.4062957763672
232.0254669189453
231.71121215820312
229.44924926757812
228.03237915039062
227.5577850341797
226.0783233642578
226.19540405273438
226.8831787109375
227.6038818359375
229.12612915039062
230.7489013671875
230.3723907470703
231.6351776123047
231.72439575195312
232.3109130859375
232.6084442138672
233.1014404296875
233.2480010986328
233.57406616210938
234.2542266845703
234.40585327148438
234.6943359375
234.66806030273438
235.1820526123047
235.16018676757812
235.2582244873047
235.34963989257812
234.9532928466797
235.0681915283203
234.66275024414062
234.85458374023438
234.59664916992188
233.11862182617188
225.1521453857422
181.78529357910156
30.123043060302734
-0.09490139037370682
-0.09974969923496246
-0.09558983147144318
-0.09853754937648773
-0.09795510023832321
-0.09698183834552765
-0.09720759093761444
-0.09794192016124725
-0.0969778448343277
-0.09791314601898193
-0.09743320941925049
-0.09746409952640533
-0.09786327928304672
-0.09774623066186905
-0.09770070761442184
-0.09780175983905792
-0.09740670025348663
-0.097918801009655
-0.09757166355848312
-0.09757483750581741
-0.09780976921319962
-0.09781962633132935
-0.09797137975692749
-0.09799621999263763
-0.09774312376976013
-0.09781258553266525
-0.09779173135757446
-0.09762820601463318
-0.09824390709400177
-0.09809662401676178
-0.09700018167495728
-0.09794007241725922
-0.09830176830291748
-0.09785763919353485
-0.09738532453775406
-0.09833791851997375
-0.09754015505313873
-0.09759579598903656
-0.09775979816913605
-0.09765639156103134
-0.09783921390771866
-0.09792023152112961
-0.09728889167308807
-0.09792383015155792
-0.09771279990673065
-0.09693890064954758
-0.09834189713001251
-0.09756994992494583
-0.09751397371292114
-0.09796348959207535
-0.0974692776799202
-0.0977679044008255
-0.09765410423278809
-0.09717253595590591
-0.09824948012828827
-0.09726263582706451
-0.0970228761434555
-0.0980503037571907
-0.09712818264961243
-0.09779194742441177
-0.09768788516521454
-0.09746208786964417
-0.09801862388849258
-0.09684079140424728
-0.09780342876911163
-0.09751751273870468
-0.09745567291975021
-0.09737540781497955
-0.09786351025104523
-0.09754355996847153
-0.09675995260477066
-0.09797321259975433
-0.09764500707387924
-0.09750418365001678
-0.09757442027330399
-0.09729041159152985
-0.09779298305511475
-0.09708225727081299
-0.09752919524908066
-0.09801159054040909
-0.09802830964326859
-0.09705368429422379
-0.0975896343588829
-0.09814950823783875
-0.0974685326218605
-0.0978243350982666
-0.09757427871227264
-0.09759094566106796
-0.09772814810276031
-0.09781770408153534
-0.0986151322722435
-0.09799902886152267
-0.09751375019550323
-0.09773058444261551
-0.09835784137248993
-0.09731708467006683
41.24055099487305
157.56195068359375
215.33248901367188
144.85853576660156
94.8055191040039
144.8593292236328
141.50930786132812
116.50007629394531
120.99787902832031
123.77154541015625
119.09199523925781
124.64107513427734
127.34910583496094
126.9238510131836
132.60842895507812
133.41636657714844
134.6937255859375
140.84408569335938
144.27728271484375
148.55252075195312
154.19979858398438
157.0093536376953
161.4512176513672
165.23760986328125
170.7300262451172
176.71192932128906
182.20022583007812
188.21788024902344
191.85177612304688
196.4945526123047
199.5706329345703
205.4424591064453
211.1946258544922
217.064697265625
223.28201293945312
228.95834350585938
233.63308715820312
233.7892608642578
226.9954071044922
224.03720092773438
225.9345703125
225.06661987304688
230.5762176513672
236.35128784179688
231.7941131591797
226.31698608398438
225.1759490966797
224.1794891357422
223.7152557373047
231.9029541015625
239.04458618164062
235.3271942138672
231.3062286376953
231.3457794189453
228.2041015625
226.8653564453125
226.9327850341797
225.70016479492188
229.3607635498047
230.93359375
231.7104034423828
233.04879760742188
232.03515625
230.49520874023438
229.1422119140625
229.7349395751953
228.4003143310547
229.1127166748047
228.62533569335938
227.6377716064453
229.206787109375
229.91732788085938
231.89529418945312
232.41159057617188
233.3296356201172
233.58578491210938
233.97891235351562
234.4779815673828
235.49642944335938
234.6956024169922
234.57211303710938
234.92538452148438
234.0877227783203
234.6094970703125
234.9935302734375
233.9295654296875
235.06167602539062
234.2230987548828
234.13916015625
235.3527069091797
235.1663360595703
235.50479125976562
235.4394989013672
235.3191375732422
235.673828125
235.6586456298828
237.0389862060547
237.0637664794922
236.7924346923828
238.6033172607422
237.3472900390625
228.45742797851562
196.66236877441406
43.374961853027344
-0.09344769269227982
-0.09980399161577225
-0.09646886587142944
-0.0988546833395958
-0.09726090729236603
-0.09698303788900375
-0.09740450978279114
-0.09755231440067291
-0.09761979430913925
-0.09773743152618408
-0.09729063510894775
-0.0976254791021347
-0.0979151576757431
-0.09748717397451401
-0.09798689186573029
-0.09741886705160141
-0.09780563414096832
-0.09811826050281525
-0.09745757281780243
-0.0975957065820694
-0.09780903160572052
-0.0982983335852623
-0.09757845103740692
-0.09752912819385529
-0.09807439148426056
-0.09758853167295456
-0.09737931191921234
-0.09814910590648651
-0.09776230901479721
-0.09766450524330139
-0.09786642342805862
-0.09755310416221619
-0.09824435412883759
-0.09816915541887283
-0.0977620854973793
-0.09822437167167664
-0.09776387363672256
-0.09736590832471848
-0.09788193553686142
-0.0978403091430664
-0.09747914969921112
-0.09798907488584518
-0.09777585417032242
-0.0975068062543869
-0.09738510847091675
-0.09775529056787491
-0.0980745255947113
-0.09761157631874084
-0.09741227328777313
-0.09787102788686752
-0.09781262278556824
-0.09757168591022491
-0.0978551059961319
-0.09738866239786148
-0.09728259593248367
-0.09739278256893158
-0.0977095514535904
-0.09743225574493408
-0.09766111522912979
-0.09763475507497787
-0.09778206050395966
-0.09745781123638153
-0.09789566695690155
-0.0972447544336319
-0.0974431037902832
-0.09740830957889557
-0.09751471132040024
-0.09731471538543701
-0.09782613813877106
-0.09719081968069077
-0.0976688414812088
-0.0977659523487091
-0.09739302098751068
-0.09725207090377808
-0.09772612899541855
-0.097532257437706
-0.09764321148395538
-0.09739911556243896
-0.09738121926784515
-0.09774185717105865
-0.09765447676181793
-0.09771145135164261
-0.09734433144330978
-0.09772799909114838
-0.0977577418088913
-0.09781662374734879
-0.09767871350049973
-0.09765961766242981
-0.09777884185314178
-0.09749758243560791
-0.09826000779867172
-0.09751284122467041
-0.09809399396181107
-0.09809298813343048
-0.09767290204763412
-0.09761042892932892
52.87085723876953
166.9819793701172
223.62649536132812
149.1388702392578
95.16967010498047
142.6933135986328
148.03182983398438
110.41581726074219
112.10858154296875
115.17279052734375
107.09046936035156
110.73005676269531
115.21403503417969
114.19990539550781
121.79414367675781
126.42625427246094
129.56114196777344
136.1891632080078
139.75775146484375
143.88958740234375
148.10134887695312
153.7185516357422
159.68067932128906
165.8714141845703
170.82485961914062
175.0621795654297
179.3054656982422
182.2353973388672
188.6782684326172
194.7830810546875
199.95835876464844
206.5823974609375
210.8418426513672
214.0257110595703
217.5457000732422
220.26577758789062
221.19161987304688
223.21035766601562
221.7975616455078
221.5831756591797
225.11752319335938
228.5783233642578
229.0508575439453
225.62173461914062
225.7863311767578
225.835693359375
224.6138458251953
228.86727905273438
234.3465118408203
231.11196899414062
228.7290496826172
229.3528594970703
227.55276489257812
227.3453369140625
227.0332489013672
226.96066284179688
230.961669921875
236.1393585205078
235.0226593017578
231.35275268554688
231.56149291992188
230.77786254882812
229.884765625
229.72604370117188
229.13046264648438
229.54067993164062
229.75119018554688
229.2851104736328
230.3668670654297
229.76168823242188
230.3423309326172
230.6000518798828
230.4104461669922
231.0803680419922
231.1931610107422
231.52450561523438
231.11181640625
231.91616821289062
232.1728057861328
231.5493621826172
232.88003540039062
232.1654510498047
232.7086944580078
232.920166015625
233.19052124023438
233.5138702392578
233.4397735595703
233.99069213867188
233.754638671875
234.28854370117188
234.4523468017578
234.4702606201172
234.8199005126953
234.64328002929688
235.47134399414062
234.899658203125
235.9312286376953
235.5189971923828
235.75167846679688
236.2016143798828
235.4695587158203
228.5618438720703
195.53433227539062
42.621036529541016
-0.09307586401700974
-0.10014627128839493
-0.0968528538942337
-0.09838748723268509
-0.09743297100067139
-0.09696157276630402
-0.09717972576618195
-0.09780269116163254
-0.0975850448012352
-0.09795789420604706
-0.09760671854019165
-0.09741085022687912
-0.09817199409008026
-0.09752369672060013
-0.09775961190462112
-0.09806716442108154
-0.09743925929069519
-0.09773601591587067
-0.09820556640625
-0.09739779680967331
-0.09818636626005173
-0.0979132354259491
-0.09745463728904724
-0.0979590117931366
-0.09770897775888443
-0.09796248376369476
-0.09809713065624237
-0.09782858192920685
-0.09772205352783203
-0.09814409911632538
-0.09716193377971649
-0.09776683151721954
-0.09834322333335876
-0.09796660393476486
-0.097288578748703
-0.09790041297674179
-0.098131462931633
-0.09735914319753647
-0.09797437489032745
-0.09776899218559265
-0.0981796532869339
-0.09768767654895782
-0.09777767956256866
-0.0976148471236229
-0.09759171307086945
-0.09724672138690948
-0.09823814034461975
-0.09770884364843369
-0.09743402898311615
-0.09782601147890091
-0.0976751521229744
-0.09745647013187408
-0.0973864197731018
-0.09744729846715927
-0.0979996770620346
-0.09789207577705383
-0.09713660925626755
-0.0972965806722641
-0.09778422117233276
-0.09756316244602203
-0.09756653010845184
-0.0975073054432869
-0.0968761295080185
-0.09768731892108917
-0.0977771133184433
-0.0970478355884552
-0.09736692905426025
-0.09748575091362
-0.09777703136205673
-0.09718863666057587
-0.09685038775205612
-0.09778080880641937
-0.09764312207698822
-0.09743811190128326
-0.09745849668979645
-0.09764496982097626
-0.09720609337091446
-0.09763303399085999
-0.09794966131448746
-0.09692993760108948
-0.09768934547901154
-0.09778474271297455
-0.09708520025014877
-0.09790648519992828
-0.09815648943185806
-0.09685448557138443
-0.09781228005886078
-0.09814807772636414
-0.09738004207611084
-0.09779707342386246
-0.09772839397192001
-0.09817107021808624
-0.09794685989618301
-0.09770224243402481
-0.09754440933465958
-0.0979616791009903
22.649274826049805
137.50814819335938
202.41445922851562
135.92892456054688
91.72840881347656
134.47760009765625
133.63711547851562
106.31331634521484
114.02812194824219
114.6763916015625
108.5638198852539
114.71403503417969
118.49263763427734
118.62236022949219
126.17524719238281
127.71915435791016
131.7162322998047
138.83255004882812
142.00213623046875
146.59803771972656
149.81698608398438
155.3315887451172
161.27639770507812
167.16717529296875
172.292724609375
175.9859619140625
180.69126892089844
183.92178344726562
189.3394317626953
195.03140258789062
200.31932067871094
206.64053344726562
211.22805786132812
215.28518676757812
217.7643585205078
223.5213165283203
227.82254028320312
229.66943359375
228.6483917236328
229.1049041748047
225.6817626953125
222.3643798828125
225.14791870117188
225.78384399414062
225.70565795898438
229.01528930664062
229.6981658935547
227.9185791015625
229.00521850585938
225.278076171875
223.4884033203125
229.0543212890625
235.29830932617188
236.0867156982422
234.2812042236328
234.728759765625
233.4915008544922
231.8013458251953
228.5594482421875
224.9127197265625
224.95849609375
225.6641387939453
226.73318481445312
229.57510375976562
230.8533172607422
232.67782592773438
234.0447540283203
234.42825317382812
235.03366088867188
234.46694946289062
233.5515899658203
231.6111602783203
229.3344268798828
227.6109619140625
226.27072143554688
225.1524658203125
224.45840454101562
225.54202270507812
226.18887329101562
225.5757293701172
226.7987060546875
227.7523651123047
229.0384063720703
229.3540496826172
230.27377319335938
230.4248504638672
232.1565399169922
233.12252807617188
232.9383087158203
233.76644897460938
234.36337280273438
234.7418975830078
234.96151733398438
235.07412719726562
235.15261840820312
234.6997833251953
234.63427734375
233.2737579345703
233.6287384033203
233.26889038085938
233.2936553955078
225.92868041992188
183.70643615722656
31.372325897216797
-0.09532691538333893
-0.09942442178726196
-0.09554801881313324
-0.0989292785525322
-0.09768186509609222
-0.09700198471546173
-0.0977618619799614
-0.09710835665464401
-0.09710215032100677
-0.09797593951225281
-0.09742292761802673
-0.09753930568695068
-0.09811712056398392
-0.09753622859716415
-0.09746690094470978
-0.09805288910865784
-0.09776538610458374
-0.0978202149271965
-0.09705926477909088
-0.09808926284313202
-0.0977979302406311
-0.09793355315923691
-0.0980696827173233
-0.0976681113243103
-0.09802235662937164
-0.09807716310024261
-0.0974392220377922
-0.09836773574352264
-0.09744910895824432
-0.09787295013666153
-0.09755837172269821
-0.09820325672626495
-0.09811501204967499
-0.09764440357685089
-0.09771618247032166
-0.09767738729715347
-0.09764407575130463
-0.09706767648458481
-0.09796475619077682
-0.09796305745840073
-0.09815843403339386
-0.0978115126490593
-0.0973506048321724
-0.09770990163087845
-0.09798897802829742
-0.09731417149305344
-0.09776550531387329
-0.0975303202867508
-0.0977298840880394
-0.09771311283111572
-0.09781359881162643
-0.09716338664293289
-0.09745956212282181
-0.09757407009601593
-0.09765421599149704
-0.09752510488033295
-0.09772782027721405
-0.09762577712535858
-0.09748416393995285
-0.09770531952381134
-0.09712624549865723
-0.09724396467208862
-0.09806687384843826
-0.09694842994213104
-0.09787725657224655
-0.09728066623210907
-0.0973082110285759
-0.09771838039159775
-0.09738235175609589
-0.0974874496459961
-0.09736964851617813
-0.09720256179571152
-0.09764088690280914
-0.09742492437362671
-0.09782682359218597
-0.09722692519426346
-0.09761825203895569
-0.09735222905874252
-0.0978984534740448
-0.09768674522638321
-0.09745565801858902
-0.09771933406591415
-0.09780341386795044
-0.09735959768295288
-0.09779144078493118
-0.09743886440992355
-0.0978575348854065
-0.0978376716375351
-0.09768637269735336
-0.09799586236476898
-0.09768043458461761
-0.09773287922143936
-0.09763370454311371
-0.09773528575897217
-0.09843092411756516
-0.09751258790493011
41.47502136230469
157.38682556152344
216.412841796875
146.34768676757812
95.85647583007812
145.56602478027344
142.4486541748047
119.27046966552734
124.42208099365234
127.28572082519531
122.3216323852539
126.62567138671875
129.8927764892578
129.77145385742188
132.82418823242188
135.66632080078125
135.78079223632812
140.9368896484375
145.662353515625
149.80624389648438
155.23785400390625
159.23593139648438
162.77073669433594
167.01165771484375
172.39505004882812
179.05686950683594
183.80113220214844
189.3698272705078
192.94131469726562
197.45657348632812
200.22816467285156
206.71923828125
212.04507446289062
217.33840942382812
223.7428741455078
229.6861572265625
233.8546600341797
234.6035614013672
227.7789764404297
224.6008758544922
226.1066131591797
225.73184204101562
226.0651397705078
225.84146118164062
222.6719970703125
220.40914916992188
219.7825164794922
226.74349975585938
235.518310546875
233.7015380859375
233.1826629638672
233.9137725830078
228.63235473632812
226.6753692626953
225.3782196044922
224.9140167236328
232.3473358154297
240.56466674804688
239.91110229492188
237.4032440185547
238.3018035888672
234.03878784179688
230.65408325195312
228.24966430664062
225.48483276367188
226.18643188476562
227.75173950195312
229.534912109375
231.93740844726562
233.8589630126953
236.45980834960938
237.28125
237.89566040039062
237.7124786376953
236.08914184570312
235.6953582763672
233.5239715576172
232.4764404296875
230.589599609375
229.030029296875
228.28494262695312
227.2184295654297
226.6752166748047
226.8225555419922
227.3614501953125
228.180419921875
228.4827117919922
229.3266143798828
229.6147918701172
229.5072479248047
230.26974487304688
230.6529541015625
230.4630889892578
230.8851776123047
231.3422393798828
230.85775756835938
231.1751708984375
231.4833221435547
231.11233520507812
231.4828643798828
231.2156524658203
223.80972290039062
181.1865692138672
29.6053466796875
-0.0952162891626358
-0.09923674166202545
-0.09542764723300934
-0.09905391186475754
-0.09779171645641327
-0.09673100709915161
-0.09770077466964722
-0.09738001972436905
-0.09724482148885727
-0.0978170707821846
-0.09771378338336945
-0.09724605083465576
-0.09800541400909424
-0.0974171906709671
-0.09792844951152802
-0.0979045107960701
-0.09759844839572906
-0.09767154604196548
-0.09780578315258026
-0.0978243350982666
-0.09768757969141006
-0.09753794223070145
-0.09814005345106125
-0.09814999997615814
-0.09776617586612701
-0.09743841737508774
-0.09744597971439362
-0.09817427396774292
-0.0982450395822525
-0.09767362475395203
-0.0981401577591896
-0.09782697260379791
-0.09735332429409027
-0.09785903990268707
-0.09784729778766632
-0.09783576428890228
-0.09821413457393646
-0.09710629284381866
-0.09766586124897003
-0.09810201078653336
-0.09737201035022736
-0.0977838933467865
-0.09802167117595673
-0.09798447787761688
-0.09740694612264633
-0.0978013128042221
-0.09766679257154465
-0.09764179587364197
-0.09784400463104248
-0.09765253216028214
-0.09752164781093597
-0.09770627319812775
-0.09813963621854782
-0.0974683165550232
-0.0976119115948677
-0.09741654992103577
-0.09688849747180939
-0.09794642776250839
-0.09723637998104095
-0.09784898906946182
-0.09728189557790756
-0.09756411612033844
-0.09798487275838852
-0.09693090617656708
-0.09746723622083664
-0.09794887155294418
-0.09694935381412506
-0.09726463258266449
-0.09734722226858139
-0.09833478182554245
-0.09755156934261322
-0.09690290689468384
-0.09756960719823837
-0.09731926023960114
-0.0980471670627594
-0.09746022522449493
-0.09751839935779572
-0.09759166091680527
-0.09758859872817993
-0.0974007248878479
-0.0976192057132721
-0.09756235778331757
-0.09769392013549805
-0.09794257581233978
-0.09696558117866516
-0.09771458059549332
-0.09761476516723633
-0.09794194996356964
-0.09816693514585495
-0.097786545753479
-0.09744751453399658
-0.09801547974348068
-0.09810765087604523
-0.09771154820919037
-0.0978793203830719
-0.09787642955780029
41.46233367919922
157.5111083984375
215.56350708007812
144.92930603027344
94.14913940429688
143.98365783691406
140.6683807373047
115.28914642333984
120.037841796875
122.61556243896484
117.6298599243164
122.96759033203125
126.05423736572266
125.19639587402344
130.9889678955078
131.88278198242188
133.478271484375
139.00845336914062
143.07577514648438
146.88265991210938
152.97784423828125
156.0260467529297
160.03372192382812
164.04083251953125
170.0019073486328
175.49560546875
182.19613647460938
187.48788452148438
190.82821655273438
195.97793579101562
198.46910095214844
204.53012084960938
210.5834197998047
215.3690643310547
222.29586791992188
228.11898803710938
232.74777221679688
232.7386474609375
226.44595336914062
223.67721557617188
224.87423706054688
224.68881225585938
226.21939086914062
226.143310546875
223.47021484375
221.47073364257812
220.24215698242188
222.90463256835938
224.6855926513672
229.13388061523438
236.16748046875
233.760986328125
227.5758514404297
227.20751953125
225.4973602294922
223.74984741210938
227.2850799560547
230.2843475341797
231.214111328125
233.50473022460938
234.1809539794922
231.9629669189453
230.8975830078125
228.3065948486328
226.3847198486328
226.1610870361328
226.187744140625
227.97396850585938
230.61367797851562
232.1534423828125
235.23141479492188
236.71096801757812
237.5306854248047
238.04177856445312
237.61941528320312
237.0153350830078
236.76486206054688
234.13577270507812
232.04721069335938
230.2087860107422
229.0543670654297
227.6728057861328
227.4295196533203
226.85232543945312
227.3971710205078
227.14608764648438
227.9023895263672
228.38406372070312
228.77090454101562
229.4417724609375
229.58285522460938
230.0659942626953
229.7924346923828
230.546875
231.11181640625
231.5876922607422
231.5590057373047
232.1548614501953
231.48953247070312
232.4209442138672
231.6710662841797
224.67257690429688
195.1492156982422
44.96820831298828
-0.09275942295789719
-0.10009153187274933
-0.09699683636426926
-0.0982799306511879
-0.09763182699680328
-0.09704547375440598
-0.09703771770000458
-0.09806588292121887
-0.09760566055774689
-0.09739229083061218
-0.09786495566368103
-0.09741635620594025
-0.09804806858301163
-0.09798165410757065
-0.09742474555969238
-0.09752197563648224
-0.09813816100358963
-0.09786662459373474
-0.09736941754817963
-0.09778359532356262
-0.09775052964687347
-0.09820078313350677
-0.09816983342170715
-0.09713214635848999
-0.09775575250387192
-0.09808403253555298
-0.09794557094573975
-0.09819552302360535
-0.09714192897081375
-0.09817077964544296
-0.09786774963140488
-0.09739138931035995
-0.09772365540266037
-0.09788060933351517
-0.09807191789150238
-0.09741131961345673
-0.09762074053287506
-0.0984259620308876
-0.09746148437261581
-0.09759827703237534
-0.09826396405696869
-0.09781350195407867
-0.09730749577283859
-0.09775997698307037
-0.09721659868955612
-0.09761641919612885
-0.09797874838113785
-0.09782827645540237
-0.09753234684467316
-0.0975227877497673
-0.09775184094905853
-0.09764085710048676
-0.09703747928142548
-0.09750471264123917
-0.09804345667362213
-0.09773270040750504
-0.09775876253843307
-0.09683971852064133
-0.09748663008213043
-0.09817187488079071
-0.09704793989658356
-0.09805995970964432
-0.09702926874160767
-0.09745009243488312
-0.09761868417263031
-0.096904456615448
-0.09764023870229721
-0.0974041074514389
-0.09782899916172028
-0.09736311435699463
-0.09738128632307053
-0.09790168702602386
-0.09722664207220078
-0.09725313633680344
-0.09763781726360321
-0.09722350537776947
-0.0982680693268776
-0.09743420034646988
-0.09708014875650406
-0.09794114530086517
-0.09764329344034195
-0.09762662649154663
-0.09753461182117462
-0.09773628413677216
-0.09770302474498749
-0.09753607213497162
-0.09789015352725983
-0.09797868132591248
-0.09738723933696747
-0.09812656044960022
-0.09805326908826828
-0.0974082201719284
-0.09788154065608978
-0.09801721572875977
-0.09789431095123291
-0.09760425239801407
53.8204460144043
169.5413818359375
227.09878540039062
152.2808074951172
97.2004165649414
144.19361877441406
149.91587829589844
113.04856872558594
114.93534851074219
117.7738265991211
110.07029724121094
113.06180572509766
117.58171081542969
116.02703857421875
123.8815689086914
129.66651916503906
132.67575073242188
137.61611938476562
140.42575073242188
145.55673217773438
151.85726928710938
157.3274688720703
163.29234313964844
168.17713928222656
171.6829376220703
175.06362915039062
180.1545867919922
185.56312561035156
191.80209350585938
198.15347290039062
202.53146362304688
206.6060028076172
209.2404022216797
214.0396728515625
219.6784210205078
221.8278045654297
221.4169158935547
221.88070678710938
221.35195922851562
220.59988403320312
224.65206909179688
230.12338256835938
231.45236206054688
228.082763671875
227.23123168945312
226.2147674560547
222.84228515625
227.19400024414062
234.00259399414062
233.74288940429688
230.4970245361328
231.18875122070312
229.60745239257812
228.13095092773438
233.0297393798828
238.1673583984375
233.970947265625
230.66299438476562
232.8846893310547
232.26101684570312
232.09530639648438
231.54312133789062
230.0184326171875
227.8697967529297
225.1883087158203
225.4378662109375
226.75784301757812
227.71353149414062
229.5606689453125
231.2390899658203
232.6704559326172
233.48110961914062
234.3017120361328
234.9481658935547
234.5914764404297
234.3741455078125
233.6780242919922
233.0802459716797
232.0439453125
231.1002960205078
230.14437866210938
230.15713500976562
229.31228637695312
229.50497436523438
228.9874725341797
228.75076293945312
229.7790069580078
229.42849731445312
229.4083709716797
229.6781768798828
229.6139678955078
229.8919219970703
230.1805419921875
230.6089630126953
231.55740356445312
231.82113647460938
233.6306610107422
233.79483032226562
234.3544464111328
235.2064971923828
235.7957000732422
228.7397003173828
181.6112518310547
27.65059471130371
-0.09652027487754822
-0.09890564531087875
-0.09522072970867157
-0.09914012253284454
-0.0979059562087059
-0.09637000411748886
-0.09768050163984299
-0.09744445979595184
-0.09715757519006729
-0.09820745885372162
-0.09761680662631989
-0.09727250039577484
-0.09842021018266678
-0.09736379235982895
-0.09761969745159149
-0.09824305772781372
-0.0977373868227005
-0.09739044308662415
-0.09777624905109406
-0.0979740172624588
-0.09782670438289642
-0.09820441901683807
-0.09739671647548676
-0.09770750254392624
-0.09780661016702652
-0.0985117107629776
-0.09766142070293427
-0.0976720005273819
-0.09819813817739487
-0.09755921363830566
-0.09769019484519958
-0.09751588106155396
-0.09790480881929398
-0.09805010259151459
-0.09766887128353119
-0.09791217744350433
-0.09795310348272324
-0.0974806547164917
-0.09791572391986847
-0.09765703231096268
-0.09787271916866302
-0.09783594310283661
-0.097978375852108
-0.09748737514019012
-0.09786677360534668
-0.09773452579975128
-0.09778975695371628
-0.0972626656293869
-0.09746165573596954
-0.09777048975229263
-0.09756119549274445
-0.0977710410952568
-0.09826205670833588
-0.09688509255647659
-0.09780536592006683
-0.09742118418216705
-0.09740819036960602
-0.09764190018177032
-0.0973605215549469
-0.0975690633058548
-0.0978534072637558
-0.09771209955215454
-0.09715057909488678
-0.09739144146442413
-0.09781620651483536
-0.09780362993478775
-0.09757581353187561
-0.09701070189476013
-0.09745936095714569
-0.0977126955986023
-0.0971033126115799
-0.09746960550546646
-0.09802930057048798
-0.097254678606987
-0.09718780219554901
-0.09752455353736877
-0.0976155698299408
-0.09770681709051132
-0.09711626917123795
-0.09731506556272507
-0.09762942790985107
-0.09779968112707138
-0.09789857268333435
-0.09755291044712067
-0.09724514186382294
-0.09772705286741257
-0.09784187376499176
-0.09755098819732666
-0.09777061641216278
-0.09774570167064667
-0.0979672223329544
-0.0977184921503067
-0.09797631204128265
-0.09762093424797058
-0.09804610162973404
-0.09800388664007187
41.95584487915039
158.24203491210938
217.063232421875
145.75779724121094
90.5551986694336
136.31295776367188
135.22325134277344
113.775390625
120.66795349121094
123.8245849609375
117.40936279296875
120.8433609008789
123.77851867675781
125.30863189697266
131.2511444091797
133.163818359375
134.87783813476562
139.70587158203125
145.0009307861328
149.20199584960938
152.9108123779297
155.1552276611328
160.28707885742188
166.74713134765625
171.213623046875
177.6126708984375
182.3817901611328
185.83822631835938
188.40438842773438
194.8201446533203
199.81405639648438
206.36099243164062
212.32028198242188
216.7308807373047
220.62771606445312
223.3235626220703
228.52731323242188
229.058349609375
224.78506469726562
224.0297088623047
227.46096801757812
223.64913940429688
227.7439422607422
234.546142578125
232.367431640625
228.51571655273438
228.53579711914062
227.4140167236328
225.1096954345703
230.2989044189453
237.6649932861328
234.021728515625
228.70809936523438
229.67626953125
228.08255004882812
227.2433319091797
228.3427734375
227.92098999023438
230.27783203125
231.3266143798828
230.8562774658203
230.1489715576172
229.33096313476562
229.8450164794922
229.74325561523438
230.8020782470703
230.4982147216797
230.0651092529297
229.94198608398438
229.8109893798828
229.6250762939453
230.75155639648438
231.63302612304688
232.2743682861328
231.83642578125
233.1590576171875
232.8239288330078
233.2976837158203
233.5829620361328
233.598876953125
233.287353515625
234.15841674804688
233.78701782226562
233.7480010986328
234.1388702392578
233.910400390625
233.726318359375
233.9915313720703
234.1168670654297
234.68179321289062
234.60800170898438
234.51333618164062
235.2503204345703
234.90377807617188
235.44570922851562
234.78466796875
234.55587768554688
236.1180419921875
236.3607940673828
236.59243774414062
235.85366821289062
227.6568145751953
185.15603637695312
31.610977172851562
-0.09535689651966095
-0.09937635064125061
-0.09547080844640732
-0.09899230301380157
-0.0976414903998375
-0.09643740952014923
-0.09804598242044449
-0.09739599376916885
-0.09722529351711273
-0.0973786935210228
-0.09768349677324295
-0.0976608619093895
-0.09799855202436447
-0.09744039177894592
-0.09792143106460571
-0.09757789969444275
-0.09766004234552383
-0.0978182703256607
-0.09778885543346405
-0.09780920296907425
-0.09768681228160858
-0.09747692197561264
-0.09774373471736908
-0.0982864648103714
-0.09775160253047943
-0.09740845859050751
-0.09757637977600098
-0.09783847630023956
-0.09799344837665558
-0.09772354364395142
-0.0974656194448471
-0.09787915647029877
-0.09791628271341324
-0.09816614538431168
-0.09796874970197678
-0.09790576249361038
-0.09721539914608002
-0.09751955419778824
-0.09828463941812515
-0.09790872782468796
-0.09726912528276443
-0.09825041145086288
-0.09721561521291733
-0.09785206615924835
-0.09733235090970993
-0.09750004857778549
-0.09781695902347565
-0.09798753261566162
-0.09737556427717209
-0.09781913459300995
-0.09726130962371826
-0.09783320128917694
-0.09773962199687958
-0.097160205245018
-0.09753216803073883
-0.09710030257701874
-0.09767135232686996
-0.0979919284582138
-0.09749831259250641
-0.09722483158111572
-0.09752728044986725
-0.09750677645206451
-0.09807181358337402
-0.09657835215330124
-0.09775769710540771
-0.0971265435218811
-0.09755504876375198
-0.09734051674604416
-0.09757845848798752
-0.09745710343122482
-0.09716425836086273
-0.09757642447948456
-0.09766718000173569
-0.09788468480110168
-0.09721959382295609
-0.09745480120182037
-0.09821118414402008
-0.09772449731826782
-0.09748733043670654
-0.0972168892621994
-0.09783870726823807
-0.09774081408977509
-0.09790709614753723
-0.09745685756206512
-0.0977279469370842
-0.09761717915534973
-0.09727910161018372
-0.09800926595926285
-0.09756778925657272
-0.09793204814195633
-0.09799031913280487
-0.09808450937271118
-0.09793122857809067
-0.097566619515419
-0.0976424440741539
-0.09795964509248734
31.150339126586914
147.9954071044922
209.21939086914062
137.46487426757812
91.7984619140625
139.00015258789062
140.79092407226562
105.21687316894531
111.67083740234375
115.92181396484375
108.41865539550781
115.64869689941406
121.69587707519531
121.04924011230469
126.6114501953125
128.6473388671875
133.40399169921875
140.39170837402344
145.46556091308594
149.4453582763672
153.40835571289062
158.49179077148438
162.64035034179688
168.67971801757812
175.2493438720703
179.81973266601562
184.12960815429688
186.47164916992188
191.7087860107422
196.41319274902344
202.0422821044922
209.101318359375
214.22286987304688
218.38253784179688
222.30062866210938
222.6698760986328
223.5403289794922
223.9622802734375
222.8798065185547
222.63394165039062
228.07778930664062
232.1173095703125
230.3728790283203
227.2205810546875
227.38796997070312
226.6997833251953
224.977294921875
225.8988800048828
225.4430694580078
227.5970001220703
234.389892578125
232.4402313232422
229.05343627929688
229.84359741210938
228.06631469726562
227.9964141845703
228.05905151367188
227.07937622070312
227.6396026611328
227.87167358398438
227.52804565429688
229.05078125
229.34375
228.8271026611328
229.7152862548828
228.8426055908203
229.39083862304688
229.83740234375
229.5363311767578
229.89151000976562
230.1326141357422
229.6525115966797
231.0623779296875
230.48056030273438
231.09963989257812
231.2936248779297
231.54379272460938
232.2415008544922
231.54550170898438
232.51815795898438
232.31900024414062
232.4752197265625
232.8362579345703
233.0362548828125
232.7721710205078
233.88107299804688
233.2191925048828
233.2681121826172
234.4312286376953
233.9552764892578
234.40988159179688
234.7165069580078
234.6631622314453
235.1334228515625
234.9274139404297
235.4473114013672
235.68051147460938
235.5556182861328
236.14157104492188
235.77993774414062
236.00772094726562
228.6954803466797
176.31045532226562
23.151269912719727
-0.09696868062019348
-0.09859798103570938
-0.09525472670793533
-0.0989380031824112
-0.09778348356485367
-0.09619728475809097
-0.0979619026184082
-0.0976489782333374
-0.09737465530633926
-0.09824854135513306
-0.09696249663829803
-0.09757234156131744
-0.09799610078334808
-0.0973915234208107
-0.09784697741270065
-0.09761969745159149
-0.09746108949184418
-0.09777295589447021
-0.09806261956691742
-0.09771277010440826
-0.0975726991891861
-0.098328597843647
-0.09745872765779495
-0.09744925051927567
-0.09792692959308624
-0.09777919203042984
-0.09766644984483719
-0.09849755465984344
-0.09761521220207214
-0.09780441969633102
-0.09816867113113403
-0.09779839217662811
-0.09736893326044083
-0.0979468822479248
-0.09810420125722885
-0.09777537733316422
-0.09795515239238739
-0.09751734882593155
-0.09813279658555984
-0.09767737239599228
-0.09726162254810333
-0.09801126271486282
-0.0978136956691742
-0.09801144897937775
-0.0976080670952797
-0.09783364087343216
-0.09708964824676514
-0.09796221554279327
-0.09767819195985794
-0.0978112742304802
-0.09775056689977646
-0.09763360023498535
-0.09746364504098892
-0.09731842577457428
-0.09808049350976944
-0.09706617891788483
-0.09717978537082672
-0.09816135466098785
-0.09730446338653564
-0.09718062728643417
-0.09771226346492767
-0.09705386310815811
-0.09791489690542221
-0.09727728366851807
-0.09748011827468872
-0.09758554399013519
-0.09736855328083038
-0.09718170017004013
-0.09770901501178741
-0.09756843000650406
-0.09777089953422546
-0.09677542746067047
-0.09764112532138824
-0.097612664103508
-0.09783058613538742
-0.0973786935210228
-0.09728392958641052
-0.09797783195972443
-0.09739973396062851
-0.09748823940753937
-0.0978800505399704
-0.09757165610790253
-0.09712893515825272
-0.09782536327838898
-0.09808196872472763
-0.09799256920814514
-0.0970541462302208
-0.09840935468673706
-0.09785573929548264
-0.09723208844661713
-0.09811144322156906
-0.09801516681909561
-0.09753326326608658
-0.09810291230678558
-0.09834631532430649
-0.09834881126880646
31.132226943969727
147.9197540283203
208.2149200439453
137.17660522460938
91.26753234863281
141.7742919921875
141.38771057128906
120.90142822265625
128.50018310546875
131.48680114746094
126.1968002319336
129.87835693359375
133.3252410888672
134.1634063720703
139.64596557617188
141.80996704101562
142.70590209960938
147.44566345214844
153.0606689453125
156.53041076660156
160.45132446289062
162.401123046875
167.495361328125
172.81375122070312
178.4958953857422
183.92153930664062
189.46881103515625
192.97738647460938
195.54806518554688
201.40077209472656
206.3820343017578
212.5596466064453
219.15890502929688
223.56851196289062
227.6450958251953
227.42654418945312
223.82888793945312
223.2855987548828
222.1232452392578
222.16357421875
225.9241180419922
228.5714569091797
227.8399658203125
227.0247802734375
224.7933807373047
223.50143432617188
222.7916717529297
225.62258911132812
225.63034057617188
230.1354522705078
236.29641723632812
233.43441772460938
226.35452270507812
226.8041534423828
226.02694702148438
225.0693817138672
229.2816925048828
231.38644409179688
231.4742889404297
230.7890625
229.63818359375
228.5713653564453
226.94979858398438
226.84060668945312
226.4747772216797
227.47750854492188
228.2766876220703
229.8207550048828
231.84774780273438
231.9269256591797
233.2017364501953
232.8834991455078
232.17538452148438
231.5527801513672
229.93142700195312
229.28079223632812
228.6077880859375
228.18191528320312
227.77511596679688
227.4595489501953
228.2078857421875
228.6145782470703
229.12435913085938
230.16793823242188
231.01220703125
231.89389038085938
232.69625854492188
232.831787109375
232.91769409179688
233.601806640625
233.70687866210938
233.9285888671875
234.3944091796875
234.4721221923828
234.3162078857422
235.81216430664062
234.4691619873047
234.7234649658203
234.90234375
234.39431762695312
234.79690551757812
226.6884765625
187.4752960205078
36.252845764160156
-0.09491952508687973
-0.09997092187404633
-0.09554775059223175
-0.09876006096601486
-0.09785845130681992
-0.0968887060880661
-0.09776979684829712
-0.09711538255214691
-0.09740981459617615
-0.09815987944602966
-0.09726275503635406
-0.09737274795770645
-0.09786868840456009
-0.09781946986913681
-0.09757678955793381
-0.09809576719999313
-0.09738311916589737
-0.09790094196796417
-0.09777878224849701
-0.0973842516541481
-0.09788206964731216
-0.09766972064971924
-0.09772367775440216
-0.09838052839040756
-0.09797924757003784
-0.09705019742250443
-0.09754329174757004
-0.09848009049892426
-0.09804067760705948
-0.09773604571819305
-0.09822772443294525
-0.09750688076019287
-0.0976332351565361
-0.09803895652294159
-0.09772905707359314
-0.09829115867614746
-0.09761135280132294
-0.09685760736465454
-0.09833116829395294
-0.09829384088516235
-0.09735038131475449
-0.09785344451665878
-0.09766737371683121
-0.09767689555883408
-0.09737924486398697
-0.09755172580480576
-0.09801442921161652
-0.09759564697742462
-0.0971960723400116
-0.09781724214553833
-0.09760920703411102
-0.09733372926712036
-0.0977301225066185
-0.09671736508607864
-0.09777666628360748
-0.09796655178070068
-0.09730197489261627
-0.09755800664424896
-0.09764502942562103
-0.09741128981113434
-0.09758983552455902
-0.09751947224140167
-0.09745127707719803
-0.0974687859416008
-0.0973232313990593
-0.09751751273870468
-0.09704677760601044
-0.09784623235464096
-0.09763286262750626
-0.09755493700504303
-0.09691306948661804
-0.09795651584863663
-0.09691842645406723
-0.09811194241046906
-0.09800492227077484
-0.09701565653085709
-0.0976727157831192
-0.09725214540958405
-0.09716744720935822
-0.09840758144855499
-0.09745384752750397
-0.09739410877227783
-0.097871795296669
-0.0977492704987526
-0.09755506366491318
-0.09762577712535858
-0.09776680171489716
-0.09756546467542648
-0.09824714809656143
-0.09818048030138016
-0.0974762886762619
-0.09803937375545502
-0.09776382893323898
-0.09780212491750717
-0.09749747067689896
-0.0986197292804718
22.95760726928711
138.04971313476562
203.5806884765625
137.755859375
93.2552719116211
141.50405883789062
144.0568084716797
110.94510650634766
116.0587158203125
119.20765686035156
111.79642486572266
117.17671203613281
123.19898986816406
122.8594741821289
128.65635681152344
132.60365295410156
135.68423461914062
142.01693725585938
146.8795166015625
150.27407836914062
154.14273071289062
159.97325134277344
165.53689575195312
171.1551055908203
175.95736694335938
180.07876586914062
183.99038696289062
187.7102813720703
193.0747528076172
199.67514038085938
205.35952758789062
211.3255615234375
216.7866668701172
219.317138671875
222.7409210205078
224.39889526367188
224.43533325195312
225.70654296875
224.1292266845703
224.2621612548828
225.06689453125
224.259521484375
225.5059051513672
225.67526245117188
226.18984985351562
226.6053009033203
225.91152954101562
224.22604370117188
221.3435821533203
225.92727661132812
233.1147003173828
232.805908203125
230.9742431640625
232.27896118164062
230.5839385986328
229.25961303710938
227.3959197998047
224.94180297851562
226.04653930664062
228.8787078857422
229.81533813476562
230.82742309570312
232.3683319091797
232.6644287109375
232.1642303466797
231.4970245361328
229.3829345703125
227.3899688720703
225.70291137695312
223.9979705810547
224.5150604248047
225.43017578125
227.15966796875
229.87606811523438
231.96142578125
233.8273468017578
235.21603393554688
238.203857421875
238.9553985595703
239.5796356201172
239.7149200439453
239.7458953857422
239.9862060546875
240.0966339111328
240.79959106445312
239.8665771484375
240.7460479736328
240.64083862304688
240.35488891601562
241.0848388671875
240.74368286132812
241.07943725585938
241.40133666992188
240.56680297851562
240.6474609375
240.1814422607422
241.5489501953125
241.3910675048828
240.7986297607422
241.6580047607422
241.0895233154297
232.8326416015625
200.58056640625
46.390480041503906
-0.09301314502954483
-0.09994162619113922
-0.09693484008312225
-0.09839178621768951
-0.09749017655849457
-0.0967053771018982
-0.09757370501756668
-0.09777329862117767
-0.09746566414833069
-0.09773967415094376
-0.0973542183637619
-0.09761328250169754
-0.09848101437091827
-0.09750688076019287
-0.09771745651960373
-0.09757445752620697
-0.09783779084682465
-0.09771706163883209
-0.09797884523868561
-0.0974586084485054
-0.09761587530374527
-0.09816915541887283
-0.09828285872936249
-0.0970073938369751
-0.09801708906888962
-0.09846574068069458
-0.09721304476261139
-0.09816946089267731
-0.09787309169769287
-0.09759913384914398
-0.09757086634635925
-0.09769554436206818
-0.09772081673145294
-0.09796702861785889
-0.09765894711017609
-0.09794246405363083
-0.09768278896808624
-0.09751687198877335
-0.09828585386276245
-0.09731316566467285
-0.0976652055978775
-0.09805020689964294
-0.09749365597963333
-0.09783073514699936
-0.09754322469234467
-0.0974007099866867
-0.09782488644123077
-0.09727414697408676
-0.097528375685215
-0.09778057038784027
-0.09759973734617233
-0.09766295552253723
-0.09743326157331467
-0.09734424203634262
-0.09734612703323364
-0.09737763553857803
-0.09786637872457504
-0.09747008979320526
-0.09750550240278244
-0.09787477552890778
-0.09737120568752289
-0.09737763553857803
-0.09697835147380829
-0.09789852797985077
-0.097658671438694
-0.09712522476911545
-0.09752924740314484
-0.09769018739461899
-0.09757833927869797
-0.09760376065969467
-0.09733934700489044
-0.09685017913579941
-0.09828063100576401
-0.09760484844446182
-0.09696020185947418
-0.09778916835784912
-0.09751985967159271
-0.0975370854139328
-0.09753501415252686
-0.09756426513195038
-0.09736563265323639
-0.09775872528553009
-0.09775923192501068
-0.09803280234336853
-0.09745900332927704
-0.09776987135410309
-0.09781958162784576
-0.09788412600755692
-0.09818293154239655
-0.09720216691493988
-0.09791270643472672
-0.09802468121051788
-0.0977267324924469
-0.09808684885501862
-0.09767977893352509
-0.09756291657686234
54.243194580078125
168.59732055664062
224.92996215820312
149.72659301757812
92.86703491210938
143.50094604492188
139.9200439453125
111.6065673828125
115.65739440917969
116.115966796875
109.82047271728516
114.31490325927734
118.59309387207031
117.94056701660156
124.6130599975586
127.0087890625
130.49365234375
137.70533752441406
141.0229949951172
145.4508056640625
148.95858764648438
154.54022216796875
160.71005249023438
166.25811767578125
171.59646606445312
174.86154174804688
179.9103240966797
182.30914306640625
188.71096801757812
194.4154052734375
199.607177734375
205.63229370117188
210.09262084960938
213.54934692382812
216.9236297607422
222.326904296875
227.2610321044922
229.6379852294922
226.6387176513672
225.80142211914062
224.84841918945312
221.0038604736328
226.0406951904297
232.49093627929688
231.72525024414062
229.64199829101562
229.0496826171875
228.0859832763672
227.15597534179688
230.516357421875
236.52120971679688
234.5226287841797
231.1350860595703
233.8402557373047
231.9532928466797
230.07662963867188
228.9576416015625
225.4289093017578
225.33786010742188
226.13327026367188
227.1079559326172
228.00924682617188
230.61642456054688
230.6543426513672
232.57809448242188
233.8297882080078
233.61569213867188
233.8288116455078
233.2495880126953
230.55142211914062
229.21939086914062
226.68551635742188
225.5246124267578
225.8297119140625
225.74227905273438
227.09396362304688
229.10427856445312
230.82943725585938
233.4115447998047
233.94912719726562
234.5919647216797
235.75985717773438
236.336181640625
236.94393920898438
237.6831512451172
236.753662109375
237.9204559326172
237.632568359375
237.8262939453125
238.7191162109375
238.71139526367188
238.61703491210938
240.1046905517578
239.0812225341797
239.6833038330078
239.76358032226562
239.5281524658203
239.8826446533203
239.7633514404297
238.70315551757812
238.5528564453125
229.9569854736328
186.7958984375
32.94754409790039
-0.09530890733003616
-0.09953156858682632
-0.09590280055999756
-0.09853246808052063
-0.09791556745767593
-0.0968111976981163
-0.09761948883533478
-0.09739775210618973
-0.09716040641069412
-0.0979885682463646
-0.09756498038768768
-0.09771950542926788
-0.09777679294347763
-0.09767286479473114
-0.09768254309892654
-0.09797776490449905
-0.09779737144708633
-0.09801003336906433
-0.09769213199615479
-0.09735587239265442
-0.09835964441299438
-0.09769582003355026
-0.09772989153862
-0.09811808913946152
-0.09765435755252838
-0.0977296307682991
-0.09755241125822067
-0.09789381176233292
-0.09839988499879837
-0.09760595858097076
-0.09723703563213348
-0.0977819561958313
-0.09846100956201553
-0.09776811301708221
-0.09774027019739151
-0.09810668975114822
-0.09780441969633102
-0.09705331921577454
-0.09800835698843002
-0.09825272858142853
-0.09777112305164337
-0.0975990891456604
-0.09712428599596024
-0.09806104004383087
-0.09769439697265625
-0.09741576761007309
-0.09803934395313263
-0.09750408679246902
-0.09811169654130936
-0.09785053133964539
-0.09682798385620117
-0.09805180132389069
-0.09774182736873627
-0.09718777239322662
-0.09767501056194305
-0.0975075513124466
-0.09723418951034546
-0.0972863957285881
-0.09802822023630142
-0.09743915498256683
-0.09745828807353973
-0.09764961898326874
-0.09728413820266724
-0.09744913130998611
-0.09795644134283066
-0.09688576310873032
-0.09794867783784866
-0.09708556532859802
-0.09762821346521378
-0.09743760526180267
-0.09729979187250137
-0.09764270484447479
-0.09734762459993362
-0.0975302904844284
-0.09773502498865128
-0.09748061001300812
-0.09743686020374298
-0.09735195338726044
-0.097504161298275
-0.09783817827701569
-0.09752362966537476
-0.09739387035369873
-0.09771863371133804
-0.09760792553424835
-0.09739100933074951
-0.09866800159215927
-0.0975743904709816
-0.09758725017309189
-0.09719104319810867
-0.09816261380910873
-0.09776555001735687
-0.09792441129684448
-0.09796114265918732
-0.0975986197590828
-0.09807541966438293
-0.0978536382317543
53.52008056640625
167.10731506347656
234.59814453125
171.2105712890625
117.62113189697266
109.7027587890625
100.54695892333984
91.85997009277344
92.69696044921875
91.61491394042969
91.97827911376953
96.75382995605469
100.68574523925781
104.29841613769531
109.0178451538086
112.51918029785156
116.2950210571289
120.35858154296875
124.67707824707031
129.7518768310547
135.25924682617188
141.88340759277344
146.7997283935547
151.1435089111328
153.1734619140625
159.38711547851562
163.53094482421875
169.1044158935547
176.72213745117188
181.57064819335938
186.30455017089844
190.82907104492188
194.5807647705078
199.25506591796875
205.6838836669922
210.8453369140625
216.28564453125
217.4488067626953
218.6311492919922
222.5917205810547
226.6739044189453
225.6731719970703
224.9872589111328
224.9666290283203
224.294921875
223.89889526367188
224.41299438476562
224.64285278320312
227.6391143798828
233.45065307617188
233.92935180664062
229.189697265625
228.90725708007812
229.3082733154297
226.8512725830078
227.4968719482422
227.87081909179688
226.8926239013672
228.2362518310547
227.93359375
227.6772003173828
228.5751953125
227.90756225585938
228.1342315673828
228.70309448242188
228.7569580078125
228.98974609375
229.3161163330078
229.42041015625
229.8585662841797
230.314208984375
230.23806762695312
230.79904174804688
230.8712921142578
231.2003173828125
231.0758056640625
231.71096801757812
231.9639434814453
231.7405548095703
231.76083374023438
232.6774444580078
232.07089233398438
232.87344360351562
232.8254852294922
232.9461212158203
233.8648223876953
233.36416625976562
234.1567840576172
233.614013671875
234.06887817382812
234.61978149414062
234.86892700195312
234.8501434326172
234.85781860351562
235.1201934814453
235.380126953125
235.55319213867188
235.27627563476562
236.3046417236328
235.5637969970703
235.916748046875
228.1230010986328
185.3923797607422
31.477792739868164
-0.09526795148849487
-0.09922889620065689
-0.09559794515371323
-0.09898395836353302
-0.09789860248565674
-0.09643514454364777
-0.09811296314001083
-0.09717079997062683
-0.09720625728368759
-0.09820865094661713
-0.09742958098649979
-0.09709694981575012
-0.09827757626771927
-0.09756873548030853
-0.09780729562044144
-0.0974452942609787
-0.09761060774326324
-0.09800181537866592
-0.09778077900409698
-0.09731122106313705
-0.09805567562580109
-0.09794796258211136
-0.09799772500991821
-0.09781514108181
-0.09789307415485382
-0.09735187143087387
-0.09775949269533157
-0.0983397513628006
-0.09806914627552032
-0.09758060425519943
-0.09798729419708252
-0.09772846847772598
-0.09773879498243332
-0.09793712943792343
-0.09766651690006256
-0.09802863746881485
-0.09793464839458466
-0.09686911851167679
-0.09805446118116379
-0.09839169681072235
-0.09735577553510666
-0.09777619689702988
-0.0977981761097908
-0.09769757837057114
-0.09727887809276581
-0.09771841019392014
-0.09795503318309784
-0.09763772785663605
-0.09741364419460297
-0.09794951975345612
-0.09743176400661469
-0.0979420393705368
-0.097608283162117
-0.09713605791330338
-0.09751240909099579
-0.09767355769872665
-0.09729132801294327
-0.09754885733127594
-0.09776219725608826
-0.09760186821222305
-0.09714902192354202
-0.09716673195362091
-0.09824040532112122
-0.0975954532623291
-0.09678288549184799
-0.09710277616977692
-0.09766637533903122
-0.09811802208423615
-0.09733331203460693
-0.0973549485206604
-0.09718237817287445
-0.09763024747371674
-0.09812303632497787
-0.09754469245672226
-0.09764610230922699
-0.09702596813440323
-0.09771984070539474
-0.09750701487064362
-0.09796133637428284
-0.09759189188480377
-0.09746509045362473
-0.0979050025343895
-0.0972980409860611
-0.09805368632078171
-0.097360759973526
-0.09758017957210541
-0.0974806398153305
-0.097621388733387
-0.09813587367534637
-0.0975104421377182
-0.0978790745139122
-0.09806455671787262
-0.09760459512472153
-0.09768380969762802
-0.09804663807153702
-0.09817986935377121
31.49503517150879
147.29019165039062
210.5100860595703
139.04116821289062
92.01874542236328
138.1533203125
140.33200073242188
105.2774887084961
111.934326171875
115.8462142944336
109.27994537353516
116.6952133178711
121.83158111572266
121.9925308227539
127.46284484863281
129.50119018554688
134.1005859375
140.6304168701172
145.4972381591797
150.0487060546875
153.54202270507812
158.6621551513672
163.0592498779297
169.15704345703125
175.63955688476562
179.66822814941406
184.48959350585938
186.81646728515625
191.84060668945312
196.9385986328125
202.43081665039062
209.44302368164062
215.18603515625
218.70492553710938
223.357666015625
223.780029296875
222.8145751953125
223.9145965576172
223.12533569335938
222.3100128173828
228.3275909423828
232.2642822265625
230.3816680908203
227.9357147216797
227.48941040039062
226.224365234375
225.3131561279297
225.51968383789062
225.6809539794922
225.2970733642578
228.67318725585938
229.2197265625
226.3126220703125
228.061767578125
226.95614624023438
226.32968139648438
227.3833465576172
227.5394287109375
227.78683471679688
227.57131958007812
228.0931854248047
228.0167999267578
228.52493286132812
228.43185424804688
228.45614624023438
228.86557006835938
228.93197631835938
229.09042358398438
229.70285034179688
229.48995971679688
230.4193572998047
229.88204956054688
230.7415008544922
231.16549682617188
231.09017944335938
231.0783233642578
231.6937255859375
231.78494262695312
231.9513397216797
231.8433837890625
232.91555786132812
231.96536254882812
233.0843505859375
232.7539825439453
233.58700561523438
233.07919311523438
233.25308227539062
234.3771209716797
233.853271484375
234.10342407226562
234.3021240234375
234.5945281982422
234.80618286132812
234.8346405029297
235.30459594726562
235.4281463623047
235.3144989013672
235.6610565185547
235.9010009765625
235.9537811279297
235.2947540283203
227.7912139892578
192.11587524414062
40.546512603759766
-0.09385687112808228
-0.09972920268774033
-0.09600088000297546
-0.09865178167819977
-0.09782924503087997
-0.09631218016147614
-0.097882941365242
-0.09781289845705032
-0.09699386358261108
-0.097936250269413
-0.09731412678956985
-0.0975552648305893
-0.09849373996257782
-0.09754642844200134
-0.09725748002529144
-0.09781618416309357
-0.09798931330442429
-0.09737228602170944
-0.09764392673969269
-0.09751399606466293
-0.09782125800848007
-0.09771639853715897
-0.09779329597949982
-0.09839298576116562
-0.09783486276865005
-0.097225621342659
-0.09799212962388992
-0.09833498299121857
-0.09762029349803925
-0.09793107211589813
-0.09789314866065979
-0.09758951514959335
-0.09740574657917023
-0.09809193015098572
-0.09780047088861465
-0.09762676805257797
-0.09752334654331207
-0.09764339029788971
-0.09828351438045502
-0.09721513092517853
-0.09742248803377151
-0.09822613000869751
-0.09764179587364197
-0.09733130037784576
-0.09832685440778732
-0.09778337180614471
-0.09679397940635681
-0.09756110608577728
-0.09801818430423737
-0.0971423089504242
-0.09764565527439117
-0.09788267314434052
-0.0978149026632309
-0.0970572978258133
-0.0977301299571991
-0.09753918647766113
-0.09735007584095001
-0.09791256487369537
-0.09697572141885757
-0.09723541885614395
-0.09774879366159439
-0.09783594310283661
-0.09750913083553314
-0.097311832010746
-0.09780091792345047
-0.09759996086359024
-0.09728474169969559
-0.09778663516044617
-0.09739087522029877
-0.09761654585599899
-0.09750844538211823
-0.09712466597557068
-0.0978035181760788
-0.09765984863042831
-0.09792990237474442
-0.09725479781627655
-0.09794248640537262
-0.09714780002832413
-0.09756886214017868
-0.09766271710395813
-0.09755587577819824
-0.09796114265918732
-0.09798970818519592
-0.09764377027750015
-0.09743209928274155
-0.09788253158330917
-0.09804871678352356
-0.09788437932729721
-0.09778496623039246
-0.09754902124404907
-0.09812106192111969
-0.09796861559152603
-0.0983118936419487
-0.09756047278642654
-0.0978124588727951
-0.0978725478053093
53.577117919921875
167.28030395507812
222.859130859375
149.69088745117188
95.95883178710938
150.7910919189453
152.32955932617188
121.5868911743164
121.9417953491211
123.93255615234375
116.45320892333984
118.77392578125
124.72037506103516
124.00822448730469
129.69113159179688
133.41636657714844
136.56507873535156
143.26571655273438
147.3849334716797
151.21778869628906
154.79336547851562
160.372802734375
166.54513549804688
171.32882690429688
177.42872619628906
180.1181640625
184.5029296875
188.3512420654297
193.16323852539062
199.1338653564453
205.0247039794922
210.90603637695312
216.4063720703125
219.85305786132812
223.2001953125
224.45071411132812
223.20712280273438
224.5420684814453
223.0233917236328
222.37808227539062
224.5209197998047
225.16421508789062
225.54736328125
224.92715454101562
225.0345916748047
224.5489501953125
224.453125
224.5706024169922
224.7414093017578
227.50244140625
232.9803009033203
231.89346313476562
228.5654754638672
229.41378784179688
228.0933837890625
227.699951171875
228.1798858642578
227.3077392578125
227.38125610351562
227.6002655029297
228.0463104248047
229.1767120361328
229.95828247070312
228.998291015625
229.4551544189453
229.5206756591797
229.05648803710938
229.83956909179688
229.76480102539062
229.8323516845703
230.46701049804688
229.6623992919922
231.0209503173828
230.60110473632812
231.22006225585938
231.33963012695312
230.81930541992188
231.94729614257812
231.9263916015625
232.2356414794922
232.48703002929688
232.45053100585938
232.5574951171875
233.07177734375
233.2364959716797
233.5481719970703
233.47128295898438
233.74368286132812
234.0867919921875
234.2667999267578
234.02804565429688
234.96231079101562
234.84707641601562
234.90383911132812
235.26943969726562
235.25460815429688
235.4176483154297
235.7208709716797
235.72265625
235.99215698242188
235.0444793701172
227.335205078125
185.33448791503906
32.349613189697266
-0.09542594850063324
-0.09917496144771576
-0.09578271955251694
-0.09882336854934692
-0.0975821390748024
-0.09659211337566376
-0.09754259884357452
-0.09738083183765411
-0.09713830053806305
-0.09789086133241653
-0.097161203622818
-0.09746191650629044
-0.0983799546957016
-0.09725640714168549
-0.09757447242736816
-0.09782546013593674
-0.09763891994953156
-0.0975574478507042
-0.09789799153804779
-0.0975056067109108
-0.09776151180267334
-0.09766148030757904
-0.09819137305021286
-0.09791120141744614
-0.09767861664295197
-0.09739474207162857
-0.0975603312253952
-0.09822020679712296
-0.09822486340999603
-0.0977964997291565
-0.09775297343730927
-0.09779361635446548
-0.09787355363368988
-0.0978802889585495
-0.09766902029514313
-0.09834667295217514
-0.09760595858097076
-0.09673067182302475
-0.09844698011875153
-0.09825073182582855
-0.09744282066822052
-0.09806778281927109
-0.09780886024236679
-0.097734734416008
-0.09738176316022873
-0.09745179116725922
-0.0974680632352829
-0.097412109375
-0.09794475138187408
-0.0977262556552887
-0.09745296090841293
-0.09764788299798965
-0.09826857596635818
-0.09658580273389816
-0.097874216735363
-0.09743907302618027
-0.09742890298366547
-0.09765143692493439
-0.09724199771881104
-0.09797140955924988
-0.09743689000606537
-0.09711205214262009
-0.09792710840702057
-0.09713022410869598
-0.09808995574712753
-0.09745826572179794
-0.09770630300045013
-0.09704871475696564
-0.09774549305438995
-0.09739577025175095
-0.09747491776943207
-0.09767873585224152
-0.09727423638105392
-0.09767408668994904
-0.09756749868392944
-0.0974849984049797
-0.09749232232570648
-0.09729816764593124
-0.09788249433040619
-0.09718073159456253
-0.09740056842565536
-0.09829540550708771
-0.09761299937963486
-0.0975116416811943
-0.09761179238557816
-0.0975477397441864
-0.097865529358387
-0.09814335405826569
-0.09728677570819855
-0.09784422814846039
-0.09776266664266586
-0.09793342649936676
-0.09780744463205338
-0.09794142842292786
-0.09833195060491562
-0.09760912507772446
22.96621322631836
138.80575561523438
202.59518432617188
137.27334594726562
91.5021743774414
136.35037231445312
131.12863159179688
110.47916412353516
119.17259216308594
120.57669830322266
116.6145248413086
122.5988540649414
124.4320068359375
125.55070495605469
130.7497100830078
131.40866088867188
132.43081665039062
138.03976440429688
142.20639038085938
147.09890747070312
151.2696990966797
154.36135864257812
158.48538208007812
163.74935913085938
168.95132446289062
174.99244689941406
180.78318786621094
184.4326934814453
186.82278442382812
192.86581420898438
196.52102661132812
202.63955688476562
209.92724609375
213.355712890625
218.6930389404297
222.5819549560547
225.9166717529297
226.42947387695312
224.62557983398438
226.2464141845703
225.1920928955078
222.1439971923828
222.6291961669922
222.3960418701172
224.92715454101562
235.00283813476562
234.4974365234375
230.57418823242188
230.42294311523438
228.2631378173828
224.60092163085938
229.4081573486328
236.1558837890625
234.38723754882812
232.00741577148438
233.7509765625
233.09097290039062
231.9595489501953
231.3448944091797
227.5033416748047
225.23696899414062
223.63290405273438
225.22982788085938
228.7907257080078
229.57803344726562
230.78579711914062
232.11184692382812
232.7643280029297
234.49490356445312
235.3983154296875
235.78335571289062
235.0572509765625
234.47476196289062
233.17343139648438
230.69161987304688
230.00332641601562
227.7205352783203
227.5619659423828
226.27218627929688
226.20651245117188
227.39306640625
227.4978485107422
228.95693969726562
229.5316619873047
229.72512817382812
231.149658203125
231.43594360351562
231.3124542236328
231.8408203125
231.9340362548828
232.0443878173828
232.4125518798828
232.9741973876953
232.8000946044922
232.93484497070312
232.47396850585938
232.1572265625
232.62973022460938
232.03662109375
232.0453643798828
232.12216186523438
224.33688354492188
183.87802124023438
34.80891418457031
-0.09472732245922089
-0.09946854412555695
-0.09556367993354797
-0.09897664934396744
-0.09784267097711563
-0.09672145545482635
-0.09773934632539749
-0.09733030945062637
-0.09749478846788406
-0.09777004271745682
-0.09765034914016724
-0.09759475290775299
-0.09811830520629883
-0.09763042628765106
-0.09773783385753632
-0.09760268032550812
-0.09740771353244781
-0.09808133542537689
-0.09773030132055283
-0.09771420061588287
-0.09787468612194061
-0.09795968234539032
-0.09789665043354034
-0.09836568683385849
-0.09754182398319244
-0.09764920175075531
-0.0974663645029068
-0.09795413911342621
-0.09794314205646515
-0.09794380515813828
-0.09756635129451752
-0.09780041873455048
-0.09812469780445099
-0.09757955372333527
-0.09769395738840103
-0.09850764274597168
-0.09744270890951157
-0.09705812484025955
-0.0984882265329361
-0.09747184813022614
-0.09738820791244507
-0.0981159657239914
-0.09796825051307678
-0.09778454154729843
-0.09719543159008026
-0.09726808965206146
-0.0977344661951065
-0.09756096452474594
-0.09763562679290771
-0.0980110839009285
-0.09723982959985733
-0.09765969216823578
-0.0970742329955101
-0.09708899259567261
-0.09798067063093185
-0.09747698903083801
-0.09761548042297363
-0.09768737107515335
-0.09717424213886261
-0.09806813299655914
-0.09726525843143463
-0.097355917096138
-0.0976741835474968
-0.09754146635532379
-0.09742136299610138
-0.09798385202884674
-0.09700319916009903
-0.09737936407327652
-0.09777715802192688
-0.09745116531848907
-0.09713491797447205
-0.09773554652929306
-0.09765491634607315
-0.0969906598329544
-0.09790025651454926
-0.09715437889099121
-0.0981600359082222
-0.09760179370641708
-0.0978064313530922
-0.09769193828105927
-0.09742741286754608
-0.09769701212644577
-0.09803352504968643
-0.09742497652769089
-0.0976044312119484
-0.09793119132518768
-0.09779776632785797
-0.0974452868103981
-0.09791458398103714
-0.09801550209522247
-0.09767873585224152
-0.09749948233366013
-0.09834824502468109
-0.09786128997802734
-0.09741293638944626
-0.09824572503566742
22.982702255249023
