209.40884399414062
209.40884399414062
159.8704833984375
45.197296142578125
-0.09559111297130585
-0.09726567566394806
-0.09864024072885513
-0.09805908054113388
-0.09664256125688553
-0.09759722650051117
-0.09712440520524979
-0.09807147830724716
-0.09790480136871338
-0.09705980122089386
-0.09737135469913483
-0.09735582768917084
-0.09715833514928818
-0.09760613739490509
-0.0977826863527298
-0.0980479046702385
-0.09763114154338837
-0.09752723574638367
-0.0981820821762085
-0.09742080420255661
-0.09755194187164307
-0.09785632789134979
-0.09755431115627289
-0.09642354398965836
-0.09894205629825592
-0.09825478494167328
-0.09690312296152115
-0.09819315373897552
-0.09863848239183426
-0.09764935076236725
-0.09752020239830017
-0.09692966938018799
-0.09781606495380402
-0.09839314222335815
-0.09742755442857742
-0.09709352254867554
-0.09743542969226837
-0.09788580238819122
-0.09716909378767014
-0.09791801124811172
-0.09960953146219254
-0.09800796955823898
-0.09681196510791779
-0.09829606115818024
-0.09767923504114151
-0.09725143015384674
-0.09740667790174484
-0.09749056398868561
-0.09625932574272156
-0.09776969999074936
-0.09731768071651459
-0.09692586958408356
-0.09776904433965683
-0.09940053522586823
-0.09734220057725906
-0.09667976200580597
-0.09849776327610016
-0.09759242087602615
-0.0976640060544014
-0.09761333465576172
-0.09694269299507141
-0.09647367894649506
-0.09735588729381561
-0.09813429415225983
-0.09607631713151932
-0.09846346825361252
-0.09814406931400299
-0.0967133641242981
-0.098223015666008
-0.09737350046634674
-0.09728419780731201
-0.09733102470636368
-0.09762110561132431
-0.09761561453342438
-0.09782369434833527
-0.0971795842051506
-0.09757204353809357
-0.0978923961520195
-0.0983409732580185
-0.0977512001991272
-0.09711924940347672
-0.09663110971450806
-0.09780793637037277
-0.09877500683069229
-0.097187839448452
-0.09642814844846725
-0.09786562621593475
-0.09859857708215714
-0.09764420986175537
-0.09767923504114151
-0.09970705211162567
-0.09795999526977539
-0.0977335199713707
-0.09789498150348663
-0.09768474847078323
39.21265411376953
143.2234344482422
202.79208374023438
138.92098999023438
108.372314453125
102.63374328613281
93.48555755615234
88.95509338378906
89.00299835205078
87.00898742675781
88.05504608154297
92.3900146484375
95.57730865478516
99.41129302978516
103.1717758178711
104.70152282714844
110.51129150390625
116.55667877197266
120.83416748046875
125.94720458984375
129.05801391601562
134.1955108642578
139.1842803955078
144.5969696044922
152.56320190429688
156.83860778808594
161.6693115234375
165.45819091796875
169.7341766357422
173.9952392578125
180.54458618164062
185.6483917236328
192.0653839111328
199.41085815429688
204.23976135253906
209.5153045654297
212.4693145751953
217.25802612304688
221.21334838867188
224.47872924804688
221.7306365966797
220.1655731201172
227.2661590576172
233.90713500976562
232.35787963867188
227.0652618408203
225.5308074951172
223.5959014892578
222.0324249267578
231.13027954101562
238.90951538085938
237.650146484375
235.2142791748047
232.8262939453125
228.14505004882812
226.06112670898438
224.935791015625
224.9358673095703
227.81863403320312
231.0143280029297
233.2481689453125
233.5105743408203
235.02734375
233.9009246826172
232.89328002929688
231.27804565429688
228.24462890625
226.40304565429688
224.6025390625
224.175537109375
224.40481567382812
225.3720703125
227.1574249267578
228.41458129882812
230.8716583251953
232.83535766601562
235.25216674804688
236.2589111328125
238.2554473876953
238.3126220703125
238.7381134033203
239.00820922851562
239.3728485107422
238.3329620361328
238.9821014404297
238.5579071044922
238.3268280029297
238.78756713867188
238.1033172607422
239.16665649414062
239.9527130126953
239.3097686767578
239.03512573242188
239.2510986328125
239.59375
239.3604736328125
238.508056640625
239.0928497314453
240.31509399414062
240.0455322265625
238.8647003173828
231.51504516601562
187.62783813476562
33.37778091430664
-0.09526380896568298
-0.099458709359169
-0.09559430181980133
-0.0991889014840126
-0.09767632931470871
-0.09659609943628311
-0.09831004589796066
-0.09699544310569763
-0.09720051288604736
-0.09806517511606216
-0.09741763025522232
-0.0975206270813942
-0.0983237475156784
-0.09730790555477142
-0.09781554341316223
-0.09769119322299957
-0.0978473648428917
-0.09755105525255203
-0.09793691337108612
-0.09790021926164627
-0.09716543555259705
-0.0980033352971077
-0.09808491170406342
-0.09795410186052322
-0.09805967658758163
-0.09712111949920654
-0.09745831787586212
-0.09829828143119812
-0.09814200550317764
-0.0975690633058548
-0.09800589829683304
-0.09796331822872162
-0.09738826006650925
-0.09810840338468552
-0.09735546261072159
-0.09809623658657074
-0.098291777074337
-0.09674829989671707
-0.09767419099807739
-0.09840226918458939
-0.09769915044307709
-0.09790307283401489
-0.0976642444729805
-0.09781297296285629
-0.09784276783466339
-0.09737701714038849
-0.0974816232919693
-0.0977165549993515
-0.0977192372083664
-0.09760545194149017
-0.09759920835494995
-0.09804902225732803
-0.09735915809869766
-0.09735491126775742
-0.0974179208278656
-0.09735618531703949
-0.09753270447254181
-0.09797880053520203
-0.09666077792644501
-0.0976780503988266
-0.09774930030107498
-0.09737318754196167
-0.09811233729124069
-0.09705042093992233
-0.097597137093544
-0.09779785573482513
-0.09705570340156555
-0.09810856729745865
-0.09749461710453033
-0.09718792885541916
-0.09767167270183563
-0.09721636772155762
-0.09730316698551178
-0.09756562858819962
-0.09717859327793121
-0.0977134183049202
-0.09768108278512955
-0.0972675085067749
-0.09754563122987747
-0.09816853702068329
-0.09727133065462112
-0.09816573560237885
-0.09778212755918503
-0.09722697734832764
-0.09801889955997467
-0.09795288741588593
-0.09753936529159546
-0.0974954292178154
-0.09772495925426483
-0.09855367243289948
-0.09768755733966827
-0.09711454063653946
-0.09846533834934235
-0.09788697212934494
-0.09788498282432556
-0.09818761050701141
22.685361862182617
137.94522094726562
203.39700317382812
137.07875061035156
91.64118957519531
133.47152709960938
132.36224365234375
105.63958740234375
113.33857727050781
114.0190200805664
107.84456634521484
114.04046630859375
117.92440032958984
118.20268249511719
125.2913589477539
127.48030090332031
130.73294067382812
138.00180053710938
141.75308227539062
145.68658447265625
149.7229766845703
154.65032958984375
161.2462921142578
166.83126831054688
171.70211791992188
175.81422424316406
179.65953063964844
183.36801147460938
188.97634887695312
194.97256469726562
200.62722778320312
205.87069702148438
210.41647338867188
214.4568634033203
216.0651092529297
214.88888549804688
215.91171264648438
222.6197052001953
229.6259765625
228.8161163330078
224.78378295898438
222.5762176513672
222.06881713867188
220.5792999267578
227.77255249023438
235.81826782226562
234.83071899414062
231.3343048095703
230.88778686523438
226.96755981445312
224.4488067626953
226.08706665039062
227.43276977539062
229.63504028320312
233.273681640625
231.6066436767578
229.488037109375
228.2398681640625
226.83761596679688
225.8396453857422
225.3796844482422
226.3916778564453
227.90658569335938
228.54360961914062
230.4170379638672
232.3293914794922
231.659423828125
232.07913208007812
231.264892578125
230.14944458007812
230.2472686767578
229.20364379882812
229.82382202148438
228.4742889404297
228.9779052734375
228.51644897460938
229.09542846679688
229.76266479492188
230.22000122070312
230.56015014648438
231.809814453125
232.29904174804688
232.34225463867188
234.12484741210938
234.61660766601562
235.01638793945312
235.67221069335938
235.60238647460938
235.885009765625
236.044189453125
236.2185516357422
236.55136108398438
237.16064453125
236.97280883789062
236.6395263671875
237.21786499023438
237.5541229248047
237.900146484375
237.3454132080078
237.4188995361328
237.4596710205078
228.78866577148438
188.4339141845703
36.1993408203125
-0.09501978009939194
-0.0998120903968811
-0.09607461094856262
-0.09831877052783966
-0.0981932133436203
-0.09674569219350815
-0.09752534329891205
-0.0971887931227684
-0.09756745398044586
-0.09777486324310303
-0.09785160422325134
-0.09742145240306854
-0.09807711839675903
-0.09749041497707367
-0.09794672578573227
-0.09769880026578903
-0.09753735363483429
-0.09789334982633591
-0.0973777323961258
-0.0976661890745163
-0.09803521633148193
-0.0978546068072319
-0.09780583530664444
-0.09806965291500092
-0.09768757969141006
-0.09741105139255524
-0.09820345044136047
-0.09802679717540741
-0.09808085113763809
-0.09774753451347351
-0.09802858531475067
-0.09814289957284927
-0.09736141562461853
-0.09800149500370026
-0.09769351780414581
-0.09789932519197464
-0.09806255996227264
-0.09761057794094086
-0.09774326533079147
-0.09782568365335464
-0.09745480120182037
-0.0978245884180069
-0.09770931303501129
-0.09781433641910553
-0.09755879640579224
-0.09769482910633087
-0.09802687913179398
-0.09757883846759796
-0.09734264016151428
-0.09760407358407974
-0.09745385497808456
-0.09781825542449951
-0.09773533046245575
-0.09752991050481796
-0.09764745831489563
-0.09716597944498062
-0.0977536141872406
-0.09740006923675537
-0.09740199148654938
-0.09803244471549988
-0.09682750701904297
-0.09738188982009888
-0.09790556132793427
-0.09748135507106781
-0.09723810851573944
-0.09718238562345505
-0.09768816828727722
-0.09776346385478973
-0.09731722623109818
-0.09789583832025528
-0.09710260480642319
-0.09771823137998581
-0.09730102121829987
-0.09750266373157501
-0.09768857061862946
-0.09714112430810928
-0.09808554500341415
-0.09761965274810791
-0.09732191264629364
-0.09744003415107727
-0.09806030988693237
-0.09741806983947754
-0.0978989377617836
-0.097722627222538
-0.09731580317020416
-0.09772587567567825
-0.09784112125635147
-0.09767014533281326
-0.09786367416381836
-0.09765905886888504
-0.09767824411392212
-0.09792254120111465
-0.09808580577373505
-0.09793060272932053
-0.09747602045536041
-0.09784986078739166
22.931743621826172
138.1265869140625
203.7664794921875
137.98284912109375
94.6762924194336
145.64816284179688
144.6055908203125
118.35758209228516
123.82563781738281
125.33985900878906
119.5615005493164
124.81376647949219
129.2665557861328
129.4808349609375
136.13717651367188
138.53652954101562
141.88050842285156
148.45565795898438
152.37318420410156
155.90176391601562
160.0646514892578
164.79055786132812
170.8159942626953
176.13864135742188
181.67117309570312
184.65133666992188
189.25506591796875
192.41421508789062
197.89907836914062
204.35507202148438
209.6005859375
215.7522430419922
220.3233184814453
223.62887573242188
226.5119171142578
226.89865112304688
225.1685333251953
225.42794799804688
224.98764038085938
224.1260528564453
224.8675079345703
224.41098022460938
225.16268920898438
225.4538116455078
226.36978149414062
226.2164764404297
226.105224609375
223.9415740966797
221.96224975585938
225.671630859375
233.6114501953125
233.11727905273438
230.9738006591797
232.7512664794922
230.79330444335938
229.7158660888672
227.55307006835938
224.518798828125
226.7001953125
229.39389038085938
230.81021118164062
231.3260040283203
232.9910888671875
234.45223999023438
233.1143035888672
231.85885620117188
229.82180786132812
227.2411651611328
224.7947235107422
223.8412322998047
223.8154296875
224.76498413085938
227.25900268554688
228.50625610351562
231.50003051757812
232.8681182861328
235.0577392578125
236.0215301513672
237.5482635498047
238.6887969970703
238.02883911132812
238.87551879882812
238.30996704101562
237.51290893554688
237.2713165283203
237.30844116210938
237.3381805419922
236.7567138671875
236.77413940429688
237.11190795898438
236.79067993164062
237.4616241455078
236.4484405517578
237.4370880126953
237.6969757080078
237.23922729492188
237.8811798095703
237.85501098632812
238.3396453857422
238.9069366455078
238.6793670654297
230.7158966064453
188.7005157470703
33.8385124206543
-0.0952603742480278
-0.09931787103414536
-0.09546297043561935
-0.09900285303592682
-0.09779348969459534
-0.09673994779586792
-0.09777095913887024
-0.09717055410146713
-0.09726238250732422
-0.0978885069489479
-0.0976417288184166
-0.09747360646724701
-0.09821105003356934
-0.09747126698493958
-0.09768477082252502
-0.09787259995937347
-0.09744933247566223
-0.09791655838489532
-0.09729427099227905
-0.09782759845256805
-0.09790213406085968
-0.09778760373592377
-0.0974656492471695
-0.09795037657022476
-0.09836165606975555
-0.0972364991903305
-0.09824968874454498
-0.09782728552818298
-0.09805606305599213
-0.09792421758174896
-0.09734329581260681
-0.09765060245990753
-0.0983780100941658
-0.09798629581928253
-0.09725473076105118
-0.0981288030743599
-0.09819065034389496
-0.09703394025564194
-0.0981370359659195
-0.09795226901769638
-0.09734410792589188
-0.09814753383398056
-0.09788426756858826
-0.09766145050525665
-0.09748712927103043
-0.09729022532701492
-0.09831055253744125
-0.09771350026130676
-0.09758389741182327
-0.09790976345539093
-0.09778646379709244
-0.097685307264328
-0.09766322374343872
-0.09709710627794266
-0.09744308888912201
-0.09831111133098602
-0.0971742793917656
-0.09746899455785751
-0.0971425324678421
-0.09778771549463272
-0.0981324166059494
-0.0975148007273674
-0.09759107977151871
-0.09695756435394287
-0.09800039231777191
-0.09721700847148895
-0.09710032492876053
-0.0980522558093071
-0.09730805456638336
-0.09767616540193558
-0.09767071157693863
-0.0972299724817276
-0.09778610616922379
-0.09756064414978027
-0.09729798138141632
-0.09771042317152023
-0.09717772901058197
-0.09767840802669525
-0.09766551107168198
-0.09767403453588486
-0.09774750471115112
-0.09771266579627991
-0.09720990806818008
-0.09748703241348267
-0.09788169711828232
-0.0977158397436142
-0.09740781784057617
-0.09811441600322723
-0.09778905659914017
-0.09773771464824677
-0.09780855476856232
-0.09766147285699844
-0.09802789986133575
-0.09735860675573349
-0.0984196737408638
-0.09812290221452713
53.74049758911133
169.58871459960938
226.30123901367188
152.45645141601562
91.15100860595703
134.8587646484375
133.49057006835938
111.83294677734375
119.1790542602539
121.59979248046875
114.23111724853516
117.64278411865234
120.6226806640625
121.8152847290039
129.01541137695312
131.20858764648438
132.1680145263672
137.97474670410156
143.3545379638672
147.65968322753906
151.42642211914062
154.00721740722656
158.5459442138672
164.10452270507812
170.43466186523438
175.7619171142578
180.6817169189453
184.39889526367188
186.71420288085938
193.26963806152344
197.97300720214844
204.2104034423828
211.1886749267578
215.4729766845703
219.8017578125
223.55868530273438
227.57553100585938
227.27059936523438
223.70523071289062
224.3191375732422
224.00308227539062
221.5363311767578
228.2117462158203
234.7448272705078
230.72048950195312
227.50765991210938
228.69168090820312
225.6845703125
225.36865234375
226.83383178710938
225.3606719970703
228.9167938232422
236.25814819335938
234.7464599609375
230.66104125976562
232.5645294189453
232.2875518798828
230.42916870117188
230.5457000732422
227.09152221679688
225.74880981445312
225.10348510742188
225.93246459960938
229.84091186523438
229.82107543945312
229.79190063476562
232.02578735351562
231.9600067138672
232.84494018554688
232.8137664794922
233.05978393554688
232.69418334960938
232.1178436279297
231.96109008789062
230.0899658203125
229.53079223632812
228.0984344482422
227.6927032470703
227.74160766601562
227.96633911132812
228.58541870117188
229.02255249023438
229.4768829345703
229.7215576171875
229.90548706054688
230.48623657226562
230.6176300048828
231.24755859375
231.56900024414062
231.55819702148438
231.7962188720703
232.05538940429688
232.3038787841797
233.15859985351562
232.59463500976562
232.41397094726562
232.3495330810547
231.14352416992188
231.35037231445312
231.5215606689453
232.46542358398438
224.02783203125
181.76553344726562
30.358901977539062
-0.09498966485261917
-0.09933719784021378
-0.09539498388767242
-0.09901301562786102
-0.09776460379362106
-0.09614425152540207
-0.0976419448852539
-0.09741146862506866
-0.09733442962169647
-0.09817696362733841
-0.09728847444057465
-0.09735172986984253
-0.0977754071354866
-0.09772003442049026
-0.09729211777448654
-0.09805350750684738
-0.09782583266496658
-0.09750819951295853
-0.09745730459690094
-0.09805115312337875
-0.097770094871521
-0.09749014675617218
-0.09794165194034576
-0.09810124337673187
-0.09784506261348724
-0.09727229923009872
-0.09756936132907867
-0.09829892218112946
-0.09795419126749039
-0.0976705402135849
-0.0981178730726242
-0.09777836501598358
-0.09789673238992691
-0.09746374934911728
-0.09780598431825638
-0.09791038930416107
-0.09779595583677292
-0.09707021713256836
-0.09825851023197174
-0.09850417077541351
-0.09751596301794052
-0.09739043563604355
-0.09816665947437286
-0.09757964313030243
-0.09733368456363678
-0.09736654162406921
-0.09763919562101364
-0.0975976437330246
-0.09745281934738159
-0.09805421531200409
-0.09742190688848495
-0.09754340350627899
-0.09748572111129761
-0.0976213663816452
-0.09797250479459763
-0.09728825837373734
-0.09721342474222183
-0.09797791391611099
-0.09717220067977905
-0.0971279889345169
-0.09806407988071442
-0.0969361811876297
-0.09786206483840942
-0.0974789410829544
-0.09743501245975494
-0.09755496680736542
-0.09715176373720169
-0.09767252951860428
-0.09716435521841049
-0.09739560633897781
-0.09778087586164474
-0.09790565073490143
-0.09744968265295029
-0.09683477133512497
-0.09783615916967392
-0.09711647778749466
-0.0976901575922966
-0.09749281406402588
-0.09768866747617722
-0.0975165143609047
-0.09784442186355591
-0.09756998717784882
-0.09753571450710297
-0.09756894409656525
-0.09768190234899521
-0.09825985133647919
-0.09761019796133041
-0.0976383313536644
-0.0979214459657669
-0.09778917580842972
-0.09759686142206192
-0.09744379669427872
-0.09818439185619354
-0.09782402217388153
-0.09795558452606201
-0.09783495962619781
53.358551025390625
168.36253356933594
225.1876983642578
151.30905151367188
97.07938385009766
150.75241088867188
152.11851501464844
121.69808197021484
121.79084777832031
123.97139739990234
115.9799575805664
118.55242919921875
124.9967269897461
123.89558410644531
129.79714965820312
133.8131866455078
136.02194213867188
143.57919311523438
147.34158325195312
151.16885375976562
154.88108825683594
160.5572509765625
166.3732147216797
171.8550567626953
177.28591918945312
180.70303344726562
185.24656677246094
188.2373046875
194.34933471679688
199.23367309570312
204.8717498779297
211.4788818359375
215.73843383789062
219.2265167236328
222.65280151367188
223.4749298095703
221.47531127929688
222.38082885742188
222.34616088867188
221.85226440429688
225.00466918945312
229.0196990966797
228.8693084716797
225.76119995117188
226.40182495117188
225.748779296875
224.5087127685547
228.93289184570312
234.31088256835938
230.6934356689453
228.8308563232422
229.93017578125
227.1710205078125
227.40304565429688
227.0659942626953
227.15408325195312
230.74002075195312
236.5027618408203
234.7547149658203
230.18148803710938
232.1105194091797
230.2139434814453
229.70260620117188
230.14736938476562
228.90097045898438
229.3451385498047
229.5458984375
229.2318115234375
230.9036865234375
229.57388305664062
230.692138671875
229.9034881591797
231.1700897216797
230.77572631835938
231.20504760742188
231.39035034179688
231.3788299560547
231.3675079345703
232.33090209960938
231.57568359375
232.5806427001953
232.3799591064453
232.96334838867188
232.64041137695312
233.40243530273438
233.41891479492188
233.6546173095703
233.5177764892578
234.15576171875
234.6211700439453
233.9971923828125
234.84176635742188
234.4195556640625
235.2899932861328
235.2176513671875
234.7978973388672
235.72134399414062
235.923095703125
235.2222900390625
236.26791381835938
235.697509765625
228.8507843017578
186.6939697265625
32.4025993347168
-0.09546594321727753
-0.09939761459827423
-0.09555725753307343
-0.09878451377153397
-0.09749947488307953
-0.09695354104042053
-0.09769727289676666
-0.09720277786254883
-0.09754574298858643
-0.09791765362024307
-0.09758274257183075
-0.09715555608272552
-0.09814273566007614
-0.09746483713388443
-0.09769631177186966
-0.09788800776004791
-0.09771162271499634
-0.09745674580335617
-0.09788919240236282
-0.09750549495220184
-0.097733274102211
-0.09767977148294449
-0.0976090058684349
-0.09779821336269379
-0.09828861057758331
-0.097785584628582
-0.09725254774093628
-0.09775526821613312
-0.09845472127199173
-0.09734078496694565
-0.0972428172826767
-0.09827245771884918
-0.09845581650733948
-0.09780605882406235
-0.09741690754890442
-0.09777186810970306
-0.09809405356645584
-0.09700969606637955
-0.09803792834281921
-0.09789049625396729
-0.09761510789394379
-0.09799255430698395
-0.09778912365436554
-0.0979146733880043
-0.09744956344366074
-0.0972333624958992
-0.09771926701068878
-0.09779815375804901
-0.0978483334183693
-0.09791402518749237
-0.09716539829969406
-0.09743447601795197
-0.09800852090120316
-0.0972709134221077
-0.09770635515451431
-0.09711877256631851
-0.0972382202744484
-0.09835845232009888
-0.0972321480512619
-0.09757982194423676
-0.09760444611310959
-0.097042515873909
-0.0979323536157608
-0.09737278521060944
-0.09736818820238113
-0.09754659235477448
-0.09725335985422134
-0.097816601395607
-0.09728467464447021
-0.09745097160339355
-0.09742415696382523
-0.09746648371219635
-0.0977027639746666
-0.09708839654922485
-0.09779757261276245
-0.09752843528985977
-0.09761472791433334
-0.09768961369991302
-0.09797950834035873
-0.09729041904211044
-0.09727615118026733
-0.09785493463277817
-0.09790555387735367
-0.09725888818502426
-0.09778828918933868
-0.09750223159790039
-0.09778465330600739
-0.09790349006652832
-0.09798623621463776
-0.09743761271238327
-0.09786494821310043
-0.09764082729816437
-0.09842674434185028
-0.09766606241464615
-0.09750417619943619
-0.09789645671844482
22.568906784057617
137.25755310058594
202.82839965820312
136.60745239257812
92.26641845703125
140.92884826660156
143.7772216796875
110.38456726074219
115.4452896118164
118.7132339477539
111.72850036621094
117.2127685546875
122.3626708984375
121.79876708984375
129.00637817382812
132.03390502929688
134.86288452148438
142.86672973632812
146.06558227539062
150.63768005371094
153.9197998046875
159.50271606445312
165.62313842773438
170.86868286132812
176.96554565429688
179.87986755371094
184.17153930664062
187.40240478515625
193.20664978027344
199.56912231445312
204.0719451904297
210.0332489013672
213.65945434570312
217.89181518554688
221.3808135986328
223.9625701904297
224.0987548828125
226.2461395263672
224.5496826171875
224.10000610351562
226.5000457763672
225.9458465576172
227.38320922851562
227.7084503173828
227.434326171875
227.9945831298828
226.6328582763672
224.64697265625
221.9334259033203
226.6839141845703
234.8296661376953
234.3297119140625
232.0895233154297
233.87490844726562
230.7400665283203
228.92611694335938
227.20654296875
225.0486602783203
227.4599609375
231.6788787841797
232.25088500976562
232.89645385742188
233.8502960205078
232.57864379882812
231.417724609375
229.3942413330078
226.190673828125
225.2598876953125
224.6959686279297
224.4335174560547
225.8040771484375
228.42666625976562
230.6805877685547
232.650634765625
234.1901092529297
236.25442504882812
237.7209930419922
238.1836395263672
238.1547393798828
237.37442016601562
235.74258422851562
234.3983917236328
233.512939453125
231.3910369873047
230.2355499267578
228.79983520507812
228.18307495117188
227.7994384765625
227.7896270751953
227.42257690429688
227.67724609375
227.6058349609375
227.81356811523438
227.3382568359375
228.42092895507812
228.8794403076172
228.39501953125
229.89419555664062
230.02737426757812
230.67288208007812
230.95883178710938
225.4855499267578
183.58724975585938
30.6207218170166
-0.0950341671705246
-0.09959973394870758
-0.09565892815589905
-0.09901458024978638
-0.09778179228305817
-0.09702911227941513
-0.097467802464962
-0.09772054105997086
-0.09723411500453949
-0.09786805510520935
-0.09745311737060547
-0.0978158563375473
-0.09842927008867264
-0.09755683690309525
-0.09753330796957016
-0.09781128913164139
-0.0974084809422493
-0.09779934585094452
-0.0981445387005806
-0.09784434735774994
-0.09752074629068375
-0.0980832502245903
-0.09778943657875061
-0.09797406196594238
-0.09774080663919449
-0.09799911081790924
-0.09745024889707565
-0.09813026338815689
-0.0981590524315834
-0.09794576466083527
-0.09742239117622375
-0.09780623018741608
-0.0982155129313469
-0.09796389937400818
-0.09786300361156464
-0.09803842008113861
-0.09815444052219391
-0.09725116193294525
-0.09780804067850113
-0.09754543006420135
-0.09800291061401367
-0.09809192270040512
-0.09742507338523865
-0.09742029756307602
-0.09762917459011078
-0.09766644984483719
-0.09806342422962189
-0.09777062386274338
-0.0972294732928276
-0.09813740104436874
-0.09748278558254242
-0.09738330543041229
-0.09819699823856354
-0.09692085534334183
-0.09804944694042206
-0.09758293628692627
-0.09737254679203033
-0.09750422835350037
-0.09753822535276413
-0.09753330796957016
-0.09771779924631119
-0.09717249870300293
-0.09819953888654709
-0.09695646166801453
-0.09750932455062866
-0.09718544781208038
-0.09733744710683823
-0.09821328520774841
-0.09700681269168854
-0.0976075604557991
-0.09709478169679642
-0.09827488660812378
-0.09741207212209702
-0.09711579978466034
-0.09747537225484848
-0.0982542335987091
-0.09756619483232498
-0.0971798300743103
-0.0973886102437973
-0.09769748151302338
-0.09752912819385529
-0.09811915457248688
-0.09742041677236557
-0.09797494113445282
-0.09780541807413101
-0.09675079584121704
-0.09834755957126617
-0.09797150641679764
-0.09789185225963593
-0.09810326993465424
-0.09750956296920776
-0.09827669709920883
-0.09733695536851883
-0.09815340489149094
-0.09787526726722717
-0.09731582552194595
54.044395446777344
168.6295623779297
224.81979370117188
151.61285400390625
97.31291198730469
151.0332794189453
153.3978271484375
123.68379211425781
124.23062896728516
125.6809310913086
117.69718933105469
120.41146087646484
124.22956848144531
122.9518814086914
130.4198760986328
134.7130889892578
138.43936157226562
144.01272583007812
147.39431762695312
151.9103546142578
155.2313995361328
161.0894317626953
166.96424865722656
173.14389038085938
177.81393432617188
181.60885620117188
186.39730834960938
189.26878356933594
194.55604553222656
201.87063598632812
205.9001922607422
211.9185791015625
215.9063262939453
219.5761260986328
223.1071319580078
225.6988983154297
223.0891876220703
224.28079223632812
222.4606170654297
221.473876953125
226.0814666748047
230.68368530273438
231.7351837158203
228.305419921875
228.62939453125
227.7469482421875
225.7445526123047
230.66787719726562
234.86474609375
232.7211151123047
231.0034942626953
231.84619140625
231.1789093017578
229.91494750976562
226.98880004882812
224.2145538330078
229.5066375732422
236.54287719726562
235.77420043945312
232.7911376953125
234.8162384033203
234.67221069335938
233.36865234375
232.686279296875
231.16543579101562
228.51327514648438
226.82876586914062
226.5186004638672
227.81436157226562
228.28701782226562
229.87631225585938
231.8696746826172
233.04824829101562
234.6055145263672
235.9862823486328
236.20144653320312
236.62869262695312
236.6324005126953
235.8019561767578
235.3599853515625
233.787841796875
233.2742156982422
231.6819610595703
230.5953369140625
229.7801971435547
228.64706420898438
228.53225708007812
228.068359375
228.212158203125
227.6867218017578
228.0870819091797
228.08181762695312
228.2701873779297
228.4306640625
228.89328002929688
229.0301513671875
229.9681854248047
230.53369140625
230.3583984375
230.91812133789062
231.3343963623047
224.06982421875
189.30709838867188
38.94513702392578
-0.0937347412109375
-0.09953360259532928
-0.09610965847969055
-0.09822303056716919
-0.0979083776473999
-0.0966295674443245
-0.09753971546888351
-0.09765750914812088
-0.0969424769282341
-0.09775499999523163
-0.09789367765188217
-0.09734338521957397
-0.0980311930179596
-0.09774013608694077
-0.09771855920553207
-0.09762826561927795
-0.09752967208623886
-0.09729360044002533
-0.09801696240901947
-0.09759025275707245
-0.09754747897386551
-0.09791527688503265
-0.09823518991470337
-0.09807581454515457
-0.09769044071435928
-0.09735938906669617
-0.09774117916822433
-0.09795796126127243
-0.0977284163236618
-0.0982549786567688
-0.09788566827774048
-0.09760360419750214
-0.09781746566295624
-0.09791328012943268
-0.09750497341156006
-0.09784363210201263
-0.0981052815914154
-0.09663566946983337
-0.0981324091553688
-0.09799404442310333
-0.09788250178098679
-0.09811149537563324
-0.09737399220466614
-0.0983438640832901
-0.09707511961460114
-0.09737794101238251
-0.09794451296329498
-0.09735085070133209
-0.09777211397886276
-0.0979892760515213
-0.09746240079402924
-0.09746243804693222
-0.09739778190851212
-0.09747461974620819
-0.09758282452821732
-0.09735511243343353
-0.09757845103740692
-0.09756831079721451
-0.09758135676383972
-0.09789718687534332
-0.09717753529548645
-0.09739628434181213
-0.09779958426952362
-0.09739537537097931
-0.09753241389989853
-0.09767265617847443
-0.09712733328342438
-0.09737367928028107
-0.09739428013563156
-0.09788715094327927
-0.09708702564239502
-0.09745722264051437
-0.09764672815799713
-0.09751427918672562
-0.09709129482507706
-0.0976862907409668
-0.097852922976017
-0.09730822592973709
-0.0973896011710167
-0.09757477045059204
-0.09763354808092117
-0.09824864566326141
-0.09755057096481323
-0.09734843671321869
-0.09726755321025848
-0.0977613776922226
-0.0981345847249031
-0.09751224517822266
-0.09713290631771088
-0.09775436669588089
-0.09778257459402084
-0.0976426973938942
-0.09805282950401306
-0.09813644737005234
-0.09734659641981125
-0.09772448241710663
22.1201171875
136.67752075195312
218.86538696289062
174.17636108398438
131.0605926513672
125.0079345703125
117.54573822021484
108.19606018066406
109.43328857421875
108.85533142089844
107.93343353271484
114.24642181396484
115.83402252197266
119.91156005859375
126.926513671875
130.32150268554688
133.69851684570312
138.75515747070312
142.89166259765625
147.51278686523438
153.23388671875
159.46302795410156
163.86123657226562
168.45262145996094
170.0728759765625
175.35549926757812
180.6324462890625
185.6424102783203
192.78793334960938
198.0031280517578
202.34133911132812
205.98635864257812
210.51687622070312
214.40261840820312
220.49978637695312
222.5167999267578
219.74514770507812
221.2808380126953
222.8326873779297
221.1523895263672
224.43759155273438
232.0341339111328
232.02023315429688
226.7755584716797
226.7976531982422
226.98580932617188
222.95657348632812
226.399658203125
233.91854858398438
232.43368530273438
228.41989135742188
228.99575805664062
229.0243377685547
227.54922485351562
229.5431671142578
229.2655487060547
227.06747436523438
227.8883819580078
227.85433959960938
226.95993041992188
227.8426513671875
228.4723663330078
227.7754364013672
229.4545135498047
228.521240234375
228.865966796875
230.2417449951172
229.333984375
229.18655395507812
230.5601043701172
230.4796905517578
231.1463165283203
231.6356201171875
231.8778533935547
232.14376831054688
232.3104705810547
232.34130859375
232.1644287109375
232.6900634765625
232.559814453125
233.144775390625
232.2437744140625
232.4296417236328
232.31942749023438
231.8096923828125
232.0600128173828
231.7973175048828
232.08578491210938
231.96066284179688
232.3210906982422
232.04052734375
232.97048950195312
232.8478546142578
232.94949340820312
233.24258422851562
233.97280883789062
234.2288360595703
234.88442993164062
235.15432739257812
235.3567657470703
236.00161743164062
229.20144653320312
189.7227783203125
37.35572814941406
-0.09528910368680954
-0.09978519380092621
-0.09595277905464172
-0.09899014979600906
-0.09757928550243378
-0.0967533141374588
-0.09777175635099411
-0.09704823791980743
-0.09767355024814606
-0.09810924530029297
-0.09729292243719101
-0.0974183976650238
-0.09845191240310669
-0.09738622605800629
-0.09735886752605438
-0.09807969629764557
-0.09750095754861832
-0.0974830761551857
-0.09793557226657867
-0.09768719226121902
-0.09785021096467972
-0.09792319685220718
-0.0980648398399353
-0.09753992408514023
-0.09810794144868851
-0.09760040789842606
-0.0976070985198021
-0.09817549586296082
-0.09830658882856369
-0.09735478460788727
-0.09823711216449738
-0.09765224903821945
-0.09764044731855392
-0.09830357134342194
-0.09767520427703857
-0.09790541231632233
-0.09784673899412155
-0.09703408181667328
-0.09772635996341705
-0.09811427444219589
-0.09806111454963684
-0.09818436205387115
-0.09746700525283813
-0.09782096743583679
-0.09724756330251694
-0.09770026803016663
-0.09800590574741364
-0.09793029725551605
-0.0975685566663742
-0.09763203561306
-0.09744180738925934
-0.09764521569013596
-0.09749320894479752
-0.09696376323699951
-0.09806288778781891
-0.09756629914045334
-0.0975969210267067
-0.09758538752794266
-0.09746420383453369
-0.09752148389816284
-0.09769634902477264
-0.09714913368225098
-0.09805595129728317
-0.09781648218631744
-0.09697942435741425
-0.09760363399982452
-0.09783779829740524
-0.09695564210414886
-0.09755229949951172
-0.0980762392282486
-0.09718547761440277
-0.09759990125894547
-0.09741298854351044
-0.09803400933742523
-0.09747324883937836
-0.09720557183027267
-0.09708821773529053
-0.09781184047460556
-0.09792739152908325
-0.09774035215377808
-0.09779755026102066
-0.09728418290615082
-0.09738972783088684
-0.09844224900007248
-0.09711173176765442
-0.09788046777248383
-0.0981084331870079
-0.09727740287780762
-0.09776298701763153
-0.09800388664007187
-0.09767594188451767
-0.09805609285831451
-0.09770291298627853
-0.09784121811389923
-0.09811995178461075
-0.09763921797275543
41.6793212890625
156.69613647460938
215.1774444580078
145.45291137695312
94.82223510742188
142.24256896972656
143.5284881591797
111.6439437866211
117.42549896240234
120.69630432128906
114.94921875
120.018798828125
124.24778747558594
123.94776916503906
128.6528778076172
129.6053009033203
131.04556274414062
135.64663696289062
141.040283203125
144.84542846679688
149.2447052001953
152.28939819335938
157.21287536621094
161.2870330810547
167.4136199951172
173.5934600830078
179.15444946289062
182.0962677001953
185.89036560058594
191.14022827148438
195.62448120117188
201.05630493164062
208.56387329101562
212.340087890625
218.1496124267578
221.2445831298828
225.2735137939453
226.40200805664062
221.52224731445312
221.9601593017578
224.6092987060547
223.5436553955078
229.1566925048828
234.8167266845703
231.79086303710938
228.3841094970703
227.6267852783203
227.11672973632812
225.76351928710938
233.0146026611328
239.16470336914062
233.0599365234375
229.6327362060547
230.39096069335938
227.890869140625
228.3578643798828
229.29293823242188
227.9696807861328
230.75332641601562
229.76797485351562
229.726806640625
230.34957885742188
229.2425994873047
229.44473266601562
229.85153198242188
230.51708984375
230.7159881591797
230.2456817626953
230.7373809814453
229.765380859375
229.4045867919922
229.5295867919922
227.74282836914062
228.53073120117188
228.01708984375
228.2958984375
229.0242156982422
228.9583282470703
230.0123748779297
229.4518585205078
230.73751831054688
231.6181182861328
233.3041229248047
233.69882202148438
233.53915405273438
234.7865447998047
235.6725616455078
235.0609893798828
235.53244018554688
235.99868774414062
236.1166534423828
236.7946014404297
237.3743438720703
236.65841674804688
235.8428192138672
236.6376495361328
236.30691528320312
235.9755859375
235.27499389648438
234.29965209960938
234.1272430419922
226.2804718017578
182.43557739257812
30.20627212524414
-0.09556553512811661
-0.0989954024553299
-0.09563158452510834
-0.09891734272241592
-0.09758209437131882
-0.09682390838861465
-0.09771561622619629
-0.09752335399389267
-0.09690074622631073
-0.09823977947235107
-0.0972224622964859
-0.09766806662082672
-0.09797899425029755
-0.09765799343585968
-0.09735941886901855
-0.09754738956689835
-0.09774342179298401
-0.09777545183897018
-0.09751912951469421
-0.09774374216794968
-0.09767948091030121
-0.09786803275346756
-0.09773953258991241
-0.09795958548784256
-0.09800607711076736
-0.09716323018074036
-0.09753270447254181
-0.09829722344875336
-0.09793440252542496
-0.0977720096707344
-0.09761770814657211
-0.09779367595911026
-0.09770974516868591
-0.09780551493167877
-0.09766998887062073
-0.09847507625818253
-0.0978284627199173
-0.09653972089290619
-0.09788773208856583
-0.09849508851766586
-0.09741608798503876
-0.09790091216564178
-0.09782746434211731
-0.097715362906456
-0.09718283265829086
-0.09792663156986237
-0.09808465838432312
-0.09748687595129013
-0.09746266901493073
-0.09758594632148743
-0.09765825420618057
-0.09771162271499634
-0.09784816205501556
-0.09667693078517914
-0.0974910706281662
-0.09827222675085068
-0.09717974811792374
-0.09771306812763214
-0.09740074723958969
-0.09733496606349945
-0.09763222187757492
-0.09748922288417816
-0.0974937379360199
-0.09726761281490326
-0.09781702607870102
-0.09776519238948822
-0.09732545167207718
-0.09722131490707397
-0.09752584993839264
-0.09718050062656403
-0.09734708070755005
-0.09773002564907074
-0.09797238558530807
-0.09723162651062012
-0.09770406037569046
-0.0971221849322319
-0.09814441204071045
-0.09777756035327911
-0.0971342921257019
-0.09762243926525116
-0.09750339388847351
-0.09806527942419052
-0.0973343476653099
-0.0974285826086998
-0.09776192903518677
-0.09761607646942139
-0.09773605316877365
-0.0977809801697731
-0.09770023822784424
-0.09744243323802948
-0.09777694195508957
-0.09833122789859772
-0.09730181843042374
-0.09790036082267761
-0.09780992567539215
-0.09805264323949814
54.10160446166992
169.4274139404297
244.59384155273438
197.74916076660156
144.04379272460938
131.8892364501953
125.43757629394531
115.17584228515625
112.88691711425781
111.28299713134766
109.21015930175781
113.48143005371094
114.71809387207031
116.53010559082031
120.37168884277344
123.66121673583984
128.54978942871094
133.1162872314453
136.508544921875
139.4929656982422
145.11746215820312
150.75897216796875
154.63262939453125
160.46824645996094
162.96536254882812
167.2711181640625
173.4227294921875
178.2484588623047
184.89842224121094
191.21652221679688
194.48721313476562
198.9341583251953
203.4442596435547
207.1539306640625
212.90023803710938
219.0052490234375
223.8354034423828
224.7915496826172
223.0799102783203
223.2583770751953
223.20166015625
222.84912109375
221.27963256835938
220.085693359375
223.5097198486328
224.23745727539062
226.65438842773438
232.57174682617188
231.998046875
226.9358673095703
226.7698974609375
226.74850463867188
225.2427215576172
228.02926635742188
229.1123504638672
228.27468872070312
228.59707641601562
227.531982421875
225.3037109375
225.41629028320312
224.8313446044922
225.14303588867188
227.1844024658203
229.37533569335938
231.44802856445312
233.229248046875
233.2425994873047
233.0382537841797
231.85781860351562
230.63705444335938
228.94491577148438
228.156494140625
226.7515411376953
225.9474334716797
226.15939331054688
225.6022491455078
226.1978759765625
227.65353393554688
228.7862091064453
230.2881622314453
231.3602294921875
232.2305450439453
233.28329467773438
234.3624725341797
234.71591186523438
235.76669311523438
235.67593383789062
236.3494415283203
236.8198699951172
236.32901000976562
236.49691772460938
237.18234252929688
237.5171356201172
236.5845947265625
236.34725952148438
236.0004119873047
236.9145050048828
236.28524780273438
236.80996704101562
237.0391845703125
236.3025360107422
228.70236206054688
185.25387573242188
31.90554428100586
-0.09511731564998627
-0.0994359627366066
-0.09583581984043121
-0.09873820841312408
-0.09769805520772934
-0.09663604199886322
-0.09787055104970932
-0.09779448807239532
-0.09696178883314133
-0.0979159027338028
-0.0977390930056572
-0.09755147993564606
-0.09821620583534241
-0.09742632508277893
-0.09794463217258453
-0.0976829081773758
-0.09764678031206131
-0.09806853532791138
-0.09813791513442993
-0.09733687341213226
-0.09788455814123154
-0.09765281528234482
-0.09797771275043488
-0.09814482182264328
-0.09793825447559357
-0.09774954617023468
-0.0978160947561264
-0.09792942553758621
-0.09827256202697754
-0.0976724922657013
-0.09780307114124298
-0.09764637798070908
-0.09779573231935501
-0.09755808860063553
-0.09775371104478836
-0.09774602204561234
-0.09803065657615662
-0.09703297168016434
-0.09769131243228912
-0.09808936715126038
-0.09764693677425385
-0.09753803163766861
-0.0980781838297844
-0.09789323061704636
-0.09779320657253265
-0.09737703204154968
-0.09749151021242142
-0.0977003276348114
-0.09785623848438263
-0.09771879762411118
-0.0975683182477951
-0.09760577231645584
-0.0974479615688324
-0.09770969301462173
-0.09781695157289505
-0.09716008603572845
-0.09752444922924042
-0.09803687036037445
-0.09769751131534576
-0.09722808748483658
-0.09712888300418854
-0.09757009893655777
-0.09801121801137924
-0.09740980714559555
-0.09736239165067673
-0.0975489392876625
-0.09697506576776505
-0.09761877357959747
-0.09764224290847778
-0.0973384901881218
-0.09791083633899689
-0.09700573235750198
-0.09799293428659439
-0.09713699668645859
-0.09751099348068237
-0.0972665399312973
-0.09780208766460419
-0.09780599176883698
-0.09750892966985703
-0.09770543873310089
-0.09765224158763885
-0.09711180627346039
-0.09800120443105698
-0.09766342490911484
-0.09764625132083893
-0.09760277718305588
-0.0978250652551651
-0.09787039458751678
-0.09748204052448273
-0.09773621708154678
-0.09752272814512253
-0.0980459675192833
-0.09800662100315094
-0.09778241813182831
-0.09804059565067291
-0.09758012741804123
41.81984329223633
157.21595764160156
217.17236328125
146.27003479003906
88.9440689086914
133.3348846435547
137.95188903808594
109.3366928100586
118.63102722167969
122.15940856933594
113.4504623413086
116.767822265625
118.9580307006836
119.33500671386719
127.07574462890625
129.2523193359375
131.48828125
137.2825927734375
141.63235473632812
145.1980438232422
149.89508056640625
151.92770385742188
157.55616760253906
163.72914123535156
168.48316955566406
174.0947723388672
177.76483154296875
182.06558227539062
185.63426208496094
191.5461883544922
196.5617218017578
202.98983764648438
208.9575653076172
213.3626708984375
217.1509246826172
220.4202880859375
225.61904907226562
226.19125366210938
222.3811492919922
223.0359344482422
225.7185821533203
222.37289428710938
225.8963623046875
233.3591766357422
231.3590545654297
227.8948516845703
228.2147979736328
227.216552734375
225.0879364013672
231.6078338623047
238.0074920654297
233.68948364257812
230.09957885742188
232.065673828125
230.68350219726562
229.700439453125
229.9898681640625
226.69729614257812
228.04360961914062
228.0577850341797
227.8375701904297
229.63034057617188
230.54647827148438
230.60275268554688
231.6969451904297
231.3740234375
232.59323120117188
232.827880859375
232.28945922851562
231.67575073242188
230.35653686523438
230.0377655029297
229.19363403320312
228.64071655273438
228.0915985107422
228.56640625
228.8878631591797
229.50033569335938
230.3562469482422
230.1458282470703
231.4669189453125
231.1877899169922
231.0993194580078
232.48965454101562
232.626220703125
233.3126678466797
232.83865356445312
233.89724731445312
234.51943969726562
234.37863159179688
234.20156860351562
234.8175811767578
234.7593994140625
235.25601196289062
235.57455444335938
235.1911163330078
235.5865020751953
235.5358123779297
235.1989288330078
236.27908325195312
236.2632598876953
227.6072998046875
184.507080078125
31.467952728271484
-0.09508493542671204
-0.09954392910003662
-0.09566359966993332
-0.09883961826562881
-0.09767811000347137
-0.09672053158283234
-0.0978027954697609
-0.09744744747877121
-0.09730489552021027
-0.09810902923345566
-0.09723660349845886
-0.09741565585136414
-0.098563052713871
-0.09718424081802368
-0.09779326617717743
-0.0976714938879013
-0.09756215661764145
-0.09777721762657166
-0.09739641100168228
-0.09771928936243057
-0.09799819439649582
-0.09758622944355011
-0.09812582284212112
-0.09784304350614548
-0.09754471480846405
-0.09795833379030228
-0.09751143306493759
-0.09803389757871628
-0.09820345789194107
-0.09776264429092407
-0.09797884523868561
-0.09792022407054901
-0.0971902459859848
-0.0978662297129631
-0.09747829288244247
-0.09814746677875519
-0.09772612154483795
-0.09736178815364838
-0.09784264862537384
-0.09777668863534927
-0.09754326939582825
-0.09771465510129929
-0.09786729514598846
-0.09728388488292694
-0.09757421910762787
-0.09745077788829803
-0.0981779620051384
-0.0972195491194725
-0.09796389937400818
-0.09744419157505035
-0.0977059006690979
-0.09781183302402496
-0.09705149382352829
-0.09747257828712463
-0.09790156036615372
-0.09725454449653625
-0.09732567518949509
-0.0977851152420044
-0.09732697159051895
-0.09774921834468842
-0.09748952835798264
-0.09776496887207031
-0.09786976128816605
-0.09693938493728638
-0.09771111607551575
-0.09761283546686172
-0.09707065671682358
-0.09802153706550598
-0.09729751944541931
-0.09777633845806122
-0.09726779162883759
-0.09650026261806488
-0.09776775538921356
-0.0981273353099823
-0.09701795876026154
-0.09722369909286499
-0.09758950769901276
-0.09775406122207642
-0.09753908216953278
-0.0975872129201889
-0.09744329750537872
-0.09778463840484619
-0.09743782132863998
-0.09761710464954376
-0.09777701646089554
-0.09766481816768646
-0.09784188121557236
-0.09708752483129501
-0.09790465980768204
-0.09782861918210983
-0.09820317476987839
-0.09766613692045212
-0.09759043902158737
-0.09786956012248993
-0.09802741557359695
-0.09756027162075043
22.406635284423828
137.1256561279297
203.41749572753906
136.5808868408203
89.69190216064453
135.06752014160156
131.16140747070312
108.16908264160156
115.80992126464844
115.09671783447266
109.14399719238281
115.4215087890625
118.41666412353516
118.248046875
126.21646881103516
127.05694580078125
131.7218780517578
138.41033935546875
141.46627807617188
146.26852416992188
149.70509338378906
154.30877685546875
161.4416046142578
166.5382537841797
171.3275604248047
176.40988159179688
179.8752899169922
183.48257446289062
189.66061401367188
195.4215545654297
200.78543090820312
206.30020141601562
210.6093292236328
214.00631713867188
218.5599365234375
223.912109375
229.3876953125
231.0878448486328
229.7096710205078
230.3608856201172
226.3833770751953
222.4604034423828
224.0491180419922
226.46371459960938
226.5448760986328
230.046630859375
229.8843994140625
226.7283935546875
225.4289093017578
223.13082885742188
222.3290252685547
228.1105499267578
235.76296997070312
236.77407836914062
234.7592010498047
236.29757690429688
233.10067749023438
229.51168823242188
227.69369506835938
224.76699829101562
225.1139678955078
226.0960235595703
228.697265625
233.26010131835938
235.52084350585938
235.37521362304688
236.6836395263672
234.85562133789062
232.9037322998047
230.7029266357422
228.52468872070312
227.0852813720703
226.06796264648438
225.9426727294922
225.60958862304688
226.82351684570312
227.94180297851562
228.5911865234375
230.1068572998047
232.0473175048828
234.22879028320312
235.58987426757812
235.99411010742188
237.2282257080078
238.08901977539062
238.66934204101562
238.58901977539062
238.75936889648438
239.1832275390625
240.031494140625
239.5157470703125
240.1588592529297
239.56967163085938
240.20974731445312
240.71090698242188
240.2300567626953
238.5733642578125
238.62841796875
237.5775909423828
237.62747192382812
237.4146270751953
229.6080780029297
186.53648376464844
32.72202682495117
-0.09525392949581146
-0.09934181720018387
-0.09578322619199753
-0.09939663857221603
-0.09750796854496002
-0.09673963487148285
-0.09808717668056488
-0.09732101857662201
-0.09733746945858002
-0.0981064885854721
-0.09767312556505203
-0.09750313311815262
-0.09822361916303635
-0.09764115512371063
-0.09736095368862152
-0.09789963066577911
-0.09804125875234604
-0.0974898710846901
-0.09800916165113449
-0.09772523492574692
-0.09780635684728622
-0.09787757694721222
-0.09796534478664398
-0.09757068008184433
-0.09824298322200775
-0.09753870218992233
-0.09771523624658585
-0.09793947637081146
-0.09820869565010071
-0.09810727089643478
-0.09791629016399384
-0.09778396040201187
-0.09781940281391144
-0.09769920259714127
-0.09743359684944153
-0.09831146895885468
-0.09764349460601807
-0.09755828231573105
-0.0979447290301323
-0.09782801568508148
-0.09753505885601044
-0.0977761372923851
-0.09786783158779144
-0.09792296588420868
-0.09727197885513306
-0.0971679612994194
-0.09821759164333344
-0.0975230410695076
-0.09708164632320404
-0.09805281460285187
-0.09778068959712982
-0.09737373888492584
-0.09785065054893494
-0.09714151918888092
-0.09758982807397842
-0.0978410392999649
-0.09690075367689133
-0.09758826345205307
-0.09731388092041016
-0.09749042987823486
-0.0977579802274704
-0.09748399257659912
-0.09759242087602615
-0.09712933003902435
-0.0976465567946434
-0.09766170382499695
-0.09719685465097427
-0.0975656509399414
-0.09709267318248749
-0.09757602959871292
-0.09756526350975037
-0.09751809388399124
-0.09744922816753387
-0.09723378717899323
-0.09719822555780411
-0.09785203635692596
-0.09801705181598663
-0.09698691964149475
-0.09749237447977066
-0.0979587510228157
-0.09721434116363525
-0.09779474884271622
-0.09768801927566528
-0.0977998748421669
-0.09771595895290375
-0.09786580502986908
-0.09717835485935211
-0.0977248102426529
-0.09796936810016632
-0.09790317714214325
-0.09760282933712006
-0.0979534164071083
-0.09816940128803253
-0.0977507084608078
-0.09769069403409958
-0.09795203804969788
53.88098907470703
169.17103576660156
243.5165252685547
197.13926696777344
144.85328674316406
132.90504455566406
125.71644592285156
115.76824951171875
113.44808197021484
111.57293701171875
109.78666687011719
113.924560546875
115.10260009765625
117.6623764038086
120.52095031738281
124.1743392944336
128.4571075439453
133.85997009277344
137.1793670654297
139.4529266357422
146.59959411621094
150.93260192871094
156.1258087158203
160.80072021484375
163.70333862304688
168.31890869140625
173.78762817382812
178.44740295410156
185.68875122070312
191.6667022705078
195.18270874023438
199.33009338378906
204.0763702392578
207.17333984375
213.1208038330078
214.8007049560547
218.110595703125
225.38525390625
230.7517547607422
230.2206573486328
226.31198120117188
225.02572631835938
223.5364227294922
222.0644073486328
224.2061767578125
225.59963989257812
227.5470733642578
232.9627227783203
232.66995239257812
227.32675170898438
227.1068878173828
227.1912078857422
225.4210662841797
227.41024780273438
230.6540069580078
228.5369873046875
227.9875946044922
227.6404571533203
224.607666015625
225.0339813232422
224.6102294921875
225.62936401367188
226.60693359375
228.48184204101562
230.08090209960938
233.2447509765625
233.1766357421875
231.82449340820312
231.23495483398438
230.1635284423828
228.0540008544922
228.2491455078125
227.3769989013672
226.4853057861328
228.140380859375
226.7356719970703
227.92129516601562
229.4746551513672
230.34341430664062
231.5879364013672
233.4381103515625
233.29745483398438
234.707763671875
235.63119506835938
236.40347290039062
237.01904296875
238.0238037109375
237.7255401611328
238.28298950195312
238.3496551513672
238.5051727294922
239.05810546875
239.2811737060547
238.5927734375
237.9590301513672
237.8846893310547
237.975830078125
237.11575317382812
237.0968780517578
237.0616455078125
236.1499786376953
228.72042846679688
184.41221618652344
31.468679428100586
-0.09506829082965851
-0.09907586127519608
-0.0959337130188942
-0.09888302534818649
-0.0972052589058876
-0.09670256078243256
-0.09765006601810455
-0.09745381772518158
-0.09735485911369324
-0.09776537120342255
-0.09751493483781815
-0.09709157049655914
-0.0980849638581276
-0.09741942584514618
-0.09804460406303406
-0.0977947935461998
-0.09756508469581604
-0.0976676493883133
-0.09771712124347687
-0.09734268486499786
-0.09754891693592072
-0.09807684272527695
-0.09789429605007172
-0.09759906679391861
-0.09833497554063797
-0.09758912026882172
-0.0975104346871376
-0.09819637984037399
-0.0979107990860939
-0.09768594801425934
-0.09736835211515427
-0.09792502224445343
-0.09825747460126877
-0.097670778632164
-0.0976041853427887
-0.09807233512401581
-0.0980658307671547
-0.09709711372852325
-0.09789550304412842
-0.09817465394735336
-0.0980103611946106
-0.09723059833049774
-0.09762553125619888
-0.09780517220497131
-0.09770704805850983
-0.09757915884256363
-0.09773905575275421
-0.09775187820196152
-0.09751933813095093
-0.09794817119836807
-0.09765242040157318
-0.09746919572353363
-0.09756051748991013
-0.09735080599784851
-0.09756844490766525
-0.09789565205574036
-0.09749049693346024
-0.09726262092590332
-0.09773752838373184
-0.0974278375506401
-0.09718380123376846
-0.09720899164676666
-0.09757880866527557
-0.09808450937271118
-0.09703120589256287
-0.09774895012378693
-0.09748295694589615
-0.09745853394269943
-0.0973229855298996
-0.09709838032722473
-0.09779851138591766
-0.09736595302820206
-0.09739979356527328
-0.09742451459169388
-0.09782112389802933
-0.09707213938236237
-0.09748135507106781
-0.09749932587146759
-0.09791234135627747
-0.09718615561723709
-0.09794801473617554
-0.09772573411464691
-0.097557432949543
-0.09750626981258392
-0.09771878272294998
-0.09789817780256271
-0.09738600999116898
-0.09770514816045761
-0.09841965138912201
-0.09734676778316498
-0.09749231487512589
-0.09793977439403534
-0.09801749140024185
-0.09746488183736801
-0.09837496280670166
-0.09821249544620514
54.26905059814453
168.1823272705078
225.0482940673828
150.63218688964844
95.69817352294922
142.88720703125
149.06759643554688
109.9522705078125
112.3474349975586
115.49501037597656
106.81764221191406
110.78526306152344
114.83293151855469
113.31422424316406
121.40230560302734
126.98762512207031
129.4529266357422
135.3424072265625
137.3865966796875
142.59317016601562
149.45199584960938
154.4210968017578
161.0389862060547
166.14096069335938
169.72879028320312
172.97422790527344
178.0625
184.37294006347656
189.44012451171875
195.85601806640625
200.32955932617188
204.1056671142578
207.51223754882812
212.01126098632812
217.22756958007812
220.6259307861328
222.5845184326172
224.259033203125
222.53860473632812
221.38632202148438
226.3538055419922
230.6562042236328
230.8946990966797
228.4135284423828
228.14889526367188
227.0479278564453
225.88052368164062
229.95523071289062
235.02017211914062
232.1605682373047
230.98483276367188
231.92105102539062
230.5208282470703
229.91348266601562
226.5034942626953
224.043701171875
228.7003936767578
234.79586791992188
234.2960968017578
231.5825958251953
233.1497039794922
232.70462036132812
231.23190307617188
230.71334838867188
229.6515655517578
228.17153930664062
227.1151885986328
227.60171508789062
228.0132598876953
229.222412109375
229.8775634765625
230.51528930664062
231.25613403320312
232.30520629882812
232.966064453125
233.4656219482422
233.0303497314453
233.55020141601562
233.77963256835938
233.1856689453125
233.1847381591797
232.62332153320312
232.35202026367188
232.24288940429688
231.8962860107422
232.0687255859375
231.8755340576172
231.8477783203125
232.7021484375
232.1435546875
232.74560546875
232.72000122070312
232.8422393798828
232.96554565429688
232.94430541992188
233.9246368408203
233.4581298828125
233.92123413085938
234.4482421875
235.04409790039062
235.61618041992188
227.72412109375
195.5865020751953
44.874542236328125
-0.09397347271442413
-0.10045541822910309
-0.09610793739557266
-0.09800197929143906
-0.09840572625398636
-0.09646272659301758
-0.0978562980890274
-0.09786679595708847
-0.09712789952754974
-0.09771119803190231
-0.09741030633449554
-0.09805028140544891
-0.09767148643732071
-0.0975394919514656
-0.09780450165271759
-0.09773324429988861
-0.09753458201885223
-0.09801871329545975
-0.0976938009262085
-0.09765079617500305
-0.09793104231357574
-0.09799975156784058
-0.09787174314260483
-0.09831549227237701
-0.09763509035110474
-0.09668092429637909
-0.09827359765768051
-0.09809522330760956
-0.09768161922693253
-0.0978493019938469
-0.09794649481773376
-0.09742375463247299
-0.09788267314434052
-0.09771493077278137
-0.09778456389904022
-0.09797744452953339
-0.09734923392534256
-0.0976274386048317
-0.09781641513109207
-0.09758834540843964
-0.09775684028863907
-0.09765398502349854
-0.0974942296743393
-0.09824170172214508
-0.09758894145488739
-0.09714917838573456
-0.09762398898601532
-0.09747239202260971
-0.097671739757061
-0.09787757694721222
-0.09779495745897293
-0.09790734201669693
-0.09748829901218414
-0.09737949073314667
-0.09732910990715027
-0.0969221442937851
-0.09770279377698898
-0.09763114154338837
-0.0977017879486084
-0.09721485525369644
-0.097674660384655
-0.09771101921796799
-0.09749889373779297
-0.0968690738081932
-0.09817419946193695
-0.09703178703784943
-0.09753946214914322
-0.09760220348834991
-0.09718377888202667
-0.09747128188610077
-0.09780130535364151
-0.09733651578426361
-0.09772296994924545
-0.09745881706476212
-0.0973358005285263
-0.09748045355081558
-0.0977468341588974
-0.0974540114402771
-0.09763041883707047
-0.09785742312669754
-0.09750841557979584
-0.09722792357206345
-0.09776423871517181
-0.0976698249578476
-0.09753355383872986
-0.09814302623271942
-0.09722429513931274
-0.09813389182090759
-0.09715813398361206
-0.09794743359088898
-0.09821359068155289
-0.09802712500095367
-0.09774802625179291
-0.09769746661186218
-0.09776810556650162
-0.09842218458652496
55.02885818481445
170.05429077148438
244.55606079101562
197.9735870361328
146.34112548828125
134.07948303222656
127.53251647949219
116.45314025878906
114.52433013916016
112.61222839355469
110.88057708740234
115.08394622802734
116.49363708496094
117.2110366821289
122.47945404052734
125.4880142211914
129.4354705810547
134.7436981201172
139.11721801757812
139.88890075683594
147.1415252685547
152.2181396484375
156.08053588867188
162.14962768554688
164.02114868164062
168.64175415039062
174.74111938476562
179.57437133789062
186.25022888183594
192.39894104003906
196.4216766357422
199.95957946777344
204.56906127929688
208.23739624023438
212.79296875
214.2139892578125
216.064208984375
223.254150390625
228.99978637695312
228.10653686523438
225.3855743408203
225.07373046875
222.28805541992188
221.3516387939453
224.96347045898438
223.87460327148438
227.348388671875
232.82431030273438
231.87100219726562
226.36032104492188
226.22677612304688
224.86129760742188
224.2532958984375
227.4798126220703
229.4831085205078
229.4744110107422
229.3590087890625
228.86038208007812
225.28060913085938
225.8631591796875
224.74984741210938
224.4360809326172
225.6060791015625
226.82211303710938
228.62515258789062
230.34628295898438
231.44857788085938
231.8976593017578
232.64889526367188
230.86453247070312
231.125
229.26126098632812
228.73428344726562
228.2151641845703
227.40023803710938
227.8447265625
227.6507110595703
227.93124389648438
228.9882049560547
229.2169952392578
231.19876098632812
232.09140014648438
233.0632781982422
234.2724609375
234.6103057861328
235.2279510498047
235.61727905273438
235.79833984375
236.56967163085938
237.2656707763672
237.03878784179688
237.90792846679688
237.027099609375
236.76071166992188
237.08236694335938
236.49032592773438
237.06051635742188
236.1475372314453
236.7713623046875
237.22988891601562
236.80477905273438
230.2762451171875
186.87879943847656
33.66426467895508
-0.09528619050979614
-0.09961307793855667
-0.09541966766119003
-0.0987442210316658
-0.097866490483284
-0.09727843105792999
-0.09765644371509552
-0.09740801900625229
-0.09741400182247162
-0.09811210632324219
-0.0977407768368721
-0.09771333634853363
-0.09822940081357956
-0.09698918461799622
-0.09791667014360428
-0.09803447127342224
-0.09779660403728485
-0.0980120599269867
-0.09763995558023453
-0.09759702533483505
-0.0977073386311531
-0.09811415523290634
-0.09792495518922806
-0.09798158705234528
-0.09763631224632263
-0.09750483185052872
-0.09770146757364273
-0.0979783684015274
-0.09873710572719574
-0.09758831560611725
-0.09766051173210144
-0.0977761521935463
-0.09775631129741669
-0.09813506156206131
-0.09777741879224777
-0.09794420003890991
-0.09792352467775345
-0.09685742110013962
-0.09824882447719574
-0.09817859530448914
-0.09768740832805634
-0.097813680768013
-0.09767965972423553
-0.09783913940191269
-0.09772848337888718
-0.09780830144882202
-0.09729574620723724
-0.09755721688270569
-0.09776861220598221
-0.09804019331932068
-0.09746634215116501
-0.09754511713981628
-0.0981571152806282
-0.09724735468626022
-0.09753362834453583
-0.09734091907739639
-0.0979568138718605
-0.09777271747589111
-0.09744357317686081
-0.09742872416973114
-0.0976497009396553
-0.09763501584529877
-0.09721527993679047
-0.09754736721515656
-0.0977410227060318
-0.09765589237213135
-0.09711983054876328
-0.09731291234493256
-0.09741605818271637
-0.09799107909202576
-0.09694214910268784
-0.09748902916908264
-0.0977025181055069
-0.09741293638944626
-0.097674161195755
-0.09743140637874603
-0.0975881814956665
-0.09753705561161041
-0.09818758070468903
-0.09711054712533951
-0.09727434813976288
-0.09794878214597702
-0.09732139110565186
-0.0977834016084671
-0.0972096398472786
-0.09791416674852371
-0.09808657318353653
-0.09720116853713989
-0.09816606342792511
-0.09796534478664398
-0.09717272222042084
-0.09787008166313171
-0.09832525998353958
-0.09783745557069778
-0.09763539582490921
-0.09808500111103058
22.508869171142578
136.73538208007812
202.6104736328125
136.60975646972656
92.96137237548828
144.70700073242188
141.97463989257812
113.70921325683594
118.89485168457031
122.68113708496094
116.54530334472656
123.51078033447266
128.1787109375
128.01901245117188
134.23269653320312
135.2765655517578
139.53909301757812
146.96261596679688
150.96112060546875
155.32546997070312
159.7459716796875
163.59913635253906
168.6066436767578
174.72637939453125
180.365478515625
185.49273681640625
189.53857421875
191.42236328125
197.35372924804688
201.5333251953125
207.0525360107422
214.2178192138672
218.32412719726562
218.0341033935547
218.3533172607422
221.69808959960938
225.69351196289062
226.54812622070312
223.6348419189453
223.95565795898438
223.66226196289062
222.8561248779297
225.7957305908203
230.65780639648438
230.0962371826172
227.17648315429688
226.66726684570312
227.1467742919922
225.3915252685547
229.4877166748047
235.01132202148438
232.06045532226562
229.33212280273438
230.34375
228.26296997070312
227.9219970703125
228.0876922607422
227.1630859375
227.81613159179688
227.9544677734375
227.45980834960938
229.24441528320312
229.70541381835938
228.43484497070312
229.7289276123047
229.0754852294922
229.4560546875
229.6873321533203
229.1051483154297
229.6391143798828
230.26303100585938
229.904052734375
230.93295288085938
230.51345825195312
231.4578857421875
231.58224487304688
231.1576385498047
232.1531524658203
231.5929412841797
232.0626678466797
232.3313446044922
232.838623046875
232.5211944580078
233.0005340576172
233.5925750732422
232.9291534423828
234.0766143798828
233.2936248779297
233.8271942138672
234.56796264648438
234.2684326171875
234.9273223876953
234.48971557617188
234.8662109375
235.10971069335938
235.0349884033203
235.7021942138672
235.4982452392578
235.67471313476562
235.9010772705078
235.7064208984375
228.35202026367188
189.37974548339844
38.08161544799805
-0.09493513405323029
-0.0993385910987854
-0.09559553861618042
-0.09860560297966003
-0.09760169684886932
-0.09691981226205826
-0.09746430814266205
-0.09738947451114655
-0.09707729518413544
-0.09815236181020737
-0.09733624011278152
-0.09738873690366745
-0.09806067496538162
-0.0973721444606781
-0.09769057482481003
-0.09773112088441849
-0.09742464125156403
-0.09799044579267502
-0.0972626656293869
-0.09785877913236618
-0.09783993661403656
-0.09798698127269745
-0.0977303758263588
-0.09791513532400131
-0.0975252091884613
-0.09741399437189102
-0.09779588133096695
-0.09804828464984894
-0.09758260101079941
-0.09787724167108536
-0.0981510728597641
-0.09765554964542389
-0.09756356477737427
-0.09783866256475449
-0.09764718264341354
-0.09794873744249344
-0.0979144424200058
-0.09692563861608505
-0.09803791344165802
-0.09810389578342438
-0.09800444543361664
-0.09769570827484131
-0.09743379056453705
-0.09790322184562683
-0.0977226048707962
-0.09706150740385056
-0.09806440025568008
-0.09774454683065414
-0.09771255403757095
-0.09751706570386887
-0.09758396446704865
-0.09723329544067383
-0.09758608043193817
-0.09760844707489014
-0.09766863286495209
-0.09712785482406616
-0.0975964218378067
-0.09786148369312286
-0.09724536538124084
-0.09768547862768173
-0.09734518080949783
-0.09753286093473434
-0.09770511090755463
-0.09706124663352966
-0.09725014865398407
-0.09770146012306213
-0.09755994379520416
-0.09733513742685318
-0.09771469980478287
-0.09741777926683426
-0.09712677448987961
-0.09822230041027069
-0.09745568037033081
-0.097153440117836
-0.09753240644931793
-0.09763799607753754
-0.09756622463464737
-0.09773267805576324
-0.0975756123661995
-0.09776497632265091
-0.09737096726894379
-0.09755918383598328
-0.09747742116451263
-0.09840115159749985
-0.09744646400213242
-0.09766829013824463
-0.09777579456567764
-0.09814250469207764
-0.09757941216230392
-0.09796825051307678
-0.09814378619194031
-0.09805957227945328
-0.09720016270875931
-0.0984371155500412
-0.0980062410235405
-0.09743084758520126
42.49037170410156
159.01681518554688
217.6170654296875
147.11190795898438
96.16751861572266
146.18492126464844
152.31228637695312
116.63277435302734
119.87542724609375
125.0963134765625
118.79920959472656
122.81624603271484
127.013427734375
125.24053955078125
129.5150909423828
131.78536987304688
132.0361328125
138.17918395996094
141.75152587890625
147.27685546875
152.9799041748047
157.21670532226562
161.40255737304688
163.8931427001953
170.17355346679688
175.96087646484375
180.63449096679688
186.39663696289062
190.07937622070312
194.05667114257812
197.73458862304688
203.19570922851562
209.1767578125
214.653076171875
221.935546875
223.6499481201172
223.0950469970703
222.8497772216797
220.10888671875
218.4942169189453
225.2645263671875
232.3024139404297
232.2680206298828
229.32125854492188
228.8725128173828
226.40164184570312
223.72341918945312
230.42684936523438
238.37057495117188
235.34780883789062
234.8272705078125
236.32144165039062
231.59622192382812
229.48583984375
226.25253295898438
224.58139038085938
224.9541778564453
225.8901824951172
229.6259765625
233.96981811523438
235.63894653320312
235.25711059570312
235.6012420654297
232.62008666992188
229.75634765625
228.0402069091797
226.0484619140625
226.43423461914062
226.0454864501953
226.9501495361328
228.2540740966797
230.22531127929688
232.8109130859375
233.9191436767578
235.3021697998047
235.351318359375
235.854736328125
235.37222290039062
234.3422088623047
233.8566131591797
232.5426025390625
231.90341186523438
231.5221710205078
231.4331512451172
231.3037109375
230.87332153320312
230.9198455810547
230.2259979248047
230.5635528564453
230.6338653564453
230.2213592529297
230.7467803955078
230.7124786376953
230.94100952148438
230.456787109375
231.48062133789062
231.474853515625
232.0145721435547
233.50833129882812
233.22488403320312
232.5277099609375
225.98519897460938
183.23568725585938
30.528148651123047
-0.09496813267469406
-0.09967484325170517
-0.09548129141330719
-0.09909574687480927
-0.09769061952829361
-0.096738800406456
-0.09736860543489456
-0.09761939942836761
-0.09734739363193512
-0.09766524285078049
-0.09718908369541168
-0.09745760262012482
-0.09828725457191467
-0.09755839407444
-0.09761786460876465
-0.0976426973938942
-0.09745276719331741
-0.09823762625455856
-0.09777925908565521
-0.0971701592206955
-0.09791119396686554
-0.09772644937038422
-0.09807662665843964
-0.09774287790060043
-0.09827439486980438
-0.097446009516716
-0.09758657217025757
-0.09799455106258392
-0.09818796068429947
-0.09758426249027252
-0.0980035811662674
-0.09771164506673813
-0.09727007150650024
-0.09818856418132782
-0.09791039675474167
-0.09740976989269257
-0.09776919335126877
-0.09801921993494034
-0.09803737699985504
-0.09723414480686188
-0.09774543344974518
-0.0980505496263504
-0.09746254235506058
-0.0973387286067009
-0.0982854813337326
-0.09773345291614532
-0.09682216495275497
-0.09777190536260605
-0.09780533611774445
-0.09782685339450836
-0.09759164601564407
-0.09798885881900787
-0.09726304560899734
-0.0976230800151825
-0.09782470762729645
-0.0971255749464035
-0.09735755622386932
-0.0978606790304184
-0.0972481518983841
-0.09731841832399368
-0.09732821583747864
-0.09765002131462097
-0.09769059717655182
-0.09756138175725937
-0.09752652049064636
-0.09729373455047607
-0.09764843434095383
-0.09782468527555466
-0.09703413397073746
-0.09820893406867981
-0.09731347858905792
-0.09692363440990448
-0.0977984070777893
-0.09764481335878372
-0.09724476933479309
-0.09751959890127182
-0.09808102995157242
-0.097601979970932
-0.0973426029086113
-0.09744815528392792
-0.09782562404870987
-0.09713022410869598
-0.09846097975969315
-0.09762434661388397
-0.09758223593235016
-0.09735517203807831
-0.09785923361778259
-0.09782887250185013
-0.09731894731521606
-0.09751827269792557
-0.09825049340724945
-0.09804606437683105
-0.09725712239742279
-0.09778958559036255
-0.0980493351817131
-0.09796429425477982
54.110069274902344
168.38922119140625
224.98281860351562
150.72161865234375
96.25617980957031
143.22708129882812
149.25318908691406
111.11579895019531
112.75191497802734
116.31610107421875
109.3292007446289
112.15278625488281
116.80555725097656
114.74507904052734
121.99882507324219
128.3972930908203
131.40805053710938
135.9991912841797
138.8105010986328
144.26255798339844
149.6952667236328
156.01730346679688
161.44088745117188
166.22410583496094
171.1611328125
173.42214965820312
179.2749786376953
186.0033416748047
190.90969848632812
197.8667755126953
201.694580078125
205.20889282226562
208.49484252929688
213.4263916015625
218.0472412109375
221.2232666015625
222.59457397460938
224.47030639648438
222.3062286376953
221.35671997070312
225.38143920898438
231.1315155029297
230.24337768554688
228.330078125
228.5293731689453
226.64968872070312
225.52310180664062
229.54150390625
233.1885986328125
233.40267944335938
229.9191436767578
230.37490844726562
230.06423950195312
227.6996307373047
226.4192352294922
224.59292602539062
228.44027709960938
235.5549774169922
233.9694061279297
230.3245086669922
232.97616577148438
231.8498077392578
231.28445434570312
232.72756958007812
231.5394744873047
230.11825561523438
229.1785125732422
227.5883331298828
227.3528289794922
226.9329071044922
227.91836547851562
229.1695556640625
230.415771484375
232.0421600341797
233.754150390625
235.2440185546875
235.9036102294922
237.6457061767578
237.5754852294922
236.59671020507812
237.41357421875
235.8607940673828
235.7639923095703
236.0423583984375
235.0880584716797
234.4156951904297
233.6258087158203
232.61154174804688
232.6222381591797
232.0093231201172
232.02359008789062
232.6033172607422
232.8269805908203
232.80679321289062
232.84140014648438
232.6884765625
232.93618774414062
233.48257446289062
233.4335174560547
233.1243133544922
234.5054473876953
227.4020233154297
185.48184204101562
31.90505599975586
-0.09497906267642975
-0.09950093924999237
-0.09550343453884125
-0.09909170120954514
-0.0977821797132492
-0.09621475636959076
-0.09801213443279266
-0.09799271076917648
-0.0970267653465271
-0.09786567091941833
-0.0974285677075386
-0.09744074940681458
-0.0982365533709526
-0.09745689481496811
-0.09740391373634338
-0.09806825965642929
-0.09743154793977737
-0.0975303128361702
-0.09774503111839294
-0.09795795381069183
-0.0979660302400589
-0.09806812554597855
-0.09758377075195312
-0.09792600572109222
-0.09779293835163116
-0.0975140929222107
-0.09783448278903961
-0.09792225062847137
-0.09786856174468994
-0.09763144701719284
-0.09762319922447205
-0.09771041572093964
-0.09827053546905518
-0.0980696901679039
-0.0973745808005333
-0.09807305037975311
-0.0977911725640297
-0.09737218171358109
-0.09783875197172165
-0.09741713106632233
-0.09792167693376541
-0.09791822731494904
-0.09747122973203659
-0.09771464020013809
-0.09736756980419159
-0.09754620492458344
-0.09783484041690826
-0.09756646305322647
-0.09783203899860382
-0.09768782556056976
-0.09724145382642746
-0.09734366834163666
-0.09758083522319794
-0.09741738438606262
-0.09739863127470016
-0.09794017672538757
-0.09748931229114532
-0.09753183275461197
-0.09762550890445709
-0.09760351479053497
-0.09695203602313995
-0.09732908755540848
-0.09808649867773056
-0.09727637469768524
-0.09724189341068268
-0.09799689799547195
-0.09691804647445679
-0.09750015288591385
-0.09737835824489594
-0.097322016954422
-0.0973874181509018
-0.09786544740200043
-0.09730799496173859
-0.09762970358133316
-0.09762216359376907
-0.09713472425937653
-0.0975605919957161
-0.09786941111087799
-0.09760509431362152
-0.09711305797100067
-0.09769096970558167
-0.09784356504678726
-0.09721432626247406
-0.09792709350585938
-0.09788671880960464
-0.09754639118909836
-0.09782349318265915
-0.09730122238397598
-0.09804625809192657
-0.09802752733230591
-0.0976940244436264
-0.09752239286899567
-0.09822378307580948
-0.09732549637556076
-0.09791509807109833
-0.09810225665569305
53.76348876953125
168.35858154296875
225.0312957763672
149.2944793701172
91.04203033447266
140.667724609375
139.2145538330078
111.01737213134766
115.03038024902344
115.18153381347656
107.8241195678711
111.75972747802734
115.88166809082031
114.93878173828125
122.76820373535156
126.2711181640625
130.0865020751953
136.2451629638672
138.2107391357422
143.99656677246094
148.10250854492188
153.1025848388672
159.6588897705078
164.84927368164062
168.64169311523438
171.6347198486328
176.791748046875
181.85809326171875
187.11123657226562
194.225341796875
199.30929565429688
203.97398376464844
208.06381225585938
212.2373046875
215.865478515625
222.4170684814453
227.4901123046875
230.05117797851562
227.54446411132812
226.9406280517578
226.1885528564453
221.64071655273438
226.9867706298828
233.75314331054688
233.2877960205078
231.20004272460938
232.09921264648438
226.90695190429688
223.5877685546875
230.2536163330078
237.41171264648438
235.29354858398438
234.1674346923828
235.60000610351562
232.0147247314453
231.05374145507812
228.29153442382812
224.4684295654297
226.6422882080078
227.81668090820312
229.46896362304688
232.78073120117188
233.3696746826172
234.88156127929688
235.12216186523438
234.81942749023438
234.9058074951172
232.2772216796875
230.54525756835938
228.0816192626953
225.5461883544922
225.1431121826172
224.51473999023438
225.390380859375
226.52865600585938
228.21969604492188
230.1914520263672
231.6642608642578
232.88980102539062
234.2998046875
235.61843872070312
236.0338897705078
237.061279296875
237.91079711914062
238.8369140625
240.40908813476562
240.4279327392578
240.80810546875
241.3707275390625
240.97470092773438
241.878173828125
242.15036010742188
241.2576904296875
242.519775390625
242.7413787841797
242.62472534179688
240.89639282226562
241.110107421875
241.39083862304688
240.20468139648438
238.5701446533203
229.0900115966797
193.5826416015625
41.23115158081055
-0.09401490539312363
-0.09972351044416428
-0.09606359899044037
-0.09861259907484055
-0.09764847159385681
-0.09705790132284164
-0.09713707119226456
-0.09748957306146622
-0.09730783104896545
-0.0981147438287735
-0.09750484675168991
-0.09810422360897064
-0.09804274886846542
-0.09733127802610397
-0.09809933602809906
-0.09747214615345001
-0.09740827977657318
-0.09750361740589142
-0.09806759655475616
-0.09791289269924164
-0.09750434756278992
-0.09772678464651108
-0.09752348810434341
-0.09820549190044403
-0.09787808358669281
-0.09746719151735306
-0.09813317656517029
-0.09770549833774567
-0.09812555462121964
-0.09790369123220444
-0.09716387093067169
-0.09757433831691742
-0.09842032194137573
-0.09773612022399902
-0.09794988483190536
-0.09773498773574829
-0.09772372245788574
-0.09766831994056702
-0.09791602939367294
-0.09804341942071915
-0.0976678878068924
-0.09757266193628311
-0.09782261401414871
-0.09809599816799164
-0.09713298082351685
-0.09724567085504532
-0.09814009070396423
-0.097426638007164
-0.09728159010410309
-0.09824018180370331
-0.09781267493963242
-0.09721942245960236
-0.09802670776844025
-0.09679411351680756
-0.09794394671916962
-0.09734595566987991
-0.09695836901664734
-0.09786100685596466
-0.09794522821903229
-0.09687097370624542
-0.09761540591716766
-0.09772905707359314
-0.09742943942546844
-0.09724296629428864
-0.09757528454065323
-0.09772326797246933
-0.09746484458446503
-0.09739766269922256
-0.09749898314476013
-0.09741940349340439
-0.0977277159690857
-0.09754209965467453
-0.09715095162391663
-0.09795574098825455
-0.09766288101673126
-0.09743614494800568
-0.09709078818559647
-0.09792689979076385
-0.09763246774673462
-0.09765467047691345
-0.09758195281028748
-0.09768319129943848
-0.09753240644931793
-0.09797805547714233
-0.09747505187988281
-0.09773097932338715
-0.09809830039739609
-0.09750965237617493
-0.09718605130910873
-0.09852470457553864
-0.09757955372333527
-0.09779185801744461
-0.09770467877388
-0.09786427766084671
-0.09854254871606827
-0.09746041148900986
41.846004486083984
158.14962768554688
216.40438842773438
146.52001953125
95.88847351074219
152.62448120117188
155.1197052001953
124.1788330078125
125.07601165771484
126.83712005615234
119.56790924072266
122.45035552978516
128.2543182373047
127.9801254272461
133.55479431152344
137.91998291015625
140.71343994140625
146.79977416992188
152.00067138671875
154.8022003173828
158.6477508544922
164.67816162109375
169.67111206054688
175.0821075439453
179.75430297851562
182.2112274169922
187.50364685058594
191.90283203125
197.25054931640625
203.69186401367188
209.08822631835938
214.05014038085938
217.83273315429688
222.58444213867188
225.12203979492188
226.85714721679688
225.74215698242188
226.6234588623047
225.06430053710938
224.4660186767578
225.9040985107422
226.612548828125
226.6038360595703
227.71017456054688
227.7216796875
226.30392456054688
226.3268585205078
224.6121063232422
222.66256713867188
227.08639526367188
234.5093231201172
235.7506103515625
231.9445343017578
233.0000457763672
230.28030395507812
228.28353881835938
227.8978729248047
227.7100830078125
228.2737274169922
229.6836700439453
231.01412963867188
230.5751953125
230.8089599609375
230.81851196289062
229.64437866210938
229.1726531982422
228.64895629882812
228.051025390625
228.29489135742188
228.73422241210938
229.00167846679688
230.0103302001953
230.5050048828125
231.1805877685547
231.2389373779297
233.12081909179688
233.58154296875
234.171875
233.6094207763672
233.4810028076172
234.2754364013672
233.59347534179688
233.95108032226562
234.0147247314453
233.67666625976562
234.6458740234375
233.8516387939453
233.98681640625
233.7135009765625
234.29800415039062
233.66146850585938
234.0436248779297
234.391845703125
234.23336791992188
234.76022338867188
234.7677764892578
235.13003540039062
234.7103729248047
235.02481079101562
235.61715698242188
235.20138549804688
228.2166290283203
185.62994384765625
31.60491371154785
-0.09544476866722107
-0.09935245662927628
-0.09576082974672318
-0.09901133924722672
-0.09757642447948456
-0.09697981178760529
-0.09789274632930756
-0.09722957015037537
-0.09742178022861481
-0.09814713895320892
-0.09779931604862213
-0.09749497473239899
-0.0982993096113205
-0.09717728197574615
-0.098075732588768
-0.09773558378219604
-0.09760657697916031
-0.09795405715703964
-0.09779873490333557
-0.0977247804403305
-0.09757743030786514
-0.09759195894002914
-0.09815776348114014
-0.09825661778450012
-0.09771989285945892
-0.09758643060922623
-0.09756044298410416
-0.09835737943649292
-0.09798374772071838
-0.09810750186443329
-0.09763531386852264
-0.09804339706897736
-0.09744767844676971
-0.0978604182600975
-0.09788086265325546
-0.09822686016559601
-0.09792021661996841
-0.09686680883169174
-0.09808297455310822
-0.09771788120269775
-0.09753022342920303
-0.0985252782702446
-0.09755807369947433
-0.09765154123306274
-0.09740684181451797
-0.09727060794830322
-0.09841639548540115
-0.0974111407995224
-0.09752433001995087
-0.09802642464637756
-0.09746508300304413
-0.0978766679763794
-0.09773226082324982
-0.09669198095798492
-0.09813062846660614
-0.09725777804851532
-0.09774861484766006
-0.09752105176448822
-0.0973397046327591
-0.09798592329025269
-0.09747160971164703
-0.09729107469320297
-0.09730152040719986
-0.09715838730335236
-0.09786240011453629
-0.09749366343021393
-0.09761036187410355
-0.09721339493989944
-0.09771599620580673
-0.09759141504764557
-0.09765016287565231
-0.09724141657352448
-0.09760226309299469
-0.09757351875305176
-0.09771056473255157
-0.09770272672176361
-0.0976669043302536
-0.09781311452388763
-0.09746456146240234
-0.09766236692667007
-0.09733834117650986
-0.0977528914809227
-0.09754525125026703
-0.09755228459835052
-0.09753135591745377
-0.09779003262519836
-0.09776906669139862
-0.09746762365102768
-0.09826850146055222
-0.09806983172893524
-0.09760594367980957
-0.09764723479747772
-0.09830088168382645
-0.09808602929115295
-0.09796211123466492
-0.09746597707271576
22.782930374145508
