-4.491994380950928
-4.491994380950928
-7.404154300689697
-17.98154067993164
0.007667836733162403
0.007248363457620144
0.007449548691511154
0.00705320481210947
0.007601624820381403
0.007031988352537155
0.006994494237005711
0.006374776363372803
0.006619567982852459
0.007665964774787426
0.006565432995557785
0.006355996243655682
0.006221165880560875
0.0066842734813690186
0.005917632486671209
0.007120017893612385
0.0059357392601668835
0.006326024886220694
0.005598151125013828
0.005466016940772533
0.007342454977333546
0.005253291223198175
0.005446858704090118
0.005863061640411615
0.005188018549233675
0.0052025592885911465
0.005429203622043133
0.005621717777103186
0.004213893786072731
0.004757244139909744
0.005207539536058903
0.004927763715386391
0.004371936433017254
0.004679919686168432
0.004353717900812626
0.004110252950340509
0.004631462506949902
0.0034267990849912167
0.004172060173004866
0.004297278355807066
0.0030893664807081223
0.003830119501799345
0.002951614558696747
0.0035177823156118393
0.0031649074517190456
0.0032779835164546967
0.002249442506581545
0.0035246671177446842
0.0025362002197653055
0.0026865059044212103
0.002416465897113085
0.002922064857557416
0.0026163512375205755
0.0020739855244755745
0.002840273082256317
0.0022499829065054655
0.002059727441519499
0.0017237464198842645
0.0019510447746142745
0.0021905945613980293
0.0019610202871263027
0.0012319728266447783
0.0010894730221480131
0.0011924193240702152
0.0018385977018624544
0.0015185847878456116
0.0012230498250573874
0.0009616032475605607
0.001358990091830492
0.0015655861934646964
0.001052651321515441
0.0007861112244427204
0.0020953018683940172
0.0011119202245026827
0.0009656030451878905
0.0008760225027799606
0.0010205017169937491
0.0016295050736516714
0.0004819848109036684
0.0001077729175449349
0.00139333656989038
0.0008797825430519879
0.0010349638760089874
0.00024883804144337773
0.0011060923570767045
0.0009123894269578159
0.00126471312250942
0.00048761218204163015
0.0007414799183607101
0.0007039569900371134
0.0012625649105757475
0.00022015585273038596
0.0012732709292322397
0.0012425956083461642
0.0012515455018728971
2.923661708831787
15.550396919250488
23.443950653076172
14.595906257629395
-0.440175861120224
1.5056836605072021
0.5724353790283203
0.8350093960762024
0.5519236326217651
-0.12358786910772324
-0.09451250731945038
-1.4987648725509644
-0.9820235371589661
-1.1527328491210938
-2.2484488487243652
-2.3797526359558105
-1.5817184448242188
-2.674384593963623
-2.8175575733184814
-3.6314187049865723
-2.1255571842193604
-3.0270907878875732
-3.625155210494995
-2.900752544403076
-3.806985855102539
-3.964831590652466
-3.652057647705078
-4.855104923248291
-4.49491024017334
-4.099122524261475
-4.772054672241211
-5.156601905822754
-5.054383754730225
-5.345104217529297
-5.040879726409912
-6.231685638427734
-6.855416774749756
-6.235867500305176
-6.895260810852051
-6.652534484863281
-7.430226802825928
-7.840492248535156
-6.853971004486084
-6.480246067047119
-7.334901332855225
-7.84454345703125
-7.573487758636475
-7.811193943023682
-8.49440860748291
-8.989725112915039
-8.018901824951172
-7.843406677246094
-8.633503913879395
-9.054136276245117
-9.481866836547852
-9.38740348815918
-8.25589656829834
-8.621194839477539
-9.619117736816406
-9.19289493560791
-9.178971290588379
-10.291464805603027
-9.693211555480957
-9.730372428894043
-11.196380615234375
-10.711626052856445
-10.263148307800293
-10.768322944641113
-10.66004753112793
-11.3717622756958
-11.420160293579102
-11.664645195007324
-12.624238967895508
-12.366439819335938
-12.997105598449707
-13.050321578979492
-13.521902084350586
-12.237545013427734
-13.603647232055664
-13.1713228225708
-13.218648910522461
-12.0149507522583
-12.689889907836914
-13.464673042297363
-13.807197570800781
-14.312335014343262
-13.815452575683594
-14.006864547729492
-15.003804206848145
-14.838752746582031
-15.56952953338623
-14.758050918579102
-14.258230209350586
-15.571154594421387
-15.831794738769531
-16.136877059936523
-16.928239822387695
-15.598600387573242
-17.08997917175293
-15.396095275878906
-16.818214416503906
-15.863052368164062
-4.159310817718506
-4.609101295471191
0.005916553549468517
0.006228048354387283
0.006276770029217005
0.007193958852440119
0.00753310602158308
0.0065706642344594
0.006924680434167385
0.006940507795661688
0.0067009166814386845
0.006831669714301825
0.006741171237081289
0.006291194818913937
0.006428147200495005
0.006403648294508457
0.006781896110624075
0.0064472840167582035
0.005738894920796156
0.006224891170859337
0.006060949061065912
0.0061341542750597
0.005815212614834309
0.005631512030959129
0.005444722715765238
0.006092228926718235
0.005799031816422939
0.004932007752358913
0.0055155097506940365
0.005208001006394625
0.0056228796020150185
0.004549413453787565
0.004606402479112148
0.0054260375909507275
0.004623125307261944
0.004347298759967089
0.004792206920683384
0.004091913811862469
0.004015578888356686
0.004462570417672396
0.003748888848349452
0.00424029678106308
0.003900444833561778
0.0034308931790292263
0.0034533138386905193
0.0035053915344178677
0.003482154803350568
0.00304152793250978
0.003001336008310318
0.0032676856499165297
0.0031333565711975098
0.002680762903764844
0.002477732254192233
0.0025673778727650642
0.0024097622372210026
0.002676991745829582
0.0022188008297234774
0.002532958984375
0.0017743643838912249
0.0024939929135143757
0.0014493218623101711
0.00233783689327538
0.0019274469232186675
0.0015615078154951334
0.0017906815046444535
0.0017460535746067762
0.0016210388857871294
0.0013285118620842695
0.001060069422237575
0.0018840202828869224
0.0014922848204150796
0.0009410626953467727
0.0012812933418899775
0.001646955730393529
0.00084255839465186
0.001506205415353179
0.000783570867497474
0.0013097142800688744
0.0015034875832498074
0.0008510036277584732
0.0011146750766783953
0.001250832574442029
0.000699868134688586
0.000682197161950171
0.0012859146809205413
0.0011278255842626095
0.000525861163623631
0.0014583677984774113
0.0011195809347555041
0.0006001120782457292
0.0008973650401458144
0.0008471427718177438
0.0011852397583425045
0.0008353503653779626
0.001105594215914607
0.0007817231235094368
0.0016302341828122735
0.00033270794665440917
-5.573373317718506
-16.14384651184082
-18.702796936035156
-11.998083114624023
-8.703990936279297
-10.40510368347168
-6.8166913986206055
-6.331554889678955
-6.362377643585205
-3.593057155609131
-3.807988405227661
-2.7079250812530518
-2.5834736824035645
-2.166635036468506
-1.9350030422210693
-2.5978448390960693
-3.2861831188201904
-3.0272271633148193
-2.1258187294006348
-2.6213693618774414
-2.9812190532684326
-2.5970160961151123
-3.915231704711914
-4.718635559082031
-3.672653913497925
-4.475390911102295
-4.725123882293701
-4.658600807189941
-5.058623313903809
-4.776674747467041
-5.218751430511475
-4.644791603088379
-5.326534748077393
-5.136373043060303
-7.243272304534912
-6.321401596069336
-6.480682373046875
-6.090886116027832
-6.456867218017578
-6.851493835449219
-6.651566505432129
-7.030371189117432
-6.267441749572754
-7.355959892272949
-7.281524658203125
-7.649467468261719
-7.52890682220459
-8.217531204223633
-9.120489120483398
-9.585883140563965
-9.210515975952148
-9.605151176452637
-8.616113662719727
-8.623248100280762
-9.295504570007324
-9.750837326049805
-10.400424003601074
-9.774358749389648
-9.672895431518555
-9.822787284851074
-9.745081901550293
-9.515010833740234
-10.170047760009766
-10.645623207092285
-10.843040466308594
-11.730745315551758
-11.94205093383789
-11.16752815246582
-11.419127464294434
-11.315908432006836
-12.145009994506836
-12.394132614135742
-12.689696311950684
-11.830107688903809
-11.898326873779297
-12.442293167114258
-12.759615898132324
-12.344603538513184
-12.788483619689941
-13.263630867004395
-12.96642017364502
-12.847696304321289
-12.90049934387207
-13.53009033203125
-13.021844863891602
-14.662837028503418
-14.371299743652344
-15.753232955932617
-14.724479675292969
-15.31220531463623
-14.266932487487793
-15.948709487915039
-14.699432373046875
-15.438661575317383
-16.03628921508789
-15.147595405578613
-16.04167366027832
-16.34865951538086
-15.555895805358887
-16.547107696533203
-16.760950088500977
-16.04078483581543
-4.549771785736084
-4.5482497215271
0.005901271943002939
0.006181312259286642
0.006918462924659252
0.0071046785451471806
0.007456251420080662
0.006870712153613567
0.006983119063079357
0.0065934970043599606
0.006772964261472225
0.006299316883087158
0.006625270005315542
0.006713095121085644
0.006658843718469143
0.006100751459598541
0.006295177154242992
0.006239478476345539
0.006020449101924896
0.006046672817319632
0.005951492115855217
0.0060565778985619545
0.005737863946706057
0.005769875831902027
0.005991100333631039
0.005555729381740093
0.005503305234014988
0.0054770647548139095
0.005566183477640152
0.005174638237804174
0.005077847745269537
0.00507724191993475
0.0050178272649645805
0.0048962803557515144
0.004810127429664135
0.004532382357865572
0.004502840340137482
0.0045769307762384415
0.004311395343393087
0.003625107230618596
0.0037692959886044264
0.003995669074356556
0.004382234998047352
0.0033660042099654675
0.0038423091173171997
0.003217838006094098
0.0031117871403694153
0.0033859622199088335
0.0030374927446246147
0.0036280713975429535
0.0032308753579854965
0.0023775515146553516
0.0027098101563751698
0.003005123231559992
0.0027022019494324923
0.0025219107046723366
0.00243676477111876
0.0022558006457984447
0.002324476605281234
0.002053105039522052
0.0022868362721055746
0.002333201002329588
0.0014549863990396261
0.002482400042936206
0.0020028946455568075
0.0010742712765932083
0.0015707218553870916
0.0017348980763927102
0.0011537044774740934
0.0017448222497478127
0.0018586652586236596
0.0010644005378708243
0.0014228231739252806
0.0012534321285784245
0.0010738875716924667
0.0010561010567471385
0.0014800502685829997
0.0016913299914449453
0.00108168029692024
0.0011528986506164074
0.0007615037029609084
0.00100538635160774
0.0015310877934098244
0.0008809193968772888
0.000958843738771975
0.000802345690317452
0.0009358724346384406
0.0011127057950943708
0.0007088572019711137
0.0010262508876621723
0.0005787811242043972
0.0013246096204966307
0.0008707594824954867
0.0010317574487999082
0.001237006508745253
0.0008404799737036228
0.0011217279825359583
0.0013221746776252985
-2.2016191482543945
-14.611966133117676
-16.223920822143555
-9.588218688964844
-13.801950454711914
-14.852790832519531
-4.986395835876465
-8.784727096557617
-5.633328437805176
-1.351630449295044
-1.3721919059753418
-1.4601117372512817
-1.8636276721954346
-1.874673843383789
-1.6793949604034424
-2.67820143699646
-2.6420910358428955
-2.324676752090454
-3.0222771167755127
-3.501863479614258
-3.2856223583221436
-3.672978639602661
-3.753023862838745
-4.587801933288574
-4.60362434387207
-4.50031042098999
-4.07991361618042
-4.9206719398498535
-6.011279106140137
-5.1095476150512695
-5.013251304626465
-5.548952579498291
-5.28326416015625
-5.9021430015563965
-6.435615539550781
-6.5087409019470215
-7.182070255279541
-6.848405361175537
-6.284516334533691
-6.292949676513672
-6.468066215515137
-6.894780158996582
-7.2614240646362305
-7.251387119293213
-7.270247459411621
-7.184378147125244
-7.702179908752441
-8.09754753112793
-8.229452133178711
-9.046439170837402
-8.394140243530273
-8.82636547088623
-8.605216979980469
-9.370631217956543
-8.80237865447998
-8.515670776367188
-8.488702774047852
-8.906092643737793
-9.94456672668457
-9.483631134033203
-9.663097381591797
-9.912111282348633
-10.455339431762695
-11.216257095336914
-11.547211647033691
-10.48132038116455
-11.235237121582031
-10.70050048828125
-11.600117683410645
-10.622013092041016
-11.23434066772461
-11.248169898986816
-12.103622436523438
-12.142165184020996
-12.794950485229492
-12.640005111694336
-12.408699035644531
-11.515161514282227
-12.784116744995117
-12.124435424804688
-13.026430130004883
-12.951159477233887
-13.131271362304688
-13.112353324890137
-14.114744186401367
-13.575263977050781
-14.586584091186523
-14.691996574401855
-14.353513717651367
-14.749303817749023
-15.874595642089844
-14.842691421508789
-15.549824714660645
-16.67646026611328
-15.255849838256836
-15.328163146972656
-15.038614273071289
-15.547300338745117
-16.058940887451172
-16.013874053955078
-16.288482666015625
-16.593584060668945
-4.0380964279174805
-4.294157981872559
0.0060987528413534164
0.006058898754417896
0.0066608102060854435
0.007184023503214121
0.0074596889317035675
0.0065112970769405365
0.00654873251914978
0.007159574888646603
0.006860113237053156
0.00686002429574728
0.006840520538389683
0.0061914874240756035
0.006845258176326752
0.006507595535367727
0.006133864633738995
0.006381739862263203
0.00606479961425066
0.005984132178127766
0.006117803044617176
0.006178420037031174
0.005892532877624035
0.005479549057781696
0.005601358599960804
0.005815916694700718
0.005483387038111687
0.005358788650482893
0.00544280419126153
0.005404162220656872
0.004958250094205141
0.005293938796967268
0.004931285511702299
0.004061310552060604
0.005167072173207998
0.004379648249596357
0.004489748738706112
0.004695639479905367
0.0041312770918011665
0.0042009176686406136
0.004075351636856794
0.003710088785737753
0.004170087166130543
0.003215337637811899
0.004269442521035671
0.003555764677003026
0.0026119626127183437
0.0034995072055608034
0.0033368233125656843
0.0034604978282004595
0.002771527972072363
0.002963121747598052
0.003185475245118141
0.002557274652644992
0.0023979460820555687
0.0021344164852052927
0.0022596698254346848
0.0022394764237105846
0.0027457005344331264
0.002104829763993621
0.0019223021809011698
0.0020057708024978638
0.0022672200575470924
0.0016739877173677087
0.0011993630323559046
0.001586704165674746
0.001586796366609633
0.0011369403218850493
0.001850557280704379
0.0014161510625854135
0.0016313564265146852
0.0012094114208593965
0.0012742273975163698
0.0019096436444669962
0.000898132857400924
0.0010556632187217474
0.0007691883365623653
0.0016351176891475916
0.0004703151644207537
0.0009634310263209045
0.0013459112960845232
0.0007376874564215541
0.0010971225565299392
0.0012522954493761063
0.0006406041793525219
0.0010187715524807572
0.0005971613572910428
0.0010611063335090876
0.001249072840437293
0.0009504669578745961
0.0006245240801945329
0.00021203080541454256
0.0015381082193925977
0.0009672160376794636
0.0005544583545997739
0.0012264783727005124
0.0008244038326665759
0.0009290253510698676
-7.06687068939209
-19.301618576049805
-20.551082611083984
-12.719772338867188
-16.986804962158203
-7.5145745277404785
-4.308579921722412
-7.3748369216918945
-9.142172813415527
-4.117194175720215
-3.457444429397583
-2.2201881408691406
-2.886643886566162
-2.000762701034546
-1.8977082967758179
-1.9662249088287354
-3.2275986671447754
-3.5970489978790283
-3.5995819568634033
-2.400045871734619
-3.1382198333740234
-2.9091100692749023
-3.756962299346924
-3.057715892791748
-3.47904634475708
-3.541722059249878
-3.4925529956817627
-4.9149274826049805
-3.7364909648895264
-4.736087799072266
-5.149816036224365
-5.040981292724609
-6.0534281730651855
-5.864975929260254
-5.527825355529785
-6.953685760498047
-6.321242332458496
-6.907128810882568
-6.868966102600098
-6.401185512542725
-6.922821998596191
-7.390440940856934
-8.019720077514648
-8.77892780303955
-8.25829029083252
-7.646990776062012
-7.813763618469238
-7.356657981872559
-7.612390041351318
-8.329164505004883
-8.360564231872559
-8.385329246520996
-9.564685821533203
-8.701421737670898
-9.082639694213867
-9.245985984802246
-10.04140567779541
-9.976161003112793
-9.570059776306152
-9.008042335510254
-9.469228744506836
-10.576974868774414
-10.007269859313965
-10.14885425567627
-9.301658630371094
-10.966350555419922
-11.00974178314209
-10.771515846252441
-11.090841293334961
-11.676534652709961
-11.088053703308105
-11.602510452270508
-11.410591125488281
-12.584736824035645
-11.952313423156738
-11.479055404663086
-11.548232078552246
-12.20606803894043
-13.285627365112305
-13.828210830688477
-12.964744567871094
-13.038241386413574
-13.230897903442383
-13.045394897460938
-13.543911933898926
-14.54637622833252
-14.353816032409668
-15.011548042297363
-14.598791122436523
-14.305598258972168
-14.65485954284668
-15.123161315917969
-15.659852981567383
-15.635241508483887
-14.928121566772461
-15.88688850402832
-15.82233715057373
-15.32099437713623
-15.409307479858398
-16.73558807373047
-16.464170455932617
-15.761555671691895
-3.6611030101776123
-4.1981072425842285
0.0059120808728039265
0.006211960222572088
0.006859003100544214
0.007356016896665096
0.007495351135730743
0.00668512936681509
0.00676582520827651
0.007267580833286047
0.006704105529934168
0.006917351391166449
0.006702485028654337
0.006421773228794336
0.006673624273389578
0.0060696080327034
0.006494416389614344
0.006362420506775379
0.006021581590175629
0.00642824824899435
0.006218773312866688
0.005753001663833857
0.005999600514769554
0.005782472901046276
0.005993321537971497
0.005641215480864048
0.0056266142055392265
0.0054515814408659935
0.0054046884179115295
0.005088800098747015
0.005381703842431307
0.005137384869158268
0.004754624795168638
0.005052638705819845
0.005037516355514526
0.004496833775192499
0.004358270205557346
0.004292442928999662
0.00425276905298233
0.004109690431505442
0.0036751721054315567
0.004166317172348499
0.0044745104387402534
0.0031491066329181194
0.004218192305415869
0.003501746105030179
0.0030579057056456804
0.0029640335123986006
0.0033472173381596804
0.0033109206706285477
0.0030581671744585037
0.0028137383051216602
0.002860722132027149
0.0027686634566634893
0.002308798488229513
0.0022238001693040133
0.002631023060530424
0.0023943199776113033
0.001989126205444336
0.00203930726274848
0.00241213315166533
0.001618637121282518
0.002540575573220849
0.0015347904991358519
0.0016996024642139673
0.0016475163865834475
0.0014208328211680055
0.001701055676676333
0.0013444909127429128
0.0018861753633245826
0.0011778682237491012
0.0012965986970812082
0.0013198853703215718
0.0010581181850284338
0.000783529772888869
0.001339213689789176
0.0012727754656225443
0.0009831872303038836
0.0007350313244387507
0.0010762701276689768
0.0008265135111287236
0.0005890495958738029
0.0016069657867774367
0.0006892733508720994
0.0012819308321923018
0.0006319794338196516
0.0010467133251950145
0.0010905356612056494
0.0014637502608820796
0.0009004917228594422
0.0008499479736201465
0.0009889713255688548
0.0011609693756327033
0.000470766011858359
0.0008522393181920052
0.0009304156410507858
0.0014671823009848595
0.0009309981251135468
-2.963196277618408
-14.539405822753906
-17.18052864074707
-10.240324974060059
-15.144552230834961
-15.88867473602295
-5.257666110992432
-8.592757225036621
-4.742945671081543
-1.6272361278533936
-2.2382407188415527
-2.451852798461914
-1.9978923797607422
-2.032921075820923
-1.4563838243484497
-2.6937177181243896
-2.3339176177978516
-2.440901279449463
-2.169543743133545
-2.6833746433258057
-3.8412747383117676
-3.5736255645751953
-3.493410587310791
-3.657838821411133
-4.058346748352051
-4.423997402191162
-4.738234519958496
-4.89926290512085
-5.674857139587402
-4.789080619812012
-6.139220714569092
-5.680209159851074
-5.951727390289307
-6.140301704406738
-5.506606578826904
-6.206397533416748
-6.510979652404785
-6.601897239685059
-6.891288757324219
-6.594820976257324
-7.9860382080078125
-8.75745964050293
-7.172019958496094
-7.633436679840088
-7.4875311851501465
-7.202600002288818
-7.350940704345703
-7.570304870605469
-7.9875807762146
-8.3046875
-8.922884941101074
-8.647229194641113
-9.396726608276367
-8.752220153808594
-9.533251762390137
-8.653617858886719
-9.059404373168945
-9.606160163879395
-9.761796951293945
-10.674732208251953
-10.225728988647461
-10.787338256835938
-10.064433097839355
-10.013032913208008
-10.617079734802246
-11.393515586853027
-10.188708305358887
-11.333795547485352
-11.161456108093262
-10.98125171661377
-11.784296989440918
-11.274408340454102
-11.839629173278809
-11.871877670288086
-11.409571647644043
-12.505702018737793
-12.44236946105957
-12.095653533935547
-12.996696472167969
-13.602933883666992
-13.138575553894043
-14.21862506866455
-13.432330131530762
-14.65843391418457
-13.661242485046387
-13.89802360534668
-14.320591926574707
-13.114992141723633
-14.356184005737305
-14.542509078979492
-15.383855819702148
-15.190017700195312
-15.68268871307373
-15.285436630249023
-15.772146224975586
-15.602752685546875
-16.97604751586914
-15.88493537902832
-16.68623924255371
-15.94011402130127
-16.82999038696289
-15.848859786987305
-4.083778381347656
-4.3023858070373535
0.005942777264863253
0.006100620608776808
0.0066644856706261635
0.007532105781137943
0.007232525385916233
0.007123842835426331
0.00671464204788208
0.007201743312180042
0.006664325948804617
0.006556135602295399
0.00662162434309721
0.006858138833194971
0.006165466271340847
0.006697025150060654
0.006225994322448969
0.006391164846718311
0.00598274078220129
0.0060891807079315186
0.0058300490491092205
0.006122051738202572
0.005773413926362991
0.005684811621904373
0.0055895401164889336
0.006180513184517622
0.005206652916967869
0.005536958575248718
0.005327505525201559
0.005646101199090481
0.0054943012073636055
0.004844178911298513
0.004605690483003855
0.004853296093642712
0.004664563573896885
0.004690785892307758
0.004745776765048504
0.0039961077272892
0.004039363004267216
0.004824877716600895
0.0033241454511880875
0.004416502080857754
0.004182693548500538
0.0033524041064083576
0.004074255935847759
0.002995949937030673
0.0034748471807688475
0.003988834097981453
0.003008556319400668
0.0028326790779829025
0.002696204697713256
0.003059979295358062
0.0028563369996845722
0.0022958654444664717
0.0029478224460035563
0.002117169788107276
0.0024281132500618696
0.002582450630143285
0.0019482517382130027
0.0016934223240241408
0.0020309225656092167
0.0019059752812609076
0.0019596752244979143
0.002165322657674551
0.001198944286443293
0.001355051645077765
0.0017780347261577845
0.002018596511334181
0.0007874661241658032
0.001975579420104623
0.0013180214446038008
0.0015362885314971209
0.0012925306800752878
0.0007872168207541108
0.0014083448331803083
0.0009823843138292432
0.0011675014393404126
0.0008039660751819611
0.0011777994222939014
0.0006737505318596959
0.0014530500629916787
0.0006902808090671897
0.001088955206796527
0.0007203129935078323
0.0014061036054044962
0.0010661970591172576
0.0006662168307229877
0.0007246400346048176
0.0012533555272966623
0.000811996404081583
0.0005572857335209846
0.0009371767519041896
0.0012711688177660108
0.0005567281041294336
0.0015279010403901339
0.0008238559821620584
0.0005690593970939517
0.0015214285813272
-7.2215423583984375
-20.210962295532227
-22.71151351928711
-13.337060928344727
-13.259587287902832
-9.799022674560547
-6.406403541564941
-5.342110633850098
-3.7109718322753906
-2.764270782470703
-1.6141831874847412
-2.261624813079834
-2.4691007137298584
-1.2316160202026367
-3.3999500274658203
-3.00063157081604
-2.274524211883545
-2.12245512008667
-2.656400203704834
-2.9486687183380127
-2.457310199737549
-2.2599940299987793
-2.961413860321045
-3.1878511905670166
-3.265969753265381
-4.165427207946777
-4.151700019836426
-3.971092700958252
-4.4235687255859375
-5.255727291107178
-4.866318225860596
-4.744788646697998
-5.417961120605469
-5.478982448577881
-5.505282402038574
-5.023626327514648
-5.74131965637207
-5.979598045349121
-7.597103118896484
-6.096746921539307
-7.121952056884766
-6.854896545410156
-6.918292045593262
-7.188773155212402
-7.2081122398376465
-8.411813735961914
-7.401761054992676
-7.633180141448975
-8.676076889038086
-8.1570463180542
-8.177005767822266
-8.401457786560059
-8.463885307312012
-8.544873237609863
-8.447278022766113
-8.919342041015625
-9.580410957336426
-8.882611274719238
-9.751864433288574
-9.683815956115723
-9.104936599731445
-10.812795639038086
-10.278420448303223
-9.295801162719727
-10.075952529907227
-11.188536643981934
-10.604114532470703
-11.448240280151367
-11.428256034851074
-12.59744930267334
-11.338207244873047
-11.736429214477539
-11.403543472290039
-11.120355606079102
-11.65582275390625
-11.64993667602539
-12.620635986328125
-11.6102933883667
-12.040708541870117
-13.449361801147461
-13.660305976867676
-13.462977409362793
-13.771276473999023
-13.597396850585938
-13.459846496582031
-14.13665771484375
-13.80274486541748
-14.527486801147461
-14.515625
-14.412829399108887
-14.337121963500977
-14.388086318969727
-14.333364486694336
-14.67011547088623
-15.39990234375
-15.89867115020752
-16.079364776611328
-16.441970825195312
-16.985769271850586
-15.874702453613281
-16.786102294921875
-15.165506362915039
-3.871509552001953
-4.456153869628906
0.005989468190819025
0.006248948629945517
0.006781458854675293
0.007117695175111294
0.007382713258266449
0.00660039484500885
0.006781909614801407
0.007233093027025461
0.006423477083444595
0.00662115728482604
0.006794840097427368
0.006430055946111679
0.006605745758861303
0.00673423707485199
0.0061616310849785805
0.006113802082836628
0.0066472687758505344
0.005947436671704054
0.005962545517832041
0.006028338801115751
0.005488792899996042
0.005910065025091171
0.005496868398040533
0.005995514336973429
0.005296885501593351
0.004914496559649706
0.0055134836584329605
0.0056740837171673775
0.0050374181009829044
0.004999866243451834
0.004690886940807104
0.005077756009995937
0.0041003357619047165
0.0052220807410776615
0.004467319697141647
0.004213172942399979
0.004458132199943066
0.0038736402057111263
0.003653277875855565
0.003834059927612543
0.004115493036806583
0.0034079942852258682
0.003778840182349086
0.0033207021187990904
0.00322500872425735
0.0031194817274808884
0.002878439612686634
0.0034338324330747128
0.0026672121603041887
0.002853852231055498
0.002742254175245762
0.0023827855475246906
0.0028093543369323015
0.0020614101085811853
0.002348866779357195
0.002236905274912715
0.0021434365771710873
0.0024142111651599407
0.0020662362221628428
0.0018260624492540956
0.0018565593054518104
0.0014535869704559445
0.001910522230900824
0.0015815375372767448
0.0018897190457209945
0.0014393244637176394
0.0015435395762324333
0.0015996547881513834
0.0012094982666894794
0.0007626042934134603
0.0014183915918692946
0.0011116571258753538
0.0010363521287217736
0.0009514584089629352
0.0008637598948553205
0.0016143365064635873
0.000854633457493037
0.0012655446771532297
0.0005826069391332567
0.001283243647776544
0.0011292587732896209
0.00042392723844386637
0.0013219547690823674
0.0014613859821110964
0.0006447121268138289
0.0003462150343693793
0.0011078233364969492
0.000995394540950656
0.0008854401530697942
0.0010693848598748446
-1.0540336006670259e-05
0.0014882950345054269
0.001060716575011611
0.0008075358346104622
0.0011416306952014565
0.0008488317835144699
-4.635336875915527
-16.91904640197754
-18.01573944091797
-11.747319221496582
-6.916982173919678
-17.3878173828125
-5.301400184631348
-9.956718444824219
-6.143025875091553
-2.338040828704834
-2.1991302967071533
-0.743193507194519
-1.938916563987732
-2.5396649837493896
-2.6510658264160156
-2.2036449909210205
-2.144228935241699
-2.453125476837158
-2.1836585998535156
-3.8911960124969482
-3.7508251667022705
-2.96612811088562
-3.8663105964660645
-3.3911049365997314
-4.575827121734619
-3.8274524211883545
-4.144927024841309
-5.029648780822754
-4.978793621063232
-4.482028484344482
-5.1797919273376465
-4.752788066864014
-5.627126216888428
-5.098039150238037
-5.118124961853027
-6.562674522399902
-6.030756950378418
-6.797177791595459
-7.388970375061035
-7.557565212249756
-6.738166809082031
-7.184117794036865
-8.193236351013184
-7.20550012588501
-7.703193664550781
-7.6342010498046875
-7.532199859619141
-8.252861976623535
-8.258358001708984
-8.967618942260742
-9.555533409118652
-8.657378196716309
-8.853315353393555
-9.134249687194824
-9.254417419433594
-8.599469184875488
-9.095539093017578
-8.78620719909668
-8.468810081481934
-9.730037689208984
-9.827263832092285
-9.84889030456543
-9.957244873046875
-10.53529167175293
-10.190610885620117
-11.307328224182129
-11.203123092651367
-10.567254066467285
-11.021610260009766
-11.352533340454102
-11.081146240234375
-11.498270034790039
-11.06778621673584
-11.98748779296875
-11.622588157653809
-12.148073196411133
-11.855903625488281
-12.467733383178711
-12.46298885345459
-13.061015129089355
-12.815568923950195
-12.67772388458252
-12.889935493469238
-13.452766418457031
-13.640057563781738
-13.858444213867188
-14.048797607421875
-13.67774772644043
-14.233128547668457
-14.354507446289062
-14.365076065063477
-14.792757034301758
-15.299647331237793
-15.259373664855957
-15.188868522644043
-16.481332778930664
-16.106351852416992
-16.76180648803711
-16.7642822265625
-17.553722381591797
-17.032703399658203
-16.23520278930664
-4.1793646812438965
-4.670591831207275
0.00548600684851408
0.006415063049644232
0.0071021332405507565
0.007176057901233435
0.006893570069223642
0.007010371889919043
0.006795166991651058
0.007058785296976566
0.006917974445968866
0.006602211389690638
0.006967173423618078
0.0062253037467598915
0.006449260748922825
0.006606164388358593
0.005875601898878813
0.006503937300294638
0.006253066472709179
0.00579103734344244
0.005972793325781822
0.005882069002836943
0.006142896134406328
0.006214294582605362
0.005389262922108173
0.005371024366468191
0.005611940287053585
0.005495512392371893
0.005395522806793451
0.004544523544609547
0.005439571104943752
0.0050673638470470905
0.005120628513395786
0.004856474697589874
0.004226913675665855
0.0045657679438591
0.004467950202524662
0.004163622390478849
0.004365670494735241
0.004707809071987867
0.003257249714806676
0.00403523538261652
0.003961610607802868
0.003471044125035405
0.003539529861882329
0.003717215731739998
0.0034471084363758564
0.0029878499917685986
0.0033192697446793318
0.003244919003918767
0.0025759669952094555
0.0028473776765167713
0.002606666646897793
0.0023194889072328806
0.0025973240844905376
0.0026132664643228054
0.0022263373248279095
0.0021863384172320366
0.0022762329317629337
0.002126390114426613
0.001778104342520237
0.0018586661899462342
0.0017589330673217773
0.0020106041338294744
0.0020220146980136633
0.0017070348840206861
0.0013693519867956638
0.0014229994267225266
0.0015723882243037224
0.001295565627515316
0.0016491186106577516
0.0009942871984094381
0.001353713683784008
0.0013502673245966434
0.0013362709432840347
0.0010226416634395719
0.0007319875876419246
0.0010491852881386876
0.000867507595103234
0.0008761800127103925
0.0010684328153729439
0.0004652896022889763
0.0006923174951225519
0.0009536013822071254
0.0008851465536281466
0.0006443035090342164
0.0009437692351639271
0.0007178852101787925
0.001064977259375155
0.0002902885025832802
0.0007240076665766537
0.0008430246962234378
0.0011617528507485986
0.0002917904348578304
0.0010179128730669618
0.0007528578862547874
0.0010592493927106261
0.0006554696592502296
-2.3015713691711426
-12.260754585266113
-15.252485275268555
-9.558320999145508
-13.984636306762695
-7.928458213806152
-5.246829032897949
-6.960910797119141
-5.630789756774902
-3.2623519897460938
-3.6364083290100098
-2.9038567543029785
-2.8286008834838867
-2.5980961322784424
-2.3804774284362793
-3.1991262435913086
-2.555055856704712
-2.212913990020752
-2.7159135341644287
-2.5282082557678223
-2.783219814300537
-3.1071414947509766
-3.4360859394073486
-3.678960084915161
-4.897677898406982
-4.7589216232299805
-4.293204307556152
-4.916910171508789
-4.397860527038574
-4.753186225891113
-4.761836051940918
-5.405496597290039
-5.381077766418457
-5.8054351806640625
-5.893336772918701
-7.0765838623046875
-7.848100185394287
-8.319839477539062
-8.374956130981445
-8.034110069274902
-7.347464561462402
-8.061189651489258
-7.462201118469238
-7.865307807922363
-8.933656692504883
-9.538558959960938
-8.845133781433105
-8.725743293762207
-8.870039939880371
-9.25744342803955
-10.422289848327637
-10.167631149291992
-10.152222633361816
-9.357320785522461
-10.338090896606445
-9.916040420532227
-10.75629997253418
-9.56908130645752
-9.938271522521973
-10.08777141571045
-10.607423782348633
-10.81859016418457
-9.969321250915527
-11.584870338439941
-10.847211837768555
-9.907060623168945
-10.55909252166748
-10.265132904052734
-11.233682632446289
-11.120428085327148
-11.563142776489258
-11.862610816955566
-11.678503036499023
-11.736268997192383
-11.967857360839844
-11.876147270202637
-12.006803512573242
-11.654363632202148
-12.535223007202148
-13.255638122558594
-12.6712646484375
-13.683099746704102
-13.587170600891113
-14.309213638305664
-13.743708610534668
-14.31628131866455
-14.667149543762207
-14.111294746398926
-14.26494312286377
-15.484521865844727
-15.215672492980957
-15.3493013381958
-15.157913208007812
-15.097997665405273
-15.745088577270508
-15.574109077453613
-15.459856033325195
-16.297197341918945
-16.717954635620117
-16.51626205444336
-15.916664123535156
-15.652753829956055
-3.433151960372925
-4.385138511657715
0.006144527345895767
0.00612197071313858
0.006466709077358246
0.007170070894062519
0.006984335836023092
0.006979806814342737
0.006658363156020641
0.006954732351005077
0.006981372833251953
0.006430779583752155
0.006539192982017994
0.006521143950521946
0.00679156556725502
0.006251783110201359
0.006115292198956013
0.0062252068892121315
0.0064231096766889095
0.006059466861188412
0.0057026902213692665
0.006160433869808912
0.005758312530815601
0.005978443194180727
0.005512728821486235
0.005510617978870869
0.005795840173959732
0.0050866566598415375
0.005713098216801882
0.005254464223980904
0.004687607288360596
0.005044782999902964
0.0051987734623253345
0.004287540912628174
0.004893011413514614
0.004763368051499128
0.0046802726574242115
0.004135057330131531
0.004445480648428202
0.0043716030195355415
0.00382780353538692
0.004062732215970755
0.003685594070702791
0.0036423318088054657
0.0034600875806063414
0.003479028819128871
0.0035828184336423874
0.003049698891118169
0.003095598192885518
0.0031711184419691563
0.002872347366064787
0.0027513792738318443
0.0027469326741993427
0.00233377143740654
0.0023256263229995966
0.0029959946405142546
0.002058932092040777
0.002043849090114236
0.0023380753118544817
0.0022062635980546474
0.0021285496186465025
0.0018612162675708532
0.0020130635239183903
0.0008812804589979351
0.0018783763516694307
0.0025343140587210655
0.001178440055809915
0.0012512535322457552
0.00120835960842669
0.002043516607955098
0.0008832607418298721
0.001234614523127675
0.0015209985431283712
0.0009276162018068135
0.0006929587107151747
0.002126229926943779
0.0005846602143719792
0.0014595419634133577
0.0006183648947626352
0.0008701573824509978
0.0011816840851679444
0.0007257911493070424
0.001344508258625865
0.00048167319619096816
0.0008266093209385872
0.0010320569854229689
0.0009854992385953665
0.0005334570305421948
0.0012886032927781343
0.0006001658039167523
0.001166978501714766
0.0005144051392562687
0.0007961170631460845
0.000911668234039098
0.0004287314950488508
0.0011880334932357073
0.0008292850106954575
0.0014781849458813667
-6.313942909240723
-18.78194808959961
-19.503467559814453
-11.638104438781738
-9.241167068481445
-7.493646144866943
-5.175106048583984
-6.825438499450684
-8.426982879638672
-4.972386360168457
-3.797630786895752
-3.4930896759033203
-2.578209638595581
-3.119929552078247
-2.5402443408966064
-2.7475810050964355
-2.161557912826538
-1.7228145599365234
-2.7734532356262207
-3.4422900676727295
-3.1464998722076416
-2.9847450256347656
-3.8856914043426514
-3.3882248401641846
-3.7022476196289062
-4.693037033081055
-5.346534252166748
-4.150293827056885
-4.2158050537109375
-5.199223518371582
-5.3647780418396
-5.65606164932251
-5.49679708480835
-6.235396862030029
-6.050107002258301
-6.43844747543335
-6.231929779052734
-6.716695308685303
-6.572700500488281
-6.661318778991699
-7.800455570220947
-7.2163825035095215
-7.236776828765869
-6.699850559234619
-7.60833215713501
-7.362779140472412
-7.4824981689453125
-7.984644412994385
-8.495652198791504
-8.274798393249512
-8.757379531860352
-8.953144073486328
-8.699737548828125
-9.658185958862305
-9.516850471496582
-8.723519325256348
-9.572122573852539
-9.658485412597656
-10.53328800201416
-10.67845630645752
-10.685487747192383
-9.457991600036621
-10.310528755187988
-10.454511642456055
-10.332038879394531
-10.536491394042969
-10.642572402954102
-10.655935287475586
-11.72006607055664
-11.612112045288086
-11.166635513305664
-11.035661697387695
-11.848877906799316
-12.655909538269043
-13.100440979003906
-12.583414077758789
-11.780075073242188
-12.561742782592773
-12.618475914001465
-13.17774486541748
-13.304662704467773
-13.61754322052002
-14.130579948425293
-13.160204887390137
-13.790356636047363
-14.354992866516113
-13.9957275390625
-13.695300102233887
-13.791143417358398
-13.922767639160156
-14.322733879089355
-15.622648239135742
-15.05389404296875
-15.882314682006836
-16.23360824584961
-16.724510192871094
-16.38903045654297
-16.473108291625977
-15.869708061218262
-16.7537784576416
-16.897985458374023
-15.667162895202637
-4.453009605407715
-4.724850654602051
0.006198113318532705
0.006369943730533123
0.0066622169688344
0.006958375684916973
0.007807864807546139
0.0064443922601640224
0.006518002599477768
0.006843983195722103
0.006878254469484091
0.006913154385983944
0.006593943573534489
0.0064650350250303745
0.0064874207600951195
0.0063178157433867455
0.006448546890169382
0.0065934918820858
0.006055460311472416
0.006216947454959154
0.006159244570881128
0.006043207831680775
0.0059528895653784275
0.0056792693212628365
0.00582659337669611
0.005575446877628565
0.005968301557004452
0.0049626389518380165
0.005323837976902723
0.005156177096068859
0.005579378455877304
0.005348291248083115
0.004344241693615913
0.0049453130923211575
0.004351234063506126
0.004879362881183624
0.004198870155960321
0.004872689954936504
0.004059275612235069
0.003956079948693514
0.004036483354866505
0.0039875078946352005
0.0035277523566037416
0.004128782078623772
0.0034946531523019075
0.0032613519579172134
0.0034999405033886433
0.0030331097077578306
0.003131336299702525
0.0032723783515393734
0.0027500519063323736
0.0030692729633301497
0.0025133914314210415
0.0025378058198839426
0.002529158955439925
0.0026008684653788805
0.0018867880571633577
0.0022990719880908728
0.0023100643884390593
0.0019381691236048937
0.001864776248112321
0.0020575581584125757
0.002256765030324459
0.0013887190725654364
0.0017445485573261976
0.0014936084626242518
0.001964566996321082
0.0007613543421030045
0.0015354794450104237
0.001203067833557725
0.00173001061193645
0.0010219692485406995
0.00195767218247056
0.0008793125161901116
0.0005249045789241791
0.0013466017553582788
0.0009349454194307327
0.0013798136496916413
0.0011541808489710093
0.0007804407505318522
0.0008719777688384056
0.0010323288151994348
0.001303393510170281
0.0003711623139679432
0.001496586948633194
0.0007793930708430707
0.0011855128686875105
0.0009196144528687
0.00045528155169449747
0.001108870841562748
0.0007001698832027614
0.0006795036606490612
0.0012690015137195587
0.0011013045441359282
0.0008805854013189673
0.0011241314932703972
0.0014523323625326157
0.000815026112832129
-3.1155428886413574
-15.1244478225708
-17.98225212097168
-10.426820755004883
-8.124656677246094
-10.220629692077637
-6.792166709899902
-5.917388439178467
-6.013886451721191
-4.016524314880371
-3.166961669921875
-2.395641326904297
-2.4245495796203613
-2.375990152359009
-1.9228708744049072
-2.629692792892456
-3.151496648788452
-3.2316651344299316
-3.230647325515747
-2.437821865081787
-3.028733968734741
-2.821807861328125
-4.135632514953613
-4.016436576843262
-3.667952299118042
-4.293661117553711
-4.258026123046875
-4.528328895568848
-5.227985382080078
-4.021824359893799
-5.101645469665527
-5.9266767501831055
-4.976454734802246
-5.138964653015137
-6.387030601501465
-5.8631367683410645
-6.734665870666504
-5.337904453277588
-7.256462097167969
-6.766766548156738
-6.058840751647949
-6.345925331115723
-7.131108283996582
-7.424045562744141
-7.25634765625
-7.545951843261719
-6.905093193054199
-7.716120719909668
-8.101337432861328
-8.203168869018555
-9.079458236694336
-8.306278228759766
-9.038052558898926
-9.091756820678711
-8.36162281036377
-8.529827117919922
-9.115209579467773
-9.011818885803223
-9.028761863708496
-9.558917045593262
-10.725683212280273
-9.78653621673584
-11.237401962280273
-9.859868049621582
-9.869766235351562
-10.907771110534668
-9.980443000793457
-10.9321928024292
-11.110865592956543
-11.516824722290039
-11.557503700256348
-11.217314720153809
-11.813267707824707
-11.709955215454102
-11.95268726348877
-11.829374313354492
-12.237333297729492
-13.468215942382812
-12.905415534973145
-12.8784818649292
-12.089559555053711
-13.37855052947998
-13.5012788772583
-12.466631889343262
-13.266389846801758
-14.156593322753906
-14.495962142944336
-15.056683540344238
-15.087260246276855
-15.505075454711914
-14.527822494506836
-14.881251335144043
-15.544232368469238
-15.02769947052002
-15.821456909179688
-16.70920181274414
-16.099952697753906
-16.552860260009766
-16.280019760131836
-16.74509048461914
-16.628089904785156
-15.712045669555664
-3.6496613025665283
-4.667246341705322
0.005931254010647535
0.006084728520363569
0.006763000041246414
0.00719976332038641
0.007118741516023874
0.006846329662948847
0.0070745074190199375
0.006756423506885767
0.0070286961272358894
0.006990857422351837
0.006674750242382288
0.006351032759994268
0.006386569235473871
0.006817127577960491
0.006261332891881466
0.006110706366598606
0.006022609770298004
0.005885603837668896
0.006444494239985943
0.006224496755748987
0.0058082109317183495
0.005310450680553913
0.006184685975313187
0.0056114960461854935
0.005802425555884838
0.005012548994272947
0.005505365785211325
0.0054982551373541355
0.005369246006011963
0.005022711120545864
0.004730432294309139
0.004388171248137951
0.004685038700699806
0.00499821687117219
0.004522744100540876
0.004630600102245808
0.0043564606457948685
0.003938720561563969
0.003849599976092577
0.003962671849876642
0.003988094627857208
0.00371932121925056
0.0028421571478247643
0.0038262486923485994
0.003240022109821439
0.0028577521443367004
0.0029996533412486315
0.0030669921543449163
0.0031978203915059566
0.002596519188955426
0.0029098358936607838
0.00263031804934144
0.0023527087178081274
0.0021597628947347403
0.0028050399851053953
0.0020995866507291794
0.0020752123091369867
0.0020040743984282017
0.0019399147713556886
0.0016069242265075445
0.001893013482913375
0.0019300602143630385
0.0017351445276290178
0.0013569837901741266
0.0021162000484764576
0.0015446720644831657
0.0008459184318780899
0.001460482133552432
0.0013080865610390902
0.0010666430462151766
0.001166743808425963
0.0009782823035493493
0.0015544646885246038
0.0006873828824609518
0.0014016692293807864
0.0009158453904092312
0.0012261024676263332
0.0012435985263437033
0.0008136028191074729
0.0013581537641584873
0.0007561672246083617
0.0006821075221523643
0.0009562542545609176
0.0009432680672034621
0.0012829528423026204
0.0007206943118944764
0.00124151143245399
0.0005917561938986182
0.0016942868242040277
0.0006292069447226822
0.0007226163870655
0.0009713488398119807
0.0008382807718589902
0.001109879813157022
0.001389210345223546
0.0012100811582058668
-3.910433530807495
-16.36589241027832
-18.770294189453125
-11.561174392700195
-15.503535270690918
-15.002710342407227
-4.676560401916504
-8.398411750793457
-4.943682670593262
-1.745893120765686
-1.443068504333496
-0.6731045246124268
-1.51986825466156
-2.3539786338806152
-1.7301721572875977
-2.30725359916687
-2.604548931121826
-3.0297725200653076
-2.7529945373535156
-3.225217819213867
-3.9599597454071045
-3.161129951477051
-3.706907272338867
-3.578550338745117
-4.194425106048584
-4.138266563415527
-3.9417672157287598
-4.365511417388916
-4.85688591003418
-5.267157554626465
-5.501084804534912
-5.4065117835998535
-6.310239791870117
-5.84674596786499
-5.957867622375488
-6.1396589279174805
-6.351718902587891
-7.202894687652588
-7.371896266937256
-7.760336399078369
-6.9235734939575195
-7.086212158203125
-6.969925880432129
-7.024508476257324
-7.44943904876709
-7.804331302642822
-7.85821533203125
-7.414608001708984
-8.657320022583008
-7.8059892654418945
-8.540549278259277
-8.197940826416016
-9.387236595153809
-9.644369125366211
-9.634196281433105
-9.5930757522583
-9.329496383666992
-10.331748962402344
-10.056354522705078
-9.857786178588867
-10.676861763000488
-10.360705375671387
-10.185583114624023
-9.638895034790039
-9.720394134521484
-10.391885757446289
-10.05723762512207
-10.804990768432617
-11.922188758850098
-11.594812393188477
-11.284969329833984
-12.550114631652832
-12.438039779663086
-12.849848747253418
-12.113579750061035
-11.96898365020752
-12.246040344238281
-12.589208602905273
-12.824223518371582
-12.837985038757324
-12.761261940002441
-13.18138313293457
-13.758502006530762
-12.802980422973633
-13.9691162109375
-13.004400253295898
-13.187764167785645
-14.392781257629395
-14.712994575500488
-14.750997543334961
-14.42408275604248
-15.453509330749512
-14.824106216430664
-14.715347290039062
-15.75200366973877
-16.87203598022461
-16.49782371520996
-16.359804153442383
-16.31427574157715
-16.79312515258789
-16.653432846069336
-15.637046813964844
-4.203222751617432
-4.559966087341309
0.006076735444366932
0.006226098630577326
0.006367930676788092
0.0072244578041136265
0.007538355886936188
0.006901630666106939
0.006989363580942154
0.0069548264145851135
0.006573191843926907
0.006804983131587505
0.006623760797083378
0.006377099547535181
0.006932066287845373
0.006276225205510855
0.0062308222986757755
0.006295044906437397
0.006514390464872122
0.005876739509403706
0.0063044121488928795
0.006026321090757847
0.005698571912944317
0.0059066698886454105
0.0054529523476958275
0.006232299376279116
0.005540241487324238
0.005452651530504227
0.00534494873136282
0.005239536985754967
0.005356200970709324
0.005291339010000229
0.004441796336323023
0.004787656012922525
0.00449897488579154
0.004753397312015295
0.0043157413601875305
0.00411292864009738
0.0047288318164646626
0.004367769695818424
0.003683200106024742
0.003965230658650398
0.003914094064384699
0.0036887084133923054
0.0034748143516480923
0.0034764688462018967
0.003488987684249878
0.003036609385162592
0.002709789667278528
0.003495206357911229
0.0026564716827124357
0.002921863691881299
0.0028579963836818933
0.0026190276257693768
0.002704501850530505
0.002076145727187395
0.0026700140442699194
0.002384602092206478
0.0017931507900357246
0.002472899854183197
0.0017957616364583373
0.0020095831714570522
0.0024295696057379246
0.0015627983957529068
0.0016356712440028787
0.0012138348538428545
0.0019164418336004019
0.001626964658498764
0.0014597955159842968
0.0013366416096687317
0.0013497213367372751
0.0012489799410104752
0.0010783879552036524
0.001337860943749547
0.0016251981724053621
0.00040357737452723086
0.0014019426889717579
0.0009669448481872678
0.0009877360425889492
0.0007148192380554974
0.0008681402541697025
0.0013288442278280854
0.0005903673591092229
0.0013071338180452585
0.0005269516259431839
0.0013470693957060575
0.0009581177728250623
0.0011422846000641584
0.000718829978723079
0.0007774505065754056
0.0012045007897540927
0.0008446121355518699
0.001576606766320765
0.0005388051504269242
0.001510967151261866
0.0007088414276950061
0.001400215202011168
0.0009284520638175309
-5.116307735443115
-17.928394317626953
-19.791202545166016
-11.604187965393066
-10.213382720947266
-18.766292572021484
-6.789943695068359
-8.993345260620117
-6.16177225112915
-2.4212069511413574
-2.2515857219696045
-1.5629312992095947
-2.319145917892456
-2.885695457458496
-2.1953883171081543
-2.9408390522003174
-2.4179847240448
-3.7588000297546387
-3.5932071208953857
-1.4760220050811768
-2.484173059463501
-3.16013765335083
-4.046582221984863
-4.785886287689209
-3.740435838699341
-4.916855812072754
-4.689312934875488
-5.0254669189453125
-5.817823886871338
-5.12251615524292
-5.113678932189941
-5.074754238128662
-4.437626361846924
-6.031143665313721
-5.956752777099609
-6.215710639953613
-6.441171169281006
-6.827742576599121
-6.69596004486084
-6.141127109527588
-7.618144989013672
-6.915018558502197
-7.994219779968262
-7.487298488616943
-7.7181830406188965
-7.44101095199585
-7.231282711029053
-8.239779472351074
-8.775851249694824
-8.580107688903809
-9.04533576965332
-8.697986602783203
-8.893558502197266
-9.76580810546875
-8.0830078125
-9.305471420288086
-8.70855712890625
-9.270723342895508
-10.057738304138184
-10.571100234985352
-10.04328727722168
-9.717703819274902
-9.93833065032959
-11.31458854675293
-11.321216583251953
-11.12696647644043
-10.762051582336426
-9.767245292663574
-10.752267837524414
-10.398401260375977
-11.502507209777832
-12.8095703125
-12.755167007446289
-12.587895393371582
-12.044520378112793
-12.9149169921875
-12.528715133666992
-13.110310554504395
-12.673053741455078
-13.577692985534668
-13.516508102416992
-13.093534469604492
-13.201234817504883
-12.877481460571289
-13.247014045715332
-13.400751113891602
-13.593775749206543
-14.127950668334961
-14.939234733581543
-14.333635330200195
-13.829854965209961
-14.557977676391602
-14.304441452026367
-15.285578727722168
-14.555826187133789
-15.100196838378906
-14.604130744934082
-15.156814575195312
-15.253875732421875
-16.36188507080078
-16.73947525024414
-15.741543769836426
-3.8370654582977295
-4.312422275543213
0.005852843634784222
0.006115561816841364
0.006706219166517258
0.007169672753661871
0.0073400274850428104
0.006531587801873684
0.006863838527351618
0.006762235425412655
0.006618451327085495
0.006636665668338537
0.006665573921054602
0.0065198978409171104
0.006017641164362431
0.00668357964605093
0.006273278500884771
0.006177827715873718
0.006278681568801403
0.005992274731397629
0.00588475214317441
0.006320502609014511
0.005713353864848614
0.005654880777001381
0.005311501678079367
0.005763799883425236
0.006235198117792606
0.005291573703289032
0.005346362944692373
0.0048241643235087395
0.005470216274261475
0.00524362875148654
0.0048349229618906975
0.004881725180894136
0.004599547944962978
0.004535907879471779
0.004465986043214798
0.004551765508949757
0.004606933332979679
0.0037322628777474165
0.004045572597533464
0.0037718794774264097
0.0038830419071018696
0.0039670513942837715
0.0034200202208012342
0.003612277563661337
0.003185701323673129
0.0030803994741290808
0.0032548890449106693
0.0034386273473501205
0.0026460159569978714
0.0025737741962075233
0.0030177936423569918
0.0022549512796103954
0.002441969234496355
0.0025833649560809135
0.001897444250062108
0.002896116115152836
0.0019293262157589197
0.002073301002383232
0.0015463752206414938
0.0024367072619497776
0.0021970276720821857
0.0017606019973754883
0.0018985942006111145
0.001224741106852889
0.0018782628467306495
0.0016581665258854628
0.0011396476766094565
0.0015184443909674883
0.0013947638217359781
0.0013380752643570304
0.0016282601282000542
0.0009979493916034698
0.0010743886232376099
0.0015156292356550694
0.0006882476736791432
0.0014607008779421449
0.000796860083937645
0.0013535736361518502
0.0011632062960416079
0.001253296621143818
0.0009225942194461823
0.0010910362470895052
0.0008440617239102721
0.0007049554260447621
0.0009731213795021176
0.0008285026997327805
0.0008428876171819866
0.0010591420577839017
0.0010412896517664194
0.0007056844769977033
0.001213878975249827
0.0009145798976533115
0.0010356896091252565
0.0010816119611263275
0.0009725192794576287
0.0008480247925035655
-3.8519198894500732
-15.885540962219238
-18.31572914123535
-10.974878311157227
-7.436920166015625
-14.743265151977539
-5.930157661437988
-6.908468723297119
-4.5562005043029785
-2.5886054039001465
-2.9000403881073
-1.7284094095230103
-1.8904634714126587
-1.1300222873687744
-1.7625503540039062
-2.141998767852783
-2.3706250190734863
-3.8513236045837402
-2.270416736602783
-2.76776123046875
-3.6128971576690674
-3.0391132831573486
-3.6919963359832764
-3.456042766571045
-4.274739742279053
-4.71293306350708
-4.4778947830200195
-4.6010332107543945
-4.1993536949157715
-4.92986536026001
-5.805441856384277
-5.191237926483154
-6.176441669464111
-6.1697845458984375
-6.226458549499512
-5.726020812988281
-6.940331935882568
-6.491119384765625
-7.925331115722656
-6.8173322677612305
-6.725424289703369
-7.045411109924316
-6.788472652435303
-7.663967132568359
-7.869580268859863
-8.061357498168945
-7.879833221435547
-8.110010147094727
-8.202432632446289
-7.966330051422119
-8.03879165649414
-8.736323356628418
-8.700601577758789
-8.984572410583496
-9.164191246032715
-9.532646179199219
-9.582304954528809
-9.7116117477417
-10.360342025756836
-10.059843063354492
-9.820368766784668
-9.680097579956055
-9.056793212890625
-9.818659782409668
-10.95918083190918
-11.151094436645508
-10.948755264282227
-9.847002029418945
-10.390730857849121
-10.570042610168457
-10.827510833740234
-11.657440185546875
-11.610498428344727
-11.99316692352295
-11.83763599395752
-11.731544494628906
-12.438003540039062
-12.780134201049805
-12.865556716918945
-13.233222961425781
-12.569622039794922
-12.521627426147461
-12.650874137878418
-14.426005363464355
-13.527621269226074
-14.669174194335938
-14.859332084655762
-13.899518013000488
-14.490219116210938
-14.71521282196045
-14.660797119140625
-15.03339672088623
-15.057373046875
-15.24255084991455
-15.505304336547852
-16.205732345581055
-16.588577270507812
-16.380346298217773
-15.964437484741211
-16.549968719482422
-16.520753860473633
-15.23144245147705
-3.888218641281128
-4.381028175354004
0.006033382378518581
0.0061348676681518555
0.006789160426706076
0.007057813461869955
0.0075485361739993095
0.0068338424898684025
0.006369891110807657
0.007223302964121103
0.0066038211807608604
0.006370907183736563
0.006837224122136831
0.006575853563845158
0.006487026810646057
0.006241580471396446
0.006367303431034088
0.006023812107741833
0.00671007577329874
0.006258991546928883
0.0057245902717113495
0.006188803818076849
0.0058205327950417995
0.005763338878750801
0.005715223494917154
0.00594642898067832
0.005664341151714325
0.0052138506434857845
0.005196578335016966
0.005147879011929035
0.005471725948154926
0.004810786340385675
0.004985414445400238
0.004747352562844753
0.005015471018850803
0.004461387638002634
0.0047848643735051155
0.004306798335164785
0.0038813475985080004
0.00448613241314888
0.003963564056903124
0.003886840073391795
0.00413499865680933
0.0036495730746537447
0.003399013774469495
0.0029691143427044153
0.0038600857369601727
0.0031136092729866505
0.0030626473017036915
0.003078622277826071
0.00227574585005641
0.0031701575499027967
0.002627742011100054
0.0024266105610877275
0.0024927188642323017
0.0022767011541873217
0.0025715562514960766
0.0021977617871016264
0.0017247635405510664
0.0021233216393738985
0.001998941181227565
0.0018891924992203712
0.0022046412341296673
0.0014507968444377184
0.0015057013370096684
0.0019836584106087685
0.0016430409159511328
0.0017446894198656082
0.0015823084395378828
0.0010245275916531682
0.0011630499502643943
0.0012282708194106817
0.001702472334727645
0.0008027629810385406
0.0013074518647044897
0.0010313908569514751
0.0011658513685688376
0.0008928583702072501
0.001162686967290938
0.0011805351823568344
0.0004234440566506237
0.0013709140475839376
0.0012682980159297585
0.0009670802392065525
0.0003536751610226929
0.0015171292470768094
0.0009332020999863744
0.0008873856859281659
0.0006148417596705258
0.0011335182934999466
0.0010250455234199762
0.0005629651714116335
0.0006686543347314
0.0010917240288108587
0.0012237064074724913
0.0006617646431550384
0.0009978763991966844
0.0009035890689119697
-7.173480987548828
-19.780136108398438
-20.864654541015625
-12.69780445098877
-8.354965209960938
-9.723695755004883
-6.577948093414307
-7.8139472007751465
-7.5434064865112305
-4.523811340332031
-3.740694522857666
-2.801732063293457
-3.3349251747131348
-3.1732680797576904
-1.8141872882843018
-2.1017563343048096
-1.6690857410430908
-2.30560302734375
-3.2098031044006348
-3.204084873199463
-3.1138455867767334
-3.0210704803466797
-3.895007371902466
-4.258523941040039
-3.496540069580078
-4.000149726867676
-4.776520729064941
-3.9609298706054688
-4.010283470153809
-5.226826190948486
-5.532983303070068
-5.582884311676025
-5.513365268707275
-6.099372386932373
-5.637481689453125
-5.78452205657959
-6.337073802947998
-6.948904514312744
-6.634435176849365
-6.711679935455322
-6.8730597496032715
-6.643239498138428
-6.968538761138916
-7.459352016448975
-7.042971611022949
-7.901764869689941
-7.5878496170043945
-7.8702192306518555
-8.561349868774414
-9.267898559570312
-8.51647663116455
-8.78132438659668
-8.971199035644531
-9.1491060256958
-8.158434867858887
-9.613733291625977
-8.997274398803711
-8.738053321838379
-9.381044387817383
-9.212535858154297
-10.999445915222168
-10.976835250854492
-10.54096794128418
-10.81917667388916
-10.218605995178223
-10.074549674987793
-10.606534957885742
-10.99537467956543
-11.411561012268066
-11.632782936096191
-10.871969223022461
-11.430718421936035
-11.089334487915039
-11.722346305847168
-12.561735153198242
-12.072578430175781
-12.891555786132812
-12.495790481567383
-13.49103832244873
-12.572115898132324
-12.791364669799805
-12.614113807678223
-13.452932357788086
-13.795329093933105
-14.680305480957031
-15.047063827514648
-14.7055025100708
-13.604763984680176
-14.757867813110352
-15.708125114440918
-14.39599895477295
-14.473039627075195
-15.014503479003906
-16.030803680419922
-16.292192459106445
-16.01913070678711
-17.36758041381836
-14.901019096374512
-16.875621795654297
-16.025543212890625
-15.69426441192627
-15.517909049987793
-4.311161994934082
-4.3043599128723145
0.00617598881945014
0.00588280288502574
0.006908188574016094
0.007167371455579996
0.007367611862719059
0.006655666045844555
0.006570934318006039
0.007203458342701197
0.006716576404869556
0.006541001610457897
0.006798514164984226
0.006369088776409626
0.0061059813015162945
0.006503579206764698
0.006018847692757845
0.00612550089135766
0.006239800713956356
0.00648619094863534
0.00564196752384305
0.0060255564749240875
0.0059664929285645485
0.00563366012647748
0.006060457788407803
0.005494261160492897
0.005463441368192434
0.005370057187974453
0.005501459818333387
0.004970885347574949
0.005196248181164265
0.005165875423699617
0.00459644291549921
0.004738522227853537
0.0045594992116093636
0.004748410079628229
0.004593432880938053
0.004292833618819714
0.004622948821634054
0.0036033913493156433
0.004219082649797201
0.0035193865187466145
0.004259086214005947
0.0034528356045484543
0.0034430199302732944
0.0036171800456941128
0.0034364997409284115
0.0030871289782226086
0.003217988880351186
0.003143028588965535
0.0025078754406422377
0.002897745231166482
0.002776849316433072
0.00248847552575171
0.002888698596507311
0.0022330109495669603
0.0021071303635835648
0.0024574771523475647
0.0021906928159296513
0.0017079990357160568
0.002044334774836898
0.0024087601341307163
0.0019896281883120537
0.001875016838312149
0.0012788631720468402
0.0019737137481570244
0.0010528931161388755
0.0020111999474465847
0.0015368314925581217
0.00110038707498461
0.0017169204074889421
0.0009525100467726588
0.0015656661707907915
0.00033453170908614993
0.0010920146014541388
0.0012520987074822187
0.0011610118672251701
0.0011413944885134697
0.000758145353756845
0.0007549540023319423
0.0011288018431514502
0.0008796526817604899
0.0006773715140298009
0.0007709205965511501
0.0016952181467786431
0.0007357477443292737
0.00039027302409522235
0.0014340971829369664
0.0012503080070018768
0.0004898177576251328
0.001226246589794755
0.0012366052251309156
0.001140094711445272
0.000605784181971103
0.0006130365654826164
0.0015000386629253626
0.001139576081186533
0.001072542741894722
-2.4009697437286377
-14.434938430786133
-17.508529663085938
-10.16128921508789
-9.344587326049805
-11.097213745117188
-7.4277215003967285
-6.194101810455322
-4.827175140380859
-3.2246315479278564
-2.5218780040740967
-2.2224206924438477
-3.1760354042053223
-2.3248519897460938
-2.341339588165283
-2.197113513946533
-2.8889245986938477
-3.604959011077881
-3.0506272315979004
-2.735295057296753
-3.0639662742614746
-2.8398056030273438
-2.5630078315734863
-3.9165260791778564
-3.606444835662842
-4.176018238067627
-4.5678558349609375
-4.200416564941406
-4.687010765075684
-4.885788917541504
-5.083471775054932
-6.127747535705566
-5.798249244689941
-5.3415117263793945
-5.8470458984375
-6.2955851554870605
-6.583691596984863
-6.631368160247803
-6.99379825592041
-7.092328071594238
-7.008622646331787
-6.705745697021484
-7.60260009765625
-6.699117183685303
-6.8767828941345215
-8.355926513671875
-8.15759563446045
-8.35391616821289
-7.532977104187012
-8.201738357543945
-7.770461082458496
-9.226451873779297
-10.511459350585938
-9.55415153503418
-9.60356330871582
-9.361562728881836
-9.391544342041016
-9.395228385925293
-8.994256019592285
-9.258332252502441
-10.152841567993164
-9.806966781616211
-9.981792449951172
-10.85962200164795
-11.231660842895508
-11.570001602172852
-10.896639823913574
-11.087606430053711
-11.95713996887207
-10.993721008300781
-11.296021461486816
-10.924640655517578
-10.654108047485352
-12.705129623413086
-12.748498916625977
-13.081872940063477
-12.276071548461914
-12.460943222045898
-12.859991073608398
-13.444607734680176
-14.23497486114502
-13.156723022460938
-13.697660446166992
-13.692840576171875
-13.325292587280273
-13.99646282196045
-13.389750480651855
-14.631362915039062
-15.09643840789795
-14.6710844039917
-16.207950592041016
-15.103950500488281
-15.29020881652832
-15.1207275390625
-15.219526290893555
-16.790267944335938
-16.8792667388916
-17.233211517333984
-16.209447860717773
-16.24758529663086
-17.043163299560547
-16.1402587890625
-3.9714977741241455
-4.778409957885742
0.005438223015516996
0.0063233571127057076
0.007060295436531305
0.007238536141812801
0.007244992069900036
0.00706880446523428
0.006660579238086939
0.0070633538998663425
0.006400217767804861
0.00688601890578866
0.006483855191618204
0.006764101330190897
0.006585531868040562
0.006275034509599209
0.006632739212363958
0.006314139813184738
0.006342992186546326
0.005674581043422222
0.006193023640662432
0.005967867560684681
0.005882774945348501
0.005883603356778622
0.0059524355456233025
0.005774167366325855
0.005441622342914343
0.004743088968098164
0.005817195866256952
0.0049963826313614845
0.005362066440284252
0.005378489848226309
0.004726955201476812
0.005316996015608311
0.004399346653372049
0.005068287253379822
0.004125380888581276
0.004200368653982878
0.004244987387210131
0.00409098993986845
0.004124285653233528
0.0037179202772676945
0.003701548557728529
0.004047306254506111
0.0035567241720855236
0.0032189139164984226
0.0031457047443836927
0.003311985405161977
0.003261639503762126
0.0028884520288556814
0.0027624990325421095
0.0030042529106140137
0.002401171252131462
0.003150759730488062
0.00277348724193871
0.0023254607804119587
0.002241535345092416
0.0024232727009803057
0.0020853353198617697
0.0021090542431920767
0.0015881083672866225
0.0020907672587782145
0.0017828315030783415
0.0012821576092392206
0.0019861033651977777
0.0019278002437204123
0.001503850449807942
0.0008421553066000342
0.0019278120016679168
0.0008230935782194138
0.0018607169622555375
0.0008696109289303422
0.0015676520997658372
0.001721790642477572
0.0005670200334861875
0.0012778169475495815
0.0014692411059513688
0.0011086834128946066
0.000825704715680331
0.0012975460849702358
0.0012509390944615006
0.00041946154669858515
0.0015731860185042024
0.00026156738749705255
0.001069128280505538
0.0007747923955321312
0.0009648816776461899
0.0013173569459468126
0.0005455802893266082
0.0013654795475304127
0.00024743805988691747
0.0015581442276015878
0.0004293376987334341
0.001133302808739245
0.0012068285141140223
0.0006989773246459663
0.00033884914591908455
0.001574570662342012
-2.768157958984375
-13.933847427368164
-19.072750091552734
-10.09968090057373
-7.3259124755859375
-7.0492072105407715
-5.274845600128174
-3.751871109008789
-2.963606834411621
-1.7593507766723633
-2.957087278366089
-1.923670768737793
-2.0952916145324707
-2.1559109687805176
-1.7575517892837524
-2.6783366203308105
-3.3310554027557373
-3.1869189739227295
-3.1242003440856934
-3.0465269088745117
-3.0734925270080566
-3.3798203468322754
-4.1427483558654785
-4.039175987243652
-3.956914186477661
-4.278131484985352
-3.2430005073547363
-4.303435325622559
-4.29764461517334
-4.981034278869629
-3.9954745769500732
-4.396438121795654
-5.393718242645264
-5.7459235191345215
-5.835419654846191
-6.318028926849365
-6.740748405456543
-6.811392307281494
-7.116019248962402
-6.582683563232422
-7.0372819900512695
-7.098232269287109
-6.286235809326172
-7.256247520446777
-6.150870323181152
-7.061739444732666
-7.7585554122924805
-7.4000372886657715
-8.345288276672363
-8.60260009765625
-8.470874786376953
-8.941980361938477
-7.730160713195801
-8.748759269714355
-8.968522071838379
-9.410555839538574
-9.999777793884277
-8.909407615661621
-9.945701599121094
-9.651089668273926
-9.177706718444824
-10.715693473815918
-10.409605026245117
-10.995843887329102
-10.35710334777832
-10.26171875
-9.574189186096191
-10.677773475646973
-10.79529857635498
-10.971196174621582
-10.63025951385498
-10.87315845489502
-11.789050102233887
-11.655135154724121
-11.26179027557373
-12.181275367736816
-11.475423812866211
-12.940275192260742
-13.349714279174805
-12.930490493774414
-12.77110767364502
-13.2972412109375
-13.357978820800781
-14.873903274536133
-12.569437026977539
-13.47900104522705
-13.805107116699219
-14.287055969238281
-14.847711563110352
-14.076698303222656
-15.098596572875977
-15.161236763000488
-14.754841804504395
-15.29850959777832
-15.564142227172852
-15.127667427062988
-15.514219284057617
-16.3336124420166
-15.604649543762207
-16.967870712280273
-16.11709213256836
-15.548492431640625
-4.0548858642578125
-4.453299522399902
0.005885023158043623
0.006226607132703066
0.006987000349909067
0.007171164266765118
0.0075135924853384495
0.006643941160291433
0.006988354958593845
0.007152222096920013
0.006467088125646114
0.00646233931183815
0.007088802754878998
0.006659402512013912
0.006421120371669531
0.006263725459575653
0.00658975075930357
0.005900627467781305
0.0066416310146451
0.005739993415772915
0.0060088178142905235
0.005960866343230009
0.006191682070493698
0.005651330575346947
0.005580848082900047
0.005713895428925753
0.005516381002962589
0.005869419779628515
0.005101281218230724
0.004952658899128437
0.005215834826231003
0.005162626039236784
0.004884389694780111
0.004299410618841648
0.004918558988720179
0.005036826245486736
0.0038486693520098925
0.0044062165543437
0.004403139464557171
0.0044268276542425156
0.003813953371718526
0.004275319632142782
0.003704860107973218
0.003535113763064146
0.0041396962478756905
0.0032833374571055174
0.0033162806648761034
0.0032596662640571594
0.003057303139939904
0.0033945441246032715
0.003134398255497217
0.0029058537911623716
0.0028192007448524237
0.002486794488504529
0.0029919291846454144
0.002643465530127287
0.0022602747194468975
0.0022419483866542578
0.00201968802139163
0.0020631859079003334
0.0021783094853162766
0.0021961862221360207
0.0019313922384753823
0.001921553397551179
0.0013681339332833886
0.0017165057361125946
0.0012411304051056504
0.002195540349930525
0.001411573262885213
0.0014791116118431091
0.0013773669488728046
0.0016166759887710214
0.0008691835100762546
0.0010927447583526373
0.0022255012299865484
0.0012383169960230589
0.00026385620003566146
0.0011515195947140455
0.0010565572883933783
0.0012761176330968738
0.0011102815624326468
0.0008810919825918972
0.000750078703276813
0.0011054796632379293
0.0011385043617337942
0.0009366214508190751
0.001046803081408143
0.0007773749530315399
0.0010677126701921225
0.0006469725631177425
0.0009358410607092083
0.0015995677094906569
0.0011841906234622002
0.0004058967751916498
0.0011561571154743433
0.0008283911156468093
0.0011920982506126165
0.00062379619339481
-3.0926077365875244
-15.144851684570312
-17.22857666015625
-9.950787544250488
-13.550549507141113
-15.081204414367676
-4.5960211753845215
-7.8479180335998535
-4.971339702606201
-1.0222419500350952
-2.4377315044403076
-1.3646670579910278
-2.2396225929260254
-2.1185240745544434
-1.989910364151001
-3.10278582572937
-1.936713457107544
-1.965001106262207
-2.968127489089966
-2.980180263519287
-4.058631420135498
-3.7933712005615234
-3.955590009689331
-3.924259901046753
-4.074545860290527
-5.653990745544434
-4.3863115310668945
-4.376184940338135
-5.537124156951904
-5.53685188293457
-5.831191062927246
-5.715430736541748
-6.615206718444824
-6.1257100105285645
-6.489962100982666
-6.10724401473999
-6.215815544128418
-6.04184103012085
-6.546396732330322
-6.7200422286987305
-6.950065612792969
-6.635304927825928
-7.818856239318848
-6.387943744659424
-6.899415493011475
-7.554755210876465
-8.089410781860352
-8.4078369140625
-7.502217769622803
-8.324274063110352
-9.125898361206055
-8.485183715820312
-10.210613250732422
-8.653348922729492
-8.680257797241211
-8.852442741394043
-8.499792098999023
-9.092597961425781
-9.730094909667969
-9.925614356994629
-10.635367393493652
-9.569907188415527
-10.30069637298584
-10.448695182800293
-10.33320426940918
-11.320714950561523
-11.39939022064209
-11.486449241638184
-12.311479568481445
-11.20055866241455
-11.19614028930664
-11.038342475891113
-11.02160930633545
-11.460492134094238
-11.642979621887207
-11.95732307434082
-12.247204780578613
-13.346475601196289
-13.28593921661377
-13.082893371582031
-13.472341537475586
-13.915586471557617
-13.843908309936523
-13.457852363586426
-14.062886238098145
-14.354400634765625
-14.006563186645508
-15.057772636413574
-14.35534381866455
-15.080520629882812
-15.017784118652344
-15.449854850769043
-15.730493545532227
-15.627632141113281
-15.218737602233887
-16.14287757873535
-15.772211074829102
-15.549853324890137
-15.270196914672852
-16.221179962158203
-16.464481353759766
-15.976058959960938
-4.109961986541748
-4.486165523529053
0.006239783484488726
0.0060036806389689445
0.0067671663127839565
0.007184590213000774
0.007617314346134663
0.006663289852440357
0.006751266773790121
0.006583456881344318
0.006990276277065277
0.00678320461884141
0.006435812450945377
0.006646723952144384
0.006639303173869848
0.006306640803813934
0.006351651158183813
0.0065286727622151375
0.0062213498167693615
0.005962001625448465
0.00586961954832077
0.006298470310866833
0.005786150693893433
0.005748894531279802
0.005688764154911041
0.0054990737698972225
0.005653269588947296
0.0056983293034136295
0.005035776644945145
0.004951081238687038
0.0052576526068151
0.0052705733105540276
0.004820229951292276
0.004962867125868797
0.0043803127482533455
0.005131375510245562
0.004381678067147732
0.004286736715584993
0.004552102647721767
0.003942877519875765
0.0038145557045936584
0.004075613338500261
0.004254867788404226
0.00313766160979867
0.0035657857079058886
0.003783698659390211
0.0031341458670794964
0.002959557343274355
0.0036672360729426146
0.003535716561600566
0.002914954675361514
0.003095457097515464
0.002471780637279153
0.002303936518728733
0.0025973382871598005
0.002745488192886114
0.002142424462363124
0.0024772766046226025
0.001908529899083078
0.0022243151906877756
0.00186314492020756
0.0016912514111027122
0.002354391384869814
0.0013417589943856
0.001456465688534081
0.0022194974590092897
0.0013707524631172419
0.001806372427381575
0.0017447167774662375
0.0015234265010803938
0.0012975317658856511
0.0014563677832484245
0.000519612047355622
0.0014763043727725744
0.0008949415641836822
0.0013778537977486849
0.0005990889621898532
0.0006004792521707714
0.0019335070392116904
0.0009000595891848207
0.00039105414180085063
0.001351343235000968
0.0013365148333832622
0.0011339688207954168
-7.521896804973949e-06
0.0009962701005861163
0.001135622849687934
0.000992444111034274
0.0009634988382458687
0.001002633711323142
0.00039326277328655124
0.0008058728417381644
0.0018244145903736353
0.00047583520063199103
0.0008273533312603831
0.0007445791852660477
0.001330709783360362
0.0006845567259006202
-5.967188835144043
-19.125581741333008
-20.810043334960938
-11.922060012817383
-10.7022705078125
-10.290275573730469
-6.560464382171631
-7.435855865478516
-8.870466232299805
-4.104571342468262
-3.205854892730713
-2.7523539066314697
-2.3665435314178467
-3.4794743061065674
-2.993656873703003
-2.198060989379883
-2.354867458343506
-2.121223211288452
-3.6090798377990723
-2.9464237689971924
-3.119633913040161
-3.2976460456848145
-3.6667320728302
-3.53434681892395
-3.3669605255126953
-4.58038854598999
-4.195132255554199
-4.131219863891602
-5.304986953735352
-4.815576553344727
-4.704216480255127
-5.179111003875732
-5.432049751281738
-5.505908966064453
-5.8952765464782715
-6.780821323394775
-6.695990085601807
-6.318066596984863
-6.451169490814209
-6.165722846984863
-7.694937229156494
-7.898681640625
-8.938688278198242
-7.5305585861206055
-7.519991397857666
-8.24731159210205
-8.123844146728516
-7.283658504486084
-8.138473510742188
-7.677687168121338
-8.833829879760742
-8.413365364074707
-8.254118919372559
-9.100115776062012
-9.52577018737793
-10.519074440002441
-9.386754989624023
-10.300339698791504
-9.45266342163086
-9.683908462524414
-10.375134468078613
-10.998706817626953
-10.28506851196289
-9.99464225769043
-8.888227462768555
-10.23646354675293
-10.157428741455078
-10.492790222167969
-10.990371704101562
-10.282920837402344
-11.998122215270996
-12.201692581176758
-12.702349662780762
-12.457099914550781
-12.811235427856445
-13.03962516784668
-12.288589477539062
-11.419756889343262
-12.144831657409668
-13.467447280883789
-12.618772506713867
-13.055109024047852
-12.874910354614258
-13.083885192871094
-13.700488090515137
-12.909459114074707
-14.358850479125977
-14.748204231262207
-14.802289962768555
-14.558857917785645
-13.836694717407227
-14.210481643676758
-14.181098937988281
-14.887600898742676
-14.850320816040039
-15.182461738586426
-15.750265121459961
-14.728947639465332
-15.487737655639648
-15.288151741027832
-16.098438262939453
-15.803865432739258
-3.79630970954895
-4.297975540161133
0.005911288317292929
0.006185673177242279
0.006840911693871021
0.006878291256725788
0.0075804018415510654
0.006693377159535885
0.006609355099499226
0.007158917374908924
0.006535000167787075
0.006921497173607349
0.006704959087073803
0.006623285356909037
0.006558895111083984
0.006068772170692682
0.006769082508981228
0.0062451292760670185
0.006146540865302086
0.005582856945693493
0.00623751524835825
0.005844874773174524
0.006233827210962772
0.005732497666031122
0.005860927514731884
0.00579035235568881
0.005729290656745434
0.0053697251714766026
0.004863184876739979
0.005477960221469402
0.0057050371542572975
0.004603567533195019
0.004505957942456007
0.005082727875560522
0.004522243514657021
0.004408961161971092
0.004627309273928404
0.0037864181213080883
0.004317417740821838
0.003942360635846853
0.003785928012803197
0.0040855989791452885
0.004221179988235235
0.0036554294638335705
0.0028880503959953785
0.003520186524838209
0.0035822750069200993
0.0031615602783858776
0.003177980426698923
0.0032061419915407896
0.003101809648796916
0.0025754536036401987
0.0027604210190474987
0.002939571626484394
0.0021726563572883606
0.0028512568678706884
0.0018564093625172973
0.002363836392760277
0.0020857243798673153
0.002190049272030592
0.0020393889863044024
0.0022995215840637684
0.0015992071712389588
0.0020073074847459793
0.0013399686431512237
0.002046638634055853
0.0016787613276392221
0.0014016691129654646
0.0017562512075528502
0.00042434915667399764
0.00168821238912642
0.0012705614790320396
0.0013187967706471682
0.000903084990568459
0.0014015604974702
0.0011009337613359094
0.001416867133229971
0.0011818574275821447
0.0010654525831341743
0.0011200197041034698
0.0011611049994826317
0.0007942207157611847
0.0010448001557961106
0.000742778298445046
0.0012304267147555947
0.0009502936154603958
0.0012077835854142904
0.0005729455733671784
0.0010624773567542434
0.0010608015581965446
0.0008257919107563794
0.0005072485073469579
0.0009576361626386642
0.0010566965211182833
0.0007545632543042302
0.0009629706619307399
0.0011640909360721707
0.001146584516391158
-3.7703728675842285
-15.028345108032227
-18.739084243774414
-11.972389221191406
-13.945866584777832
-9.447028160095215
-5.863015174865723
-5.994815826416016
-5.863308429718018
-3.77400541305542
-3.2612342834472656
-2.933772325515747
-2.777836322784424
-2.987342357635498
-3.2975261211395264
-2.0906760692596436
-2.4571900367736816
-2.829549551010132
-2.3635897636413574
-3.419469118118286
-3.7022109031677246
-2.293285846710205
-4.014740467071533
-3.8525867462158203
-4.088244915008545
-4.180723190307617
-4.250180721282959
-5.269275665283203
-5.150669574737549
-5.575360298156738
-5.596951484680176
-4.686211109161377
-5.442465782165527
-6.645425319671631
-5.611861228942871
-5.248587608337402
-6.6319708824157715
-6.81442403793335
-6.684716701507568
-6.646927833557129
-7.357903480529785
-7.1955766677856445
-7.539251804351807
-7.117711544036865
-7.722750663757324
-7.105691432952881
-7.726812839508057
-8.188321113586426
-8.631668090820312
-8.601066589355469
-8.490659713745117
-8.887526512145996
-7.932567596435547
-7.938230991363525
-8.926237106323242
-9.094598770141602
-9.752540588378906
-8.982322692871094
-9.420772552490234
-10.192190170288086
-9.621439933776855
-9.860502243041992
-10.126214027404785
-9.851548194885254
-11.233705520629883
-10.48638916015625
-9.810848236083984
-10.994115829467773
-11.069228172302246
-11.77022647857666
-11.524740219116211
-12.093113899230957
-11.989776611328125
-11.465178489685059
-11.846725463867188
-12.48176097869873
-13.2213773727417
-12.589325904846191
-12.938848495483398
-13.23401165008545
-12.283705711364746
-12.626662254333496
-13.985010147094727
-12.902621269226074
-13.747831344604492
-13.778531074523926
-13.856834411621094
-14.460322380065918
-14.344464302062988
-14.177851676940918
-13.97791862487793
-15.382838249206543
-15.09514045715332
-15.011032104492188
-14.918617248535156
-15.318014144897461
-15.8009033203125
-16.338438034057617
-16.668102264404297
-17.74982452392578
-16.15888786315918
-15.844029426574707
-4.5954084396362305
-4.413712024688721
0.005933112930506468
0.0061657666228711605
0.006731964647769928
0.007300061173737049
0.0073434291407465935
0.006769182626157999
0.006590391043573618
0.00701273325830698
0.006456488277763128
0.0068105608224868774
0.006764167454093695
0.006205929443240166
0.006876296363770962
0.005997815169394016
0.006486871279776096
0.0064809867180883884
0.005907043814659119
0.005912711378186941
0.006251337938010693
0.005806818604469299
0.006026915740221739
0.005940399132668972
0.005336000584065914
0.006037634797394276
0.005444640759378672
0.005293401423841715
0.005062023643404245
0.005397167056798935
0.004987156949937344
0.004960885737091303
0.004991673864424229
0.004656096920371056
0.004737230017781258
0.004502356983721256
0.00465405872091651
0.0042156861163675785
0.004204376135021448
0.004002009518444538
0.00339064234867692
0.004242509137839079
0.0038598799146711826
0.003811254631727934
0.00392737565562129
0.003454748075455427
0.0031714700162410736
0.0033228707034140825
0.002956581534817815
0.0028131918516010046
0.0033544767647981644
0.002670092973858118
0.0028274497017264366
0.0027005888987332582
0.002370747970417142
0.002432740991935134
0.0023868477437645197
0.0025462680496275425
0.0021801732946187258
0.0018414107616990805
0.0020003870595246553
0.001819021301344037
0.0015861972933635116
0.0021305507980287075
0.0012421158608049154
0.0020947426091879606
0.0015961022581905127
0.0013437721645459533
0.001622052863240242
0.0012965082423761487
0.0010627934243530035
0.0014264659257605672
0.0012589690741151571
0.0014582948060706258
0.0014224774204194546
0.000763610762078315
0.0009547794470563531
0.0010496275499463081
0.0012861245777457952
0.0008200934389606118
0.0014339847257360816
0.0002148076455341652
0.0013328660279512405
0.0012556398287415504
0.00025712381466291845
0.001174941542558372
0.0003828480839729309
0.0017133529763668776
0.0010187600273638964
0.0004654783697333187
0.0006219617207534611
0.0016013949643820524
0.0007186651928350329
0.000589191447943449
0.0009774251375347376
0.0009972257539629936
0.0014449723530560732
2.523236980778165e-05
-6.080948829650879
-18.389301300048828
-18.278549194335938
-11.653776168823242
-8.377521514892578
-16.612979888916016
-4.664055347442627
-9.897518157958984
-6.531920433044434
-1.8496145009994507
-2.168867588043213
-1.7468268871307373
-2.746124505996704
-1.5201472043991089
-1.2191425561904907
-1.9575306177139282
-1.8593568801879883
-1.7073519229888916
-2.6236650943756104
-2.144416332244873
-3.454186201095581
-3.623744249343872
-2.3166468143463135
-3.172394275665283
-3.9807019233703613
-4.048083782196045
-4.04456090927124
-4.015362739562988
-4.646725177764893
-4.226630210876465
-5.632357597351074
-5.685072898864746
-5.86599063873291
-5.087284564971924
-6.473123073577881
-6.259150505065918
-6.429835319519043
-6.318896293640137
-7.138848781585693
-7.444750785827637
-7.044936180114746
-7.250674247741699
-7.986310005187988
-7.747718811035156
-7.48589563369751
-7.437777519226074
-7.553450107574463
-8.212121963500977
-7.7874956130981445
-8.428057670593262
-9.900237083435059
-8.038458824157715
-9.066622734069824
-8.668149948120117
-9.061834335327148
-9.79158878326416
-9.340264320373535
-9.267614364624023
-10.655303001403809
-10.167945861816406
-9.70947551727295
-9.550564765930176
-10.203125
-10.191256523132324
-10.462972640991211
-9.893339157104492
-9.420817375183105
-10.475839614868164
-10.834948539733887
-10.680227279663086
-11.060367584228516
-12.109206199645996
-12.31520938873291
-12.493453979492188
-12.657872200012207
-12.25715160369873
-12.553140640258789
-12.640509605407715
-13.031305313110352
-13.988067626953125
-13.209487915039062
-13.536256790161133
-13.673022270202637
-13.446078300476074
-14.230402946472168
-13.600975036621094
-14.521369934082031
-13.956158638000488
-13.913749694824219
-14.27233600616455
-14.636472702026367
-15.560409545898438
-14.796300888061523
-15.16346549987793
-14.216191291809082
-15.146652221679688
-14.576144218444824
-15.579658508300781
-16.338951110839844
-16.62186050415039
-16.27840805053711
-16.31606674194336
-4.05138635635376
-4.300178527832031
0.005877976305782795
0.006204345263540745
0.006762947887182236
0.007294012699276209
0.007090234197676182
0.007134317420423031
0.006655119359493256
0.007034343667328358
0.006454820279031992
0.0069900997914373875
0.00630931043997407
0.00676851999014616
0.006648660637438297
0.00587427755817771
0.0064387330785393715
0.006411389447748661
0.006087535060942173
0.006139241624623537
0.00604427233338356
0.005929226987063885
0.006166054401546717
0.005791675299406052
0.00564445648342371
0.005585446022450924
0.005722277797758579
0.005146570969372988
0.005668827332556248
0.005295397713780403
0.004949088208377361
0.005363681819289923
0.004723129794001579
0.0042605046182870865
0.0044975001364946365
0.004912716802209616
0.004626865033060312
0.004375425633043051
0.004222128540277481
0.004116562195122242
0.0037900730967521667
0.004383963067084551
0.0037391509395092726
0.003264073980972171
0.0037737886887043715
0.0035602629650384188
0.003283590544015169
0.00279475306160748
0.003316375194117427
0.002950666705146432
0.003074136096984148
0.002612683456391096
0.0026867003180086613
0.002823728136718273
0.0026913685724139214
0.0022937997709959745
0.002245460171252489
0.002042557578533888
0.0023963660933077335
0.0015818066895008087
0.0025465642102062702
0.0021528108045458794
0.0019064347725361586
0.0018300240626558661
0.0020890727173537016
0.001142017776146531
0.0011414403561502695
0.001899808063171804
0.0014003787655383348
0.0011722840135917068
0.0017684430349618196
0.001338538946583867
0.001506382366642356
0.001119194203056395
0.001479558413848281
0.0007327740313485265
0.0007261993596330285
0.001691059791482985
0.0012729472946375608
0.0004496824403759092
0.0010443241335451603
0.0006044409819878638
0.0011697314912453294
0.0011573920492082834
0.0008319175103679299
0.0014153957599774003
0.0005763492663390934
0.0017848049756139517
0.0007350603700615466
0.0009823173750191927
0.0008073454955592752
0.0006947028450667858
0.0010966197587549686
0.0007543402025476098
0.001534598064608872
0.0007955481996759772
0.000721586518920958
0.0009244643151760101
-6.378874778747559
