202.83987426757812
202.83987426757812
161.32424926757812
51.60478591918945
0.07973375171422958
-0.09846661984920502
-0.09834194928407669
-0.09790784865617752
-0.09669078141450882
-0.09719743579626083
-0.09793750196695328
-0.09807086735963821
-0.09732894599437714
-0.09777126461267471
-0.09755926579236984
-0.09747195988893509
-0.0978551059961319
-0.09621923416852951
-0.09810799360275269
-0.09748516976833344
-0.09670232236385345
-0.09847447276115417
-0.09730712324380875
-0.09821242094039917
-0.09766869246959686
-0.09735070914030075
-0.09820559620857239
-0.09918951243162155
-0.09640412777662277
-0.09870771318674088
-0.09801723062992096
-0.09741079062223434
-0.09823489189147949
-0.09769095480442047
-0.09757840633392334
-0.09774971753358841
-0.09716810286045074
-0.0976579487323761
-0.09780022501945496
-0.09743817150592804
-0.09771178662776947
-0.09783294051885605
-0.09780637919902802
-0.0982065498828888
-0.09764818102121353
-0.09731203317642212
-0.09834493696689606
-0.0975303202867508
-0.09838904440402985
-0.09786610305309296
-0.09731195122003555
-0.09749080240726471
-0.09734286367893219
-0.0972784012556076
-0.09728208184242249
-0.0966256633400917
-0.09808427840471268
-0.09764596074819565
-0.0980299636721611
-0.09804679453372955
-0.09741110354661942
-0.0968582034111023
-0.09813930094242096
-0.09761355072259903
-0.09749022871255875
-0.0971011146903038
-0.09712374210357666
-0.09814520180225372
-0.09675098955631256
-0.09854092448949814
-0.09697353839874268
-0.09778020530939102
-0.09760711342096329
-0.09716475009918213
-0.0973052829504013
-0.09833064675331116
-0.0968744084239006
-0.09747523069381714
-0.09771962463855743
-0.09782035648822784
-0.09742717444896698
-0.0975562334060669
-0.0980018824338913
-0.0972704365849495
-0.09794420003890991
-0.0969712883234024
-0.09791786223649979
-0.09753551334142685
-0.09773068130016327
-0.09801004827022552
-0.09839323163032532
-0.09804994612932205
-0.0983773022890091
-0.09827864170074463
-0.09692136943340302
-0.0987090989947319
-0.09670843929052353
-0.09755776822566986
-0.09858827292919159
29.35190200805664
139.7692413330078
193.70814514160156
149.91943359375
131.54818725585938
126.05326080322266
111.21148681640625
104.65213775634766
99.62193298339844
97.5533676147461
98.44178009033203
100.42576599121094
105.01240539550781
108.41322326660156
111.11934661865234
114.97920227050781
119.53515625
125.54972839355469
131.0161895751953
134.49734497070312
136.6353759765625
143.69918823242188
148.51016235351562
153.34449768066406
160.8114776611328
164.72415161132812
168.36495971679688
172.29689025878906
177.5180206298828
181.73533630371094
189.4109649658203
194.85787963867188
200.523193359375
206.18222045898438
208.50625610351562
212.89682006835938
218.273193359375
222.8842315673828
229.29623413085938
231.81277465820312
228.5052490234375
228.18704223632812
227.43222045898438
224.34341430664062
229.13082885742188
237.1587677001953
235.8307342529297
232.6864776611328
232.9224853515625
228.40036010742188
223.8771209716797
230.3743896484375
237.70529174804688
235.88571166992188
235.1765899658203
236.70382690429688
233.9835205078125
233.10488891601562
229.48733520507812
226.1919708251953
225.8848114013672
226.021728515625
228.1669921875
231.68911743164062
233.454345703125
234.3453826904297
235.1272430419922
234.64407348632812
233.99496459960938
231.25595092773438
229.2672119140625
227.9657440185547
226.3759002685547
225.8441162109375
226.5522003173828
225.78182983398438
227.55960083007812
229.2892303466797
230.3748016357422
232.36618041992188
233.46096801757812
234.4044952392578
235.92507934570312
236.50100708007812
236.898193359375
238.1121063232422
238.3675537109375
238.4051055908203
239.5775604248047
239.28829956054688
238.9825897216797
238.8726348876953
239.7403564453125
238.6557159423828
238.33529663085938
238.5811767578125
238.4371337890625
237.5858917236328
237.9287567138672
236.63253784179688
236.6966552734375
228.56625366210938
186.14463806152344
32.273719787597656
-0.09531723707914352
-0.0993732288479805
-0.09563447535037994
-0.09867919236421585
-0.09790291637182236
-0.09664072096347809
-0.09796881675720215
-0.09711571037769318
-0.09740251302719116
-0.09836359322071075
-0.09714154154062271
-0.09726499021053314
-0.09841315448284149
-0.09744741022586823
-0.09777387976646423
-0.09812024980783463
-0.09736187756061554
-0.09794911742210388
-0.09779815375804901
-0.09782879054546356
-0.09740613400936127
-0.0980842262506485
-0.09768374264240265
-0.09801354259252548
-0.09792180359363556
-0.09763471782207489
-0.09774366021156311
-0.09797962754964828
-0.09808436036109924
-0.09761899709701538
-0.0981600433588028
-0.097654327750206
-0.09782195091247559
-0.09764404594898224
-0.09761664271354675
-0.09808283299207687
-0.09778766334056854
-0.09739510715007782
-0.09816694259643555
-0.09763661026954651
-0.0973440557718277
-0.09805355966091156
-0.09787319600582123
-0.09725307673215866
-0.09778876602649689
-0.09763913601636887
-0.09758219122886658
-0.09746953845024109
-0.0975184291601181
-0.09817962348461151
-0.09768769890069962
-0.09731163829565048
-0.09785544127225876
-0.09753508865833282
-0.09738372266292572
-0.0974942296743393
-0.09733252972364426
-0.09775672107934952
-0.09724362194538116
-0.09705175459384918
-0.0982169359922409
-0.09736684709787369
-0.09715168178081512
-0.09747305512428284
-0.09780070930719376
-0.09737371653318405
-0.09764529764652252
-0.09737373143434525
-0.09729872643947601
-0.09797342866659164
-0.09714870899915695
-0.09736650437116623
-0.09771770238876343
-0.09797332435846329
-0.09724070131778717
-0.0975000411272049
-0.0977277010679245
-0.09746400266885757
-0.09776075184345245
-0.09742763638496399
-0.0976434126496315
-0.09771092236042023
-0.09766989946365356
-0.09774079918861389
-0.09732071310281754
-0.0982494205236435
-0.09795796126127243
-0.09777627140283585
-0.09774009883403778
-0.0972566232085228
-0.09855866432189941
-0.09800241142511368
-0.09802259504795074
-0.09733662754297256
-0.09826350212097168
-0.09777592867612839
31.347366333007812
146.96298217773438
206.55722045898438
136.01638793945312
89.99004364013672
140.75247192382812
140.48953247070312
119.96795654296875
127.30023193359375
130.53054809570312
125.251953125
128.95687866210938
132.3436737060547
132.79891967773438
138.70846557617188
140.774658203125
141.39511108398438
146.79481506347656
151.84072875976562
155.45108032226562
159.61947631835938
161.3039093017578
166.57540893554688
172.23426818847656
177.3028106689453
183.40243530273438
188.44984436035156
191.7682647705078
194.84042358398438
200.023193359375
205.9204559326172
212.1114959716797
217.9956817626953
222.2974395751953
227.25692749023438
226.0811004638672
223.72598266601562
222.5961151123047
221.09884643554688
221.9755401611328
226.33432006835938
228.8819580078125
228.8261260986328
227.53982543945312
224.5941619873047
223.1448974609375
222.21096801757812
224.61447143554688
225.4841766357422
230.9029083251953
237.0353240966797
233.56350708007812
227.38607788085938
227.0231170654297
225.3777313232422
224.25076293945312
228.0983428955078
230.3910369873047
232.1644744873047
233.17202758789062
232.9584197998047
230.13589477539062
229.00814819335938
226.15597534179688
224.19467163085938
225.6106414794922
225.57717895507812
228.3762969970703
231.2445526123047
232.2982940673828
234.1100311279297
235.95339965820312
237.12387084960938
238.1050567626953
237.30252075195312
237.45263671875
235.51870727539062
234.73422241210938
232.98007202148438
231.14956665039062
229.5128173828125
229.055419921875
227.1269073486328
227.4946746826172
227.379150390625
227.9682159423828
228.16732788085938
229.3639373779297
229.1022186279297
230.1376953125
230.02822875976562
230.0273895263672
230.2775421142578
230.8126220703125
230.35800170898438
230.97134399414062
231.7169647216797
231.40536499023438
232.3175048828125
232.4561004638672
230.9676055908203
224.3298797607422
181.0913848876953
29.185739517211914
-0.09509779512882233
-0.09948375076055527
-0.09557148814201355
-0.09899485856294632
-0.09776202589273453
-0.0966222807765007
-0.09764959663152695
-0.09785042703151703
-0.0968092828989029
-0.09798844158649445
-0.09765497595071793
-0.09738742560148239
-0.09787037968635559
-0.09789338707923889
-0.09779329597949982
-0.0976962000131607
-0.09761558473110199
-0.09747320413589478
-0.09796708822250366
-0.09810689091682434
-0.09761036932468414
-0.0979476124048233
-0.09789635241031647
-0.09779231995344162
-0.09786436706781387
-0.09752149879932404
-0.09781129658222198
-0.09807388484477997
-0.09821812808513641
-0.0980105921626091
-0.0975782722234726
-0.09814968705177307
-0.09761171042919159
-0.09804145246744156
-0.09764622896909714
-0.09788419306278229
-0.09808488935232162
-0.09705912321805954
-0.09790153801441193
-0.09823213517665863
-0.09754672646522522
-0.09771020710468292
-0.09812740236520767
-0.09749147295951843
-0.09777114540338516
-0.09757592529058456
-0.09760792553424835
-0.09783045947551727
-0.09782109409570694
-0.09745128452777863
-0.09738098084926605
-0.09761200100183487
-0.09777536243200302
-0.09743614494800568
-0.09767645597457886
-0.09709209203720093
-0.09722812473773956
-0.09804536402225494
-0.09722650051116943
-0.09746171534061432
-0.09761117398738861
-0.09724794328212738
-0.09787629544734955
-0.09734825044870377
-0.09742327779531479
-0.0976552665233612
-0.0977957621216774
-0.09718571603298187
-0.09748618304729462
-0.09782040864229202
-0.09711754322052002
-0.0974944680929184
-0.09746841341257095
-0.09779276698827744
-0.09744919836521149
-0.09741620719432831
-0.097835473716259
-0.09703584015369415
-0.09752936661243439
-0.09771758317947388
-0.09777696430683136
-0.09712262451648712
-0.09755195677280426
-0.09801335632801056
-0.09757828712463379
-0.09781400114297867
-0.09797082096338272
-0.0977744609117508
-0.09752334654331207
-0.09789552539587021
-0.0983595997095108
-0.09766614437103271
-0.09814967215061188
-0.09791015833616257
-0.09752564132213593
-0.09803382307291031
22.3483943939209
135.99273681640625
201.64996337890625
135.91537475585938
93.2831802368164
141.39501953125
143.78662109375
109.80941009521484
115.56561279296875
118.37847900390625
111.4210205078125
117.4427719116211
122.5114517211914
122.33729553222656
129.20321655273438
131.7832794189453
135.17977905273438
142.83074951171875
145.97048950195312
149.8994903564453
154.2588348388672
158.99789428710938
165.42446899414062
171.00997924804688
175.66294860839844
180.63705444335938
184.11529541015625
187.5525360107422
193.1657257080078
199.87918090820312
204.0921630859375
210.0265350341797
214.0560760498047
217.3494110107422
221.9366455078125
223.48135375976562
224.72702026367188
226.6755828857422
224.3917999267578
224.86087036132812
229.85714721679688
232.5467987060547
231.14404296875
229.4134979248047
229.82723999023438
229.0478057861328
227.5450897216797
224.7734375
222.3927001953125
226.0049591064453
233.7080078125
233.4860076904297
230.98861694335938
233.0811767578125
232.101806640625
230.4261932373047
227.63485717773438
224.2542724609375
223.666259765625
224.25732421875
226.0968017578125
230.649169921875
233.0690460205078
234.684814453125
235.3140411376953
233.8345184326172
232.5484619140625
229.5045623779297
226.4860076904297
225.4225616455078
224.5131378173828
223.40036010742188
224.99038696289062
225.6385040283203
227.89620971679688
229.93026733398438
231.66455078125
234.29483032226562
236.81893920898438
237.4339599609375
238.358642578125
238.7963104248047
239.3304901123047
240.30874633789062
240.77206420898438
241.2058563232422
241.05868530273438
242.0042724609375
242.0227508544922
242.0006103515625
242.5734405517578
241.5095672607422
241.6775665283203
241.54544067382812
242.5152587890625
241.3385009765625
240.75296020507812
241.18276977539062
241.0369110107422
240.85586547851562
239.7073516845703
230.72036743164062
189.35496520996094
37.835044860839844
-0.09527650475502014
-0.0994643121957779
-0.0960262343287468
-0.09851567447185516
-0.09788744151592255
-0.09669755399227142
-0.09782039374113083
-0.09754543006420135
-0.097124844789505
-0.09791447967290878
-0.09757324308156967
-0.09760206192731857
-0.09821585565805435
-0.09752220660448074
-0.09777785837650299
-0.09803912043571472
-0.09722644090652466
-0.0978160947561264
-0.09789799153804779
-0.0976330116391182
-0.09774544835090637
-0.09784767776727676
-0.09759343415498734
-0.09785999357700348
-0.09781552106142044
-0.09794951975345612
-0.09781656414270401
-0.09793917834758759
-0.09782958030700684
-0.09749491512775421
-0.09755591303110123
-0.09785677492618561
-0.09823033958673477
-0.09788566082715988
-0.09775619208812714
-0.09771192818880081
-0.09774221479892731
-0.09748862683773041
-0.09807826578617096
-0.09771031141281128
-0.09813891351222992
-0.09724545478820801
-0.09727003425359726
-0.09793463349342346
-0.09739552438259125
-0.09767073392868042
-0.0979561060667038
-0.09766249358654022
-0.09764216840267181
-0.09798599779605865
-0.09750999510288239
-0.0980449765920639
-0.09748715162277222
-0.09663820266723633
-0.09860090911388397
-0.09722774475812912
-0.09763834625482559
-0.0976511687040329
-0.0975210890173912
-0.0974566638469696
-0.09750489890575409
-0.09769071638584137
-0.0974157303571701
-0.09751136600971222
-0.09752503037452698
-0.09712794423103333
-0.0976814404129982
-0.09724851697683334
-0.09765942394733429
-0.09701919555664062
-0.09752611070871353
-0.09787018597126007
-0.09706692397594452
-0.09750109910964966
-0.0978974923491478
-0.09747516363859177
-0.09737800806760788
-0.09723688662052155
-0.09818562865257263
-0.09694980084896088
-0.09806618839502335
-0.09758341312408447
-0.09791088104248047
-0.09773825109004974
-0.09755801409482956
-0.09818623960018158
-0.09703527390956879
-0.09809965640306473
-0.0977616235613823
-0.09772926568984985
-0.09781216084957123
-0.0974850282073021
-0.09820660203695297
-0.09810002893209457
-0.09761042892932892
-0.09795970469713211
53.66740036010742
167.9434051513672
223.7552947998047
149.9677734375
95.30908203125
149.4365234375
151.0913543701172
120.19139099121094
121.21504974365234
122.51444244384766
114.52354431152344
116.37117767333984
120.89775085449219
119.65023040771484
126.2041015625
130.99046325683594
134.19671630859375
140.2047119140625
144.36102294921875
148.08419799804688
152.0698699951172
158.10250854492188
163.94993591308594
169.29531860351562
174.94900512695312
177.87449645996094
182.3598175048828
186.2485809326172
191.61746215820312
197.34739685058594
202.98204040527344
209.4340362548828
214.7591094970703
218.61245727539062
222.35745239257812
223.89328002929688
223.52200317382812
226.4759521484375
223.57608032226562
223.08663940429688
229.1974639892578
232.038818359375
231.1102752685547
228.3797607421875
227.46957397460938
226.6907196044922
225.31454467773438
225.54946899414062
225.79306030273438
225.14694213867188
227.49258422851562
228.4170684814453
226.51174926757812
226.99380493164062
226.686279296875
226.2603759765625
230.7569122314453
235.3392791748047
234.09921264648438
230.1584014892578
231.392578125
230.4860076904297
229.66787719726562
229.8885498046875
229.2153778076172
229.39956665039062
229.5724334716797
229.33749389648438
230.0350341796875
229.8863067626953
230.22683715820312
230.6923065185547
230.48239135742188
231.03073120117188
231.38790893554688
231.1619415283203
231.3712921142578
232.03713989257812
231.7766876220703
232.5395965576172
231.99453735351562
232.91134643554688
232.45675659179688
232.98263549804688
233.4725341796875
233.02584838867188
234.2191619873047
233.2508544921875
234.18185424804688
234.2149658203125
234.22494506835938
235.1114501953125
234.0860595703125
234.886474609375
235.13278198242188
235.27334594726562
236.1084747314453
235.6756134033203
235.5774383544922
235.88565063476562
236.55862426757812
228.90274047851562
185.9240264892578
31.787235260009766
-0.09531348943710327
-0.09921729564666748
-0.0953463762998581
-0.09891118109226227
-0.09780393540859222
-0.09650472551584244
-0.09783283621072769
-0.09762044996023178
-0.09692098200321198
-0.09772016853094101
-0.09753639996051788
-0.09762588888406754
-0.09826511144638062
-0.097408726811409
-0.09761382639408112
-0.09799564629793167
-0.09807109832763672
-0.09756068140268326
-0.09755464643239975
-0.09755311906337738
-0.09803725779056549
-0.09750904887914658
-0.09804020822048187
-0.09847936034202576
-0.09766532480716705
-0.09713688492774963
-0.0979173555970192
-0.09838984161615372
-0.09787145256996155
-0.09764517098665237
-0.09780484437942505
-0.09793052077293396
-0.09749610722064972
-0.09776085615158081
-0.09776581823825836
-0.09782271087169647
-0.09770862013101578
-0.09719070792198181
-0.09777437150478363
-0.09821228682994843
-0.09763070940971375
-0.09771762788295746
-0.09778112173080444
-0.0979589968919754
-0.09744403511285782
-0.09753183275461197
-0.09761153906583786
-0.09768805652856827
-0.09737856686115265
-0.09823807328939438
-0.09736140817403793
-0.09731938689947128
-0.0974263921380043
-0.09723973274230957
-0.09793079644441605
-0.0972968190908432
-0.09741868823766708
-0.09752057492733002
-0.09727016091346741
-0.09767172485589981
-0.09762148559093475
-0.09741241484880447
-0.0978301391005516
-0.09711135178804398
-0.09779973328113556
-0.09761329740285873
-0.09699949622154236
-0.09784094989299774
-0.0974864810705185
-0.09685207903385162
-0.09781438112258911
-0.09721053391695023
-0.09760887175798416
-0.09805600345134735
-0.09711530059576035
-0.09719496965408325
-0.09781204164028168
-0.09753023833036423
-0.09755480289459229
-0.09786802530288696
-0.09746359288692474
-0.09776844084262848
-0.09752017259597778
-0.09782043844461441
-0.09722207486629486
-0.09790049493312836
-0.09741600602865219
-0.09758114814758301
-0.09797719866037369
-0.0978754460811615
-0.09737028926610947
-0.09784261882305145
-0.09808852523565292
-0.09790752828121185
-0.09788940101861954
-0.09830030053853989
22.63096046447754
137.87332153320312
203.89515686035156
137.33505249023438
93.07551574707031
140.889404296875
143.62283325195312
109.81075286865234
115.0306625366211
118.1163101196289
110.82784271240234
116.5145492553711
122.2637939453125
120.4649658203125
128.7249298095703
130.80535888671875
133.931884765625
141.71112060546875
145.19393920898438
149.13198852539062
153.3423309326172
158.98463439941406
164.96157836914062
170.223388671875
175.71481323242188
179.00296020507812
183.45814514160156
186.92835998535156
191.776123046875
199.14739990234375
203.96080017089844
209.7364501953125
214.17318725585938
217.57815551757812
220.4591522216797
223.21279907226562
223.5093231201172
225.6469268798828
224.0264434814453
224.01211547851562
224.923828125
224.6162872314453
226.15634155273438
226.23233032226562
226.52877807617188
227.0913543701172
226.3332977294922
224.3888702392578
221.87881469726562
226.4105987548828
233.93527221679688
233.2525177001953
231.9156494140625
232.8076629638672
230.7715606689453
229.6428680419922
227.09268188476562
224.0752716064453
229.3287353515625
237.0191192626953
235.3892059326172
233.5719451904297
234.77957153320312
234.7676239013672
233.77743530273438
233.2966766357422
231.1222381591797
229.68515014648438
227.1976318359375
225.2010498046875
224.32315063476562
224.8248291015625
226.39501953125
228.467529296875
229.68765258789062
232.1826629638672
233.9883575439453
234.8218231201172
236.8003692626953
237.33224487304688
236.93661499023438
237.8069305419922
238.1495819091797
237.90957641601562
237.82711791992188
236.3734588623047
236.77279663085938
235.34878540039062
235.13504028320312
234.88845825195312
235.1217041015625
235.2133026123047
234.8184356689453
235.04605102539062
234.744140625
235.06298828125
235.81100463867188
235.7056884765625
236.1200714111328
236.99600219726562
238.0165252685547
232.12692260742188
189.82591247558594
34.91587448120117
-0.09551000595092773
-0.09940383583307266
-0.0954430028796196
-0.09887319058179855
-0.09773096442222595
-0.096809521317482
-0.09809143841266632
-0.09726587682962418
-0.09711243957281113
-0.09814123809337616
-0.09733463078737259
-0.09751162678003311
-0.09837868809700012
-0.0974762961268425
-0.09756313264369965
-0.09801572561264038
-0.09761446714401245
-0.09803058207035065
-0.09783448278903961
-0.09733568131923676
-0.09778694063425064
-0.09795032441616058
-0.09765800833702087
-0.09818911552429199
-0.09810473024845123
-0.0973515659570694
-0.09759743511676788
-0.09801949560642242
-0.09797775000333786
-0.09807984530925751
-0.09733282029628754
-0.09751526266336441
-0.09775358438491821
-0.0981324091553688
-0.09815768897533417
-0.09747815132141113
-0.09799964725971222
-0.09761904925107956
-0.0977131798863411
-0.09787844121456146
-0.09756460040807724
-0.09799952805042267
-0.09740713238716125
-0.09781097620725632
-0.0978599563241005
-0.09722784906625748
-0.0980975404381752
-0.09770344197750092
-0.09722520411014557
-0.09762237966060638
-0.09773482382297516
-0.09782219678163528
-0.09759078174829483
-0.09668280184268951
-0.09775657951831818
-0.09808031469583511
-0.09730739891529083
-0.0977088138461113
-0.09744787216186523
-0.09770872443914413
-0.0972796082496643
-0.09710919857025146
-0.09814584255218506
-0.09723241627216339
-0.09709403663873672
-0.09748304635286331
-0.0978570356965065
-0.09725813567638397
-0.09710360318422318
-0.09794460237026215
-0.09766703844070435
-0.09757108986377716
-0.09765774011611938
-0.09759784489870071
-0.09740959107875824
-0.09688524901866913
-0.09808477014303207
-0.09797538816928864
-0.09714573621749878
-0.09811894595623016
-0.09731900691986084
-0.09778110682964325
-0.09772127866744995
-0.09754593670368195
-0.09772119671106339
-0.09768372774124146
-0.09744139015674591
-0.09817509353160858
-0.09765926748514175
-0.09758474677801132
-0.0978839248418808
-0.09775249660015106
-0.09804230183362961
-0.09787944704294205
-0.09773006290197372
-0.0981098860502243
54.13666915893555
168.705810546875
225.67318725585938
150.68545532226562
94.82147216796875
141.06488037109375
146.9452667236328
109.6494369506836
112.27891540527344
115.92375183105469
108.02445983886719
111.52244567871094
116.44157409667969
114.66020202636719
120.60970306396484
127.43559265136719
130.4456329345703
134.89874267578125
137.9726104736328
142.8604278564453
149.17874145507812
154.55224609375
160.31884765625
165.73529052734375
169.45062255859375
172.008544921875
178.24728393554688
182.9717254638672
189.56478881835938
195.0883026123047
200.09432983398438
203.7709197998047
206.9239959716797
211.850341796875
216.7815399169922
220.7721405029297
223.326904296875
224.73928833007812
222.45394897460938
221.22244262695312
226.226806640625
230.64944458007812
231.13308715820312
228.64004516601562
227.60379028320312
226.7096405029297
224.49978637695312
229.0792999267578
234.2853546142578
231.86520385742188
230.52279663085938
232.2393035888672
230.39993286132812
230.0626220703125
227.3815460205078
224.23178100585938
226.18563842773438
228.376708984375
229.35836791992188
229.81015014648438
230.9612274169922
231.7745819091797
231.1092987060547
231.4351348876953
229.8636016845703
228.37112426757812
226.9862518310547
226.7854461669922
226.9972381591797
227.8983612060547
229.49697875976562
230.5170440673828
230.6953125
231.9179229736328
232.7312469482422
233.3441162109375
233.78762817382812
233.04452514648438
233.50137329101562
233.179443359375
233.4349365234375
233.5030517578125
232.0144500732422
231.544921875
231.09567260742188
229.9245147705078
229.7922821044922
229.7181854248047
229.32315063476562
230.091796875
230.21224975585938
230.78738403320312
230.3900146484375
231.1129150390625
230.8441162109375
231.1440887451172
230.8903350830078
232.0717010498047
232.32028198242188
233.2444305419922
234.09683227539062
227.624267578125
185.91104125976562
31.993249893188477
-0.09480562061071396
-0.09964506328105927
-0.0960371345281601
-0.09870176017284393
-0.09752187877893448
-0.09672512114048004
-0.09742401540279388
-0.09739755094051361
-0.09779269993305206
-0.09796185791492462
-0.09700106084346771
-0.0974549874663353
-0.09822581708431244
-0.09766864031553268
-0.09756729006767273
-0.09806177020072937
-0.09695713967084885
-0.097974993288517
-0.09770005941390991
-0.0979955643415451
-0.09780740737915039
-0.09802752733230591
-0.09760977327823639
-0.09834327548742294
-0.09824390709400177
-0.09710456430912018
-0.09774962067604065
-0.09825402498245239
-0.09811271727085114
-0.09761284291744232
-0.09740802645683289
-0.09777684509754181
-0.09820021688938141
-0.09762552380561829
-0.09792325645685196
-0.09813797473907471
-0.09799237549304962
-0.09733555465936661
-0.09770704805850983
-0.09762657433748245
-0.0977592021226883
-0.09780518710613251
-0.0977630615234375
-0.09802257269620895
-0.09724821150302887
-0.09777622669935226
-0.09823533892631531
-0.09725063294172287
-0.09732837975025177
-0.09802483767271042
-0.09731143712997437
-0.09776939451694489
-0.09795854240655899
-0.09679845720529556
-0.09745454043149948
-0.09775333106517792
-0.09732183068990707
-0.09777681529521942
-0.09698658436536789
-0.09792689979076385
-0.09728618711233139
-0.09706959128379822
-0.09790756553411484
-0.09730198979377747
-0.09742660820484161
-0.09708050638437271
-0.09780661761760712
-0.09702574461698532
-0.09735975414514542
-0.09769470989704132
-0.09763331711292267
-0.09673263132572174
-0.09763084352016449
-0.09775306284427643
-0.09716551005840302
-0.09751813113689423
-0.09758831560611725
-0.09748272597789764
-0.0977325364947319
-0.0973949134349823
-0.0975552573800087
-0.0978623777627945
-0.09710296988487244
-0.09808807075023651
-0.0975857675075531
-0.09771792590618134
-0.09749381244182587
-0.09746293723583221
-0.09816087782382965
-0.09753481298685074
-0.09791228920221329
-0.09769505262374878
-0.09840214252471924
-0.09810246527194977
-0.09758670628070831
-0.09837896376848221
30.915796279907227
146.23611450195312
208.2723846435547
136.68771362304688
87.95541381835938
140.3800506591797
140.78146362304688
118.66021728515625
126.4374008178711
129.95175170898438
124.2979736328125
128.7470245361328
131.82725524902344
131.97988891601562
138.28802490234375
139.42111206054688
141.06101989746094
145.9589080810547
150.79078674316406
154.65438842773438
158.69749450683594
160.57785034179688
165.61961364746094
171.44570922851562
176.3625946044922
182.14877319335938
187.53872680664062
190.93980407714844
193.81564331054688
199.56265258789062
204.68484497070312
211.3105010986328
217.6440887451172
221.6912841796875
226.0911102294922
225.56005859375
223.17459106445312
223.14468383789062
221.43661499023438
221.4525146484375
230.7760772705078
235.90475463867188
234.1749267578125
229.6407928466797
226.72897338867188
225.5548095703125
223.98654174804688
224.4478302001953
226.16134643554688
226.52566528320312
229.27987670898438
226.86447143554688
223.1887664794922
223.93710327148438
223.79257202148438
223.36441040039062
232.1338653564453
239.93832397460938
238.56494140625
235.7681884765625
236.9497528076172
233.59390258789062
230.25326538085938
228.76437377929688
226.48825073242188
227.1141815185547
227.45816040039062
229.9895782470703
232.3902130126953
234.4033966064453
235.32858276367188
236.14321899414062
237.53759765625
236.72494506835938
235.55154418945312
235.056884765625
233.27999877929688
232.34805297851562
230.19021606445312
229.5708465576172
227.95480346679688
227.81918334960938
227.84353637695312
227.2649688720703
227.07412719726562
226.95068359375
227.2781524658203
227.6586151123047
228.00234985351562
228.1492462158203
228.26174926757812
228.6839141845703
228.69284057617188
229.3329620361328
229.33450317382812
229.97903442382812
230.2336883544922
230.4183349609375
231.29171752929688
230.730712890625
230.27932739257812
222.57363891601562
190.44644165039062
39.62175369262695
-0.09299197047948837
-0.09937252849340439
-0.09679104387760162
-0.09844819456338882
-0.09722913801670074
-0.09680720418691635
-0.09739431738853455
-0.09752056747674942
-0.09749524295330048
-0.09771218150854111
-0.09759636968374252
-0.09714711457490921
-0.09812105447053909
-0.09766070544719696
-0.09752805531024933
-0.09824740886688232
-0.09748981148004532
-0.09757190197706223
-0.09777547419071198
-0.0976799800992012
-0.09755038470029831
-0.09804069995880127
-0.09813369810581207
-0.09741923958063126
-0.09795083105564117
-0.09797342121601105
-0.09799829125404358
-0.09786485880613327
-0.09730754047632217
-0.09805057942867279
-0.09791213274002075
-0.09771402180194855
-0.09764456748962402
-0.09807094186544418
-0.09766995161771774
-0.09708710759878159
-0.09768096357584
-0.09827612340450287
-0.09803672134876251
-0.09722834080457687
-0.0979587733745575
-0.0981958657503128
-0.09676839411258698
-0.09789026528596878
-0.09770338237285614
-0.09752371162176132
-0.09787668287754059
-0.09779120981693268
-0.09728173166513443
-0.09810898452997208
-0.0972989872097969
-0.0973484069108963
-0.09775745868682861
-0.09781729429960251
-0.09752746671438217
-0.09681425988674164
-0.09762389212846756
-0.09785941988229752
-0.09724575281143188
-0.09790811687707901
-0.09719584882259369
-0.0977180153131485
-0.09712819755077362
-0.09754996001720428
-0.09784064441919327
-0.09740463644266129
-0.09706728160381317
-0.09752719104290009
-0.09732188284397125
-0.09742757678031921
-0.09740586578845978
-0.09728164970874786
-0.09790536016225815
-0.09755803644657135
-0.09710805863142014
-0.09724445641040802
-0.09814118593931198
-0.09756264090538025
-0.0973452478647232
-0.09765452891588211
-0.0972418561577797
-0.09808114916086197
-0.09779832512140274
-0.09757564961910248
-0.09780904650688171
-0.09795961529016495
-0.09698115289211273
-0.0979166254401207
-0.09792428463697433
-0.09717489778995514
-0.09758459031581879
-0.0978110060095787
-0.09820753335952759
-0.09812096506357193
-0.09743402153253555
-0.09737876802682877
22.348995208740234
135.9754180908203
218.8996124267578
180.58554077148438
135.55584716796875
128.0499267578125
120.0928726196289
111.56446838378906
111.63077545166016
109.28729248046875
108.16471099853516
113.11832427978516
114.39190673828125
118.10649108886719
122.80671691894531
125.52254486083984
129.53524780273438
132.88893127441406
137.71157836914062
141.52410888671875
148.01925659179688
153.77053833007812
158.66830444335938
162.59945678710938
165.2646484375
170.44615173339844
175.93533325195312
180.90765380859375
188.07138061523438
193.43405151367188
197.343505859375
201.8050537109375
205.8892059326172
209.5910186767578
216.34683227539062
221.45333862304688
227.75753784179688
231.0304412841797
225.2779998779297
221.56246948242188
222.23867797851562
223.21658325195312
223.72286987304688
226.7331085205078
228.080078125
226.15420532226562
223.4839324951172
221.8463897705078
220.77011108398438
226.25894165039062
235.307861328125
234.6276092529297
231.8095703125
232.4961395263672
230.11758422851562
226.0747528076172
224.23953247070312
223.39010620117188
226.63174438476562
232.4943084716797
234.3478546142578
234.454833984375
235.34121704101562
234.749755859375
233.94442749023438
231.7824249267578
228.89004516601562
226.76638793945312
225.42221069335938
224.3564453125
224.33773803710938
226.55813598632812
228.93740844726562
230.5481719970703
232.1485137939453
234.8781280517578
236.7214813232422
237.52529907226562
237.9183349609375
239.062744140625
236.87521362304688
237.26138305664062
236.405029296875
235.12063598632812
235.257080078125
233.6359405517578
232.81661987304688
231.8141632080078
231.86038208007812
231.0967254638672
231.5663299560547
231.22201538085938
231.03268432617188
231.53555297851562
231.59371948242188
231.6321563720703
231.1979522705078
231.7694854736328
231.33010864257812
232.0382537841797
232.65689086914062
226.4728546142578
184.9095458984375
31.598224639892578
-0.09539228677749634
-0.09906535595655441
-0.0959005057811737
-0.09919513761997223
-0.09751512110233307
-0.0969436839222908
-0.0977313444018364
-0.09748470038175583
-0.09717365354299545
-0.09813004732131958
-0.09757179021835327
-0.09730655699968338
-0.09811565279960632
-0.09767601639032364
-0.09804266691207886
-0.0979662612080574
-0.09785518050193787
-0.09747446328401566
-0.09794121980667114
-0.09785841405391693
-0.0979657992720604
-0.09789105504751205
-0.09769554436206818
-0.0981011763215065
-0.09814772009849548
-0.09720171988010406
-0.09793457388877869
-0.09847786277532578
-0.09788703918457031
-0.09760086983442307
-0.09821214526891708
-0.0978805273771286
-0.09734397381544113
-0.09783405065536499
-0.09792540967464447
-0.09794145077466965
-0.09773708879947662
-0.09736387431621552
-0.09791183471679688
-0.09755416214466095
-0.09781341254711151
-0.0981910452246666
-0.09766145795583725
-0.09774543344974518
-0.09764008224010468
-0.0974433571100235
-0.0974964126944542
-0.09741489589214325
-0.09735039621591568
-0.09743661433458328
-0.09811421483755112
-0.09763617813587189
-0.09761624783277512
-0.09726893156766891
-0.09743423759937286
-0.09791217744350433
-0.09744475781917572
-0.09736796468496323
-0.09737340360879898
-0.09776102751493454
-0.0971347838640213
-0.09759755432605743
-0.0984475165605545
-0.09651202708482742
-0.09700659662485123
-0.09799451380968094
-0.09773895144462585
-0.09765656292438507
-0.09713666141033173
-0.09739606082439423
-0.0980120524764061
-0.09720849245786667
-0.09714803844690323
-0.0975089818239212
-0.09808030724525452
-0.09758640080690384
-0.09719640761613846
-0.09711097925901413
-0.0982060357928276
-0.09765060991048813
-0.09770596772432327
-0.09785862267017365
-0.09794820845127106
-0.09767080098390579
-0.09785786271095276
-0.09732894599437714
-0.09766276925802231
-0.0975029319524765
-0.0982743427157402
-0.0978955626487732
-0.09741001576185226
-0.09799040108919144
-0.09824211895465851
-0.0978231355547905
-0.09799398481845856
-0.09765815734863281
22.17022705078125
136.75950622558594
201.4508514404297
135.07315063476562
90.08103942871094
135.2579345703125
130.1203155517578
106.97591400146484
114.3315200805664
114.47599029541016
109.92155456542969
115.78999328613281
119.91630554199219
119.44795227050781
125.28593444824219
125.72514343261719
130.68844604492188
137.4696044921875
141.43191528320312
146.187744140625
150.50083923339844
154.78158569335938
160.2689208984375
165.23263549804688
171.90667724609375
176.57643127441406
180.43984985351562
183.3582763671875
189.16819763183594
193.35183715820312
198.95535278320312
206.39590454101562
211.20443725585938
216.065673828125
218.1027069091797
216.1531219482422
214.3877410888672
221.8168182373047
228.07260131835938
229.6193389892578
227.53564453125
227.0358428955078
225.8179168701172
223.4322967529297
227.50418090820312
235.76040649414062
235.5032196044922
232.3288116455078
233.3374786376953
228.1018829345703
224.14816284179688
230.72897338867188
237.6067657470703
235.40713500976562
234.49087524414062
235.9601593017578
233.8448486328125
231.9256591796875
229.053955078125
225.08340454101562
224.6454620361328
224.9860382080078
226.1385955810547
229.27587890625
231.1919708251953
232.7960662841797
234.0352325439453
234.2920379638672
234.3823699951172
234.19595336914062
232.8173065185547
230.2544708251953
229.1360626220703
226.81100463867188
225.9228973388672
226.471923828125
226.779052734375
227.88204956054688
229.5181121826172
231.7778778076172
231.55697631835938
234.13211059570312
234.77621459960938
234.347412109375
235.69924926757812
234.9042205810547
235.0854034423828
235.67440795898438
236.2306365966797
236.4405975341797
236.3771514892578
236.58193969726562
236.51394653320312
237.21932983398438
236.82131958007812
237.1820831298828
237.8156280517578
237.55075073242188
237.2720184326172
236.49545288085938
235.2693634033203
227.0695037841797
195.0240936279297
42.48912811279297
-0.0929633155465126
-0.09962618350982666
-0.09678568691015244
-0.09861278533935547
-0.09735742956399918
-0.09712447226047516
-0.09727472066879272
-0.09737107157707214
-0.09750322252511978
-0.09805195033550262
-0.09700782597064972
-0.0977102667093277
-0.09856314957141876
-0.0972740575671196
-0.0972195416688919
-0.09811900556087494
-0.09755956381559372
-0.09787389636039734
-0.09778891503810883
-0.09780620783567429
-0.09788370132446289
-0.0984099954366684
-0.09757237136363983
-0.0971817597746849
-0.09834138303995132
-0.09800455719232559
-0.09794626384973526
-0.09799987077713013
-0.0974152684211731
-0.097762830555439
-0.0982554703950882
-0.0973934456706047
-0.0975322276353836
-0.09804991632699966
-0.09822292625904083
-0.096853107213974
-0.09799203276634216
-0.09874366223812103
-0.09786035120487213
-0.09697038680315018
-0.0979747325181961
-0.09815973043441772
-0.09744390100240707
-0.09772732108831406
-0.09725366532802582
-0.09729468822479248
-0.09808988869190216
-0.097772516310215
-0.09735237061977386
-0.097770556807518
-0.09778156131505966
-0.09733431041240692
-0.09678302705287933
-0.09780126810073853
-0.09790008515119553
-0.09705118834972382
-0.09778553247451782
-0.09764398634433746
-0.09722057729959488
-0.09794840961694717
-0.09715621173381805
-0.0973782166838646
-0.09753795713186264
-0.09739460051059723
-0.09745609760284424
-0.09683533012866974
-0.09825929254293442
-0.09732051193714142
-0.0975397378206253
-0.09768073260784149
-0.09691942483186722
-0.0977773442864418
-0.09749053418636322
-0.09693776071071625
-0.09799415618181229
-0.09752437472343445
-0.0976814553141594
-0.09779022634029388
-0.09761343896389008
-0.09737427532672882
-0.09762026369571686
-0.09816776216030121
-0.0975339263677597
-0.09766442328691483
-0.09706446528434753
-0.09787871688604355
-0.0981425866484642
-0.09759237617254257
-0.09782332926988602
-0.09741932898759842
-0.09864003956317902
-0.0975366085767746
-0.09753091633319855
-0.0981767326593399
-0.09789872914552689
-0.09800507128238678
55.18427276611328
170.86868286132812
228.0489501953125
153.17063903808594
95.34520721435547
141.54379272460938
147.29559326171875
110.48081970214844
113.0368881225586
117.58293151855469
111.56742858886719
115.9365005493164
121.2677230834961
119.4303970336914
123.32292175292969
128.99261474609375
130.05616760253906
135.86099243164062
139.7542266845703
143.8599090576172
150.99630737304688
155.92599487304688
159.23109436035156
162.38845825195312
168.22373962402344
172.075439453125
178.4740447998047
184.87741088867188
189.83786010742188
194.5521697998047
197.3610076904297
202.4237518310547
206.1030731201172
211.6249542236328
217.6794891357422
221.6131591796875
224.2939453125
225.50643920898438
221.4830322265625
218.56802368164062
224.69564819335938
230.52963256835938
230.8249969482422
230.2040252685547
229.51278686523438
225.89059448242188
222.34854125976562
228.0717010498047
235.8560333251953
234.1429443359375
233.2322540283203
234.4502410888672
232.1967010498047
231.14620971679688
227.4529571533203
224.60702514648438
229.07589721679688
236.75601196289062
235.6946563720703
232.33609008789062
233.82809448242188
232.6671905517578
231.51016235351562
231.7325897216797
229.63925170898438
228.5363006591797
227.55960083007812
227.1973419189453
228.8304443359375
228.706787109375
229.7809600830078
230.6366729736328
231.35037231445312
232.48446655273438
232.1557159423828
233.5095977783203
233.76611328125
233.7877655029297
233.9788360595703
232.94198608398438
233.2537841796875
232.94656372070312
232.47079467773438
231.9346466064453
231.90316772460938
231.5358428955078
231.78036499023438
232.08291625976562
232.3728790283203
232.169189453125
232.7717742919922
232.62948608398438
232.64035034179688
233.547607421875
233.1541290283203
233.83889770507812
233.7488250732422
233.8842315673828
234.56594848632812
234.18917846679688
234.77828979492188
227.70077514648438
184.5519256591797
31.11759376525879
-0.09519615024328232
-0.09934735298156738
-0.09556466341018677
-0.09888871014118195
-0.097988560795784
-0.09661466628313065
-0.09757794439792633
-0.09746856987476349
-0.09759125858545303
-0.09806902706623077
-0.097279854118824
-0.09719046205282211
-0.09815044701099396
-0.09824410080909729
-0.09730185568332672
-0.09770221263170242
-0.09760180860757828
-0.09837000072002411
-0.0976090133190155
-0.09769128262996674
-0.09749682992696762
-0.0974658876657486
-0.09825589507818222
-0.09820333868265152
-0.09810561686754227
-0.09714414179325104
-0.09766243398189545
-0.09843006730079651
-0.09800995886325836
-0.09771426767110825
-0.0980740636587143
-0.09776603430509567
-0.09752370417118073
-0.09821708500385284
-0.09773094952106476
-0.0977804884314537
-0.0977579802274704
-0.09704656898975372
-0.0981244295835495
-0.09825848788022995
-0.09759849309921265
-0.09754029661417007
-0.09786555171012878
-0.09766332060098648
-0.0974956601858139
-0.09723381698131561
-0.09813354909420013
-0.09712271392345428
-0.09762845188379288
-0.0982627123594284
-0.09698561578989029
-0.09755129367113113
-0.09799100458621979
-0.09710805863142014
-0.09766476601362228
-0.09765845537185669
-0.0973021537065506
-0.09764036536216736
-0.09733915328979492
-0.09768275171518326
-0.09732580929994583
-0.09776231646537781
-0.09783126413822174
-0.09679336100816727
-0.0973866656422615
-0.09794390946626663
-0.09714347124099731
-0.09765244275331497
-0.09737648069858551
-0.09762029349803925
-0.09703130275011063
-0.09794766455888748
-0.09754710644483566
-0.0973067581653595
-0.09719311445951462
-0.09730923175811768
-0.0979786366224289
-0.0974317342042923
-0.09743557870388031
-0.09788288176059723
-0.09784624725580215
-0.09769153594970703
-0.09755437076091766
-0.09786896407604218
-0.09735627472400665
-0.09774038940668106
-0.0979289636015892
-0.09826304018497467
-0.09762059152126312
-0.09817911684513092
-0.09722016006708145
-0.0976446121931076
-0.09821207821369171
-0.09759140759706497
-0.09831598401069641
-0.09812600910663605
54.61149978637695
171.05712890625
226.58749389648438
152.75259399414062
96.30033874511719
148.36862182617188
158.6011962890625
120.1207275390625
120.5881576538086
127.34129333496094
119.674072265625
122.70162200927734
128.1467742919922
126.88607025146484
129.855224609375
132.7510528564453
132.6867218017578
137.37855529785156
143.29562377929688
147.1383819580078
152.01284790039062
154.73330688476562
159.50894165039062
164.3280487060547
170.01272583007812
176.05128479003906
181.59848022460938
184.69668579101562
188.071044921875
193.63589477539062
197.4575958251953
203.82553100585938
210.6188201904297
215.46737670898438
220.39450073242188
220.67868041992188
217.7722930908203
217.2668914794922
217.9250946044922
218.9156036376953
224.5437469482422
230.1308135986328
230.50875854492188
224.21725463867188
222.3419952392578
223.132568359375
221.92868041992188
229.86636352539062
237.9791259765625
234.8597412109375
230.97140502929688
231.0489959716797
226.2844696044922
223.7031707763672
225.0883026123047
226.97561645507812
228.6573486328125
232.7748260498047
233.0885009765625
230.94290161132812
230.3159942626953
227.23403930664062
225.8432159423828
225.74160766601562
225.3549346923828
228.99008178710938
233.50399780273438
234.7410888671875
236.1110382080078
236.0919647216797
235.08828735351562
233.45700073242188
233.0482177734375
231.0362091064453
229.24966430664062
228.85513305664062
226.7658233642578
226.4495086669922
226.5045166015625
227.31851196289062
227.91152954101562
228.65103149414062
230.43661499023438
232.2856903076172
233.5423583984375
233.52206420898438
235.4554443359375
235.0038604736328
235.41064453125
235.799072265625
235.77151489257812
236.63916015625
236.3328094482422
236.0337371826172
237.0322723388672
237.4846954345703
236.62655639648438
236.95724487304688
236.6144256591797
236.7730712890625
235.51858520507812
227.37753295898438
194.75491333007812
42.295230865478516
-0.09303854405879974
-0.10010435432195663
-0.0964956283569336
-0.09853304922580719
-0.09742216020822525
-0.09671185165643692
-0.09775380045175552
-0.09791557490825653
-0.09727700054645538
-0.09793183952569962
-0.09745801985263824
-0.09768930077552795
-0.09824574738740921
-0.09746445715427399
-0.09732716530561447
-0.09811986982822418
-0.09748010337352753
-0.09793733805418015
-0.09766653180122375
-0.0979439988732338
-0.09769988059997559
-0.09805957973003387
-0.09810902923345566
-0.0969475582242012
-0.09851019084453583
-0.0982111245393753
-0.09697886556386948
-0.09820757061243057
-0.09823070466518402
-0.09790760278701782
-0.09724868834018707
-0.09794044494628906
-0.09776250272989273
-0.09780516475439072
-0.0977790579199791
-0.0978410392999649
-0.09802377223968506
-0.0973043292760849
-0.09798908978700638
-0.09752478450536728
-0.09779106080532074
-0.09776919335126877
-0.09756755828857422
-0.09795639663934708
-0.09711842238903046
-0.09766469150781631
-0.097950778901577
-0.09768599271774292
-0.09777624905109406
-0.09767455607652664
-0.09732111543416977
-0.09735963493585587
-0.09781855344772339
-0.0976182073354721
-0.09722797572612762
-0.0971803367137909
-0.09774903953075409
-0.09737379103899002
-0.0978190153837204
-0.09756649285554886
-0.09742370992898941
-0.0979347974061966
-0.09713851660490036
-0.09735415875911713
-0.0977555364370346
-0.09715825319290161
-0.09737731516361237
-0.09737248718738556
-0.09785722941160202
-0.09729848057031631
-0.09738128632307053
-0.0977075845003128
-0.09746517986059189
-0.09726981073617935
-0.09801121056079865
-0.0974811241030693
-0.09728924930095673
-0.09767230600118637
-0.09778164327144623
-0.09707127511501312
-0.09783787280321121
-0.09761574119329453
-0.0979933962225914
-0.09774987399578094
-0.09731225669384003
-0.09773509204387665
-0.09828334301710129
-0.09735725820064545
-0.09769998490810394
-0.09798143804073334
-0.09817337244749069
-0.09759540855884552
-0.09766733646392822
-0.09802958369255066
-0.09775586426258087
-0.09788095206022263
54.125022888183594
170.76119995117188
227.7335205078125
151.76429748535156
94.33004760742188
142.86483764648438
148.576904296875
110.68399810791016
113.0419921875
115.91888427734375
107.92803955078125
110.73636627197266
115.9113540649414
113.73945617675781
121.3051528930664
127.3051528930664
130.69554138183594
135.6602020263672
138.740966796875
143.59140014648438
149.00576782226562
154.68856811523438
160.85763549804688
166.646240234375
171.40277099609375
172.4395751953125
178.61734008789062
183.5942840576172
188.0248260498047
196.09902954101562
200.1815948486328
204.73983764648438
209.24014282226562
212.92129516601562
217.3527374267578
223.49600219726562
229.1725311279297
231.0878143310547
228.13864135742188
227.91064453125
226.5052947998047
223.1511993408203
224.12319946289062
226.02847290039062
226.39004516601562
225.4405059814453
224.6731414794922
228.6444549560547
232.66748046875
230.6166229248047
228.5196533203125
229.58993530273438
227.96401977539062
227.264892578125
227.333251953125
227.13217163085938
227.30615234375
228.7957763671875
229.3419189453125
228.1048126220703
229.04495239257812
228.7574462890625
227.81063842773438
229.3962860107422
228.28396606445312
228.91281127929688
229.5782470703125
229.2064208984375
229.99185180664062
229.4456024169922
230.46963500976562
230.14938354492188
230.5111541748047
231.6536407470703
230.51339721679688
231.4785614013672
231.6487579345703
231.4569549560547
232.1813507080078
231.76870727539062
232.74942016601562
232.6475067138672
232.8220672607422
233.02200317382812
232.9545135498047
233.3245086669922
233.3529510498047
233.52798461914062
233.8668975830078
234.66452026367188
234.24453735351562
234.70559692382812
234.96853637695312
234.8717041015625
235.13235473632812
235.11074829101562
235.35958862304688
236.05484008789062
235.47622680664062
236.0757293701172
236.0124969482422
228.55996704101562
187.46493530273438
33.11695861816406
-0.09527795761823654
-0.09924811124801636
-0.09584197402000427
-0.09897495806217194
-0.09767739474773407
-0.09673731029033661
-0.0980311781167984
-0.09727679938077927
-0.09707999229431152
-0.09814101457595825
-0.09762760251760483
-0.09735390543937683
-0.09785997122526169
-0.09771223366260529
-0.09762795269489288
-0.09783913940191269
-0.09753428399562836
-0.09786604344844818
-0.09800933301448822
-0.09765366464853287
-0.09777572005987167
-0.09783068299293518
-0.09802907705307007
-0.09804267436265945
-0.09751053154468536
-0.09737441688776016
-0.09798480570316315
-0.09800739586353302
-0.09761165082454681
-0.09793858975172043
-0.0973297581076622
-0.09750895947217941
-0.09841187298297882
-0.09783808887004852
-0.09760065376758575
-0.09779167175292969
-0.09750492870807648
-0.09764468669891357
-0.09831999242305756
-0.09738121926784515
-0.09765130281448364
-0.0975436419248581
-0.09768374264240265
-0.09791720658540726
-0.09723283350467682
-0.09763158857822418
-0.09815557301044464
-0.09751883149147034
-0.09725125879049301
-0.09820040315389633
-0.09744386374950409
-0.09741563349962234
-0.09774541109800339
-0.09740453213453293
-0.0977001041173935
-0.09676849842071533
-0.09791181981563568
-0.09738744795322418
-0.09780802577733994
-0.09808951616287231
-0.09719055891036987
-0.09741942584514618
-0.09791936725378036
-0.09710618108510971
-0.09738626331090927
-0.09724287688732147
-0.09762309491634369
-0.09775547683238983
-0.09715469181537628
-0.09738077223300934
-0.09702038764953613
-0.09769265353679657
-0.09786921739578247
-0.09736032783985138
-0.09692855924367905
-0.09750907868146896
-0.09781204164028168
-0.09752367436885834
-0.09752106666564941
-0.09763052314519882
-0.09726791083812714
-0.09824608266353607
-0.09771943092346191
-0.09764976799488068
-0.09692216664552689
-0.09797944128513336
-0.09803686290979385
-0.09739569574594498
-0.09777561575174332
-0.09804989397525787
-0.09790627658367157
-0.09778766334056854
-0.09791930764913559
-0.09815998375415802
-0.0980745404958725
-0.0975179672241211
41.899051666259766
157.9132537841797
217.15087890625
147.09605407714844
95.44569396972656
142.3925018310547
144.67543029785156
111.90589904785156
118.09017181396484
120.96817779541016
116.03076171875
120.35762023925781
125.03996276855469
124.87266540527344
128.35400390625
131.17050170898438
130.73562622070312
135.89598083496094
141.37417602539062
145.04818725585938
149.84121704101562
153.54360961914062
157.43618774414062
163.0603485107422
168.38839721679688
174.6483154296875
180.1348876953125
183.77188110351562
186.60116577148438
191.85877990722656
196.64419555664062
202.4350128173828
208.919189453125
214.5054931640625
220.5646209716797
226.08920288085938
228.8002471923828
227.8624725341797
223.5430145263672
222.25350952148438
223.9442901611328
224.3759307861328
229.61410522460938
235.1015625
231.80032348632812
225.45962524414062
223.089599609375
224.04824829101562
223.70217895507812
229.3602294921875
237.77774047851562
235.5555877685547
229.8604278564453
230.519287109375
227.4022979736328
225.98678588867188
227.46359252929688
229.0829620361328
230.1616668701172
232.11447143554688
233.1343231201172
230.9274444580078
230.06320190429688
228.26443481445312
225.7090606689453
225.6627197265625
226.12423706054688
225.95590209960938
228.0656280517578
229.2362518310547
232.39208984375
232.535888671875
234.8677520751953
234.67709350585938
233.539794921875
233.9793701171875
232.9463653564453
231.8962860107422
230.44552612304688
229.15811157226562
228.47702026367188
227.43423461914062
227.3705596923828
227.4882049560547
228.5626678466797
229.1508331298828
230.27505493164062
230.6267852783203
231.18124389648438
232.38754272460938
231.4268798828125
232.7804718017578
232.9092559814453
232.73605346679688
233.6863250732422
234.2050323486328
233.3487091064453
233.3317108154297
232.5453643798828
231.85000610351562
232.1529083251953
224.8242645263672
182.352783203125
29.68701171875
-0.09538403898477554
-0.0992952436208725
-0.09571461379528046
-0.0992666482925415
-0.09774135053157806
-0.09636520594358444
-0.09828491508960724
-0.09737293422222137
-0.09728188812732697
-0.09814311563968658
-0.09721000492572784
-0.09760670363903046
-0.0985269844532013
-0.09762968122959137
-0.09753832221031189
-0.09757328778505325
-0.09778033941984177
-0.09764306992292404
-0.09763703495264053
-0.09815545380115509
-0.0977342501282692
-0.09770236909389496
-0.09782246500253677
-0.09843135625123978
-0.09756670147180557
-0.09728402644395828
-0.09779684245586395
-0.09866435825824738
-0.0980876237154007
-0.09748638421297073
-0.09804917871952057
-0.0980837494134903
-0.09704636037349701
-0.09843142330646515
-0.09765120595693588
-0.09755884110927582
-0.09836803376674652
-0.09746690839529037
-0.09768112003803253
-0.09752162545919418
-0.09765712171792984
-0.09783225506544113
-0.09770569950342178
-0.09766633063554764
-0.09788411855697632
-0.09770960360765457
-0.09680603444576263
-0.09772597998380661
-0.09787407517433167
-0.09785349667072296
-0.09753688424825668
-0.09748359769582748
-0.09782317280769348
-0.09711591899394989
-0.09784948825836182
-0.0969376415014267
-0.09802870452404022
-0.09783019125461578
-0.09742281585931778
-0.09782008826732635
-0.09684769809246063
-0.09754231572151184
-0.0979200080037117
-0.09726078808307648
-0.09782636910676956
-0.09803231060504913
-0.09718933701515198
-0.09755687415599823
-0.09736139327287674
-0.09726564586162567
-0.09775908291339874
-0.09741435945034027
-0.09716515243053436
-0.09769086539745331
-0.09769472479820251
-0.096859410405159
-0.09796486794948578
-0.09724429249763489
-0.09782805293798447
-0.09812619537115097
-0.0971832349896431
-0.09753178805112839
-0.09752286970615387
-0.09791034460067749
-0.09764210134744644
-0.09788999706506729
-0.09739591926336288
-0.09790535271167755
-0.09821377694606781
-0.09749451279640198
-0.09773263335227966
-0.09794924408197403
-0.0980333611369133
-0.09774225205183029
-0.09800009429454803
-0.09811941534280777
32.14738845825195
149.6463623046875
208.8592529296875
137.4664764404297
92.66246032714844
139.3846893310547
140.74539184570312
105.55548095703125
112.18953704833984
115.96983337402344
109.0389175415039
116.89847564697266
121.03401947021484
121.06182861328125
127.61970520019531
128.3075408935547
133.4448699951172
140.85653686523438
144.61387634277344
149.65281677246094
153.40435791015625
157.94729614257812
163.06063842773438
168.7842254638672
175.41665649414062
180.1072235107422
183.48878479003906
186.66046142578125
192.13613891601562
196.55667114257812
202.10887145996094
209.3421173095703
214.439697265625
218.71450805664062
222.23605346679688
223.8966522216797
223.2279815673828
224.5490264892578
223.1311798095703
222.5277862548828
228.37393188476562
232.3643798828125
230.6844940185547
227.87600708007812
227.7946319580078
226.2177734375
225.27450561523438
225.8382568359375
225.6905517578125
224.909423828125
227.4423065185547
227.9958038330078
226.3253936767578
227.3585968017578
226.07742309570312
226.7840576171875
227.35592651367188
226.6271514892578
231.3160400390625
236.81649780273438
234.35757446289062
230.7357177734375
232.0364227294922
230.7535858154297
230.02157592773438
230.229248046875
230.19491577148438
230.05557250976562
230.1475372314453
229.7646484375
230.05886840820312
230.74948120117188
230.346923828125
231.1091766357422
231.10501098632812
231.0138702392578
231.8206024169922
231.9633026123047
231.76565551757812
232.2260284423828
232.61251831054688
232.52078247070312
232.73587036132812
233.122314453125
233.6488800048828
233.070068359375
233.60665893554688
233.68399047851562
234.2982940673828
233.86532592773438
234.29153442382812
234.69888305664062
234.60397338867188
234.90805053710938
235.37588500976562
235.596923828125
235.40771484375
235.88497924804688
235.7219696044922
235.74951171875
236.11572265625
228.968017578125
176.35781860351562
23.00133514404297
-0.09663815796375275
-0.09868688136339188
-0.09476550668478012
-0.09915918111801147
-0.09793649613857269
-0.09606797248125076
-0.0985487699508667
-0.09708346426486969
-0.09693991392850876
-0.09801018238067627
-0.09747596830129623
-0.09773705154657364
-0.09816253930330276
-0.09786303341388702
-0.0968737080693245
-0.098251573741436
-0.09793997555971146
-0.09724584966897964
-0.0977633148431778
-0.0974210649728775
-0.09740180522203445
-0.09851567447185516
-0.09757556766271591
-0.09766830503940582
-0.09801705181598663
-0.09750672429800034
-0.09744028747081757
-0.09854566305875778
-0.09795575588941574
-0.09760187566280365
-0.09808860719203949
-0.09771159291267395
-0.0972030833363533
-0.09816247969865799
-0.0978889912366867
-0.09739252924919128
-0.09804342687129974
-0.09805145114660263
-0.09771549701690674
-0.09731478244066238
-0.09796342253684998
-0.09817202389240265
-0.09768478572368622
-0.09755568951368332
-0.09751828759908676
-0.09778188169002533
-0.09764204919338226
-0.09774142503738403
-0.09786318242549896
-0.0976371020078659
-0.09747762978076935
-0.0976836234331131
-0.09782904386520386
-0.09725518524646759
-0.09748701006174088
-0.09774667024612427
-0.09768020361661911
-0.09778854250907898
-0.09724284708499908
-0.09795884042978287
-0.09735765308141708
-0.09693528711795807
-0.0983569398522377
-0.09684520214796066
-0.0975383073091507
-0.09806135296821594
-0.09694954007863998
-0.0977405458688736
-0.09749318659305573
-0.09715105593204498
-0.09770798683166504
-0.09802265465259552
-0.09716634452342987
-0.09765022248029709
-0.09764789044857025
-0.09687352180480957
-0.09816105663776398
-0.0978226438164711
-0.0972450003027916
-0.09721004962921143
-0.09804768115282059
-0.09760306775569916
-0.09760232269763947
-0.09757880121469498
-0.09754762798547745
-0.09786228835582733
-0.09809327870607376
-0.09745727479457855
-0.09816709905862808
-0.09683382511138916
-0.09830932319164276
-0.09821529686450958
-0.09750156849622726
-0.09799009561538696
-0.09836463630199432
-0.09788890182971954
42.23389434814453
158.89315795898438
219.0128631591797
147.33572387695312
87.9979019165039
132.19451904296875
136.83590698242188
107.94367980957031
116.37297058105469
120.512451171875
111.72126770019531
115.69841003417969
117.91130065917969
118.5998764038086
125.80564880371094
127.08872985839844
128.75440979003906
134.99514770507812
139.04603576660156
143.71304321289062
147.44906616210938
149.56521606445312
155.18191528320312
160.6555938720703
165.66969299316406
171.93203735351562
176.9242706298828
179.6229705810547
184.06161499023438
189.21084594726562
192.97872924804688
200.0568389892578
206.9272003173828
211.72879028320312
217.0495147705078
219.8934783935547
224.33200073242188
225.06619262695312
220.62484741210938
221.8597869873047
223.6117401123047
223.4698944091797
229.3216552734375
234.21804809570312
231.3468017578125
226.7259979248047
226.040771484375
225.2124786376953
224.9278564453125
231.8856201171875
238.587158203125
234.02511596679688
229.38916015625
229.823486328125
227.1712188720703
225.54177856445312
226.70947265625
225.0893096923828
228.4235382080078
230.79904174804688
231.71469116210938
232.88626098632812
231.5083465576172
230.81210327148438
229.47335815429688
228.30612182617188
227.822509765625
227.42465209960938
227.94528198242188
228.2581024169922
228.22482299804688
230.0220184326172
230.35989379882812
231.6538848876953
232.532958984375
232.94613647460938
234.12802124023438
234.5784149169922
235.84817504882812
236.6707763671875
236.7720947265625
237.161376953125
237.0868377685547
237.2092742919922
236.4912109375
237.28463745117188
237.35067749023438
237.3740997314453
237.4726104736328
237.3490447998047
237.384521484375
237.5918426513672
237.70303344726562
238.1224365234375
237.84213256835938
238.8544158935547
238.8046112060547
239.0277862548828
239.44992065429688
238.86752319335938
237.9547119140625
229.1392059326172
176.6053466796875
23.252355575561523
-0.09657327085733414
-0.09816624224185944
-0.09506631642580032
-0.09906993806362152
-0.09779317677021027
-0.09667220711708069
-0.09784406423568726
-0.09728771448135376
-0.09713675081729889
-0.09752713143825531
-0.09740407764911652
-0.09764868021011353
-0.09814497083425522
-0.09736645221710205
-0.09728498011827469
-0.09769868850708008
-0.09767362475395203
-0.09759537875652313
-0.09792865812778473
-0.09781104326248169
-0.09711624681949615
-0.09802994877099991
-0.09790734946727753
-0.09775245189666748
-0.09776178002357483
-0.0977819561958313
-0.09749962389469147
-0.09852917492389679
-0.09809838980436325
-0.09788808971643448
-0.09789323806762695
-0.09742696583271027
-0.09772448241710663
-0.09802231937646866
-0.09766503423452377
-0.097751684486866
-0.09821470826864243
-0.09733893722295761
-0.09778598695993423
-0.09809845685958862
-0.09714467823505402
-0.09793010354042053
-0.09771382063627243
-0.09766541421413422
-0.09794570505619049
-0.09794425964355469
-0.09727697819471359
-0.09806758165359497
-0.09731786698102951
-0.09773874282836914
-0.09764671325683594
-0.0976303368806839
-0.09748616814613342
-0.09696739166975021
-0.09800822287797928
-0.09749677032232285
-0.09688901901245117
-0.09772956371307373
-0.09714045375585556
-0.0978192538022995
-0.09753559529781342
-0.09748107194900513
-0.09726174920797348
-0.09761068224906921
-0.0979391485452652
-0.09715501964092255
-0.09731161594390869
-0.09786955267190933
-0.0966896191239357
-0.09794200956821442
-0.09760139137506485
-0.09657446295022964
-0.09795084595680237
-0.09766975790262222
-0.09760461002588272
-0.09747332334518433
-0.09706438332796097
-0.09793303161859512
-0.09729035943746567
-0.09767745435237885
-0.09768316894769669
-0.09752324223518372
-0.09756787866353989
-0.09762590378522873
-0.09773971140384674
-0.09811051189899445
-0.09761147201061249
-0.09711138904094696
-0.09795384854078293
-0.0982782244682312
-0.09792238473892212
-0.09777034819126129
-0.09756361693143845
-0.09793280810117722
-0.09795431047677994
-0.0975223183631897
22.373493194580078
137.27194213867188
201.6759490966797
135.89935302734375
92.44318389892578
144.5315704345703
141.7345428466797
112.63643646240234
118.38926696777344
121.59623718261719
115.46451568603516
123.04301452636719
126.8556137084961
127.16378021240234
133.15496826171875
134.04006958007812
138.7239990234375
145.98855590820312
149.7577362060547
154.2517547607422
157.72525024414062
163.20632934570312
166.9319305419922
173.29348754882812
179.99085998535156
184.4365692138672
188.76275634765625
191.10484313964844
196.30734252929688
200.9763946533203
206.6851806640625
213.47909545898438
219.2003173828125
222.8643341064453
227.2578582763672
227.2278289794922
223.0294952392578
225.2605438232422
223.7753448486328
222.6166534423828
228.41983032226562
232.54946899414062
230.86911010742188
228.2959442138672
227.3635711669922
226.8004150390625
225.37301635742188
225.3518524169922
225.83297729492188
225.3291473388672
228.0758514404297
228.3292694091797
225.86843872070312
227.4482421875
227.353759765625
225.92391967773438
230.52490234375
235.5196075439453
233.3182373046875
230.53665161132812
231.6442413330078
230.0409393310547
229.5220184326172
229.7841033935547
229.1400604248047
229.5878448486328
229.309814453125
229.13882446289062
229.9691619873047
230.2606964111328
230.3714141845703
230.14016723632812
230.83560180664062
231.24325561523438
230.7439422607422
231.7967987060547
231.53573608398438
231.4415740966797
231.8648223876953
232.47683715820312
232.0154571533203
233.06405639648438
232.4654998779297
233.10049438476562
233.00271606445312
233.27035522460938
233.8736114501953
233.7080535888672
234.1654815673828
234.270263671875
234.18283081054688
234.23721313476562
235.04837036132812
234.84164428710938
235.06405639648438
235.537109375
235.59280395507812
235.9835968017578
235.35824584960938
236.1362762451172
235.95932006835938
228.9945831298828
192.82508850097656
40.680580139160156
-0.0940159410238266
-0.09977034479379654
-0.09595175832509995
-0.09838119149208069
-0.09803520888090134
-0.0966581329703331
-0.09758991748094559
-0.09757308661937714
-0.09734942018985748
-0.097985178232193
-0.09748487174510956
-0.097684845328331
-0.0981655865907669
-0.0973362997174263
-0.09766753017902374
-0.09799943119287491
-0.09731213748455048
-0.09798478335142136
-0.09755054116249084
-0.09785588085651398
-0.09761457145214081
-0.09784094989299774
-0.09759528189897537
-0.09809425473213196
-0.09787321835756302
-0.097621850669384
-0.09725440293550491
-0.09805360436439514
-0.09810731559991837
-0.0976390540599823
-0.09801091998815536
-0.09789298474788666
-0.09747196733951569
-0.09826748818159103
-0.09743749350309372
-0.09831561893224716
-0.09736046195030212
-0.09718378633260727
-0.0982125848531723
-0.09866239875555038
-0.09677673876285553
-0.09776578843593597
-0.09804421663284302
-0.09755831211805344
-0.09783019125461578
-0.09770675748586655
-0.09763728082180023
-0.09761568158864975
-0.0973672941327095
-0.09809516370296478
-0.09739352762699127
-0.09721449762582779
-0.09806353598833084
-0.09740598499774933
-0.09767913818359375
-0.09716835618019104
-0.09795395284891129
-0.09727363288402557
-0.09784742444753647
-0.0976584255695343
-0.09755931794643402
-0.09745195508003235
-0.09765705466270447
-0.0974440947175026
-0.09765481948852539
-0.09752140939235687
-0.09724708646535873
-0.09791629761457443
-0.09758950769901276
-0.09713466465473175
-0.09721007943153381
-0.09776681661605835
-0.09758586436510086
-0.09740094095468521
-0.0973273366689682
-0.09724388271570206
-0.09807666391134262
-0.09738216549158096
-0.09757445007562637
-0.0974988043308258
-0.0968325287103653
-0.09800153225660324
-0.09795822203159332
-0.09744958579540253
-0.09746323525905609
-0.09760574996471405
-0.09766505658626556
-0.09815105050802231
-0.09792952984571457
-0.09747621417045593
-0.09737151861190796
-0.09843240678310394
-0.09808581322431564
-0.09756378084421158
-0.09767843037843704
-0.09793786704540253
22.51607322692871
136.70127868652344
202.3640594482422
138.89230346679688
95.6738510131836
148.41259765625
145.47024536132812
117.4515380859375
122.61846923828125
125.84547424316406
120.18064880371094
127.34361267089844
131.08358764648438
131.4404754638672
137.64163208007812
139.38015747070312
143.44285583496094
150.5888214111328
154.40057373046875
157.88352966308594
161.01803588867188
166.7917022705078
171.55801391601562
177.73696899414062
183.81076049804688
187.66871643066406
192.13111877441406
194.18804931640625
199.59397888183594
205.6902313232422
210.43014526367188
217.00057983398438
221.90866088867188
224.86416625976562
228.25595092773438
229.14828491210938
224.61135864257812
224.7366485595703
224.255859375
222.8875732421875
225.96804809570312
230.6768798828125
231.26089477539062
226.8831787109375
226.6732177734375
226.3279266357422
225.43496704101562
225.5088348388672
227.9884033203125
227.6374969482422
226.34042358398438
226.9492645263672
226.2307586669922
226.50265502929688
226.1999969482422
227.1338653564453
226.92257690429688
227.81015014648438
228.9763641357422
227.59335327148438
228.6702423095703
228.2957305908203
228.6249542236328
228.5321502685547
228.4075164794922
228.92459106445312
230.1172637939453
230.6121368408203
229.78701782226562
230.4875946044922
230.51681518554688
230.6572723388672
230.60400390625
230.874267578125
231.17599487304688
231.3075408935547
231.2581787109375
231.9281463623047
231.9256591796875
232.0137176513672
232.0978546142578
232.7000274658203
232.7806396484375
233.0089569091797
233.6142120361328
233.06649780273438
233.75643920898438
234.1404266357422
233.9464874267578
234.14306640625
234.1789093017578
234.8383026123047
234.69003295898438
234.8826141357422
235.3892364501953
235.0455322265625
235.39132690429688
235.57742309570312
235.9853057861328
235.8591766357422
235.9195098876953
229.0507049560547
186.90977478027344
33.087467193603516
-0.09494271129369736
-0.09929604083299637
-0.09529462456703186
-0.09907998889684677
-0.09765307605266571
-0.09655024111270905
-0.09789653867483139
-0.09759993851184845
-0.09726417064666748
-0.09788860380649567
-0.09712795913219452
-0.09746258705854416
-0.09834419935941696
-0.09734030812978745
-0.09806864708662033
-0.0976773276925087
-0.09729603677988052
-0.09804698079824448
-0.09760227799415588
-0.09779401123523712
-0.09737306088209152
-0.09815564006567001
-0.09807532280683517
-0.09778524935245514
-0.09804688394069672
-0.09741553664207458
-0.0972822904586792
-0.09828627109527588
-0.09758947789669037
-0.09799445420503616
-0.09792821109294891
-0.09753711521625519
-0.09756876528263092
-0.09784595668315887
-0.09777417778968811
-0.09833644330501556
-0.09771537035703659
-0.09742674976587296
-0.09789843112230301
-0.09781582653522491
-0.09767664968967438
-0.09780044108629227
-0.09786597639322281
-0.09782286733388901
-0.09731249511241913
-0.09772608429193497
-0.09799563884735107
-0.0974254161119461
-0.09735996276140213
-0.09775947034358978
-0.09807582944631577
-0.09740762412548065
-0.0978173315525055
-0.09696608781814575
-0.09751422703266144
-0.0977887287735939
-0.09732965379953384
-0.09770791232585907
-0.09716106951236725
-0.09725626558065414
-0.09772344678640366
-0.09775368869304657
-0.09693242609500885
-0.09697587788105011
-0.09768334031105042
-0.09759647399187088
-0.09780903160572052
-0.09682460129261017
-0.09701842069625854
-0.09771253168582916
-0.09779774397611618
-0.09689564257860184
-0.09820212423801422
-0.09761787205934525
-0.09732242673635483
-0.09766272455453873
-0.0976540818810463
-0.09786306321620941
-0.09737992286682129
-0.09763221442699432
-0.09773702174425125
-0.09793059527873993
-0.09702984988689423
-0.09794061630964279
-0.09769824147224426
-0.09774420410394669
-0.09769923239946365
-0.09781505167484283
-0.09766484797000885
-0.09787779301404953
-0.0978204607963562
-0.09788860380649567
-0.09796363860368729
-0.09784603863954544
-0.0979577824473381
-0.09791064262390137
22.66266441345215
138.44937133789062
203.8043212890625
137.50587463378906
93.17924499511719
144.20797729492188
143.73861694335938
116.79644775390625
121.86788177490234
123.79312896728516
117.77540588378906
122.79068756103516
127.615234375
127.66081237792969
134.72604370117188
136.7450714111328
140.60487365722656
147.65872192382812
150.9490203857422
155.318603515625
158.63394165039062
163.85279846191406
169.9761199951172
174.9513702392578
180.3668975830078
183.6621551513672
188.12478637695312
191.68484497070312
196.9568328857422
203.35891723632812
208.68603515625
214.01339721679688
219.00863647460938
222.0979766845703
225.08572387695312
227.2039031982422
223.92318725585938
225.70046997070312
225.10714721679688
224.0948486328125
229.1677703857422
231.7379150390625
230.4280548095703
228.8433074951172
229.56991577148438
229.5489501953125
227.85531616210938
225.0720672607422
222.9274444580078
226.715576171875
234.102783203125
234.2949981689453
230.8872833251953
233.51889038085938
231.51272583007812
228.9484405517578
227.6493682861328
224.9987335205078
224.6093292236328
228.378662109375
229.043212890625
230.2320098876953
231.98745727539062
232.5701446533203
232.9788818359375
231.3062286376953
229.9579315185547
227.8477325439453
225.5264434814453
224.2168731689453
224.07601928710938
224.9397735595703
227.8052978515625
229.36367797851562
232.2106170654297
233.94857788085938
235.52377319335938
237.9652099609375
238.69412231445312
239.1529541015625
240.45120239257812
239.380126953125
239.8203582763672
240.4196319580078
240.0085906982422
240.6175994873047
240.85488891601562
241.19741821289062
240.5111846923828
241.1837921142578
240.92697143554688
241.667236328125
241.5860595703125
241.06307983398438
241.8307342529297
241.81173706054688
241.5104217529297
242.31240844726562
241.1389923095703
242.15902709960938
241.29934692382812
232.310546875
189.66400146484375
34.582679748535156
-0.09550067037343979
-0.09898924082517624
-0.09634983539581299
-0.09871448576450348
-0.09757024794816971
-0.09648659825325012
-0.09788527339696884
-0.09739778935909271
-0.09715411067008972
-0.09813277423381805
-0.09710239619016647
-0.09786335378885269
-0.09803672879934311
-0.09767612814903259
-0.09801755100488663
-0.09751328080892563
-0.09766460955142975
-0.09751501679420471
-0.09788312017917633
-0.09775947779417038
-0.09782011806964874
-0.09784102439880371
-0.09756705909967422
-0.09836950153112411
-0.09797409921884537
-0.09764251857995987
-0.09742371737957001
-0.09801259636878967
-0.09834042191505432
-0.0976962074637413
-0.0973723754286766
-0.09748408943414688
-0.09846321493387222
-0.09802667796611786
-0.09753347188234329
-0.09814748913049698
-0.09781800210475922
-0.0970490500330925
-0.09777270257472992
-0.0979916900396347
-0.09813312441110611
-0.09774751961231232
-0.09746775776147842
-0.09789611399173737
-0.09717144817113876
-0.09784945845603943
-0.09837843477725983
-0.09702451527118683
-0.09749628603458405
-0.09792087972164154
-0.09772544354200363
-0.09778644144535065
-0.09757417440414429
-0.09709051251411438
-0.09789696335792542
-0.09776955842971802
-0.09764151275157928
-0.09758307039737701
-0.09715262800455093
-0.09790872782468796
-0.09757332503795624
-0.09718304872512817
-0.09796115010976791
-0.09701693058013916
-0.09773322939872742
-0.09719502925872803
-0.09711632132530212
-0.09748496860265732
-0.09755855053663254
-0.09760095924139023
-0.09758244454860687
-0.09717653691768646
-0.09778827428817749
-0.09739816188812256
-0.09767372906208038
-0.09736309945583344
-0.09740445017814636
-0.09774662554264069
-0.0976233035326004
-0.09760544449090958
-0.09780140221118927
-0.09749402850866318
-0.09768013656139374
-0.0976334884762764
-0.097537562251091
-0.097660593688488
-0.09783094376325607
-0.09817971289157867
-0.09781190752983093
-0.09728722274303436
-0.09809711575508118
-0.09808649867773056
-0.09798270463943481
-0.09774843603372574
-0.09813094139099121
-0.09757798910140991
31.295358657836914
148.9047088623047
210.61752319335938
138.3839874267578
90.50360870361328
138.9869842529297
142.97840881347656
115.0526351928711
123.89742279052734
128.24462890625
119.49169921875
122.5128402709961
126.08546447753906
127.0047836303711
132.50408935546875
135.10958862304688
135.9231414794922
141.25550842285156
146.59402465820312
150.6908721923828
154.32131958007812
157.16592407226562
161.56959533691406
167.8564453125
172.92930603027344
178.71609497070312
183.23207092285156
187.3152618408203
189.77828979492188
195.52000427246094
200.77737426757812
207.0971221923828
214.031982421875
218.41970825195312
222.90200805664062
226.630615234375
230.5935821533203
229.7431182861328
224.2643280029297
223.6764373779297
225.81430053710938
223.7823028564453
229.5881805419922
235.56381225585938
232.2777099609375
227.8914794921875
227.71975708007812
226.9449462890625
225.8637237548828
232.301025390625
238.8694610595703
233.29739379882812
229.70138549804688
230.1724395751953
228.41934204101562
228.30712890625
229.3931121826172
227.7601318359375
230.3049774169922
229.96694946289062
228.76730346679688
229.53347778320312
229.3684539794922
229.7290496826172
229.69619750976562
229.9132537841797
230.51504516601562
230.2413330078125
231.62442016601562
230.45907592773438
230.317138671875
230.7127685546875
230.2544708251953
229.7880859375
229.7742462158203
227.980224609375
229.26394653320312
228.9763946533203
229.4027099609375
230.1425323486328
230.8067626953125
231.0687255859375
231.7106475830078
232.05172729492188
233.060546875
233.19094848632812
234.0275421142578
234.0370635986328
234.8557891845703
234.52182006835938
234.47677612304688
235.58255004882812
235.6737060546875
235.81027221679688
236.02685546875
235.88406372070312
236.0635986328125
235.9514617919922
235.6322784423828
235.7481689453125
235.1490020751953
225.4136505126953
181.32034301757812
30.20711898803711
-0.0953468605875969
-0.09924910217523575
-0.09597809612751007
-0.0987999364733696
-0.09744594246149063
-0.09688962996006012
-0.09768019616603851
-0.09733542799949646
-0.09733664244413376
-0.09793637692928314
-0.09725620597600937
-0.09752748906612396
-0.09859530627727509
-0.09703719615936279
-0.09764456003904343
-0.0979127287864685
-0.09751011431217194
-0.09782930463552475
-0.0977221205830574
-0.09757643193006516
-0.0980583056807518
-0.09770336002111435
-0.09758968651294708
-0.09758186340332031
-0.09807728230953217
-0.09784805029630661
-0.09754548221826553
-0.09791307151317596
-0.09777307510375977
-0.09796439111232758
-0.09765803068876266
-0.09735937416553497
-0.0985003113746643
-0.09756150096654892
-0.09739626944065094
-0.09807931631803513
-0.09794951230287552
-0.0970807820558548
-0.09852765500545502
-0.09752027690410614
-0.09763314574956894
-0.09792091697454453
-0.09753905981779099
-0.09783949702978134
-0.09765560925006866
-0.09729132801294327
-0.09830226749181747
-0.09787848591804504
-0.09697667509317398
-0.09771246463060379
-0.09795810282230377
-0.0970463752746582
-0.09756147116422653
-0.09768681228160858
-0.0972701907157898
-0.09816725552082062
-0.09720757603645325
-0.09747930616140366
-0.09739018231630325
-0.09744354337453842
-0.09775978326797485
-0.0974140465259552
-0.09762134402990341
-0.0973535105586052
-0.097559854388237
-0.09739381074905396
-0.09755338728427887
-0.09745817631483078
-0.09683956950902939
-0.09767349064350128
-0.09740440547466278
-0.09775782376527786
-0.09727723896503448
-0.09766563028097153
-0.09747909754514694
-0.09728308022022247
-0.09805579483509064
-0.0974072590470314
-0.09764565527439117
-0.09788212180137634
-0.09757530689239502
-0.09759925305843353
-0.09725312888622284
-0.09823451936244965
-0.09774819761514664
-0.0975741520524025
-0.09799274802207947
-0.09716750681400299
-0.09879754483699799
-0.09729377925395966
-0.09698446094989777
-0.09751433879137039
-0.0989709421992302
-0.09744594991207123
-0.0977480560541153
-0.09800975024700165
53.60750198364258
169.05331420898438
235.36477661132812
169.9606170654297
114.7353286743164
105.94189453125
97.60597229003906
88.39743041992188
88.67192077636719
88.19825744628906
87.7122802734375
93.1484603881836
95.88443756103516
99.68280029296875
105.01277160644531
108.5434341430664
112.35420989990234
116.6238021850586
121.67729187011719
125.43355560302734
132.88584899902344
138.42431640625
142.86631774902344
147.92434692382812
149.70159912109375
155.23861694335938
160.90333557128906
166.06028747558594
173.10354614257812
179.87115478515625
185.3920135498047
190.78598022460938
194.68128967285156
196.82254028320312
202.6145782470703
207.0497589111328
212.9944305419922
219.8824462890625
224.08383178710938
223.75051879882812
221.88037109375
225.681396484375
230.11190795898438
229.552001953125
226.86557006835938
227.06509399414062
225.9337615966797
225.130859375
229.5361785888672
233.7651824951172
232.2941436767578
228.7174835205078
229.7918243408203
228.36807250976562
227.02880859375
227.52230834960938
227.7039031982422
227.3760528564453
230.48495483398438
229.41549682617188
228.7157745361328
229.5038604736328
228.58383178710938
229.08078002929688
229.7051239013672
228.0349884033203
229.5074462890625
229.8221435546875
229.1256866455078
230.7038116455078
229.52978515625
230.638916015625
231.0457763671875
230.5188446044922
231.6491241455078
230.8668212890625
231.68130493164062
231.78530883789062
231.9766387939453
232.08822631835938
232.3893280029297
232.1608428955078
232.58389282226562
233.414794921875
232.76577758789062
233.7775421142578
233.596923828125
233.94607543945312
234.0110321044922
233.99972534179688
234.99362182617188
234.211181640625
234.521240234375
235.2696075439453
235.26858520507812
235.0623779296875
235.4427947998047
235.55419921875
235.89279174804688
235.8623504638672
235.72695922851562
228.58529663085938
184.77713012695312
31.606246948242188
-0.09487898647785187
-0.09940627962350845
-0.09534601867198944
-0.09934566169977188
-0.09759724140167236
-0.09624510258436203
-0.09829941391944885
-0.09737394750118256
-0.09690883010625839
-0.09824329614639282
-0.09765056520700455
-0.09728895127773285
-0.09831129759550095
-0.09733212739229202
-0.09775431454181671
-0.09789597988128662
-0.09778161346912384
-0.0973251685500145
-0.09784600883722305
-0.09782856702804565
-0.09769926965236664
-0.09759046882390976
-0.09809963405132294
-0.09811011701822281
-0.09780190885066986
-0.09760552644729614
-0.09775587171316147
-0.09817314147949219
-0.0978340208530426
-0.09778901189565659
-0.0976322665810585
-0.09774357080459595
-0.0981028825044632
-0.09779107570648193
-0.09768309444189072
-0.09812961518764496
-0.09766335040330887
-0.09727407991886139
-0.0979902520775795
-0.09791038930416107
-0.09760018438100815
-0.09766323119401932
-0.09726427495479584
-0.09778406471014023
-0.09778320789337158
-0.09744513779878616
-0.09791187942028046
-0.09737993031740189
-0.097492516040802
-0.09774846583604813
-0.09771443158388138
-0.09739424288272858
-0.09798429906368256
-0.09741534292697906
-0.09786144644021988
-0.09697197377681732
-0.09770316630601883
-0.09765706211328506
-0.09718142449855804
-0.0976143330335617
-0.09784045070409775
-0.09772256016731262
-0.09753920137882233
-0.09681693464517593
-0.09788820892572403
-0.09801124036312103
-0.09698693454265594
-0.09719846397638321
-0.09721654653549194
-0.09735853970050812
-0.09757006913423538
-0.09762326627969742
-0.09723612666130066
-0.09771434217691422
-0.09781380742788315
-0.0970916599035263
-0.09788502752780914
-0.09721767157316208
-0.09773203730583191
-0.09781987965106964
-0.09744755923748016
-0.09814590215682983
-0.09720532596111298
-0.09743378311395645
-0.09771792590618134
-0.09813117980957031
-0.0976274311542511
-0.09742838889360428
-0.09773912280797958
-0.09826858341693878
-0.09808602929115295
-0.09752567112445831
-0.09803403168916702
-0.09748056530952454
-0.09798066318035126
-0.09797854721546173
32.04456329345703
