-3.491158962249756
-3.491158962249756
-8.088471412658691
-20.428936004638672
-3.0751953125
0.007131953723728657
0.00740978866815567
0.007169137708842754
0.0070206583477556705
0.007405471988022327
0.00705002760514617
0.006644170731306076
0.006865824107080698
0.006819956004619598
0.0066899023950099945
0.006336008198559284
0.0063783577643334866
0.0067232148721814156
0.006167870946228504
0.0061652627773582935
0.006604394875466824
0.005983502604067326
0.005538903176784515
0.0066624232567846775
0.005692907143384218
0.00562927033752203
0.005650054197758436
0.005684542469680309
0.005325943231582642
0.0054902550764381886
0.0052405609749257565
0.004889980889856815
0.005462788511067629
0.004319233354181051
0.004867156036198139
0.004311561584472656
0.0043622576631605625
0.004911520518362522
0.004323952831327915
0.003886723890900612
0.004030270967632532
0.004059076774865389
0.004572756122797728
0.003688644152134657
0.0033908425830304623
0.0034184858668595552
0.0033036856912076473
0.004147222265601158
0.00327201746404171
0.002545146271586418
0.003857094794511795
0.0024202424101531506
0.002721393946558237
0.0028800563886761665
0.00260695512406528
0.0023654422257095575
0.002133600413799286
0.0028076923917979
0.0020620368886739016
0.001966275507584214
0.0021112575195729733
0.002204942051321268
0.0018800401594489813
0.0020067975856363773
0.0017384402453899384
0.0014175516553223133
0.0017261395696550608
0.0015720544615760446
0.0014448353322222829
0.001573247485794127
0.0009426758624613285
0.001457124948501587
0.0009383371216244996
0.0017036469653248787
0.0011870324378833175
0.0007390443934127688
0.0010658556129783392
0.0014774823794141412
0.0011349634733051062
0.0008554081432521343
0.0009535422432236373
0.0007190717151388526
0.0009294029441662133
0.0008824507822282612
0.0010240903357043862
0.0012594116851687431
0.0007015483570285141
0.0006034289835952222
0.000677882635500282
0.0014463566476479173
0.0003201021463610232
0.0014309613034129143
0.0002857899235095829
0.0016199208330363035
7.828955858713016e-05
0.001382472924888134
0.00036109224311076105
0.001387107651680708
0.0012439715210348368
8.251363754272461
21.982738494873047
20.061534881591797
18.21112632751465
-16.74013900756836
-18.300983428955078
-6.891180515289307
-5.316496849060059
-3.829476833343506
-3.02927827835083
-3.1017696857452393
-1.8191896677017212
-1.611208200454712
-2.6435794830322266
-2.225309371948242
-2.473635196685791
-2.2527873516082764
-2.9633517265319824
-3.2707607746124268
-3.5878219604492188
-2.936573028564453
-3.307547092437744
-3.5449600219726562
-3.7428672313690186
-4.21015739440918
-3.706298828125
-3.8698298931121826
-3.9788658618927
-6.171947002410889
-5.402922630310059
-5.23151159286499
-5.583330154418945
-5.911365509033203
-5.872170448303223
-7.074639320373535
-6.13831901550293
-5.938031196594238
-6.4987473487854
-6.245687007904053
-5.9682183265686035
-7.029705047607422
-7.567881107330322
-6.835707187652588
-6.586790561676025
-7.069981575012207
-7.845782279968262
-8.324250221252441
-8.982403755187988
-8.228508949279785
-8.525697708129883
-8.418599128723145
-8.100435256958008
-9.050653457641602
-9.217536926269531
-9.465561866760254
-8.76404857635498
-9.326770782470703
-9.853572845458984
-9.756948471069336
-9.129758834838867
-10.354326248168945
-10.426369667053223
-10.412508964538574
-10.30207633972168
-10.425374031066895
-11.172027587890625
-10.308085441589355
-11.048254013061523
-10.7413330078125
-10.738021850585938
-11.757377624511719
-11.871459007263184
-11.830103874206543
-12.575056076049805
-13.043411254882812
-13.065584182739258
-12.251846313476562
-12.01490592956543
-12.485064506530762
-13.377180099487305
-14.484524726867676
-13.025373458862305
-13.420549392700195
-13.723478317260742
-13.186345100402832
-13.993040084838867
-13.861190795898438
-14.106346130371094
-14.809593200683594
-13.81908893585205
-13.957906723022461
-14.965547561645508
-15.156167984008789
-16.030689239501953
-16.205562591552734
-15.20673656463623
-15.518705368041992
-16.47092628479004
-16.79877281188965
-17.182254791259766
-17.311059951782227
-15.054388046264648
-3.4901719093322754
-4.173793315887451
0.006142313592135906
0.00636768713593483
0.006794952787458897
0.007053842302411795
0.007255954202264547
0.006905561778694391
0.006817721761763096
0.006941895000636578
0.006716006901115179
0.006741386838257313
0.00722106546163559
0.0062004197388887405
0.006763673387467861
0.0063075171783566475
0.006425072439014912
0.0062210094183683395
0.006495475769042969
0.0061303386464715
0.0059255450032651424
0.005943319294601679
0.006081555038690567
0.005885665770620108
0.005709041375666857
0.005989755969494581
0.005280219949781895
0.005498174112290144
0.005527021363377571
0.005235467571765184
0.005326682701706886
0.0050774067640304565
0.004822546150535345
0.00442470982670784
0.005065313074737787
0.005175233818590641
0.004024782683700323
0.005078879650682211
0.003817829769104719
0.004395597614347935
0.0041738105937838554
0.003963233437389135
0.004587325267493725
0.0032583936117589474
0.003882977645844221
0.003552463371306658
0.003152664052322507
0.003033082466572523
0.00390070304274559
0.0023702154867351055
0.003474100958555937
0.002456635469570756
0.0029606916941702366
0.0027461403515189886
0.00228888844139874
0.0023160111159086227
0.0022069066762924194
0.002254648134112358
0.002025562571361661
0.0017839664360508323
0.0022381378803402185
0.0020048837177455425
0.0022877848241478205
0.0010990388691425323
0.001860576681792736
0.0017966448795050383
0.001316741807386279
0.0015628093387931585
0.00166181824170053
0.0010651582852005959
0.0013808527728542686
0.0014963594730943441
0.0014944116119295359
0.0012510817032307386
0.0007974008331075311
0.0010069537675008178
0.00125673518050462
0.0008737948955968022
0.001259025651961565
0.0010303381131961942
0.000764245807658881
0.001388081582263112
0.0007641225820407271
0.0015657286858186126
0.0007705113966949284
0.0009321356192231178
0.0007252988289110363
0.0010477073956280947
0.0006291079334914684
0.0008322449284605682
0.0014284857315942645
0.0005154909449629486
0.0005278418539091945
0.0011940405238419771
0.0008102988940663636
0.0009545745560899377
0.0007246000459417701
0.0013572194147855043
-6.4464874267578125
-19.60141944885254
-20.351200103759766
-11.816987037658691
-10.525471687316895
-11.120901107788086
-6.955935001373291
-7.498663425445557
-7.8272905349731445
-4.425089359283447
-3.2453627586364746
-2.7854018211364746
-2.5472378730773926
-3.148667573928833
-2.883104085922241
-3.4091579914093018
-3.2608420848846436
-2.843632936477661
-3.1915688514709473
-3.2223784923553467
-3.7619686126708984
-3.786022186279297
-3.7671096324920654
-2.738947868347168
-3.4204211235046387
-3.9720680713653564
-4.6071062088012695
-4.978939056396484
-4.481472969055176
-4.414531230926514
-4.793067932128906
-5.740958213806152
-5.8149824142456055
-5.821173667907715
-5.5494794845581055
-5.96963357925415
-6.827632904052734
-6.712519645690918
-6.966826438903809
-6.626919746398926
-6.623161315917969
-6.344735622406006
-6.641990661621094
-7.3371686935424805
-7.472395420074463
-7.538581848144531
-8.474274635314941
-8.422398567199707
-9.372923851013184
-7.5373430252075195
-8.181962013244629
-8.819743156433105
-8.59865665435791
-9.2401704788208
-8.764312744140625
-9.390703201293945
-9.782791137695312
-9.027812004089355
-9.637686729431152
-9.143640518188477
-10.37752914428711
-9.989367485046387
-11.187381744384766
-10.056463241577148
-10.503438949584961
-10.399263381958008
-11.588902473449707
-10.98560905456543
-10.19578742980957
-11.600519180297852
-10.973539352416992
-11.590327262878418
-11.594401359558105
-12.479928016662598
-12.778565406799316
-11.975408554077148
-12.69933032989502
-12.896761894226074
-13.599392890930176
-13.204305648803711
-13.388044357299805
-12.936708450317383
-14.489169120788574
-13.567448616027832
-14.222628593444824
-14.534759521484375
-13.902738571166992
-13.90294361114502
-14.556755065917969
-15.0441312789917
-14.345672607421875
-14.93250560760498
-14.196146011352539
-15.287687301635742
-16.267608642578125
-15.59550666809082
-16.306209564208984
-17.095806121826172
-16.103097915649414
-16.698482513427734
-16.0781307220459
-16.254100799560547
-5.371116638183594
-4.02710485458374
0.005919303745031357
0.007059467025101185
0.006478109862655401
0.00675303116440773
0.007433523423969746
0.006813022308051586
0.006868542637676001
0.007208574563264847
0.006452600006014109
0.0066262767650187016
0.007014611270278692
0.006304078735411167
0.0064714886248111725
0.006429668515920639
0.006349754985421896
0.006216065026819706
0.006294815335422754
0.005946253426373005
0.0061666760593652725
0.00581345334649086
0.00625204760581255
0.005690131336450577
0.005575125105679035
0.005372661165893078
0.005813789553940296
0.00534966541454196
0.0055424124002456665
0.004919234197586775
0.005320469383150339
0.005357158370316029
0.004704984836280346
0.004674188792705536
0.005507947877049446
0.003935360815376043
0.004547460004687309
0.004562149755656719
0.004163820296525955
0.0041916328482329845
0.0039567044004797935
0.004465015139430761
0.0037186951376497746
0.0035651936195790768
0.0033295389730483294
0.004065302200615406
0.003051194828003645
0.003109211567789316
0.0031415950506925583
0.002654728712514043
0.00335686095058918
0.0025873281992971897
0.0029561244882643223
0.0024145368952304125
0.002677099546417594
0.0020932855550199747
0.002332603093236685
0.002536306157708168
0.0023826309479773045
0.0020372248254716396
0.0019751410000026226
0.002002489985898137
0.0017378069460391998
0.0019308722112327814
0.0012654491001740098
0.0019638214726001024
0.0016191441100090742
0.0012863255105912685
0.0018019424751400948
0.0014319090405479074
0.0008451786125078797
0.0014571535866707563
0.0014821533113718033
0.001026894780807197
0.0010038565378636122
0.0011763278162106872
0.0010636482620611787
0.0009918654104694724
0.0011931640328839421
0.0004889614647254348
0.0015073451213538647
0.0011247263755649328
0.0006049607181921601
0.0007668164325878024
0.0009753497433848679
0.0011934783542528749
0.0007118235807865858
0.0013228647876530886
0.0009285624837502837
0.0006359799299389124
0.0007609177846461535
0.0009703979012556374
0.0007826623623259366
0.001084046671167016
0.0009773296769708395
0.0016677379608154297
0.000665951578412205
0.0012119997991248965
-7.102906703948975
-19.82159996032715
-23.26687240600586
-12.968424797058105
-12.707305908203125
-9.737088203430176
-6.512271881103516
-5.193191051483154
-3.8921635150909424
-2.9122395515441895
-2.6338486671447754
-2.5594615936279297
-2.320338010787964
-2.523258924484253
-2.1332976818084717
-2.0168776512145996
-1.9861242771148682
-2.000319480895996
-2.5446324348449707
-3.844266176223755
-3.3512368202209473
-2.710958480834961
-2.4119255542755127
-2.860320568084717
-3.3975911140441895
-2.9803948402404785
-4.129411220550537
-3.436751127243042
-3.659367084503174
-4.324309349060059
-5.049586296081543
-5.249874591827393
-6.1374053955078125
-5.8541717529296875
-6.232939720153809
-6.753138542175293
-5.698721885681152
-6.591118812561035
-6.797215461730957
-6.210201740264893
-6.530283451080322
-7.449357509613037
-6.695796012878418
-6.877763271331787
-6.797401428222656
-6.905545711517334
-7.8592400550842285
-8.25978946685791
-8.449712753295898
-8.566654205322266
-7.6596479415893555
-8.447689056396484
-8.745715141296387
-9.080534934997559
-10.093550682067871
-9.158445358276367
-9.453788757324219
-9.21130084991455
-9.427560806274414
-9.027502059936523
-9.841511726379395
-9.951687812805176
-10.319601058959961
-9.856084823608398
-10.025975227355957
-10.357111930847168
-10.214781761169434
-10.810023307800293
-10.625941276550293
-11.244211196899414
-11.246503829956055
-10.972308158874512
-11.40299129486084
-11.579989433288574
-12.585954666137695
-12.309486389160156
-12.676777839660645
-13.166050910949707
-11.86034870147705
-12.890480041503906
-12.379749298095703
-12.79850959777832
-13.060737609863281
-13.546549797058105
-13.250160217285156
-13.460578918457031
-13.942262649536133
-14.1063814163208
-15.005075454711914
-14.529438972473145
-13.925695419311523
-15.551092147827148
-15.907768249511719
-15.628695487976074
-15.823690414428711
-15.453999519348145
-15.337307929992676
-15.5924072265625
-16.625749588012695
-16.323442459106445
-17.077913284301758
-15.855833053588867
-4.189517974853516
-4.683479309082031
0.005915182176977396
0.006287406198680401
0.00664010364562273
0.007309158332645893
0.007205109111964703
0.006966527551412582
0.006984303239732981
0.007080284412950277
0.006748704705387354
0.006738212890923023
0.006822202354669571
0.006102290004491806
0.006468859501183033
0.006415748503059149
0.006727793253958225
0.006056193727999926
0.005986055824905634
0.0063549429178237915
0.00601195776835084
0.006095368880778551
0.005873105488717556
0.006020989269018173
0.005675194784998894
0.005604713223874569
0.005514505319297314
0.005174409132450819
0.005445295479148626
0.0056129698641598225
0.004953754134476185
0.004843394737690687
0.004936858545988798
0.004044055938720703
0.005221915431320667
0.004883197136223316
0.0047780186869204044
0.003823146689683199
0.004378397483378649
0.003676582593470812
0.004133014474064112
0.004214598797261715
0.0037933147978037596
0.003784122643992305
0.0037998631596565247
0.0034451335668563843
0.002771906089037657
0.003140856046229601
0.0030927243642508984
0.0030644829384982586
0.0033461160492151976
0.0024150540120899677
0.00284155597910285
0.0025318856351077557
0.0027372483164072037
0.0022347066551446915
0.0023817119654268026
0.0023643372114747763
0.002078964374959469
0.002146590268239379
0.00249267159961164
0.0018081037560477853
0.0017465312266722322
0.0017918983940035105
0.0017195036634802818
0.0015808682655915618
0.0016324128955602646
0.001804719096980989
0.0014663171023130417
0.0009569084504619241
0.0013526880647987127
0.0006300676614046097
0.0009901684243232012
0.0014998284168541431
0.001225402345880866
0.0007567386492155492
0.0014455614145845175
0.0012753438204526901
0.0003520096652209759
0.0015719955554232001
0.0011750070843845606
0.0008355453610420227
0.0010243698488920927
0.001157843740656972
0.0011117985704913735
0.0004195969086140394
0.0010337801650166512
0.0011797857005149126
0.0006442925659939647
0.0005301119526848197
0.0017038047080859542
0.0009782075649127364
0.0005184886394999921
0.0006452513625845313
0.0014183531748130918
0.001424113055691123
0.00042217905865982175
0.0014980824198573828
-6.2628278732299805
-18.924707412719727
-21.03202247619629
-12.837715148925781
-15.42914867401123
-7.587507724761963
-4.046294689178467
-7.1480207443237305
-9.64607048034668
-4.5778703689575195
-4.323876857757568
-2.9894185066223145
-2.2097413539886475
-2.0008323192596436
-1.840161681175232
-3.0457088947296143
-2.801353931427002
-2.494968891143799
-3.0341525077819824
-2.865121603012085
-3.0932393074035645
-3.6233468055725098
-3.895947217941284
-4.01240873336792
-3.9642233848571777
-4.417965888977051
-4.284182548522949
-5.031862735748291
-4.975880146026611
-4.970669746398926
-5.085813999176025
-5.253256797790527
-5.044308662414551
-7.17685604095459
-6.704081058502197
-5.878354072570801
-6.37708854675293
-6.672795295715332
-7.131451606750488
-6.689892768859863
-6.899346351623535
-7.223515510559082
-7.779065132141113
-8.060993194580078
-8.217998504638672
-8.060110092163086
-7.294014930725098
-8.412313461303711
-7.318835258483887
-8.722759246826172
-8.066596984863281
-8.669273376464844
-9.025239944458008
-9.052764892578125
-9.362422943115234
-8.89632797241211
-9.140758514404297
-8.828596115112305
-9.126089096069336
-9.709623336791992
-10.178854942321777
-10.892518997192383
-10.978033065795898
-11.546131134033203
-10.88923454284668
-11.118439674377441
-10.355627059936523
-10.830093383789062
-10.799503326416016
-11.312665939331055
-10.749001502990723
-10.968111038208008
-11.964897155761719
-12.818222045898438
-11.551884651184082
-12.833645820617676
-12.686771392822266
-12.693450927734375
-12.902128219604492
-13.041738510131836
-13.466822624206543
-13.465986251831055
-13.914276123046875
-14.031603813171387
-14.28257942199707
-14.054887771606445
-14.450014114379883
-14.829660415649414
-14.74078369140625
-15.207502365112305
-15.320307731628418
-15.304868698120117
-15.38105583190918
-16.027189254760742
-15.801935195922852
-15.62456226348877
-16.116945266723633
-16.58489227294922
-17.391067504882812
-17.060043334960938
-16.790851593017578
-16.24312400817871
-4.1867995262146
-4.307979583740234
0.006087528076022863
0.006150874309241772
0.006699523888528347
0.007095897104591131
0.007783852517604828
0.006716850213706493
0.006867641117423773
0.007063985802233219
0.0068093338049948215
0.006771582178771496
0.006640598177909851
0.006402949336916208
0.006646481342613697
0.006451451685279608
0.006172338966280222
0.006249797996133566
0.006314910016953945
0.006584631744772196
0.005514004733413458
0.006163708865642548
0.006077521480619907
0.006063284818083048
0.005400886759161949
0.005830683745443821
0.005344348959624767
0.005491088144481182
0.005340753123164177
0.005230390466749668
0.005361608229577541
0.005050215404480696
0.004753319080919027
0.004508518613874912
0.005423125345259905
0.00410186592489481
0.004612319637089968
0.004440086428076029
0.004379814490675926
0.0037385313771665096
0.00397314690053463
0.003790953429415822
0.004029768519103527
0.0038037807680666447
0.004109212663024664
0.0031763575971126556
0.003174931975081563
0.0034446590580046177
0.002601304790005088
0.002945201937109232
0.003248764667659998
0.002837466774508357
0.0023778825998306274
0.0030142683535814285
0.002282043220475316
0.002262397203594446
0.0021861635614186525
0.0021698365453630686
0.002321127336472273
0.002358769066631794
0.00196132087148726
0.0023699384182691574
0.0019323568558320403
0.0012423235457390547
0.001995930913835764
0.0016784209292382002
0.0009904536418616772
0.0018588339444249868
0.0013036548625677824
0.0017294777790084481
0.001089635887183249
0.0014558972325176
0.0012525881174951792
0.0011534933000802994
0.0010301923612132668
0.0012009302154183388
0.000971376255620271
0.0008554668165743351
0.000989999040029943
0.0005917724338360131
0.0014049909077584743
0.0005284582148306072
0.0009058316354639828
0.0007140809902921319
0.0010923700174316764
0.0009040161967277527
0.000773304607719183
0.0012596056330949068
0.0006772371125407517
0.0011496960651129484
0.0005030779866501689
0.0010870557744055986
0.0010978353675454855
0.0004942244268022478
0.0012357644736766815
0.001102464273571968
0.0006492058746516705
0.0011321286438032985
-2.835000991821289
-13.925193786621094
-17.314708709716797
-10.240120887756348
-6.244592666625977
-14.62425422668457
-6.046065330505371
-5.952263832092285
-3.6419994831085205
-2.4578659534454346
-2.351074695587158
-2.058859348297119
-2.234581470489502
-2.135343074798584
-2.050225257873535
-3.101367473602295
-2.4050800800323486
-2.369716167449951
-3.1208529472351074
-3.431840419769287
-2.9940125942230225
-3.296337127685547
-2.872415542602539
-3.6344611644744873
-3.9562907218933105
-4.777575492858887
-4.373688220977783
-3.4923999309539795
-5.03466796875
-4.491971969604492
-5.206430435180664
-4.90157413482666
-6.361975193023682
-6.224698066711426
-6.383488655090332
-6.3250203132629395
-7.233772277832031
-7.058485984802246
-6.962836265563965
-6.773747444152832
-6.831665992736816
-6.316832542419434
-7.822884559631348
-8.096248626708984
-7.926153659820557
-8.291656494140625
-7.434604644775391
-7.571259498596191
-7.344897270202637
-8.377786636352539
-8.885843276977539
-8.131508827209473
-8.90150260925293
-8.433082580566406
-9.877374649047852
-9.554654121398926
-8.775355339050293
-8.596611976623535
-9.991479873657227
-9.555318832397461
-9.982595443725586
-9.57249927520752
-10.823293685913086
-9.99548625946045
-10.285096168518066
-10.28210735321045
-10.224884033203125
-10.458037376403809
-11.392350196838379
-10.589882850646973
-11.908309936523438
-12.173518180847168
-11.096071243286133
-12.10931396484375
-12.594057083129883
-12.569597244262695
-12.743555068969727
-12.3946533203125
-12.998624801635742
-11.975641250610352
-12.513386726379395
-13.349087715148926
-13.670092582702637
-13.791447639465332
-12.863276481628418
-13.160305976867676
-12.932153701782227
-13.468887329101562
-13.840751647949219
-14.21954345703125
-15.310140609741211
-14.762113571166992
-15.459933280944824
-15.098523139953613
-15.157086372375488
-15.501922607421875
-15.796743392944336
-15.36735725402832
-16.16605567932129
-16.245332717895508
-17.116092681884766
-16.376251220703125
-4.331326484680176
-4.812580585479736
0.005448539741337299
0.006397061049938202
0.006746129132807255
0.007091705687344074
0.007368080317974091
0.006770447827875614
0.006899883504956961
0.0067041488364338875
0.00717651704326272
0.0065129781141877174
0.006390572525560856
0.006841340567916632
0.006505466997623444
0.0062932344153523445
0.00669457670301199
0.006313997320830822
0.005871529225260019
0.006448834203183651
0.005997536238282919
0.00591752165928483
0.005685360170900822
0.00598523672670126
0.005876773502677679
0.005787039641290903
0.005774033721536398
0.005295957438647747
0.005634411238133907
0.005130244884639978
0.005026447121053934
0.005329569336026907
0.0046558440662920475
0.005237220786511898
0.004454926587641239
0.004353973548859358
0.0048522655852139
0.004208918195217848
0.004534566774964333
0.004036823753267527
0.0033702445216476917
0.004063114523887634
0.004084382671862841
0.003256751922890544
0.003935484681278467
0.0034575392492115498
0.0032894581090658903
0.003038333496078849
0.0034733866341412067
0.0027570738457143307
0.003320916322991252
0.0028138074558228254
0.0026886691339313984
0.002178350929170847
0.0024670115672051907
0.0023132229689508677
0.002479632617905736
0.002389939036220312
0.0019139889627695084
0.0022350335493683815
0.0022657401859760284
0.0018559457967057824
0.0015006265603005886
0.0021043196320533752
0.0021587093360722065
0.0016729061026126146
0.0014808212872594595
0.0017610940849408507
0.001280012889765203
0.0013872476993128657
0.001043967204168439
0.0015774579951539636
0.0009210106218233705
0.0012303704861551523
0.0014913795748725533
0.0005144417518749833
0.001292617991566658
0.0013106991536915302
0.0012997837038710713
0.0009498962317593396
0.001102440757676959
0.0006595492013730109
0.0009780190885066986
0.0008597566629759967
0.0012437349651008844
0.0007166560972109437
0.0013225082075223327
0.0009558700839988887
0.0005053277709521353
0.0011263417545706034
0.0007438494940288365
0.0015722630778327584
0.00038389911060221493
0.0014353765873238444
0.0009851086651906371
0.0007812530966475606
0.001157691003754735
0.0009181597270071507
-3.296262264251709
-16.02187728881836
-18.664871215820312
-10.787903785705566
-14.479571342468262
-9.413385391235352
-6.299957275390625
-6.846272945404053
-6.224839210510254
-3.7060680389404297
-3.6957271099090576
-2.3063764572143555
-2.285053014755249
-3.2416317462921143
-2.023624897003174
-1.9879400730133057
-2.2541608810424805
-2.805431604385376
-3.5518276691436768
-4.251981258392334
-3.1591708660125732
-3.134390115737915
-3.312074661254883
-3.76440167427063
-3.633523464202881
-3.9490082263946533
-4.139093399047852
-4.1318769454956055
-4.56052303314209
-4.889829158782959
-4.675090312957764
-6.3241424560546875
-6.148369312286377
-5.924033164978027
-5.943881511688232
-6.90631103515625
-6.571892738342285
-6.1991753578186035
-6.473957061767578
-7.0280656814575195
-6.002506732940674
-6.714535713195801
-7.396336555480957
-7.211627960205078
-7.3669915199279785
-7.568140506744385
-7.009720802307129
-8.557245254516602
-8.420509338378906
-9.147688865661621
-9.041874885559082
-9.046674728393555
-9.220789909362793
-9.799942016601562
-8.689592361450195
-8.88722038269043
-8.70154094696045
-10.060007095336914
-9.690336227416992
-9.455815315246582
-10.20666790008545
-9.723803520202637
-10.314860343933105
-10.525677680969238
-10.286555290222168
-10.590503692626953
-10.473599433898926
-11.289382934570312
-11.145177841186523
-10.950653076171875
-11.629812240600586
-12.083365440368652
-11.408117294311523
-11.580188751220703
-12.552411079406738
-13.228106498718262
-13.521661758422852
-12.716113090515137
-13.230745315551758
-12.159433364868164
-12.477627754211426
-13.000936508178711
-13.128473281860352
-13.633819580078125
-13.267590522766113
-14.503351211547852
-14.44413948059082
-14.455856323242188
-14.791172981262207
-14.2848482131958
-14.920193672180176
-15.33643913269043
-15.690411567687988
-15.324297904968262
-15.220947265625
-15.240869522094727
-16.235454559326172
-15.96137523651123
-15.883232116699219
-15.917546272277832
-16.436866760253906
-15.615077018737793
-4.097298622131348
-4.417641639709473
0.005913003347814083
0.006321358028799295
0.00710753258317709
0.006781191565096378
0.007533746771514416
0.006700042635202408
0.006675686687231064
0.007093153893947601
0.006509949918836355
0.006509923841804266
0.007308165077120066
0.006252212915569544
0.006163576152175665
0.006657889578491449
0.006625706795603037
0.0063506015576422215
0.00599634787067771
0.006051701493561268
0.005901077296584845
0.005999126937240362
0.005772134754806757
0.005428032949566841
0.005868049804121256
0.005591610912233591
0.005711000878363848
0.005252385046333075
0.005511711351573467
0.00492882588878274
0.005399998743087053
0.004573126323521137
0.005098884459584951
0.004792368970811367
0.0050269789062440395
0.004190125968307257
0.0044608283787965775
0.004596312530338764
0.004011545330286026
0.004052347503602505
0.004192394204437733
0.00371532142162323
0.0037808313500136137
0.0034005853813141584
0.0029691325034946203
0.003938404377549887
0.003280326724052429
0.002897407626733184
0.0034230337478220463
0.003200751496478915
0.002882174914702773
0.003202663268893957
0.0023616382386535406
0.0030902952421456575
0.0023951088078320026
0.0025036493316292763
0.0021963100880384445
0.0019765000324696302
0.002811649115756154
0.0019157964270561934
0.0023407358676195145
0.0017268648371100426
0.0018530755769461393
0.002144327387213707
0.0013046100502833724
0.0023537289816886187
0.0018256695475429296
0.0008706384105607867
0.0013939293567091227
0.00142248987685889
0.0013026047963649035
0.0011839659418910742
0.0009613814763724804
0.0013480852358043194
0.0016687432071194053
0.0006127787055447698
0.0016427937662228942
0.0011910166358575225
0.0005661133327521384
0.0010174820199608803
0.0009194828453473747
0.0011281766928732395
0.0014726060908287764
0.000706244318280369
0.000863483757711947
0.001042951480485499
0.0012440604623407125
-2.8928998290211894e-05
0.0012765598949044943
0.0010091934818774462
0.001003385055810213
0.0014082470443099737
0.0004214423825033009
0.0010748005006462336
0.000958682328928262
0.0011414329055696726
0.0006417204858735204
0.0008692422998137772
-3.296015501022339
-15.687677383422852
-18.284574508666992
-10.895505905151367
-8.024327278137207
-13.345067977905273
-4.424130916595459
-7.484918117523193
-5.038827896118164
-2.7189228534698486
-2.741586208343506
-1.6426055431365967
-1.758676528930664
-2.3187143802642822
-1.689801573753357
-2.8729968070983887
-2.421067714691162
-2.9117207527160645
-3.1730122566223145
-3.3170154094696045
-3.345184326171875
-2.7285120487213135
-3.046827793121338
-3.9658820629119873
-4.831036567687988
-4.476288795471191
-4.751001358032227
-5.160961627960205
-4.938843727111816
-4.3275532722473145
-5.1450395584106445
-6.230838298797607
-6.5377373695373535
-5.87610387802124
-6.270577907562256
-6.531243801116943
-6.889392852783203
-6.998983860015869
-6.791545867919922
-7.022096157073975
-7.190365791320801
-7.238100528717041
-7.657029151916504
-7.678894996643066
-8.185831069946289
-7.411672115325928
-8.172255516052246
-8.540670394897461
-8.183931350708008
-8.682515144348145
-8.559629440307617
-9.41307258605957
-8.840472221374512
-7.651483058929443
-8.324783325195312
-9.157692909240723
-9.043631553649902
-10.294092178344727
-9.791059494018555
-9.640619277954102
-10.362227439880371
-11.120314598083496
-11.06199836730957
-11.04326057434082
-10.644746780395508
-10.585789680480957
-10.513031959533691
-10.859012603759766
-10.990846633911133
-11.450794219970703
-11.921480178833008
-11.729961395263672
-12.07576847076416
-12.739014625549316
-12.938420295715332
-12.73283576965332
-12.878728866577148
-12.492729187011719
-12.863359451293945
-11.822406768798828
-13.068994522094727
-13.359715461730957
-12.771666526794434
-14.358530044555664
-13.627845764160156
-13.617131233215332
-13.641321182250977
-13.673006057739258
-14.64348030090332
-14.0291748046875
-14.32978343963623
-14.963312149047852
-14.419492721557617
-15.682049751281738
-16.298664093017578
-15.014498710632324
-15.628679275512695
-16.141141891479492
-15.48803997039795
-16.710430145263672
-16.009389877319336
-15.412737846374512
-4.340086936950684
-4.827572822570801
0.006140359677374363
0.0062756785191595554
0.006583442445844412
0.00696600740775466
0.007510142866522074
0.006750603672116995
0.006665992550551891
0.00688729714602232
0.006743452046066523
0.006635402794927359
0.006853236351162195
0.0064664967358112335
0.006519535090774298
0.006381540093570948
0.006641784217208624
0.006109278649091721
0.006152558606117964
0.006277053616940975
0.005975943990051746
0.005848776549100876
0.005794961005449295
0.005913293920457363
0.0057969591580331326
0.005747050978243351
0.005655190441757441
0.005133257247507572
0.0051173437386751175
0.005324178375303745
0.005626830272376537
0.00498691201210022
0.004495628178119659
0.004856680519878864
0.0049477992579340935
0.004609818570315838
0.004182955715805292
0.004761357791721821
0.003885015146806836
0.004216702189296484
0.003266808344051242
0.004574039950966835
0.0039534056559205055
0.003455196041613817
0.003622041316702962
0.0037265592254698277
0.0031555339228361845
0.003293269779533148
0.00324123352766037
0.0027953956741839647
0.0030314098112285137
0.0025627478025853634
0.002723150886595249
0.0028721580747514963
0.0023945257999002934
0.002130471635609865
0.002677081385627389
0.002389483619481325
0.002024486195296049
0.002300810068845749
0.0018880512798205018
0.001971025951206684
0.0019044351065531373
0.0017715368885546923
0.0021504350006580353
0.0013870116090402007
0.001492009381763637
0.0012917474377900362
0.00155217619612813
0.001305607846006751
0.001174605218693614
0.0018773439805954695
0.001183713204227388
0.001218824414536357
0.0007852842099964619
0.0010991970775648952
0.0009833710500970483
0.0012238945346325636
0.0010021834168583155
0.001240296522155404
0.00029089482268318534
0.0019528070697560906
0.0004600834508892149
0.00039271576679311693
0.0010315554682165384
0.0014171091606840491
0.0004333985853008926
0.001532315043732524
0.0008686684886924922
0.0009292348986491561
0.000922365696169436
0.0009351707994937897
0.00037880311720073223
0.001696527237072587
0.0005330975400283933
0.0012908559292554855
0.0013380583841353655
0.0009975651046261191
-5.7236809730529785
-18.833213806152344
-22.944534301757812
-13.023653984069824
-12.416702270507812
-11.561948776245117
-6.820681571960449
-5.331165313720703
-3.8623669147491455
-2.5732877254486084
-2.2246360778808594
-2.127504825592041
-1.935471773147583
-2.1881444454193115
-2.4763145446777344
-2.403751850128174
-2.632453680038452
-3.0990028381347656
-2.0873634815216064
-2.298063039779663
-3.1565937995910645
-2.691659927368164
-3.964268922805786
-3.569495439529419
-3.6783981323242188
-3.4903717041015625
-3.8130314350128174
-4.361110687255859
-3.7427756786346436
-4.714025497436523
-5.239182949066162
-6.045615196228027
-6.27048397064209
-6.189650535583496
-6.015601634979248
-6.947035312652588
-6.499382019042969
-5.463561534881592
-6.1376423835754395
-6.561662197113037
-6.932736396789551
-6.159053325653076
-6.33035945892334
-7.8248138427734375
-8.130058288574219
-7.298581123352051
-7.946263790130615
-6.972033500671387
-7.373330593109131
-8.8980712890625
-8.106600761413574
-8.727850914001465
-8.482515335083008
-9.305994987487793
-10.088696479797363
-9.661121368408203
-10.149639129638672
-9.754440307617188
-10.57142448425293
-9.702343940734863
-10.841516494750977
-10.526517868041992
-11.121580123901367
-10.438386917114258
-11.185074806213379
-11.349034309387207
-11.87963581085205
-12.689767837524414
-12.0364990234375
-12.43012809753418
-11.66635799407959
-12.425296783447266
-12.529047012329102
-12.703412055969238
-12.369991302490234
-13.195318222045898
-13.063941955566406
-13.58387279510498
-13.332635879516602
-13.584444999694824
-13.845148086547852
-14.6157808303833
-14.191259384155273
-15.20802116394043
-14.461756706237793
-14.915336608886719
-15.154169082641602
-15.655220031738281
-15.473376274108887
-15.777801513671875
-15.7708740234375
-15.871137619018555
-16.38604164123535
-15.738182067871094
-17.34926986694336
-17.04729461669922
-16.814762115478516
-17.86098861694336
-16.828237533569336
-17.59290313720703
-17.58538055419922
-15.844528198242188
-3.2669670581817627
-4.4001970291137695
0.0061766416765749454
0.006488490849733353
0.006664121989160776
0.006998091004788876
0.007880025543272495
0.006899823900312185
0.006620532367378473
0.007044837810099125
0.006850083824247122
0.006967267952859402
0.006460211239755154
0.0068563311360776424
0.0063892146572470665
0.006524802651256323
0.006709005683660507
0.006374851800501347
0.006009880919009447
0.006551514379680157
0.0057399580255150795
0.006435845047235489
0.005638123955577612
0.005900988355278969
0.00549521017819643
0.006017094478011131
0.005301515571773052
0.005700571928173304
0.005613207351416349
0.004681146703660488
0.005520747043192387
0.005213529337197542
0.005151077173650265
0.004931536503136158
0.0045376187190413475
0.004297523759305477
0.004803171381354332
0.004292564932256937
0.004417759366333485
0.004528813995420933
0.004057032987475395
0.00395014975219965
0.00355331227183342
0.0038990166503936052
0.004050836432725191
0.0029427632689476013
0.003533732844516635
0.004001321736723185
0.0030167128425091505
0.0030003231950104237
0.0033526334445923567
0.0030951520893722773
0.0022578847128897905
0.0033399153035134077
0.001829659566283226
0.0027043407317250967
0.00217629736289382
0.0026100759860128164
0.002486602636054158
0.0017280088504776359
0.0022114217281341553
0.0025529249105602503
0.001976142404600978
0.0017154465895146132
0.0016187271103262901
0.0019371036905795336
0.0012500174343585968
0.0014897744404152036
0.0016567722195759416
0.0017367603722959757
0.0011294565629214048
0.001702415058389306
0.0011068049352616072
0.001298663206398487
0.0010280743008479476
0.0012425099266692996
0.0014510290930047631
0.0009910056833177805
0.0010111444862559438
0.0009276764467358589
0.0018328467849642038
0.0005005132406949997
0.0015347707085311413
0.0003619484486989677
0.001927478238940239
0.0008066106820479035
0.0009365727310068905
0.0008959321421571076
0.0007434175931848586
0.0012729874579235911
0.0006564623909071088
0.0014483989216387272
0.0009925769409164786
0.0011588968336582184
0.0009167097741737962
0.00138379936106503
0.00064172747079283
0.0011828860733658075
-3.081397533416748
-15.047762870788574
-17.590747833251953
-10.22967529296875
-14.261842727661133
-8.222892761230469
-6.041529178619385
-6.771798610687256
-6.738095283508301
-3.443303346633911
-2.614125967025757
-2.0278515815734863
-2.5667855739593506
-3.597811222076416
-1.846186876296997
-2.752535820007324
-2.386704206466675
-2.3387374877929688
-3.0709712505340576
-3.2474491596221924
-2.9180967807769775
-2.9379477500915527
-3.416954755783081
-3.67146372795105
-4.409430980682373
-3.669208526611328
-4.444418907165527
-4.834816932678223
-5.6505303382873535
-4.800398826599121
-5.706615924835205
-6.079341411590576
-5.161493301391602
-6.059024810791016
-5.39278507232666
-6.336889266967773
-6.209232807159424
-6.616861820220947
-6.5702619552612305
-6.355185508728027
-6.642586708068848
-6.823338508605957
-7.18310022354126
-7.578970432281494
-7.360726356506348
-7.888227939605713
-7.671118259429932
-8.00278377532959
-8.192249298095703
-7.884661674499512
-8.327508926391602
-8.342216491699219
-7.883888244628906
-8.92672348022461
-8.788418769836426
-9.145429611206055
-8.666501998901367
-9.60646915435791
-9.206686019897461
-9.947800636291504
-10.559508323669434
-10.911364555358887
-10.399881362915039
-10.962026596069336
-10.663135528564453
-11.105510711669922
-10.794210433959961
-11.893172264099121
-11.76575756072998
-10.74144172668457
-11.994309425354004
-12.712332725524902
-12.453390121459961
-13.068554878234863
-12.387005805969238
-12.974637985229492
-13.177644729614258
-12.85547161102295
-14.044163703918457
-13.872179985046387
-13.462658882141113
-13.731473922729492
-14.462130546569824
-13.971545219421387
-14.615948677062988
-14.274560928344727
-15.00318431854248
-15.473835945129395
-15.262811660766602
-15.702954292297363
-15.216323852539062
-15.029025077819824
-15.999906539916992
-16.651281356811523
-16.89360809326172
-16.34160041809082
-16.26641845703125
-16.161155700683594
-17.314380645751953
-18.060483932495117
-17.5345516204834
-17.247400283813477
-5.6430463790893555
-5.339098930358887
0.005473622120916843
0.006708873901516199
0.006928107235580683
0.0070815966464579105
0.0073638237081468105
0.00692975427955389
0.006752274930477142
0.007289520464837551
0.006659282837063074
0.006916393991559744
0.006936160381883383
0.006592055317014456
0.006189401727169752
0.00663718581199646
0.006338851060718298
0.006440122611820698
0.0062851146794855595
0.006438948214054108
0.006557464599609375
0.005939313676208258
0.006107937078922987
0.005563825834542513
0.005978736095130444
0.005614193622022867
0.00587561447173357
0.005457418970763683
0.00566657492890954
0.0051820771768689156
0.005159555468708277
0.005220916587859392
0.005278110969811678
0.0045914421789348125
0.0048381974920630455
0.0045972345396876335
0.004465308040380478
0.004438675940036774
0.003936963155865669
0.004308364354074001
0.004044891335070133
0.004239419940859079
0.0034501920454204082
0.0037592556327581406
0.0037697379011660814
0.0035272736568003893
0.0032303850166499615
0.003340185387060046
0.0029956826474517584
0.0030307620763778687
0.0028766461182385683
0.0032213591039180756
0.0024130730889737606
0.002783570671454072
0.0028320481069386005
0.0021202743519097567
0.0025582867674529552
0.0020788738038390875
0.001982402987778187
0.0020967479795217514
0.0026815817691385746
0.0017307621892541647
0.0016596068162471056
0.0015353879425674677
0.0015320517122745514
0.002174734603613615
0.0010981456143781543
0.0018057383131235838
0.0014350969577208161
0.0010714533273130655
0.0015885209431871772
0.0016718918923288584
0.0012306583812460303
0.0005802834639325738
0.0014438626822084188
0.0013578663347288966
0.000986943836323917
0.0012918973807245493
0.0007392199477180839
0.001345789059996605
0.0005756112514063716
0.0008789030835032463
0.0014933866914361715
0.0006448648637160659
0.001111634774133563
0.0013773730024695396
0.000312211865093559
0.0010479185730218887
0.0006538337911479175
0.0013446121010929346
0.001160675659775734
-4.182395059615374e-06
0.00087606196757406
0.001544207101687789
0.0009195551974698901
0.0011067765299230814
0.0007514060125686228
0.0014999211998656392
-6.185497283935547
-17.325420379638672
-19.507301330566406
-12.303373336791992
-14.623896598815918
-8.332404136657715
-4.659099102020264
-5.667868614196777
-6.327569484710693
-3.019892454147339
-3.7856316566467285
-1.73758864402771
-2.989302158355713
-0.9735050201416016
-2.287527084350586
-3.1165075302124023
-3.230163097381592
-3.536565065383911
-3.546661376953125
-3.2694878578186035
-3.6663246154785156
-3.2864203453063965
-3.37660551071167
-2.7720487117767334
-3.8016438484191895
-3.9760093688964844
-4.4459547996521
-5.177501678466797
-4.896858215332031
-4.386248588562012
-4.979225158691406
-5.798985481262207
-5.5259270668029785
-5.058454990386963
-6.187830924987793
-5.5875043869018555
-6.3162336349487305
-6.818041801452637
-7.2395453453063965
-7.658673286437988
-6.978790283203125
-7.522855281829834
-7.808648586273193
-7.147569179534912
-7.7079758644104
-7.5310959815979
-7.103762626647949
-8.028451919555664
-8.108088493347168
-8.117449760437012
-8.402975082397461
-7.795916557312012
-8.414892196655273
-8.634817123413086
-8.064241409301758
-9.601910591125488
-9.301998138427734
-9.391117095947266
-9.545435905456543
-8.807156562805176
-10.189933776855469
-10.069936752319336
-10.263619422912598
-10.745138168334961
-9.919461250305176
-11.07266616821289
-9.974187850952148
-10.439881324768066
-10.294853210449219
-10.385553359985352
-11.020746231079102
-10.878596305847168
-12.027030944824219
-12.729296684265137
-12.093530654907227
-12.460088729858398
-11.746980667114258
-12.747182846069336
-12.662904739379883
-13.714208602905273
-12.53195571899414
-13.5520601272583
-13.219744682312012
-13.202122688293457
-13.532203674316406
-13.420499801635742
-13.978025436401367
-14.037603378295898
-14.625360488891602
-14.46111011505127
-14.35510540008545
-15.105079650878906
-15.513856887817383
-15.757020950317383
-15.2155122756958
-15.633377075195312
-15.593791007995605
-15.275308609008789
-16.14116859436035
-16.203350067138672
-16.443355560302734
-15.664166450500488
-3.4008383750915527
-4.249885082244873
0.005915696267038584
0.006310236640274525
0.006921544671058655
0.006988545414060354
0.007398377172648907
0.006645925343036652
0.006598459091037512
0.00703450059518218
0.0067962161265313625
0.007011511363089085
0.006746654398739338
0.006249918602406979
0.006798111833631992
0.006641460116952658
0.005935783963650465
0.006470921449363232
0.0061653489246964455
0.005979381501674652
0.006126065738499165
0.006336991675198078
0.005205904599279165
0.006270327605307102
0.005717505235224962
0.006036235019564629
0.005541862454265356
0.005035524722188711
0.00513423141092062
0.0048218159936368465
0.005468776915222406
0.0048587741330266
0.005043467506766319
0.00462261401116848
0.004547319374978542
0.00475866487249732
0.0043311952613294125
0.004572078585624695
0.00429189670830965
0.0036499022971838713
0.004127207212150097
0.0036446377635002136
0.004160385113209486
0.0040613142773509026
0.0033521957229822874
0.0032136416994035244
0.0037020742893218994
0.003264566883444786
0.003022701945155859
0.0031703622080385685
0.0027249648701399565
0.0033860623370856047
0.0020833718590438366
0.0029215954709798098
0.0023308892268687487
0.0022083516232669353
0.0028747553005814552
0.0016522392397746444
0.002038965467363596
0.0019012413686141372
0.0026336663868278265
0.0016609873855486512
0.001964313443750143
0.0017908926820382476
0.0017731310799717903
0.0014660463202744722
0.0023515340872108936
0.0011163278250023723
0.0013042965438216925
0.002019752748310566
0.0012151449918746948
0.0009615145390853286
0.0016240442637354136
0.0007470365962944925
0.0014955780934542418
0.0014829847496002913
0.0010404911590740085
0.0004693116061389446
0.001690962933935225
0.0005026543512940407
0.001112701022066176
0.0008578564738854766
0.0009082013857550919
0.0011507400777190924
0.0008840651134960353
0.0009725565323606133
0.0003948514349758625
0.001066245837137103
0.001108078402467072
2.954072624561377e-05
0.0013292935909703374
0.0007677435642108321
0.0005899685202166438
0.001471947180107236
0.0008108275942504406
8.296083979075775e-05
0.0015595655422657728
0.0009904969483613968
-2.2796003818511963
-13.874987602233887
-16.929948806762695
-9.43830394744873
-8.12830638885498
-16.10064125061035
-6.124212741851807
-8.150074005126953
-3.830775022506714
-2.774962902069092
-2.577604055404663
-1.572223424911499
-1.7332208156585693
-2.0470547676086426
-1.8119125366210938
-1.8875682353973389
-2.561582565307617
-2.422720432281494
-2.5314598083496094
-3.0232343673706055
-3.173712968826294
-3.9732658863067627
-3.023618459701538
-3.453554153442383
-4.16556978225708
-4.201875686645508
-4.313474655151367
-4.528017044067383
-4.702699184417725
-4.557592391967773
-4.8458662033081055
-5.188241004943848
-5.402332782745361
-5.98938512802124
-6.352585315704346
-6.211446762084961
-6.218753814697266
-5.419632911682129
-6.180398464202881
-6.755953311920166
-6.624625205993652
-7.493016719818115
-7.44887638092041
-7.779951572418213
-6.5322418212890625
-7.3200178146362305
-7.783300876617432
-8.114729881286621
-7.785038948059082
-7.882160186767578
-7.57077169418335
-9.095376968383789
-8.827348709106445
-9.14193058013916
-9.499893188476562
-8.965185165405273
-9.509674072265625
-8.937901496887207
-10.598356246948242
-9.31047248840332
-8.82323169708252
-9.514456748962402
-10.127843856811523
-10.299847602844238
-10.344611167907715
-11.573745727539062
-11.786256790161133
-11.583105087280273
-10.985750198364258
-11.026067733764648
-12.044462203979492
-11.464996337890625
-12.339265823364258
-12.419977188110352
-12.308164596557617
-12.75684928894043
-11.957782745361328
-11.589288711547852
-11.510335922241211
-11.910985946655273
-12.234829902648926
-12.420431137084961
-12.373448371887207
-13.22216510772705
-14.327960014343262
-13.768739700317383
-14.837915420532227
-15.04206371307373
-14.415326118469238
-15.589576721191406
-14.24647045135498
-15.173924446105957
-14.478967666625977
-14.522054672241211
-15.585286140441895
-15.685190200805664
-16.323867797851562
-15.721341133117676
-16.653120040893555
-16.048633575439453
-17.697826385498047
-16.18304443359375
-3.98384165763855
-4.37470006942749
0.006064859218895435
0.006152890156954527
0.006815202534198761
0.006688596215099096
0.007612572517246008
0.006782751530408859
0.006770937703549862
0.006719677709043026
0.006320694927126169
0.006828588433563709
0.006623248104006052
0.006406316999346018
0.006699924357235432
0.005812692455947399
0.006935703102499247
0.005939575843513012
0.006578089203685522
0.005831798072904348
0.00570580642670393
0.0062008751556277275
0.005745439324527979
0.005957522429525852
0.005582381039857864
0.005968351382762194
0.005273225251585245
0.005483466200530529
0.00548627320677042
0.005400924477726221
0.005075671710073948
0.004574737511575222
0.004935941193252802
0.004720198921859264
0.004596631042659283
0.004692038055509329
0.004741556476801634
0.004033748060464859
0.00420469231903553
0.003915935289114714
0.003802308812737465
0.0037453596014529467
0.004413144662976265
0.003398219821974635
0.0032379988115280867
0.0034104089718312025
0.003298796247690916
0.003099679946899414
0.003553450107574463
0.0025884676724672318
0.0029591333586722612
0.0029327799566090107
0.0028533583972603083
0.002282560570165515
0.002007251139730215
0.002961426507681608
0.002419392578303814
0.0021149362437427044
0.0021679620258510113
0.0020453340839594603
0.002138247713446617
0.0019809387158602476
0.0014605725882574916
0.0019130369182676077
0.0014597175177186728
0.0016118206549435854
0.0019851461984217167
0.0010626557050272822
0.001197293633595109
0.0010199997341260314
0.0015903990715742111
0.0009488266077823937
0.001672551385127008
0.0011167103657498956
0.000910752103663981
0.00173286534845829
0.000658094126265496
0.0015024481108412147
0.0008273705607280135
0.0007155052153393626
0.0010085147805511951
0.0007856186712160707
0.00044996896758675575
0.0010551279410719872
0.0010800325544551015
0.000991901382803917
0.0005888205487281084
0.0010154492920264602
0.0012114152777940035
0.0005305313388817012
0.0012658608611673117
0.0006481619784608483
0.000983287813141942
0.0014372330624610186
0.0005935970693826675
0.0016979246865957975
0.0009614689042791724
0.0010919502237811685
-6.639085292816162
-18.859119415283203
-19.73284912109375
-11.543375015258789
-10.6260986328125
-11.900522232055664
-7.799880027770996
-8.48686408996582
-6.838787078857422
-4.626332759857178
-4.376303195953369
-3.2280285358428955
-2.861639976501465
-3.415503740310669
-2.345784902572632
-2.616685152053833
-2.3375658988952637
-3.4831573963165283
-2.879244565963745
-2.7845113277435303
-3.438816547393799
-2.7049102783203125
-3.545264720916748
-3.554497480392456
-3.4357693195343018
-3.8680412769317627
-3.823582887649536
-3.642894744873047
-5.215434551239014
-4.671169757843018
-4.918328762054443
-5.881303787231445
-4.520838260650635
-5.60335636138916
-5.841926097869873
-5.971592426300049
-6.396815299987793
-5.441586494445801
-5.556494235992432
-6.2632646560668945
-6.028659343719482
-7.436254024505615
-6.9997878074646
-7.949232578277588
-7.140536308288574
-7.621950626373291
-7.709299564361572
-8.1384859085083
-7.404627799987793
-8.342059135437012
-8.55810260772705
-8.637388229370117
-8.006668090820312
-8.943809509277344
-8.95502758026123
-9.552080154418945
-9.86909294128418
-9.339278221130371
-9.14747428894043
-9.499022483825684
-11.311056137084961
-10.053507804870605
-10.24754810333252
-10.244778633117676
-10.633662223815918
-10.352996826171875
-11.036949157714844
-10.578163146972656
-10.015854835510254
-10.941644668579102
-10.95573616027832
-10.60257339477539
-12.184432983398438
-12.412140846252441
-11.991357803344727
-13.02592945098877
-13.401779174804688
-13.174386978149414
-13.48974609375
-14.301050186157227
-13.880602836608887
-12.881631851196289
-13.379150390625
-13.422920227050781
-14.9179048538208
-14.2572603225708
-14.598190307617188
-14.671435356140137
-14.506368637084961
-15.501565933227539
-15.655316352844238
-14.691706657409668
-14.812623977661133
-15.254000663757324
-15.44477653503418
-15.949923515319824
-15.72657585144043
-16.93393325805664
-17.269609451293945
-16.893665313720703
-16.300161361694336
-16.23815155029297
-3.821293592453003
-4.398985862731934
0.005939800292253494
0.006128272973001003
0.006407859269529581
0.007257259450852871
0.007917724549770355
0.006588323507457972
0.006703672464936972
0.006961815059185028
0.006293787155300379
0.0070255412720143795
0.006414923816919327
0.006496029905974865
0.006646483205258846
0.006247739307582378
0.0066238828003406525
0.0063588558696210384
0.006138144060969353
0.005980826914310455
0.0056649474427104
0.006042687222361565
0.005890741944313049
0.0059555754996836185
0.005590302869677544
0.005810470320284367
0.005792996380478144
0.005221146624535322
0.0054494645446538925
0.004666453693062067
0.005544942803680897
0.005122635513544083
0.004493876360356808
0.004763433244079351
0.004896746017038822
0.004255339037626982
0.004831487778574228
0.004296021070331335
0.004419972188770771
0.003689087461680174
0.004332107026129961
0.0036099650897085667
0.003928567748516798
0.00394224701449275
0.003181273117661476
0.0040171025320887566
0.003113452112302184
0.0029992193449288607
0.003122329246252775
0.003692814614623785
0.0028518945910036564
0.002697952091693878
0.0026159018743783236
0.0028123981319367886
0.002766622696071863
0.00239893258549273
0.002040116349235177
0.0028094348963350058
0.001839939272031188
0.002270139055326581
0.0023798118345439434
0.002255094703286886
0.001594232744537294
0.0020580068230628967
0.0016464687651023269
0.0018055957043543458
0.001908651553094387
0.0012135981814935803
0.0016878910828381777
0.0010092512238770723
0.0015194492880254984
0.0010282824514433742
0.0012764654820784926
0.0010511891450732946
0.0012053183745592833
0.0012106415815651417
0.0011793378507718444
0.0012190613197162747
0.001605125144124031
0.00037224352126941085
0.0011199797736480832
0.0010492283618077636
0.0007974408799782395
0.0010640932014212012
0.00037712964694947004
0.0010451956186443567
0.0009434843668714166
0.000984154874458909
0.0007593623595312238
0.0008139546844176948
0.0006691858870908618
0.0013889055699110031
0.0007496325997635722
0.0009975007269531488
0.0009723585098981857
0.0006457545678131282
0.0007359465234912932
0.0014494790229946375
-5.427563667297363
-17.750469207763672
-19.966079711914062
-12.46119213104248
-15.03387451171875
-15.475746154785156
-4.83078145980835
-10.32949447631836
-8.403514862060547
-2.119823932647705
-2.643113613128662
-1.6482269763946533
-1.7963874340057373
-1.7471065521240234
-1.4236931800842285
-2.6567981243133545
-2.8202314376831055
-2.4604148864746094
-2.392033576965332
-2.7249326705932617
-3.4983532428741455
-3.8754611015319824
-4.308266639709473
-3.905003070831299
-3.777263641357422
-3.1496829986572266
-3.8432540893554688
-4.43612003326416
-4.512648582458496
-4.331965446472168
-5.4877705574035645
-5.538396835327148
-5.421212673187256
-6.297985553741455
-5.87253999710083
-5.67028284072876
-6.112401008605957
-5.882598400115967
-6.130639553070068
-7.277318477630615
-6.794684410095215
-8.134730339050293
-7.4625749588012695
-7.2281694412231445
-8.032282829284668
-7.4641265869140625
-7.558289527893066
-7.854137420654297
-7.018873691558838
-9.500128746032715
-8.993529319763184
-8.215398788452148
-8.62763786315918
-8.368422508239746
-8.427834510803223
-9.129728317260742
-9.166051864624023
-9.305829048156738
-9.217829704284668
-9.579509735107422
-9.448636054992676
-9.045835494995117
-9.543298721313477
-9.767879486083984
-10.204299926757812
-10.469148635864258
-10.957738876342773
-10.826833724975586
-11.39025592803955
-11.267671585083008
-10.899736404418945
-11.702818870544434
-10.803069114685059
-11.972288131713867
-11.862116813659668
-13.138040542602539
-12.86750602722168
-12.99299144744873
-13.501138687133789
-12.389369010925293
-12.222390174865723
-13.730440139770508
-13.531700134277344
-13.684794425964355
-14.070460319519043
-13.242486953735352
-13.698338508605957
-13.98865795135498
-15.261792182922363
-15.830972671508789
-14.771324157714844
-15.275079727172852
-16.054752349853516
-16.176664352416992
-15.367761611938477
-15.658801078796387
-15.354515075683594
-16.129854202270508
-16.219993591308594
-16.216604232788086
-16.272098541259766
-16.193004608154297
-4.447401523590088
-3.88917875289917
0.00560602406039834
0.0068017602898180485
0.006647278554737568
0.006883369293063879
0.0074763172306120396
0.007256872020661831
0.006769111845642328
0.006656956858932972
0.0064230686984956264
0.006991486996412277
0.006924131419509649
0.006375941447913647
0.006714897695928812
0.006128367967903614
0.005900525022298098
0.006853411439806223
0.005958041176199913
0.0062530189752578735
0.005914862733334303
0.00579602038487792
0.006184933241456747
0.005448441486805677
0.005495919845998287
0.005491581745445728
0.005730688106268644
0.005026775412261486
0.005640291143208742
0.005404657684266567
0.004659348167479038
0.005479828454554081
0.004222732502967119
0.004940500482916832
0.004641663283109665
0.004504733718931675
0.004545127507299185
0.00450153648853302
0.003991895820945501
0.004366924986243248
0.0035860941279679537
0.004094191361218691
0.0039888531900942326
0.003434217069298029
0.0037554241716861725
0.003772471798583865
0.0027915840037167072
0.003585022408515215
0.003422807203605771
0.0027792933396995068
0.0029550213366746902
0.0025168948341161013
0.002944060368463397
0.0024928320199251175
0.0031711074989289045
0.0022301285061985254
0.0023419884964823723
0.002268133917823434
0.0020041887182742357
0.0024118113797158003
0.002180767711251974
0.0013620896497741342
0.00229203631170094
0.00180127564817667
0.0012424091110005975
0.0014743910869583488
0.0018683526432141662
0.0017004350665956736
0.001015920890495181
0.0010574462357908487
0.0017685138154774904
0.001341294264420867
0.0013914600713178515
0.000707117491401732
0.0011740687768906355
0.0015013916417956352
0.0005022461409680545
0.0016131441807374358
0.0011579208076000214
0.0006479625590145588
0.0005957986577413976
0.001578881754539907
0.0007703035371378064
0.0010816262802109122
0.0011120341951027513
0.0005985551397316158
0.0008268171222880483
0.0005149607313796878
0.0011309058172628284
0.0006769336177967489
0.0012892588274553418
0.0010452463757246733
0.0005436005885712802
0.0015373711939901114
0.000826263683848083
0.0005578263662755489
0.0009199160267598927
0.0012347366428002715
-2.6814255714416504
-14.2111177444458
-18.20284652709961
-11.282644271850586
-6.819403171539307
-14.204678535461426
-5.7681145668029785
-6.715956211090088
-3.8361568450927734
-2.1304736137390137
-1.794142723083496
-1.1482369899749756
-3.171708583831787
-2.6230413913726807
-2.4325647354125977
-1.4631348848342896
-1.7702118158340454
-2.2408833503723145
-3.3184382915496826
-3.504065990447998
-3.841853618621826
-4.009110450744629
-3.96832275390625
-3.603642225265503
-3.8557944297790527
-3.342459201812744
-3.42802095413208
-3.4182822704315186
-4.112595081329346
-5.143521308898926
-4.704575061798096
-4.965094566345215
-5.445679664611816
-7.370633602142334
-7.065342903137207
-6.440448760986328
-6.594445705413818
-6.024600028991699
-6.425791263580322
-6.454427242279053
-6.790078163146973
-7.811692714691162
-7.221012115478516
-7.232231140136719
-7.701689720153809
-7.916478157043457
-7.759768009185791
-8.753957748413086
-8.043924331665039
-8.120197296142578
-8.919790267944336
-9.808012008666992
-9.362764358520508
-8.47153377532959
-8.433700561523438
-9.495184898376465
-8.868034362792969
-8.459619522094727
-8.671128273010254
-9.088773727416992
-9.433650016784668
-9.696820259094238
-10.032876968383789
-10.822489738464355
-10.373931884765625
-10.855483055114746
-11.332940101623535
-10.97989273071289
-11.895246505737305
-11.142752647399902
-11.995610237121582
-11.855957984924316
-11.522768020629883
-11.012825012207031
-11.981756210327148
-12.027626037597656
-12.35461711883545
-12.59153938293457
-12.828575134277344
-11.92417049407959
-13.167266845703125
-13.1480712890625
-13.35742473602295
-14.293024063110352
-14.627235412597656
-14.041452407836914
-14.13947868347168
-14.837312698364258
-14.211880683898926
-14.835406303405762
-14.981267929077148
-15.766576766967773
-15.844914436340332
-16.445819854736328
-15.80389404296875
-15.9412202835083
-16.63910484313965
-16.26812171936035
-17.343303680419922
-15.805813789367676
-16.932178497314453
-16.31951332092285
-4.949237823486328
-4.615428447723389
0.005973405670374632
0.005951735191047192
0.006783524062484503
0.007413988467305899
0.007506991270929575
0.0065124123357236385
0.006639947183430195
0.006748024374246597
0.0067681195214390755
0.006964323576539755
0.006392891053110361
0.006472364068031311
0.0062310583889484406
0.0067076412960886955
0.006491564214229584
0.006207447499036789
0.006206308491528034
0.005933364853262901
0.005931437946856022
0.00631765415892005
0.005608891136944294
0.005865258164703846
0.005159369669854641
0.006135367788374424
0.005496637895703316
0.005060981027781963
0.0053794123232364655
0.006130362395197153
0.004815570078790188
0.005136929918080568
0.005040460266172886
0.004602991975843906
0.004577077925205231
0.004580952692776918
0.004418100696057081
0.004414076916873455
0.003851319197565317
0.004198775626718998
0.00404223520308733
0.0036908723413944244
0.003682740032672882
0.004126107785850763
0.0031730313785374165
0.003526541870087385
0.0033429793547838926
0.003126338589936495
0.003277560230344534
0.0030835927464067936
0.0023676082491874695
0.0029542273841798306
0.002844030736014247
0.002550333272665739
0.002639098558574915
0.0026350156404078007
0.0019258074462413788
0.0026501822285354137
0.0018255191389471292
0.0026105877477675676
0.0022319252602756023
0.0013278169790282845
0.0026971600018441677
0.0016861666226759553
0.0017570260679349303
0.001254922361113131
0.0020750288385897875
0.001300533302128315
0.0010454427683725953
0.0011950315674766898
0.0018494889372959733
0.0012464909814298153
0.001130780321545899
0.0015191748971119523
0.0008535009110346437
0.00153088488150388
0.0014613920357078314
0.0008284039795398712
0.0009735707426443696
0.0007333927205763757
0.0011007592547684908
0.0013085396494716406
0.0011515410151332617
0.0006252963794395328
0.0009669304126873612
0.0012205999810248613
0.0005518827820196748
0.0012741307727992535
0.000589743081945926
0.0007232438074424863
0.0012688966235145926
0.0009169794502668083
0.0009635297465138137
0.0007655110093764961
0.000933441799134016
0.0008067575981840491
0.0012206790270283818
0.0014876725617796183
-3.986553907394409
-16.88892364501953
-18.312564849853516
-11.346656799316406
-17.090917587280273
-9.515929222106934
-6.146528244018555
-5.1310648918151855
-4.633431911468506
-2.7218210697174072
-3.1838507652282715
-2.3036980628967285
-2.5586838722229004
-2.9696478843688965
-1.7822109460830688
-2.3343937397003174
-2.519097089767456
-2.7194299697875977
-2.7011404037475586
-2.4206604957580566
-3.1624693870544434
-4.083281517028809
-3.8855183124542236
-4.37986421585083
-4.15980339050293
-4.315127849578857
-3.548401355743408
-4.433957576751709
-5.085568428039551
-5.313272953033447
-5.492217063903809
-5.3613786697387695
-6.222904205322266
-6.27200984954834
-6.644661903381348
-6.1960835456848145
-7.196112632751465
-6.9642486572265625
-7.306504726409912
-6.710690498352051
-6.438784599304199
-6.419278144836426
-7.716131687164307
-7.390739440917969
-7.6868181228637695
-8.36888313293457
-7.458375453948975
-8.113981246948242
-8.912618637084961
-8.489161491394043
-8.838563919067383
-7.917819976806641
-8.665043830871582
-8.831781387329102
-8.763364791870117
-9.733232498168945
-9.749882698059082
-10.470389366149902
-8.465964317321777
-9.49869155883789
-10.06640911102295
-10.077001571655273
-9.754785537719727
-10.279680252075195
-10.469644546508789
-10.968290328979492
-10.409419059753418
-10.9074068069458
-11.467580795288086
-11.118956565856934
-11.650313377380371
-11.143500328063965
-11.987066268920898
-12.0839262008667
-12.04142951965332
-12.86444091796875
-12.055933952331543
-12.737092971801758
-13.084918022155762
-12.578092575073242
-12.45215129852295
-12.465356826782227
-13.705438613891602
-13.564854621887207
-13.332277297973633
-13.856844902038574
-13.878092765808105
-13.97382640838623
-14.62584114074707
-15.482343673706055
-15.539833068847656
-15.458378791809082
-14.937647819519043
-15.604207992553711
-15.61536693572998
-15.42530345916748
-15.640464782714844
-16.19972038269043
-15.62957763671875
-16.03470802307129
-15.466012954711914
-14.948493957519531
-3.8795623779296875
-4.521696090698242
0.005679180379956961
0.0061911121010780334
0.00672821095213294
0.006976268254220486
0.007373762782663107
0.007038027048110962
0.0065309577621519566
0.007242226041853428
0.006285964511334896
0.006732146255671978
0.006859296001493931
0.006304943468421698
0.0068956054747104645
0.005837219301611185
0.006487691309303045
0.006346769630908966
0.005901793949306011
0.006360291503369808
0.005624681245535612
0.0061387671157717705
0.00583131518214941
0.005502588115632534
0.005856186617165804
0.0062415883876383305
0.00544217973947525
0.005011384841054678
0.005659406539052725
0.005202188156545162
0.005125032272189856
0.005095400847494602
0.0051839412190020084
0.004779171198606491
0.00446272874251008
0.004725358448922634
0.004665536340326071
0.00424841046333313
0.0047057559713721275
0.003864021971821785
0.003329954342916608
0.004129142500460148
0.0041845496743917465
0.0034300540573894978
0.0033792119938880205
0.0036052267532795668
0.002981997560709715
0.0033599219750612974
0.0030785314738750458
0.003185595152899623
0.0029048810247331858
0.003232452552765608
0.0027164011262357235
0.0023329744581133127
0.002854251768440008
0.0022055015433579683
0.00197886792011559
0.0029473307076841593
0.0023818782065063715
0.0011931078042834997
0.0023525129072368145
0.002181870164349675
0.001768578076735139
0.0020257688593119383
0.0007663085125386715
0.0017879903316497803
0.0016280285781249404
0.0012543575139716268
0.0017038279911503196
0.0014878647634759545
0.0013498938642442226
0.001302968361414969
0.0007782383472658694
0.0014513051137328148
0.0013829023810103536
0.0009735389612615108
0.0009854563977569342
0.0011015129275619984
0.0007262728177011013
0.0011148374760523438
0.0012968064984306693
0.0007310941000469029
0.0008109803311526775
0.0009944895282387733
0.0013113341992720962
0.0005844114348292351
0.0008577898843213916
0.0010572918690741062
0.0005691908299922943
0.0008283116039820015
0.0009897870477288961
0.0006915056146681309
0.0010263457661494613
0.001145721529610455
0.0008005278068594635
0.0013016224838793278
0.0003184925299137831
0.0015855130041018128
-6.4498419761657715
-19.72616958618164
-19.896648406982422
-12.383959770202637
-10.384076118469238
-8.191644668579102
-5.015721321105957
-6.342503547668457
-8.110589027404785
-4.771154403686523
-3.822017192840576
-2.825662851333618
-2.9053287506103516
-4.305962562561035
-2.703674554824829
-2.2578399181365967
-2.6259779930114746
-2.6553173065185547
-3.466848373413086
-2.8728275299072266
-2.576280117034912
-3.00307035446167
-3.291741132736206
-3.8902382850646973
-4.270094394683838
-5.230624198913574
-4.251021385192871
-5.055074691772461
-3.7656941413879395
-4.957718372344971
-4.953529357910156
-5.056859970092773
-5.376732349395752
-5.383650302886963
-5.897558689117432
-6.05425500869751
-6.990418910980225
-7.097530364990234
-6.834867000579834
-7.3347015380859375
-7.07336950302124
-7.297071933746338
-7.733683109283447
-7.944910526275635
-7.397009372711182
-7.983665466308594
-7.4345502853393555
-8.805676460266113
-8.142046928405762
-8.224811553955078
-9.240580558776855
-8.47971248626709
-8.333162307739258
-9.302472114562988
-8.787293434143066
-10.56486701965332
-10.112434387207031
-9.89692497253418
-9.394978523254395
-9.878576278686523
-11.11259651184082
-11.096796035766602
-10.078710556030273
-10.670141220092773
-10.837501525878906
-10.309425354003906
-11.366072654724121
-10.218338966369629
-10.736238479614258
-11.289441108703613
-11.122041702270508
-11.541204452514648
-11.911828994750977
-12.118209838867188
-12.525337219238281
-13.234731674194336
-12.407857894897461
-12.625882148742676
-12.786659240722656
-12.737787246704102
-12.222051620483398
-12.7962646484375
-13.803797721862793
-13.80175495147705
-13.420074462890625
-12.959321975708008
-12.788599014282227
-14.098846435546875
-14.027789115905762
-14.600105285644531
-14.849288940429688
-14.854684829711914
-15.125570297241211
-14.918397903442383
-16.294803619384766
-15.230924606323242
-16.04781150817871
-15.194195747375488
-15.236448287963867
-16.147294998168945
-15.32507038116455
-15.885516166687012
-3.289438247680664
-4.4048686027526855
0.005571167450398207
0.006508620921522379
0.006718880031257868
0.007136991713196039
0.007624677382409573
0.006452460773289204
0.006990138441324234
0.0069150859490036964
0.006518594920635223
0.006387888453900814
0.006693169474601746
0.006673367228358984
0.006775011774152517
0.006228333804756403
0.006071682088077068
0.006648217793554068
0.0059454431757330894
0.006029662676155567
0.0059775300323963165
0.006015158724039793
0.005881425924599171
0.00583640718832612
0.006109535228461027
0.0055912514217197895
0.005607106722891331
0.005213345400989056
0.004792730789631605
0.005478492472320795
0.0054654888808727264
0.005045458674430847
0.004460422787815332
0.005218746606260538
0.004447890445590019
0.004924573935568333
0.0038486309349536896
0.0048345220275223255
0.00389477307908237
0.004055733326822519
0.00401740986853838
0.004050500225275755
0.0041115726344287395
0.0032962635159492493
0.0037485617212951183
0.0035203180741518736
0.002883326727896929
0.0035244147293269634
0.0034602954983711243
0.002589223673567176
0.0031782023143023252
0.0029065499547868967
0.0032438281923532486
0.002042478881776333
0.0028815034311264753
0.0023844996467232704
0.002108653075993061
0.0022312006913125515
0.002414451912045479
0.002174649853259325
0.0012703738175332546
0.0021812249906361103
0.002535067033022642
0.0015403043944388628
0.0013085291720926762
0.0016704524168744683
0.0019309909548610449
0.001758042722940445
0.0016028076643124223
0.0010069713462144136
0.0020915346685796976
0.0012250188738107681
0.0013188463635742664
0.0009487249189987779
0.0019870928954333067
0.0013358271680772305
0.00042258482426404953
0.0008168382337316871
0.0015904369065538049
0.00131377880461514
0.0009179124608635902
0.0006859417771920562
0.0012126980582252145
0.0008345154928974807
0.0010880272602662444
0.0007874976145103574
0.0012252579908818007
0.0007377358269877732
0.0009940295713022351
0.0008847133140079677
0.0008166111074388027
0.0011209611548110843
0.0006035277619957924
0.0013527160044759512
0.0006554756546393037
0.0009402184514328837
0.001607250072993338
0.0013764334144070745
-3.2208361625671387
-15.978434562683105
-18.410648345947266
-10.812623977661133
-8.89749813079834
-14.872973442077637
-5.938483238220215
-7.343825340270996
-4.292366981506348
-2.19502592086792
-1.7291396856307983
-2.1620736122131348
-2.497725486755371
-2.1743762493133545
-2.182419538497925
-1.7657676935195923
-3.1424739360809326
-1.7854864597320557
-3.217606782913208
-2.738882541656494
-2.9422659873962402
-2.4628844261169434
-3.0449581146240234
-2.9720892906188965
-3.901944398880005
-4.830259323120117
-4.991344928741455
-5.088583946228027
-4.871448040008545
-4.6469621658325195
-5.740108966827393
-5.4111480712890625
-5.226212501525879
-6.272160053253174
-5.517993927001953
-6.113387107849121
-6.72204065322876
-6.32883358001709
-7.374924659729004
-6.981809139251709
-7.169591426849365
-7.458113670349121
-7.012030124664307
-7.113210201263428
-8.116194725036621
-8.225677490234375
-6.878094673156738
-7.578099250793457
-7.24475622177124
-8.742010116577148
-8.85559368133545
-8.510913848876953
-8.378010749816895
-8.977357864379883
-9.053568840026855
-9.721729278564453
-9.905718803405762
-9.44901180267334
-9.322792053222656
-9.306999206542969
-9.032967567443848
-9.958918571472168
-9.812390327453613
-10.485499382019043
-10.603976249694824
-10.439584732055664
-10.537875175476074
-10.997031211853027
-11.912009239196777
-11.952718734741211
-11.364017486572266
-12.031789779663086
-11.305363655090332
-12.815780639648438
-12.29211711883545
-12.187518119812012
-12.641364097595215
-12.935159683227539
-13.057823181152344
-12.944616317749023
-13.598179817199707
-12.9850435256958
-12.824090957641602
-13.439979553222656
-14.266693115234375
-14.120706558227539
-14.518710136413574
-14.54326057434082
-14.052309036254883
-14.6690673828125
-14.82960033416748
-14.65514087677002
-15.014607429504395
-16.081886291503906
-15.80073070526123
-15.456914901733398
-16.222808837890625
-17.344310760498047
-16.329267501831055
-16.73253631591797
-16.764209747314453
-15.726661682128906
-3.587439775466919
-4.085923194885254
0.006037295795977116
0.006238135974854231
0.0066266655921936035
0.007128351368010044
0.0074937776662409306
0.006795183755457401
0.006564328912645578
0.007024893071502447
0.006504983641207218
0.006698352750390768
0.006648757494986057
0.006538300309330225
0.006652315147221088
0.006141419522464275
0.006292227655649185
0.006513596978038549
0.0059913769364356995
0.006216523237526417
0.005744078196585178
0.005995966028422117
0.006083095446228981
0.005812877789139748
0.0055917734280228615
0.005851894151419401
0.005424642935395241
0.005396875087171793
0.005297166295349598
0.005218540318310261
0.005448049865663052
0.005032649263739586
0.005335538648068905
0.004791988059878349
0.004177432507276535
0.00456024706363678
0.0048673334531486034
0.004256588406860828
0.004454784095287323
0.004088208544999361
0.0036511856596916914
0.0037547782994806767
0.004254014231264591
0.003833932103589177
0.0037813219241797924
0.003730849828571081
0.002802675822749734
0.0028413140680640936
0.0031347456388175488
0.003360460279509425
0.002713992726057768
0.00302189402282238
0.0027426942251622677
0.0023335148580372334
0.00244048610329628
0.0025931394193321466
0.002762134885415435
0.002161238808184862
0.0026068526785820723
0.0014634623657912016
0.0022033830173313618
0.0025094712618738413
0.0015546424547210336
0.0019649164751172066
0.0017330953851342201
0.0013840210158377886
0.0014157993718981743
0.0018317330395802855
0.00132920709438622
0.0011521419510245323
0.001140221836976707
0.001340285292826593
0.0015272771706804633
0.0011402256786823273
0.002000801730901003
0.0005256272852420807
0.0008546205935999751
0.0011995696695521474
0.0009681024821475148
0.0013119082432240248
0.0003263097896706313
0.0010657899547368288
0.001491376431658864
0.0006714261253364384
0.0007895936141721904
0.0008585432660765946
0.0011465843999758363
0.00039721341454423964
0.0016452397685498
0.000767964986152947
0.0003537654993124306
0.0016308374470099807
0.0007475932943634689
0.00045937849790789187
0.0012670715805143118
0.000955008901655674
0.0005489545874297619
0.0012334856437519193
-2.103728771209717
-13.261430740356445
-16.967571258544922
-9.802806854248047
-9.13084602355957
-15.9126615524292
-6.317118167877197
-6.666863441467285
-3.7004237174987793
-2.1521522998809814
-2.6509833335876465
-1.607042908668518
-1.8320633172988892
-2.118467092514038
-1.8129392862319946
-2.5136008262634277
-2.5395193099975586
-2.3357434272766113
-2.810523271560669
-2.156689167022705
-3.3053176403045654
-3.2680060863494873
-4.392640113830566
-3.5799834728240967
-3.6560566425323486
-4.072314262390137
-5.093441963195801
-4.804895877838135
-5.296382427215576
-4.37495231628418
-5.119084358215332
-5.506047248840332
-5.692932605743408
-6.435786247253418
-6.452298164367676
-6.733407497406006
-6.6069746017456055
-6.84109354019165
-6.427267551422119
-7.46392297744751
-6.767600059509277
-7.613877773284912
-7.2927093505859375
-6.9345383644104
-7.883169651031494
-8.619662284851074
-8.703619003295898
-9.313600540161133
-8.268754959106445
-8.081558227539062
-8.415684700012207
-9.235239028930664
-9.020282745361328
-9.577028274536133
-9.392924308776855
-9.043962478637695
-9.672565460205078
-9.733563423156738
-10.169657707214355
-9.227229118347168
-10.34787368774414
-9.520020484924316
-10.658964157104492
-10.345949172973633
-10.206276893615723
-10.606825828552246
-11.297977447509766
-11.053772926330566
-11.748773574829102
-11.513856887817383
-12.005224227905273
-12.187639236450195
-12.031506538391113
-11.433324813842773
-10.907590866088867
-12.422442436218262
-12.587693214416504
-13.293192863464355
-12.82274341583252
-12.880369186401367
-12.874333381652832
-14.16505241394043
-13.607523918151855
-14.459383964538574
-13.851590156555176
-14.416020393371582
-13.939982414245605
-14.50328254699707
-14.439292907714844
-14.811643600463867
-15.340066909790039
-15.685426712036133
-15.13696575164795
-15.764368057250977
-15.387748718261719
-17.079103469848633
-16.160253524780273
-16.29183006286621
-17.25870132446289
-17.06220817565918
-16.955387115478516
-16.248462677001953
-7.612723350524902
-4.009465217590332
0.006275425665080547
0.006306969560682774
0.0067284018732607365
0.007145747542381287
0.007229641079902649
0.006994273513555527
0.006829914636909962
0.006614203564822674
0.007049161940813065
0.006497862283140421
0.006443607155233622
0.006617809645831585
0.006383431144058704
0.006151016801595688
0.006444650236517191
0.0063800206407904625
0.005829756148159504
0.006291083060204983
0.006372909061610699
0.005924076307564974
0.0054513816721737385
0.005822466220706701
0.0055325450375676155
0.006291396915912628
0.005657999310642481
0.005351333878934383
0.005462408997118473
0.005178860388696194
0.005434214137494564
0.004243817180395126
0.005017285235226154
0.00466917222365737
0.004843650385737419
0.004686566069722176
0.0047872671857476234
0.004097132943570614
0.003920727409422398
0.004420713521540165
0.003635083558037877
0.003986724186688662
0.004234634339809418
0.003517520148307085
0.003728266106918454
0.0030102161690592766
0.0033214029390364885
0.00336245889775455
0.0028324017766863108
0.003132496029138565
0.0028414814732968807
0.0026567697059363127
0.0033842020202428102
0.00236080726608634
0.002988467225804925
0.0022103735245764256
0.0020534354262053967
0.0023298244923353195
0.0021264096722006798
0.0022568125277757645
0.0018337985966354609
0.002192497719079256
0.001982102170586586
0.0021246103569865227
0.0009265331318601966
0.0023497468791902065
0.001465355628170073
0.0017254147678613663
0.001513491035439074
0.0016814593691378832
0.000823692767880857
0.0015539858723059297
0.001131195924244821
0.001612508436664939
0.0008366205729544163
0.00105158775113523
0.001432421850040555
0.0005461302353069186
0.0014198676217347383
0.0006371921044774354
0.0012239014031365514
0.0009268142166547477
0.0010790860978886485
0.0005053531494922936
0.0014040179084986448
0.0006793283973820508
0.0007503288798034191
0.0011759657645598054
0.0006873063393868506
0.0013035268057137728
0.0013729605125263333
0.0006205394165590405
0.00045994011452421546
0.0017644877079874277
0.0011525368317961693
0.0006784825818613172
0.0009334535570815206
0.0010632929624989629
-5.357201099395752
-17.95807647705078
-19.716190338134766
-11.267529487609863
-12.369185447692871
-18.4990177154541
-6.58922815322876
-8.911233901977539
-6.189176082611084
-2.3100028038024902
-1.951178789138794
-1.6153961420059204
-2.096284866333008
-2.2152531147003174
-1.8530162572860718
-2.170135259628296
-1.8532226085662842
-2.8015332221984863
-2.6496317386627197
-3.3082950115203857
-3.2143337726593018
-3.0981783866882324
-4.02031135559082
-4.140077590942383
-4.297593116760254
-3.9845080375671387
-4.082137107849121
-3.8315188884735107
-5.511138439178467
-5.316740036010742
-5.048879623413086
-5.4129767417907715
-5.835944175720215
-6.570481300354004
-6.423868656158447
-6.828863620758057
-7.619618892669678
-6.659095764160156
-6.214354515075684
-6.507421970367432
-6.343375205993652
-6.596457481384277
-8.018632888793945
-7.538814544677734
-8.110944747924805
-6.608578681945801
-7.476342678070068
-7.692591190338135
-7.953139305114746
-8.47868824005127
-8.624421119689941
-8.498298645019531
-9.391151428222656
-9.03126335144043
-9.258904457092285
-10.008546829223633
-8.91064739227295
-9.017045974731445
-9.06098747253418
-10.182856559753418
-9.541181564331055
-10.463678359985352
-11.080759048461914
-10.194048881530762
-10.42972183227539
-10.303350448608398
-10.90252685546875
-10.183111190795898
-10.245293617248535
-11.075399398803711
-11.827184677124023
-11.470065116882324
-11.619864463806152
-12.07993221282959
-11.97347640991211
-12.389266014099121
-12.365962028503418
-13.488637924194336
-13.589410781860352
-13.294604301452637
-13.134672164916992
-12.90019702911377
-13.453102111816406
-13.199499130249023
-13.963602066040039
-13.374502182006836
-13.820330619812012
-14.287115097045898
-14.607439994812012
-14.663091659545898
-13.981287002563477
-14.469900131225586
-15.285493850708008
-14.921452522277832
-14.824254989624023
-15.409019470214844
-15.204997062683105
-16.4267520904541
-16.498403549194336
-16.888641357421875
-16.555532455444336
-15.729039192199707
-3.6611485481262207
-4.161386013031006
0.005946032702922821
0.006278388202190399
0.0067667230032384396
0.007138832472264767
0.0071020470932126045
0.00708669051527977
0.0066169993951916695
0.007078374270349741
0.0068233259953558445
0.006452624686062336
0.006633686367422342
0.0067020682618021965
0.006476529873907566
0.006296820938587189
0.006459209136664867
0.006235234439373016
0.006085359491407871
0.006011536344885826
0.006273183040320873
0.006284826900810003
0.005562768317759037
0.0062230597250163555
0.005659790243953466
0.00519372895359993
0.0057794093154370785
0.005587508901953697
0.005320079158991575
0.005124148912727833
0.005284445825964212
0.004866957664489746
0.0043854666873812675
0.0049839019775390625
0.0047047496773302555
0.004713684320449829
0.0042289867997169495
0.004095565527677536
0.004670228809118271
0.004280512221157551
0.0034937530290335417
0.004141129553318024
0.0035394381266087294
0.0038512025494128466
0.003958617802709341
0.002915438963100314
0.0035324334166944027
0.0028302299324423075
0.0035305649507790804
0.002935595577582717
0.003068522084504366
0.0032298066653311253
0.0023214879911392927
0.0025979254860430956
0.0026802746579051018
0.002427047351375222
0.00223141023889184
0.002440553857013583
0.002006115624681115
0.002321599517017603
0.001773343188688159
0.0021387606393545866
0.002022690372541547
0.001603033160790801
0.001641873619519174
0.0018833499634638429
0.0014943850692361593
0.0010912797879427671
0.001964897383004427
0.0015249652788043022
0.001043746480718255
0.0011907733278349042
0.0013203514972701669
0.0013443477218970656
0.000936332275159657
0.001257427386008203
0.0012585471849888563
0.0009410749189555645
0.0008549690246582031
0.0014384507667273283
0.0005160820437595248
0.0013580468948930502
0.0010571174789220095
0.0004806708893738687
0.0012058690190315247
0.000935590360313654
0.00026322572375647724
0.0013775051338598132
0.0010191401233896613
0.0009000993450172246
0.0006606108509004116
0.0010274751111865044
0.0006181353237479925
0.0008435157942585647
0.001335644512437284
0.001261371886357665
0.0009291160968132317
0.0006601382046937943
-6.877129554748535
-19.417591094970703
-23.497154235839844
-13.306838989257812
-12.659932136535645
-11.314456939697266
-7.095635890960693
-4.885085105895996
-4.118844032287598
-3.5728328227996826
-3.1438088417053223
-2.7178122997283936
-1.8157581090927124
-2.5677366256713867
-2.938424587249756
-2.1618874073028564
-2.3690764904022217
-3.45801043510437
-2.3194942474365234
-2.7654671669006348
-3.1767818927764893
-3.1165809631347656
-3.783008575439453
-3.474118709564209
-3.835045576095581
-3.9284183979034424
-3.990557909011841
-3.9696807861328125
-4.099535942077637
-4.922969818115234
-5.234325408935547
-5.295067310333252
-5.679156303405762
-5.734799385070801
-5.5210394859313965
-6.03682804107666
-5.787325859069824
-6.429150581359863
-6.482377529144287
-7.411262512207031
-6.737606048583984
-7.647960662841797
-7.183642387390137
-7.42270565032959
-7.269110679626465
-7.774628639221191
-7.995423316955566
-8.384634017944336
-8.158585548400879
-8.73255443572998
-8.85230827331543
-8.878644943237305
-8.894680976867676
-8.754012107849121
-9.85130786895752
-10.188746452331543
-9.799491882324219
-9.596277236938477
-8.527769088745117
-9.612175941467285
-10.005555152893066
-9.744767189025879
-9.721434593200684
-10.15808391571045
-10.325763702392578
-11.18010139465332
-11.529752731323242
-11.428926467895508
-10.535161018371582
-11.557790756225586
-11.464098930358887
-12.733757972717285
-11.509234428405762
-11.423858642578125
-11.596485137939453
-11.745573997497559
-12.830406188964844
-11.874154090881348
-12.202004432678223
-12.110560417175293
-13.412942886352539
-13.914648056030273
-13.787516593933105
-13.439684867858887
-14.072100639343262
-13.687379837036133
-14.102640151977539
-15.199247360229492
-14.789499282836914
-15.668649673461914
-14.946972846984863
-14.106280326843262
-15.29774284362793
-16.113540649414062
-15.028528213500977
-15.678919792175293
-15.78203010559082
-15.580286026000977
-16.28487205505371
-16.953237533569336
-17.475448608398438
-16.405010223388672
-4.960083961486816
-4.509543418884277
0.006113868672400713
0.006271977908909321
0.006661782506853342
0.007216925732791424
0.007070627994835377
0.007012229412794113
0.006491874344646931
0.007038690149784088
0.006890228483825922
0.006720154080539942
0.00646109227091074
0.006482438184320927
0.006915180943906307
0.006120043806731701
0.00638162437826395
0.005923818796873093
0.006097021047025919
0.006349505390971899
0.005901469849050045
0.006205772049725056
0.005522046238183975
0.005785486660897732
0.005787803791463375
0.005555623676627874
0.005422140471637249
0.005301917903125286
0.005389082711189985
0.005509042646735907
0.005265368614345789
0.0052620964124798775
0.004382068756967783
0.0049725426360964775
0.005067416466772556
0.004628458060324192
0.0040891231037676334
0.004745081998407841
0.004077071789652109
0.004479678813368082
0.0034470953978598118
0.004206164740025997
0.0040710922330617905
0.003462421242147684
0.0033442224375903606
0.003884031670168042
0.0031208274886012077
0.003295798320323229
0.0031967549584805965
0.0032924574334174395
0.0027414457872509956
0.002599982777610421
0.0030209629330784082
0.0028067484963685274
0.0025237645022571087
0.002528438111767173
0.002395838499069214
0.0025498196482658386
0.002262220485135913
0.0018258716445416212
0.0020061363466084003
0.002044674474745989
0.0022121916990727186
0.0018344307318329811
0.0017409117426723242
0.0017903402913361788
0.00162983569316566
0.0012868450721725821
0.0011237110011279583
0.001946782460436225
0.0013018343597650528
0.0010445141233503819
0.0016746228793635964
0.0012039120774716139
0.0006954179261811078
0.0010172718903049827
0.0013823938788846135
0.0015283797401934862
0.0008926641312427819
0.0006552429404109716
0.0016594238113611937
0.0009513202821835876
0.0004820292233489454
0.0010163532570004463
0.0013087899424135685
0.0010358586441725492
0.0010812818072736263
0.0008520505507476628
0.0013005449436604977
0.0005874971975572407
0.001302239135839045
0.0007186430157162249
0.0012194023001939058
0.001308842794969678
0.000468712009023875
0.00035899176145903766
0.0018165369983762503
0.000984524143859744
-2.14192533493042
