204.2777099609375
204.2777099609375
165.0597381591797
48.883480072021484
0.4642419219017029
-0.09886518865823746
-0.09766019880771637
-0.09749513864517212
-0.09759695827960968
-0.09710609167814255
-0.09763028472661972
-0.0981673151254654
-0.09753768891096115
-0.09732459485530853
-0.09743860363960266
-0.0977904424071312
-0.09761624038219452
-0.0970485657453537
-0.09761673212051392
-0.09802953898906708
-0.09772725403308868
-0.09737827628850937
-0.09766391664743423
-0.09753865748643875
-0.09811821579933167
-0.09757889062166214
-0.09708399325609207
-0.0988389253616333
-0.09810619056224823
-0.09749280661344528
-0.09847737103700638
-0.09841246157884598
-0.09672199189662933
-0.09824089705944061
-0.09700171649456024
-0.09708469361066818
-0.09849406778812408
-0.09798936545848846
-0.09720094501972198
-0.09776780009269714
-0.09792595356702805
-0.09793859720230103
-0.09773459285497665
-0.09857950359582901
-0.0976591631770134
-0.09761302918195724
-0.0976073369383812
-0.09775950014591217
-0.09779207408428192
-0.09755802154541016
-0.09654927998781204
-0.09666993468999863
-0.09861789643764496
-0.09700613468885422
-0.097771055996418
-0.09791050851345062
-0.09849949181079865
-0.09658340364694595
-0.09792032092809677
-0.09867516905069351
-0.09682009369134903
-0.09819337725639343
-0.09711884707212448
-0.09695131331682205
-0.09820125997066498
-0.0969015583395958
-0.09671512991189957
-0.09751057624816895
-0.09798163920640945
-0.09751598536968231
-0.09702488780021667
-0.09775383770465851
-0.09718775749206543
-0.09748490154743195
-0.0974750891327858
-0.09796374291181564
-0.09794382750988007
-0.09706847369670868
-0.09809283912181854
-0.09725551307201385
-0.09835068881511688
-0.09737474471330643
-0.09594038128852844
-0.0982305184006691
-0.09812525659799576
-0.09703457355499268
-0.09787246584892273
-0.09775898605585098
-0.0974695235490799
-0.098032645881176
-0.09772109985351562
-0.09843991696834564
-0.09814510494470596
-0.09694230556488037
-0.09850376099348068
-0.09769333899021149
-0.09735248982906342
-0.09817149490118027
-0.0976136177778244
12.86907958984375
120.2248764038086
193.36717224121094
193.25784301757812
171.49234008789062
155.0471954345703
147.51885986328125
141.29881286621094
137.16049194335938
136.54879760742188
136.30606079101562
138.31732177734375
141.7517547607422
146.10977172851562
151.44461059570312
154.615966796875
157.0413360595703
162.39285278320312
168.23941040039062
172.17819213867188
175.76248168945312
178.60260009765625
183.28646850585938
189.08187866210938
194.21498107910156
199.53851318359375
204.40708923339844
208.1076202392578
209.7621307373047
215.8961181640625
221.1291046142578
224.01644897460938
222.6388397216797
221.0355224609375
223.9010772705078
228.1864013671875
228.54312133789062
225.1654510498047
224.01144409179688
224.58419799804688
223.4372100830078
223.881103515625
224.4264373779297
224.7208709716797
224.0777130126953
223.9585723876953
227.8410186767578
232.49746704101562
230.57168579101562
227.80984497070312
228.60855102539062
226.860107421875
227.0625457763672
227.08566284179688
226.13839721679688
230.3448944091797
235.4275665283203
234.37228393554688
230.7294464111328
231.6885528564453
229.92431640625
229.2305145263672
229.54443359375
228.8643035888672
229.41162109375
229.2001495361328
228.83523559570312
230.56204223632812
229.24838256835938
229.9398651123047
230.4745635986328
230.3115692138672
231.0335693359375
230.59457397460938
231.0180206298828
231.0695037841797
231.37155151367188
231.70755004882812
232.0049591064453
232.3278350830078
232.39926147460938
232.3068389892578
233.00790405273438
232.74746704101562
233.0445098876953
233.8013458251953
233.10104370117188
233.85818481445312
234.10986328125
234.28836059570312
234.4724884033203
234.0526123046875
234.94638061523438
234.84091186523438
234.9699249267578
235.279052734375
235.7290802001953
235.6175537109375
235.6871337890625
236.1480712890625
235.7125244140625
228.12808227539062
185.5725860595703
31.744823455810547
-0.09550217539072037
-0.09915311634540558
-0.0957661047577858
-0.09907036274671555
-0.09723422676324844
-0.0970027893781662
-0.09764264523983002
-0.09721224755048752
-0.09725277870893478
-0.09811834245920181
-0.09740369021892548
-0.09723682701587677
-0.09837948530912399
-0.09730897843837738
-0.09779857099056244
-0.09768806397914886
-0.09773583710193634
-0.0976845771074295
-0.09782975167036057
-0.09779870510101318
-0.0977470800280571
-0.09780340641736984
-0.09800158441066742
-0.0977325364947319
-0.09810089319944382
-0.09723715484142303
-0.09761404991149902
-0.09848146885633469
-0.09773330390453339
-0.09738308936357498
-0.09818725287914276
-0.09748363494873047
-0.09756709635257721
-0.09829960018396378
-0.09793482720851898
-0.09800614416599274
-0.09710876643657684
-0.09698665142059326
-0.0983540341258049
-0.09815087169408798
-0.09726008772850037
-0.09748119860887527
-0.09832579642534256
-0.09751331061124802
-0.09705470502376556
-0.0977528989315033
-0.09798334538936615
-0.09740203619003296
-0.09755204617977142
-0.09795345366001129
-0.09746657311916351
-0.09781820327043533
-0.09732109308242798
-0.09725496917963028
-0.0975995808839798
-0.09752844274044037
-0.09715615957975388
-0.09792209416627884
-0.0969628244638443
-0.0979423001408577
-0.0975608304142952
-0.0973992571234703
-0.09746147692203522
-0.09740643203258514
-0.09758161008358002
-0.0973624438047409
-0.09711910784244537
-0.09760858118534088
-0.09707753360271454
-0.0973721593618393
-0.09727320075035095
-0.09727153927087784
-0.09750711917877197
-0.09748554974794388
-0.09778700768947601
-0.09733134508132935
-0.09722714126110077
-0.09758685529232025
-0.09735538810491562
-0.09761206060647964
-0.09758615493774414
-0.09771380573511124
-0.09775513410568237
-0.09783178567886353
-0.09729857742786407
-0.09766758233308792
-0.09785929322242737
-0.09750755876302719
-0.09726642817258835
-0.09815360605716705
-0.09802401810884476
-0.097474604845047
-0.09763871133327484
-0.09769607335329056
-0.09799546003341675
-0.09776130318641663
22.55450439453125
137.8935089111328
202.27362060546875
136.6375274658203
91.13307189941406
136.7244110107422
131.3013458251953
111.0093994140625
119.96266174316406
120.43968200683594
116.79093170166016
122.9235610961914
124.40861511230469
124.2162857055664
129.4933624267578
130.0531463623047
132.05313110351562
136.86495971679688
141.49232482910156
146.43923950195312
151.93264770507812
156.2928009033203
160.30520629882812
163.2714385986328
169.18519592285156
174.7978057861328
180.34056091308594
185.79293823242188
189.60865783691406
193.7175750732422
197.24598693847656
202.75674438476562
208.68325805664062
214.0681610107422
220.4657745361328
225.4033203125
229.6358184814453
228.98617553710938
225.1027374267578
224.55953979492188
223.75411987304688
222.9821014404297
227.2275848388672
228.51217651367188
227.25106811523438
228.1273193359375
224.98220825195312
223.7238006591797
223.82723999023438
223.1732635498047
224.21304321289062
230.27572631835938
235.90213012695312
232.99996948242188
228.7681884765625
229.23428344726562
227.53793334960938
227.1463623046875
227.77316284179688
227.85299682617188
228.50341796875
229.0504150390625
230.1302947998047
231.096923828125
230.3595428466797
229.32955932617188
229.741943359375
229.5662841796875
229.3665771484375
229.16036987304688
229.0902099609375
229.31332397460938
229.6962890625
230.1709442138672
230.6520538330078
231.4844207763672
231.16064453125
232.07723999023438
232.7329559326172
232.37173461914062
232.2429656982422
231.74331665039062
231.897216796875
231.2581329345703
231.7545928955078
231.4342803955078
232.3030242919922
231.8252716064453
231.2927703857422
232.4335174560547
232.6932373046875
232.4186248779297
233.3243865966797
232.35964965820312
233.3686981201172
234.1226043701172
234.4441680908203
235.88662719726562
236.64944458007812
236.0160369873047
235.50637817382812
227.37429809570312
185.15679931640625
31.977008819580078
-0.0950963944196701
-0.09946082532405853
-0.09570767730474472
-0.09879769384860992
-0.09791912883520126
-0.09675203263759613
-0.09759834408760071
-0.0974554643034935
-0.09740503132343292
-0.09788516163825989
-0.09732580929994583
-0.09735704958438873
-0.09858772158622742
-0.09716562926769257
-0.09752023220062256
-0.09830698370933533
-0.09748135507106781
-0.09780381619930267
-0.09768163412809372
-0.09821285307407379
-0.09762965142726898
-0.09772641956806183
-0.09778111428022385
-0.09816041588783264
-0.09791991114616394
-0.09763403236865997
-0.09780251234769821
-0.09801459312438965
-0.09778846800327301
-0.09800661355257034
-0.0976492390036583
-0.09779293835163116
-0.09773164987564087
-0.09802323579788208
-0.09780056029558182
-0.09792827069759369
-0.0978424996137619
-0.09676837176084518
-0.097948357462883
-0.09817000478506088
-0.09732940047979355
-0.09743035584688187
-0.09834440052509308
-0.09784409403800964
-0.09748750180006027
-0.09740312397480011
-0.09807317703962326
-0.09724770486354828
-0.09780269861221313
-0.09768993407487869
-0.09740958362817764
-0.09752264618873596
-0.09790102392435074
-0.09738820791244507
-0.09750422835350037
-0.09742512553930283
-0.09727072715759277
-0.09786123782396317
-0.09728662669658661
-0.09752640873193741
-0.0969211533665657
-0.09742634743452072
-0.09780780971050262
-0.09772707521915436
-0.09754044562578201
-0.09743662178516388
-0.09748326987028122
-0.09749993681907654
-0.09670483320951462
-0.09751750528812408
-0.09755898267030716
-0.09764351695775986
-0.0973663181066513
-0.0976523831486702
-0.09757734090089798
-0.09691523760557175
-0.0974467396736145
-0.09825967997312546
-0.09691191464662552
-0.09762795269489288
-0.09767527878284454
-0.09809780865907669
-0.09701277315616608
-0.0980171412229538
-0.09768537431955338
-0.09793561697006226
-0.09777461737394333
-0.09740833938121796
-0.09764282405376434
-0.0975789874792099
-0.09780265390872955
-0.09825956076383591
-0.09740081429481506
-0.09743230044841766
-0.09791389107704163
-0.09793169796466827
54.5020637512207
169.20681762695312
224.9984130859375
151.54373168945312
96.09651184082031
143.1832275390625
139.9565887451172
115.7872543334961
120.37617492675781
122.1935043334961
117.49665832519531
121.8992691040039
124.65934753417969
123.55147552490234
128.18896484375
129.9767608642578
131.08810424804688
136.1755828857422
140.0238037109375
145.01040649414062
151.4784698486328
155.59072875976562
159.48167419433594
162.61888122558594
168.6152801513672
173.89291381835938
180.150390625
185.01710510253906
189.22084045410156
193.2876739501953
196.61326599121094
201.73960876464844
208.40023803710938
212.72457885742188
220.6402130126953
225.97030639648438
230.2772979736328
230.80825805664062
224.98654174804688
222.8536834716797
223.93017578125
224.7627716064453
230.1652069091797
235.91720581054688
231.7142791748047
226.13510131835938
224.83309936523438
223.8459014892578
223.1914825439453
230.53665161132812
238.230712890625
235.2563934326172
230.1336212158203
231.04885864257812
228.0370635986328
226.6850128173828
227.2001495361328
226.3502197265625
230.00387573242188
231.171875
231.8211212158203
233.21951293945312
231.8207550048828
230.37020874023438
229.58822631835938
228.96920776367188
227.9995880126953
227.40902709960938
226.92489624023438
226.5436553955078
227.08218383789062
228.03506469726562
228.5764617919922
229.54489135742188
231.91494750976562
232.52340698242188
234.14453125
234.87448120117188
235.8675537109375
236.42459106445312
237.32168579101562
237.6028289794922
237.50155639648438
238.1932830810547
237.9084930419922
238.5122528076172
239.04458618164062
238.122314453125
238.4219512939453
237.9900665283203
238.1999053955078
239.23507690429688
239.04873657226562
239.54434204101562
238.862060546875
238.6488494873047
237.8227996826172
237.5858154296875
237.1744384765625
236.7132568359375
235.75540161132812
226.74069213867188
183.54425048828125
30.035564422607422
-0.09518417716026306
-0.09924358874559402
-0.09583818912506104
-0.09850580245256424
-0.0976530909538269
-0.0966503694653511
-0.09764163196086884
-0.09730388224124908
-0.09733550250530243
-0.09756072610616684
-0.09743920713663101
-0.09782542288303375
-0.09783752262592316
-0.09771095216274261
-0.09738597273826599
-0.09799062460660934
-0.0976007953286171
-0.09790195524692535
-0.09766608476638794
-0.097446009516716
-0.09785527735948563
-0.09809678047895432
-0.09790816903114319
-0.09792202711105347
-0.09773289412260056
-0.0972854271531105
-0.097745381295681
-0.0980357751250267
-0.0983290821313858
-0.09754323214292526
-0.09800749272108078
-0.09799869358539581
-0.09739496558904648
-0.09782661497592926
-0.0977838784456253
-0.09842831641435623
-0.09795080125331879
-0.09647119790315628
-0.09789377450942993
-0.09873920679092407
-0.09738926589488983
-0.09785362333059311
-0.09755862504243851
-0.09729654341936111
-0.09800657629966736
-0.09759905934333801
-0.09743597358465195
-0.09778166562318802
-0.09752916544675827
-0.09768612682819366
-0.09717528522014618
-0.09805361181497574
-0.09758122265338898
-0.0969511866569519
-0.0978376641869545
-0.09710155427455902
-0.09767433255910873
-0.09797735512256622
-0.09707587212324142
-0.097353994846344
-0.0975797176361084
-0.09797536581754684
-0.09741438180208206
-0.09715583175420761
-0.09775646030902863
-0.09747546166181564
-0.09768544882535934
-0.0971967875957489
-0.09756176173686981
-0.09735806286334991
-0.0976608395576477
-0.09753302484750748
-0.09726200997829437
-0.09741855412721634
-0.09768203645944595
-0.09711720049381256
-0.09825842082500458
-0.09774164855480194
-0.09744533151388168
-0.09721425920724869
-0.09833778440952301
-0.09741441905498505
-0.09724373370409012
-0.09799066185951233
-0.09795857965946198
-0.09737430512905121
-0.09782448410987854
-0.0980946272611618
-0.09749319404363632
-0.09771927446126938
-0.09823085367679596
-0.09804324805736542
-0.09794311970472336
-0.09787153452634811
-0.09777457267045975
-0.09789735823869705
22.710792541503906
137.67718505859375
202.68814086914062
136.33990478515625
91.9899673461914
140.2093505859375
143.23098754882812
109.83354187011719
115.2630386352539
118.2429428100586
110.7568359375
116.97576904296875
121.86434173583984
122.2070083618164
129.08035278320312
131.52090454101562
135.41323852539062
142.42393493652344
145.835693359375
150.2067108154297
153.72647094726562
159.0188751220703
165.10989379882812
170.21395874023438
175.56248474121094
179.46165466308594
183.54135131835938
187.383056640625
192.76719665527344
198.37559509277344
203.85513305664062
210.59750366210938
214.6826934814453
218.7467803955078
220.97836303710938
223.81967163085938
224.0392608642578
225.9888458251953
224.1798553466797
224.19412231445312
228.84375
231.6564178466797
230.2183837890625
228.81698608398438
229.36434936523438
228.741455078125
227.34793090820312
225.236572265625
222.0677490234375
226.5081787109375
233.4159393310547
233.59829711914062
231.3744354248047
232.59207153320312
231.11648559570312
229.2709197998047
227.1116180419922
224.53579711914062
225.6650848388672
228.6445770263672
230.1417236328125
230.299560546875
232.1429901123047
232.34249877929688
231.2831573486328
230.36276245117188
229.073486328125
226.66848754882812
225.720703125
226.09652709960938
227.2110595703125
229.1695556640625
230.19235229492188
232.60409545898438
233.2895965576172
235.5381317138672
236.5929718017578
237.1660919189453
237.3358154296875
237.2752685546875
236.30941772460938
235.8773956298828
234.48837280273438
233.64511108398438
232.00546264648438
231.3300018310547
230.984375
230.133544921875
229.8645782470703
229.8720245361328
230.2511444091797
229.5973358154297
230.28872680664062
229.9849395751953
229.8530731201172
230.0285186767578
231.2159423828125
230.8960723876953
231.76290893554688
233.18771362304688
233.90127563476562
226.43038940429688
185.2791290283203
31.575016021728516
-0.09536901116371155
-0.09944123029708862
-0.09547030925750732
-0.09916959702968597
-0.09768684208393097
-0.09664686769247055
-0.09776873886585236
-0.09742201864719391
-0.09709534049034119
-0.09822575747966766
-0.09742235392332077
-0.09739938378334045
-0.09827862679958344
-0.09722955524921417
-0.09797133505344391
-0.09805512428283691
-0.09762103855609894
-0.09765473753213882
-0.09800515323877335
-0.09755337983369827
-0.09757521003484726
-0.09843157231807709
-0.09783799946308136
-0.09760849177837372
-0.09786561876535416
-0.09774233400821686
-0.09770909696817398
-0.09783624857664108
-0.09782646596431732
-0.09793653339147568
-0.0973816066980362
-0.09750085324048996
-0.09839732944965363
-0.0981920138001442
-0.09732795506715775
-0.09782102704048157
-0.09780021756887436
-0.09716720879077911
-0.09780754148960114
-0.09738654643297195
-0.09771937131881714
-0.09812110662460327
-0.09787379205226898
-0.09782096743583679
-0.0973285362124443
-0.09768727421760559
-0.09842269122600555
-0.09703494608402252
-0.09732165932655334
-0.09832333773374557
-0.09709347784519196
-0.09774579107761383
-0.09767881035804749
-0.09732566028833389
-0.0974002331495285
-0.09729523211717606
-0.09758031368255615
-0.09783031791448593
-0.09706205874681473
-0.09761476516723633
-0.09738431125879288
-0.0975358858704567
-0.09720416367053986
-0.09721600264310837
-0.09758997708559036
-0.09736111015081406
-0.09733569622039795
-0.09765110164880753
-0.09731674939393997
-0.09737026691436768
-0.09701933711767197
-0.09745320677757263
-0.09794297069311142
-0.09750187397003174
-0.09780745953321457
-0.09747875481843948
-0.09716980159282684
-0.09784255921840668
-0.0975310206413269
-0.09786783158779144
-0.09807466715574265
-0.09743750095367432
-0.0975777730345726
-0.09737484157085419
-0.09761276096105576
-0.09758247435092926
-0.09786637127399445
-0.09775891900062561
-0.09769751131534576
-0.09805740416049957
-0.09751783311367035
-0.09841671586036682
-0.0976790338754654
-0.09802108258008957
-0.09775795042514801
-0.09778009355068207
31.298242568969727
147.3409423828125
206.5937957763672
135.21148681640625
86.7944564819336
130.88340759277344
126.8036880493164
97.53594970703125
106.49583435058594
108.4308090209961
102.7332992553711
110.69664001464844
114.13749694824219
113.54817199707031
121.3819580078125
121.2504653930664
127.08070373535156
133.99600219726562
137.58688354492188
144.0228271484375
149.0222930908203
152.98312377929688
156.82321166992188
163.63055419921875
169.14369201660156
174.45327758789062
180.38658142089844
183.51901245117188
188.65748596191406
191.6968231201172
197.0348663330078
203.44190979003906
209.22372436523438
215.3695068359375
221.08700561523438
225.2630157470703
228.3878173828125
228.5810089111328
225.1710662841797
225.06918334960938
225.21054077148438
222.83755493164062
225.2703857421875
226.64688110351562
225.5511932373047
225.5516357421875
225.8544158935547
224.82040405273438
224.9248046875
225.3832550048828
225.1138153076172
228.43807983398438
233.7096405029297
232.8479766845703
229.2184295654297
230.0068817138672
228.9739227294922
227.64205932617188
228.95693969726562
227.61404418945312
227.95248413085938
228.56845092773438
227.9175567626953
229.81320190429688
229.8281707763672
228.80844116210938
230.3491973876953
229.0306854248047
230.15078735351562
229.7834014892578
230.1947479248047
230.3656463623047
230.5546417236328
230.57827758789062
231.0690460205078
230.97665405273438
231.43603515625
231.8760986328125
232.2404022216797
232.2173309326172
232.40377807617188
232.2393035888672
232.81698608398438
233.169189453125
232.8723907470703
233.60678100585938
233.3817138671875
233.92184448242188
233.840087890625
234.3368682861328
234.3141632080078
234.382080078125
234.55587768554688
234.8336944580078
235.708984375
235.4605255126953
235.3834228515625
235.46047973632812
236.37265014648438
236.10281372070312
235.5099334716797
228.44155883789062
185.75758361816406
32.54525375366211
-0.09536857903003693
-0.09937120974063873
-0.09562765061855316
-0.09914857149124146
-0.0975843220949173
-0.0966886356472969
-0.09757941216230392
-0.09720389544963837
-0.09805598109960556
-0.09795626252889633
-0.09702035039663315
-0.09777187556028366
-0.09815296530723572
-0.09741771221160889
-0.09772060811519623
-0.09771010279655457
-0.09763716161251068
-0.09784440696239471
-0.09779071807861328
-0.09788874536752701
-0.09726803749799728
-0.09787299484014511
-0.09775868058204651
-0.09805627912282944
-0.09823483228683472
-0.09771572053432465
-0.09743571281433105
-0.09789694845676422
-0.09815116226673126
-0.09764035791158676
-0.09729236364364624
-0.09810526669025421
-0.0982973575592041
-0.09809570014476776
-0.09756968915462494
-0.0975026786327362
-0.0980917364358902
-0.09698228538036346
-0.09838458895683289
-0.09757597744464874
-0.09753184020519257
-0.0982615128159523
-0.09774304926395416
-0.09774713218212128
-0.09761117398738861
-0.09755678474903107
-0.0979032963514328
-0.09719743579626083
-0.09744581580162048
-0.09846167266368866
-0.09724487364292145
-0.09778442978858948
-0.0973842591047287
-0.09715848416090012
-0.09780792891979218
-0.0976373553276062
-0.09806837886571884
-0.09751006960868835
-0.09707549214363098
-0.09791643917560577
-0.0978015810251236
-0.09739565849304199
-0.09735403209924698
-0.09738907217979431
-0.09757091104984283
-0.09770770370960236
-0.0976160317659378
-0.09738574177026749
-0.09745095670223236
-0.0974421575665474
-0.09773018211126328
-0.09758313000202179
-0.09708381444215775
-0.09756980836391449
-0.09781868755817413
-0.09687499701976776
-0.09793844074010849
-0.09789301455020905
-0.09725121408700943
-0.09764893352985382
-0.09788820892572403
-0.09734411537647247
-0.09777766466140747
-0.09752805531024933
-0.09811338037252426
-0.09750518947839737
-0.0978628545999527
-0.09768663346767426
-0.0974196195602417
-0.09833107143640518
-0.09778901189565659
-0.097957082092762
-0.09818094968795776
-0.0977436900138855
-0.09768345206975937
-0.09820768982172012
22.489370346069336
137.46922302246094
202.0364532470703
135.69369506835938
91.31243896484375
142.81838989257812
142.12892150878906
114.86080169677734
120.18160247802734
122.2813949584961
115.59800720214844
121.78285217285156
125.20600891113281
125.9402084350586
133.13076782226562
134.63511657714844
139.13436889648438
145.81590270996094
148.9733428955078
153.79759216308594
156.7626495361328
161.66372680664062
168.4614715576172
172.78500366210938
178.93650817871094
182.22340393066406
186.4862060546875
190.24130249023438
195.44483947753906
201.24598693847656
206.86001586914062
212.76913452148438
217.79751586914062
221.0738067626953
224.07437133789062
225.1853790283203
223.44839477539062
224.64535522460938
224.0119171142578
224.05160522460938
228.28622436523438
231.22183227539062
230.77621459960938
228.93789672851562
227.9536895751953
227.733642578125
226.0674285888672
224.4942626953125
223.2726593017578
223.04397583007812
227.438720703125
228.04922485351562
226.7838592529297
227.6680145263672
226.9130096435547
225.57095336914062
230.5280303955078
235.5957794189453
232.9427947998047
229.20748901367188
231.2326202392578
229.6099090576172
229.49618530273438
229.542236328125
229.14529418945312
229.4348907470703
229.2115478515625
229.3424072265625
230.0130157470703
229.80349731445312
230.07846069335938
230.83840942382812
230.284423828125
231.13192749023438
231.3113555908203
231.23880004882812
231.3072509765625
232.00888061523438
231.19650268554688
232.7158203125
232.078125
232.72720336914062
232.6245880126953
232.69454956054688
233.4018096923828
233.4805145263672
233.4964141845703
234.32046508789062
233.46212768554688
234.1305694580078
234.71401977539062
234.5335235595703
234.6321258544922
234.87759399414062
235.2250213623047
235.3192596435547
235.4340057373047
235.34707641601562
236.2740936279297
235.8529052734375
236.0073699951172
228.84829711914062
186.14036560058594
32.311214447021484
-0.09530046582221985
-0.09953968971967697
-0.09545911848545074
-0.09849735349416733
-0.09809093922376633
-0.0964953601360321
-0.0975295752286911
-0.0976950079202652
-0.09728483855724335
-0.0982149988412857
-0.09713377058506012
-0.09742403030395508
-0.09822256863117218
-0.09735777229070663
-0.09790188074111938
-0.09817846119403839
-0.09695886820554733
-0.09792236983776093
-0.09795314073562622
-0.09779523313045502
-0.09712005406618118
-0.09824596345424652
-0.09838508069515228
-0.0975157618522644
-0.09772073477506638
-0.0978410467505455
-0.09776146709918976
-0.09797722846269608
-0.0980733186006546
-0.09759245067834854
-0.09762737900018692
-0.09784780442714691
-0.09830909967422485
-0.09776937961578369
-0.09767846018075943
-0.09801818430423737
-0.09767838567495346
-0.09714411199092865
-0.0983189195394516
-0.09724602103233337
-0.09773118793964386
-0.09804415702819824
-0.09777587652206421
-0.0974634662270546
-0.09744709730148315
-0.09767470508813858
-0.09794209897518158
-0.09720154106616974
-0.09763597697019577
-0.09816911071538925
-0.09743871539831161
-0.09762749820947647
-0.09775619208812714
-0.09706631302833557
-0.09799188375473022
-0.09684953093528748
-0.09759170562028885
-0.09792637079954147
-0.09694177657365799
-0.0981258675456047
-0.09754417091608047
-0.09766937047243118
-0.09733925759792328
-0.0970190241932869
-0.09716840088367462
-0.0980355516076088
-0.09747819602489471
-0.09791754186153412
-0.09703178703784943
-0.09729050099849701
-0.09761027991771698
-0.09777072072029114
-0.09741885215044022
-0.09750987589359283
-0.09770311415195465
-0.09728527069091797
-0.09774912148714066
-0.09764738380908966
-0.09723540395498276
-0.098332978785038
-0.09745679795742035
-0.0976775586605072
-0.09726645052433014
-0.09762968122959137
-0.09806876629590988
-0.09819377958774567
-0.09774985164403915
-0.09776215255260468
-0.09770594537258148
-0.09810110926628113
-0.09755516052246094
-0.09830504655838013
-0.09745334088802338
-0.0976063683629036
-0.09833654016256332
-0.09781895577907562
41.62546157836914
158.36532592773438
217.1721649169922
146.75543212890625
94.89413452148438
141.20712280273438
143.1836395263672
113.00113677978516
119.34092712402344
122.87236022949219
115.06180572509766
119.76728820800781
122.35881042480469
122.65739440917969
127.89385986328125
130.00839233398438
130.72061157226562
135.7645263671875
141.2307891845703
144.2432861328125
148.83096313476562
150.75375366210938
155.5998992919922
161.53402709960938
166.8664093017578
173.54664611816406
178.47889709472656
182.02027893066406
185.04934692382812
190.97677612304688
196.1431884765625
202.6164093017578
209.1529998779297
213.2689666748047
218.04052734375
221.3283233642578
225.7512969970703
225.5849609375
221.5907745361328
222.3325958251953
223.6326904296875
223.6846466064453
229.8089141845703
234.87283325195312
230.8979949951172
226.58651733398438
225.8516082763672
225.21835327148438
224.41586303710938
232.0070037841797
238.3539581298828
234.1469268798828
229.980224609375
229.5673370361328
227.23666381835938
226.06906127929688
226.5919189453125
226.13473510742188
229.13949584960938
231.20242309570312
231.60769653320312
231.71810913085938
231.0828857421875
229.15872192382812
227.6796875
226.3682098388672
225.64419555664062
225.2521209716797
226.19686889648438
226.50003051757812
228.64291381835938
230.19461059570312
230.7891845703125
232.83676147460938
233.4660186767578
234.1918182373047
235.0097198486328
234.0514373779297
234.3057403564453
234.595703125
234.3404083251953
234.1593017578125
233.69140625
233.6402130126953
233.3322296142578
233.37661743164062
233.82797241210938
233.0805206298828
233.03347778320312
232.8678436279297
233.54611206054688
233.74215698242188
233.95986938476562
234.29092407226562
234.8190155029297
234.5595245361328
235.01171875
235.22738647460938
235.53823852539062
236.51522827148438
236.70602416992188
228.2445831298828
194.8553924560547
43.15221405029297
-0.09305288642644882
-0.10009465366601944
-0.09668013453483582
-0.09847136586904526
-0.09756286442279816
-0.0968523770570755
-0.09724883735179901
-0.09732310473918915
-0.09784986078739166
-0.09753099828958511
-0.09752324223518372
-0.09745458513498306
-0.0983976274728775
-0.09755121171474457
-0.09760038554668427
-0.09785158932209015
-0.09740157425403595
-0.09781445562839508
-0.09791453182697296
-0.09775027632713318
-0.0977078452706337
-0.09788814187049866
-0.09769872575998306
-0.0980355516076088
-0.09739454835653305
-0.09775465726852417
-0.09788690507411957
-0.09804899990558624
-0.0974297896027565
-0.0975751280784607
-0.0973602682352066
-0.09813950210809708
-0.09817832708358765
-0.09793351590633392
-0.09742513298988342
-0.09787951409816742
-0.09806235134601593
-0.09732861816883087
-0.09784634411334991
-0.09760155528783798
-0.09790973365306854
-0.0977160632610321
-0.09737223386764526
-0.09803937375545502
-0.09731073677539825
-0.09747953712940216
-0.09778467565774918
-0.0974096953868866
-0.09802918136119843
-0.0976516380906105
-0.09769418090581894
-0.09772084653377533
-0.0970812439918518
-0.09737759828567505
-0.098137266933918
-0.09726494550704956
-0.0975789874792099
-0.09767653793096542
-0.09721922874450684
-0.0977792888879776
-0.09754715114831924
-0.097582146525383
-0.09702872484922409
-0.0977572351694107
-0.0973539724946022
-0.09686528146266937
-0.09787613153457642
-0.09748788177967072
-0.09734693914651871
-0.09737953543663025
-0.09760105609893799
-0.09683816879987717
-0.0981081873178482
-0.09809263050556183
-0.09710656106472015
-0.09738726913928986
-0.0975731685757637
-0.09753833711147308
-0.09788627922534943
-0.09750348329544067
-0.09744631499052048
-0.09776167571544647
-0.0976269543170929
-0.09763368219137192
-0.09799915552139282
-0.09780043363571167
-0.09762516617774963
-0.09796856343746185
-0.09784067422151566
-0.09755655378103256
-0.0976409763097763
-0.09835776686668396
-0.09777584671974182
-0.09769777953624725
-0.09774258732795715
-0.09822532534599304
53.97016525268555
168.591796875
240.8004913330078
189.04251098632812
139.74981689453125
130.20849609375
122.17088317871094
112.2379379272461
111.8487777709961
110.31211853027344
109.63824462890625
114.61348724365234
117.33087158203125
120.13471984863281
125.62422943115234
128.332763671875
131.8697967529297
135.7769012451172
140.31973266601562
144.4035186767578
150.61158752441406
156.3875732421875
161.401123046875
165.5359649658203
167.6405029296875
172.82620239257812
177.66966247558594
183.31961059570312
190.45443725585938
195.75265502929688
200.06216430664062
203.7259979248047
208.0738525390625
211.86965942382812
215.8527374267578
215.43673706054688
215.9638214111328
222.7327117919922
229.20132446289062
227.5724639892578
222.79275512695312
223.15231323242188
222.24325561523438
220.4992218017578
228.1630859375
235.17910766601562
233.40133666992188
230.2401580810547
228.6099853515625
225.93637084960938
224.80612182617188
225.93032836914062
227.1226043701172
231.0697479248047
238.2470245361328
235.955810546875
230.8985137939453
230.7624053955078
229.0267791748047
227.0792999267578
228.0523681640625
227.8269805908203
228.31802368164062
229.6381378173828
229.66098022460938
229.83935546875
230.120849609375
228.68630981445312
229.4023895263672
228.71646118164062
228.5931854248047
228.4541473388672
228.5467529296875
228.8411102294922
228.93728637695312
229.86318969726562
230.1068878173828
230.6845245361328
231.4619903564453
232.83554077148438
233.60568237304688
233.33999633789062
234.7784423828125
234.44992065429688
234.0233612060547
235.355712890625
235.27334594726562
235.3378143310547
234.9095916748047
234.91189575195312
235.09243774414062
234.7322998046875
234.82083129882812
235.1569366455078
235.63406372070312
235.3350372314453
235.49740600585938
235.4430389404297
235.74667358398438
235.7961883544922
235.8811492919922
228.4474334716797
185.79525756835938
32.457183837890625
-0.09522189199924469
-0.09950872510671616
-0.09561757743358612
-0.09910853207111359
-0.09779394418001175
-0.0966213047504425
-0.09791571646928787
-0.09787403047084808
-0.09699752181768417
-0.0981970801949501
-0.09731068462133408
-0.09755422919988632
-0.09817733615636826
-0.09750572592020035
-0.09839505702257156
-0.09778571128845215
-0.09769831597805023
-0.09775831550359726
-0.09770159423351288
-0.09791195392608643
-0.09789939969778061
-0.09759699553251266
-0.09795565903186798
-0.09803006052970886
-0.09799863398075104
-0.09753523766994476
-0.09757654368877411
-0.09811630100011826
-0.09804507344961166
-0.09834583103656769
-0.0976361483335495
-0.09801451116800308
-0.0972902923822403
-0.09789684414863586
-0.09752915799617767
-0.09853751957416534
-0.09739898145198822
-0.09679627418518066
-0.09830907732248306
-0.09826485812664032
-0.09755640476942062
-0.0973840206861496
-0.09803574532270432
-0.09804326295852661
-0.09739477932453156
-0.09755580127239227
-0.09757687151432037
-0.09735586494207382
-0.09769495576620102
-0.09831748902797699
-0.09736111760139465
-0.09778843820095062
-0.09728316962718964
-0.09759576618671417
-0.0977499783039093
-0.09719844162464142
-0.09732480347156525
-0.09788215905427933
-0.09728316217660904
-0.09735850989818573
-0.09776872396469116
-0.09763409942388535
-0.09747134894132614
-0.09717895835638046
-0.09777326881885529
-0.09714312851428986
-0.09730874747037888
-0.09781360626220703
-0.09737051278352737
-0.0973321795463562
-0.09743808209896088
-0.09768862277269363
-0.09770818054676056
-0.09730176627635956
-0.09734085947275162
-0.09770617634057999
-0.09795068204402924
-0.09683908522129059
-0.09773263335227966
-0.09743312746286392
-0.09704287350177765
-0.0988447517156601
-0.09775598347187042
-0.09723079204559326
-0.09779044985771179
-0.09786470234394073
-0.097740039229393
-0.09747038036584854
-0.09842020273208618
-0.09753118455410004
-0.09754760563373566
-0.09791405498981476
-0.09803570806980133
-0.09798189997673035
-0.0977698564529419
-0.09833355247974396
22.63761329650879
137.3247833251953
202.29483032226562
135.94033813476562
90.92496490478516
135.32864379882812
130.53121948242188
106.82707214355469
114.03125
115.0980224609375
109.67132568359375
116.5268783569336
119.6377182006836
119.70661926269531
125.347412109375
125.95680236816406
130.88746643066406
137.97940063476562
142.02830505371094
146.21710205078125
150.84262084960938
155.3570098876953
159.87643432617188
165.96548461914062
172.04586791992188
177.152587890625
181.1785125732422
183.8218231201172
189.13568115234375
193.62608337402344
199.33709716796875
206.24478149414062
211.9346160888672
215.69137573242188
218.8463897705078
216.611572265625
214.88284301757812
221.3192901611328
228.14599609375
229.49288940429688
227.0261688232422
227.69491577148438
225.8303680419922
223.48391723632812
227.957763671875
236.3345489501953
236.04849243164062
233.3402557373047
233.66012573242188
228.54891967773438
224.855224609375
230.5185089111328
238.580322265625
235.78213500976562
234.4408721923828
236.6138458251953
233.7427215576172
231.72802734375
229.49026489257812
224.8317108154297
224.9730224609375
225.2384796142578
226.20602416992188
230.6798095703125
231.97653198242188
232.7633514404297
234.89883422851562
234.9635009765625
234.841552734375
235.02597045898438
233.71017456054688
231.71304321289062
229.429931640625
227.35458374023438
225.7117156982422
224.9640350341797
224.8553924560547
225.6802215576172
227.2433319091797
229.35824584960938
230.4554901123047
232.01516723632812
233.64785766601562
233.82614135742188
234.378173828125
236.072265625
236.33804321289062
236.415771484375
236.38394165039062
236.9747314453125
236.88888549804688
237.28543090820312
236.8029022216797
236.7755584716797
237.29672241210938
236.6947784423828
236.31454467773438
236.2462615966797
236.17819213867188
235.3258514404297
234.97396850585938
226.2076873779297
183.24868774414062
30.194753646850586
-0.09505803883075714
-0.09967979043722153
-0.09552494436502457
-0.09901108592748642
-0.09772602468729019
-0.09682190418243408
-0.0975414365530014
-0.0976484939455986
-0.0973430722951889
-0.09823105484247208
-0.09732385724782944
-0.09732657670974731
-0.09864695370197296
-0.09771396219730377
-0.09732680022716522
-0.09805852174758911
-0.09768927097320557
-0.09773001074790955
-0.0977606475353241
-0.09778530895709991
-0.09775795787572861
-0.0979536846280098
-0.09829624742269516
-0.09818954020738602
-0.09732343256473541
-0.0971711203455925
-0.09806318581104279
-0.098076730966568
-0.09777919203042984
-0.09797921031713486
-0.09806783497333527
-0.09770642220973969
-0.09732075780630112
-0.09782911837100983
-0.09805329889059067
-0.09758828580379486
-0.09754490852355957
-0.09774287045001984
-0.09784410893917084
-0.09774093329906464
-0.097470723092556
-0.09809891879558563
-0.09793321043252945
-0.09755858778953552
-0.09751395136117935
-0.09760008752346039
-0.09740957617759705
-0.09777776896953583
-0.09757279604673386
-0.09778200089931488
-0.09774577617645264
-0.0974215492606163
-0.09763510525226593
-0.09742328524589539
-0.09745939075946808
-0.09717942774295807
-0.09771837294101715
-0.0980689600110054
-0.09718839079141617
-0.09750077873468399
-0.09773099422454834
-0.09735138714313507
-0.09778141975402832
-0.09713806957006454
-0.09751975536346436
-0.0974622517824173
-0.09752391278743744
-0.09745745360851288
-0.09748943895101547
-0.09725518524646759
-0.09761779010295868
-0.09732452034950256
-0.09785370528697968
-0.0974261537194252
-0.0973406657576561
-0.09779484570026398
-0.09768513590097427
-0.09763739258050919
-0.0975741595029831
-0.09710796922445297
-0.09760996699333191
-0.09792648255825043
-0.09771326184272766
-0.09755091369152069
-0.09786287695169449
-0.09788966178894043
-0.097574383020401
-0.09766437113285065
-0.09787099808454514
-0.09770770370960236
-0.09740952402353287
-0.09835720807313919
-0.09810956567525864
-0.097528375685215
-0.09842920303344727
-0.09775441884994507
54.870994567871094
170.33694458007812
227.84530639648438
153.23269653320312
97.00001525878906
148.61996459960938
150.95730590820312
120.74128723144531
121.35406494140625
123.95084381103516
116.0061264038086
119.6104965209961
125.3624038696289
124.9084243774414
131.52157592773438
134.32220458984375
137.70811462402344
144.1232147216797
148.50430297851562
152.46853637695312
155.95433044433594
161.24234008789062
167.0629119873047
172.93307495117188
178.30752563476562
181.83367919921875
185.90689086914062
189.98045349121094
194.35000610351562
200.6974334716797
206.65054321289062
211.88693237304688
217.4058380126953
221.38259887695312
224.59854125976562
225.2183380126953
222.66946411132812
223.56552124023438
222.92050170898438
222.4976348876953
224.3833465576172
226.5621795654297
226.05252075195312
225.7494354248047
225.16629028320312
224.8426513671875
223.8614959716797
224.98291015625
225.05905151367188
227.5274658203125
234.1530303955078
233.65274047851562
229.69247436523438
229.93795776367188
228.5478973388672
227.46420288085938
227.9146728515625
228.39456176757812
227.2107696533203
227.83139038085938
228.54855346679688
227.798828125
228.9503936767578
228.74002075195312
227.99765014648438
229.1111297607422
229.01318359375
228.88156127929688
230.07205200195312
229.5047607421875
230.41110229492188
229.97354125976562
231.06320190429688
230.6199951171875
231.45681762695312
231.44970703125
231.04684448242188
231.907470703125
231.6154327392578
231.99343872070312
232.62881469726562
232.7320098876953
232.50521850585938
232.61538696289062
233.60171508789062
232.7196502685547
234.111083984375
233.7782745361328
234.25747680664062
233.9674530029297
234.872802734375
234.341796875
234.417724609375
234.84872436523438
235.23974609375
235.1443328857422
235.7411651611328
235.4505615234375
235.99325561523438
236.1189422607422
236.0937042236328
229.87789916992188
187.12159729003906
33.1328125
-0.09511279314756393
-0.09925438463687897
-0.09574921429157257
-0.0992567166686058
-0.0975586324930191
-0.09667803347110748
-0.09752456098794937
-0.09771968424320221
-0.09749145060777664
-0.09753891080617905
-0.09786331653594971
-0.09743665158748627
-0.09819602966308594
-0.09778435528278351
-0.09814824163913727
-0.09771892428398132
-0.09761295467615128
-0.09765230119228363
-0.09778012335300446
-0.09803318977355957
-0.09763666242361069
-0.09759452193975449
-0.09799905121326447
-0.09802026301622391
-0.09809340536594391
-0.09759403020143509
-0.09776914119720459
-0.09810353070497513
-0.09785032272338867
-0.09763877093791962
-0.09767624735832214
-0.09773488342761993
-0.09834696352481842
-0.09748762845993042
-0.0974559485912323
-0.09846802800893784
-0.09774404764175415
-0.09713752567768097
-0.09822522103786469
-0.09770585596561432
-0.09747139364480972
-0.09798567742109299
-0.09786489605903625
-0.09747495502233505
-0.09786055982112885
-0.09777729213237762
-0.09711836278438568
-0.09716000407934189
-0.09826578199863434
-0.09754624217748642
-0.09710802137851715
-0.09832055866718292
-0.09736692160367966
-0.0975889340043068
-0.09776775538921356
-0.09712067246437073
-0.09758414328098297
-0.09683431684970856
-0.09776123613119125
-0.09789726883172989
-0.09693700075149536
-0.09792093187570572
-0.09735198318958282
-0.09742018580436707
-0.0975828543305397
-0.09743625670671463
-0.09742213785648346
-0.09710092842578888
-0.0973896011710167
-0.09767280519008636
-0.09708648175001144
-0.09751743823289871
-0.09737436473369598
-0.09776939451694489
-0.09768380969762802
-0.09706366807222366
-0.0974399745464325
-0.09760279953479767
-0.09744317829608917
-0.09749153256416321
-0.09801167994737625
-0.0975731760263443
-0.09746022522449493
-0.09796826541423798
-0.09773695468902588
-0.09735418111085892
-0.09811792522668839
-0.09780272841453552
-0.09765566885471344
-0.09785480797290802
-0.09783200174570084
-0.09802704304456711
-0.09785440564155579
-0.09817765653133392
-0.09764926135540009
-0.0978318303823471
54.281455993652344
169.8587188720703
236.940185546875
171.80612182617188
114.4263687133789
105.46588134765625
96.40409851074219
88.118896484375
88.12840270996094
87.03352355957031
87.06953430175781
92.29177856445312
95.07807159423828
99.45526123046875
103.57929992675781
107.4948501586914
111.06378173828125
115.14323425292969
120.3027572631836
124.25203704833984
131.47549438476562
137.0421905517578
142.18563842773438
146.6486358642578
148.87095642089844
154.27679443359375
159.58932495117188
165.0484619140625
172.090087890625
178.7278289794922
182.68801879882812
186.7138671875
192.08351135253906
195.2758026123047
201.24844360351562
207.3357391357422
213.6040496826172
220.56576538085938
225.1061553955078
224.0797576904297
222.6177520751953
224.06985473632812
225.2567596435547
225.54776000976562
224.75454711914062
223.97750854492188
225.2071533203125
224.2232208251953
227.94338989257812
233.0985565185547
232.70755004882812
229.07846069335938
229.68069458007812
228.30325317382812
226.899658203125
227.4890899658203
228.3306884765625
226.9458465576172
228.0027618408203
227.92807006835938
227.30831909179688
228.4925079345703
228.3384246826172
228.19320678710938
228.97265625
228.63461303710938
228.95724487304688
229.54617309570312
229.18289184570312
230.2684326171875
230.12240600585938
230.14529418945312
230.8872528076172
230.43276977539062
231.4534454345703
231.6151580810547
231.1865692138672
231.8971405029297
232.0415802001953
232.0642547607422
231.99826049804688
232.505615234375
232.7313232421875
233.2038116455078
233.2209014892578
233.18179321289062
233.66909790039062
233.1649627685547
234.4012451171875
233.79434204101562
234.5235137939453
234.46044921875
234.5548095703125
235.27163696289062
235.1252899169922
235.66897583007812
235.3135223388672
235.96707153320312
235.55459594726562
235.63998413085938
235.770263671875
228.0651092529297
184.8650665283203
31.220821380615234
-0.0952051654458046
-0.0992569550871849
-0.09581228345632553
-0.09866684675216675
-0.09755508601665497
-0.0967307835817337
-0.09745495021343231
-0.09744445979595184
-0.09732271730899811
-0.09797483682632446
-0.09740781038999557
-0.09747317433357239
-0.09829805791378021
-0.0972616970539093
-0.09738411009311676
-0.09807245433330536
-0.0974494144320488
-0.09783627837896347
-0.09774863719940186
-0.0973481684923172
-0.09802468121051788
-0.09789921343326569
-0.09812488406896591
-0.09759543836116791
-0.0977575033903122
-0.09753704816102982
-0.09806733578443527
-0.09809338301420212
-0.09793856739997864
-0.09747426211833954
-0.09791249781847
-0.09811876714229584
-0.09772700816392899
-0.09755246341228485
-0.09776055067777634
-0.09803562611341476
-0.09756221622228622
-0.09722770750522614
-0.097907155752182
-0.09857398271560669
-0.09730712324380875
-0.09784357994794846
-0.09794837981462479
-0.09796540439128876
-0.09741978347301483
-0.09741535037755966
-0.09751670062541962
-0.09776303172111511
-0.09757716953754425
-0.09779046475887299
-0.0972537249326706
-0.0978042334318161
-0.0974624827504158
-0.09713239967823029
-0.09790562093257904
-0.0972735807299614
-0.09726636111736298
-0.0979234054684639
-0.09728554636240005
-0.09738166630268097
-0.09752307832241058
-0.0977177768945694
-0.09783247113227844
-0.09694226831197739
-0.09741674363613129
-0.09753935039043427
-0.09722433984279633
-0.09787685424089432
-0.0974573865532875
-0.09729452431201935
-0.09775614738464355
-0.09769052267074585
-0.09712592512369156
-0.09829075634479523
-0.0974145233631134
-0.09740271419286728
-0.09742375463247299
-0.09785854816436768
-0.09749127179384232
-0.09751461446285248
-0.09791232645511627
-0.09800847619771957
-0.09747128933668137
-0.09739919006824493
-0.09778163582086563
-0.09757499396800995
-0.09796182811260223
-0.09789086878299713
-0.09789834916591644
-0.09749884903430939
-0.09796861559152603
-0.09732422977685928
-0.09844762831926346
-0.09773080796003342
-0.09768127650022507
-0.09797583520412445
53.61761474609375
169.1065216064453
226.150146484375
152.73365783691406
97.56391906738281
148.37344360351562
149.74688720703125
121.54426574707031
123.81587982177734
127.24699401855469
121.89215087890625
125.9376449584961
129.31268310546875
126.86531066894531
132.58203125
135.6051483154297
137.92738342285156
142.98519897460938
146.11175537109375
150.8218536376953
157.164306640625
161.27963256835938
164.81028747558594
167.8048858642578
172.86276245117188
177.18775939941406
183.73910522460938
189.55160522460938
195.06704711914062
199.0517120361328
201.3188018798828
207.0124053955078
211.52352905273438
217.26809692382812
224.1588897705078
225.1903076171875
225.104248046875
225.45565795898438
221.91885375976562
219.38510131835938
224.8157196044922
231.89633178710938
232.60031127929688
229.6894073486328
230.30197143554688
227.0464324951172
222.62295532226562
230.2344970703125
237.2249755859375
235.1791534423828
234.2183074951172
235.4465789794922
231.46389770507812
229.1336669921875
226.33773803710938
224.8144989013672
226.70339965820312
229.0807647705078
230.92691040039062
233.0157470703125
234.6476593017578
232.53274536132812
231.7040252685547
228.943115234375
225.7032012939453
225.5367889404297
224.57833862304688
226.48513793945312
229.10519409179688
230.6233367919922
232.716552734375
235.2288055419922
236.6132354736328
238.4998321533203
238.3168182373047
239.09884643554688
238.3191375732422
236.32321166992188
234.53060913085938
232.3131103515625
230.5640411376953
228.2172088623047
227.94448852539062
226.20849609375
226.4584503173828
226.92959594726562
226.67636108398438
226.9823760986328
228.1704864501953
228.0704345703125
227.4570770263672
228.22683715820312
227.92068481445312
228.7268829345703
228.94921875
229.893798828125
230.15597534179688
229.7800750732422
230.09713745117188
229.7648162841797
230.70468139648438
223.5358428955078
181.0441436767578
29.96625328063965
-0.09519927203655243
-0.09892738610506058
-0.09597204625606537
-0.0990019142627716
-0.09741629660129547
-0.09678684175014496
-0.09805568307638168
-0.0975455790758133
-0.09707807004451752
-0.09770701080560684
-0.09755541384220123
-0.09774617850780487
-0.09827332943677902
-0.09726330637931824
-0.09765695035457611
-0.0982065349817276
-0.09751374274492264
-0.09807439893484116
-0.09761590510606766
-0.09772492945194244
-0.0976652055978775
-0.09804238379001617
-0.09780856221914291
-0.09779448062181473
-0.09823113679885864
-0.09750653803348541
-0.09751302748918533
-0.09821876883506775
-0.09785249829292297
-0.09784162044525146
-0.09767544269561768
-0.09748753160238266
-0.09826140850782394
-0.09827021509408951
-0.0972658172249794
-0.09798002243041992
-0.09804212301969528
-0.09710923582315445
-0.09816133230924606
-0.0977536141872406
-0.09765379130840302
-0.0974191203713417
-0.09810275584459305
-0.0978870838880539
-0.0970269963145256
-0.09739414602518082
-0.09837190806865692
-0.09732981026172638
-0.09772138297557831
-0.09787525236606598
-0.09744814038276672
-0.09748794138431549
-0.09738826006650925
-0.09723024815320969
-0.09811345487833023
-0.09748485684394836
-0.09743526577949524
-0.09734286367893219
-0.09758217632770538
-0.09767106175422668
-0.09756354987621307
-0.09715381264686584
-0.09774760156869888
-0.09767748415470123
-0.09731340408325195
-0.09746036678552628
-0.09704266488552094
-0.09752969443798065
-0.09770719707012177
-0.0975143164396286
-0.0973818451166153
-0.09733398258686066
-0.0974321961402893
-0.09770457446575165
-0.09738168865442276
-0.09749288856983185
-0.09800787270069122
-0.09696286916732788
-0.09783633798360825
-0.09789593517780304
-0.0976686030626297
-0.09722510725259781
-0.09770742058753967
-0.09760800749063492
-0.09760028123855591
-0.09758282452821732
-0.09768921881914139
-0.09767945110797882
-0.0978313684463501
-0.0975925475358963
-0.09830372035503387
-0.0972968116402626
-0.09818539023399353
-0.09837711602449417
-0.09757722914218903
-0.09768318384885788
54.163902282714844
169.23043823242188
244.08383178710938
197.6091766357422
145.79539489746094
133.56613159179688
127.2031021118164
116.46266174316406
114.10699462890625
113.12025451660156
110.68450927734375
114.26719665527344
116.47291564941406
118.06941986083984
121.92982482910156
125.10693359375
129.69046020507812
135.27935791015625
138.41859436035156
140.9583282470703
146.87612915039062
152.72036743164062
156.80235290527344
161.68885803222656
164.99496459960938
169.3194122314453
174.5919647216797
180.5513153076172
186.25991821289062
192.88421630859375
197.147705078125
201.79893493652344
205.9353790283203
208.9483642578125
214.94091796875
220.27633666992188
224.6610870361328
223.77932739257812
222.06106567382812
224.6293487548828
229.0752410888672
228.46548461914062
225.2633056640625
226.02536010742188
225.51577758789062
223.89981079101562
227.7738800048828
231.82528686523438
230.8477020263672
227.55111694335938
228.516357421875
227.16140747070312
226.38650512695312
226.9891357421875
226.7642822265625
226.9615020751953
229.2638702392578
229.2228546142578
228.45101928710938
228.48193359375
228.26712036132812
228.2280731201172
228.5132293701172
228.46981811523438
228.7020721435547
229.2161102294922
228.73046875
229.5281524658203
230.21450805664062
229.56787109375
230.06924438476562
230.59066772460938
230.40576171875
230.62246704101562
231.31179809570312
231.12271118164062
231.38681030273438
231.95413208007812
232.07510375976562
231.57199096679688
232.611083984375
232.5066375732422
232.4763946533203
233.57568359375
232.6594696044922
233.50735473632812
233.89974975585938
233.5746307373047
234.0189971923828
234.0478973388672
234.04458618164062
235.145263671875
234.45187377929688
235.04391479492188
235.3074493408203
234.8573455810547
235.62252807617188
235.45675659179688
235.589111328125
236.15011596679688
235.80038452148438
228.7850341796875
195.7407989501953
42.938819885253906
-0.09290622174739838
-0.09977726638317108
-0.0967690497636795
-0.09883721172809601
-0.09740451723337173
-0.096732497215271
-0.09733685106039047
-0.09777836501598358
-0.09741861373186111
-0.09749473631381989
-0.09757538884878159
-0.09747906774282455
-0.0982273668050766
-0.0974678173661232
-0.09792108833789825
-0.097631074488163
-0.09737509489059448
-0.09817428886890411
-0.09787070006132126
-0.09768038243055344
-0.09789211302995682
-0.0979393869638443
-0.09821274876594543
-0.0972183495759964
-0.09779883176088333
-0.09860093891620636
-0.09790544211864471
-0.09760202467441559
-0.09783308207988739
-0.09836415946483612
-0.09755482524633408
-0.09770852327346802
-0.09768261760473251
-0.097941555082798
-0.09793034195899963
-0.09813819825649261
-0.09750261157751083
-0.09770466387271881
-0.0980057343840599
-0.09753379970788956
-0.09766280651092529
-0.0976404920220375
-0.09750626236200333
-0.09806175529956818
-0.09750267118215561
-0.09744902700185776
-0.09792017191648483
-0.09753639996051788
-0.09742674976587296
-0.09801483154296875
-0.09735813736915588
-0.09769321978092194
-0.09763269126415253
-0.0973505824804306
-0.09778757393360138
-0.09772729128599167
-0.0970323234796524
-0.09777389466762543
-0.09759736061096191
-0.09803472459316254
-0.09727001190185547
-0.09729145467281342
-0.09774131327867508
-0.09729461371898651
-0.09744042903184891
-0.09746534377336502
-0.097479447722435
-0.0972747951745987
-0.0975835993885994
-0.09769999980926514
-0.09750951826572418
-0.09733451902866364
-0.09764434397220612
-0.09746956825256348
-0.0975109189748764
-0.09745358675718307
-0.09723330289125443
-0.09800803661346436
-0.09784729033708572
-0.09703566133975983
-0.09772640466690063
-0.09784439206123352
-0.09752015769481659
-0.0976877510547638
-0.09767578542232513
-0.09729482233524323
-0.09819848835468292
-0.09749298542737961
-0.0979771763086319
-0.09808816760778427
-0.09758994728326797
-0.09768801182508469
-0.09838911145925522
-0.0973113626241684
-0.09794656187295914
-0.09842242300510406
53.97352981567383
169.5918731689453
227.8529815673828
151.8695526123047
93.06147003173828
141.62380981445312
147.68154907226562
109.84478759765625
111.45719146728516
115.3707046508789
105.75382995605469
110.037841796875
114.54373931884766
112.24238586425781
121.629150390625
126.2590103149414
130.01397705078125
135.58377075195312
137.31910705566406
142.6261444091797
149.4206085205078
153.84829711914062
160.66537475585938
165.37295532226562
169.76832580566406
172.9108123779297
178.71957397460938
184.98440551757812
190.69837951660156
195.98765563964844
199.68930053710938
204.33114624023438
207.64950561523438
212.76107788085938
218.96603393554688
224.9214324951172
231.3396453857422
231.88467407226562
226.4241180419922
224.8044891357422
225.4521484375
224.01229858398438
228.9806671142578
236.52822875976562
234.2236328125
228.5446014404297
226.9945831298828
224.3184356689453
222.69534301757812
230.66842651367188
238.6227569580078
236.63290405273438
234.8349609375
235.89431762695312
231.708984375
227.35092163085938
226.48977661132812
223.7359161376953
225.3868865966797
226.516357421875
229.4856719970703
233.7610626220703
235.21969604492188
235.35498046875
235.56942749023438
233.80160522460938
232.2122802734375
229.11935424804688
227.7937469482422
225.68319702148438
224.2206573486328
224.6510772705078
224.8349609375
226.198974609375
228.5621337890625
229.9395294189453
232.0694580078125
233.7294158935547
235.65554809570312
237.2372283935547
238.63589477539062
239.193359375
239.75149536132812
241.2911834716797
241.17593383789062
240.66189575195312
240.62258911132812
240.9194793701172
240.86154174804688
241.4475860595703
240.7413330078125
241.5649871826172
241.3985595703125
241.5630340576172
241.42166137695312
241.50772094726562
240.177490234375
240.57876586914062
238.957275390625
238.2728271484375
236.88845825195312
227.59091186523438
185.36428833007812
31.147872924804688
-0.09504301846027374
-0.09947268664836884
-0.09587949514389038
-0.09863588213920593
-0.09772737324237823
-0.09677927196025848
-0.09787722676992416
-0.09745975583791733
-0.0972326397895813
-0.09784312546253204
-0.09789753705263138
-0.09726621955633163
-0.0980597585439682
-0.0976472795009613
-0.09807828068733215
-0.09793372452259064
-0.09754110872745514
-0.09775837510824203
-0.09769278764724731
-0.09794817119836807
-0.09780857712030411
-0.09782224148511887
-0.09801148623228073
-0.09794460237026215
-0.09806162118911743
-0.09780223667621613
-0.09756789356470108
-0.09783244878053665
-0.09840042889118195
-0.09763000160455704
-0.09724807739257812
-0.09783850610256195
-0.0986982062458992
-0.0974481999874115
-0.09751833975315094
-0.09864239394664764
-0.09706684201955795
-0.09780003875494003
-0.09833591431379318
-0.09757286310195923
-0.0977841392159462
-0.09773199260234833
-0.09749074280261993
-0.09795736521482468
-0.09698115289211273
-0.09791756421327591
-0.09761802852153778
-0.0976276695728302
-0.09793565422296524
-0.09801720082759857
-0.09722758829593658
-0.097328320145607
-0.09766853600740433
-0.09749745577573776
-0.09761412441730499
-0.09776909649372101
-0.09743507206439972
-0.09739037603139877
-0.09748854488134384
-0.09774965792894363
-0.09701808542013168
-0.09769243001937866
-0.09787198156118393
-0.09750380367040634
-0.09759827703237534
-0.09718519449234009
-0.09688911586999893
-0.09766987711191177
-0.09773610532283783
-0.09681006520986557
-0.09795387089252472
-0.09712814539670944
-0.09755624085664749
-0.09798915684223175
-0.09719201177358627
-0.09788604080677032
-0.09744216501712799
-0.0974387675523758
-0.09779728949069977
-0.09767425060272217
-0.09752819687128067
-0.09734545648097992
-0.0978466346859932
-0.09796898066997528
-0.09762539714574814
-0.09713659435510635
-0.09741583466529846
-0.09810294210910797
-0.09786826372146606
-0.09742245078086853
-0.09836564213037491
-0.09758186340332031
-0.09776397049427032
-0.0978584885597229
-0.0982799157500267
-0.09774816781282425
31.799270629882812
148.439697265625
210.11648559570312
139.02670288085938
93.21942138671875
139.23641967773438
141.03076171875
105.7404556274414
112.1387939453125
116.3835220336914
109.7253189086914
117.0386734008789
122.0728759765625
122.34837341308594
127.70841217041016
129.78543090820312
133.90719604492188
141.46470642089844
145.96237182617188
150.1758575439453
153.93032836914062
159.37332153320312
163.4972381591797
169.19357299804688
175.64418029785156
180.41482543945312
184.059326171875
187.54713439941406
192.21905517578125
197.60745239257812
202.6675567626953
210.1481475830078
215.1810760498047
219.2639923095703
223.9665069580078
223.3330535888672
222.87283325195312
224.0248565673828
222.23306274414062
222.49282836914062
227.78390502929688
231.8319549560547
231.05191040039062
227.2292022705078
227.46908569335938
227.00698852539062
224.79171752929688
225.31466674804688
226.053466796875
225.13766479492188
226.78683471679688
227.3102264404297
225.80429077148438
226.46188354492188
226.7717742919922
226.365966796875
230.68923950195312
237.092529296875
233.43991088867188
230.2374725341797
231.94168090820312
230.244873046875
229.40625
230.2266082763672
229.1773223876953
229.3862762451172
229.19607543945312
229.7584991455078
229.38400268554688
230.3428955078125
229.8131103515625
230.89599609375
230.45046997070312
230.9592742919922
231.21200561523438
231.37515258789062
231.4762725830078
231.5801239013672
231.7313995361328
231.86288452148438
232.8535614013672
231.98709106445312
233.0668487548828
232.708740234375
233.5845489501953
233.23355102539062
233.6868438720703
233.8943328857422
233.79324340820312
234.2573699951172
234.3248291015625
234.66476440429688
234.93179321289062
234.86575317382812
234.9710693359375
235.1832733154297
235.640380859375
235.09323120117188
235.99710083007812
236.01583862304688
236.02005004882812
229.6315155029297
186.7833709716797
32.918243408203125
-0.09530504792928696
-0.09929288923740387
-0.09560905396938324
-0.09873580187559128
-0.09771618992090225
-0.09680972248315811
-0.09733845293521881
-0.09737195819616318
-0.09755603224039078
-0.09790463745594025
-0.09731777012348175
-0.09716079384088516
-0.0985078364610672
-0.09776677191257477
-0.09780934453010559
-0.09774921834468842
-0.09726451337337494
-0.09781400114297867
-0.09791718423366547
-0.09771940857172012
-0.09795422852039337
-0.0974254459142685
-0.09788542985916138
-0.09810762107372284
-0.09774814546108246
-0.0979435071349144
-0.09765858948230743
-0.09743928909301758
-0.09777406603097916
-0.09839141368865967
-0.09742133319377899
-0.09754635393619537
-0.09837590157985687
-0.09775961935520172
-0.09760408848524094
-0.09804053604602814
-0.09771048277616501
-0.09702807664871216
-0.09821416437625885
-0.09764132648706436
-0.09773171693086624
-0.09787176549434662
-0.09756916016340256
-0.09722639620304108
-0.09739351272583008
-0.0977339968085289
-0.09783479571342468
-0.09792046248912811
-0.09700565040111542
-0.09820577502250671
-0.0974881500005722
-0.09707216918468475
-0.09769503772258759
-0.09735766798257828
-0.09780433773994446
-0.09713892638683319
-0.09746800363063812
-0.09742412716150284
-0.097659170627594
-0.09730570018291473
-0.09749437868595123
-0.09772813320159912
-0.09751792252063751
-0.09713609516620636
-0.09799452871084213
-0.09746026992797852
-0.09670493006706238
-0.09752798825502396
-0.09801504760980606
-0.09722258895635605
-0.09695390611886978
-0.09774081408977509
-0.0978156179189682
-0.09733100980520248
-0.09750201553106308
-0.0975039079785347
-0.09787818789482117
-0.09736122936010361
-0.0976770743727684
-0.09705320745706558
-0.09817057102918625
-0.0977303758263588
-0.0974532812833786
-0.09709365665912628
-0.09795747697353363
-0.09769143164157867
-0.0974203497171402
-0.09786045551300049
-0.09790732711553574
-0.09785866737365723
-0.09778299927711487
-0.09743176400661469
-0.09853048622608185
-0.09758108854293823
-0.0976376160979271
-0.09787680953741074
22.54064178466797
137.00289916992188
201.12960815429688
134.6572723388672
91.29983520507812
134.74293518066406
132.97409057617188
104.23931884765625
112.38387298583984
113.84712982177734
107.47789001464844
115.0600357055664
118.01869201660156
118.36502838134766
124.82048034667969
126.111083984375
130.2109832763672
137.94613647460938
141.53955078125
145.11477661132812
149.3667449951172
153.7947235107422
159.90603637695312
165.6149444580078
171.889404296875
176.83216857910156
180.36056518554688
183.34542846679688
188.63040161132812
194.64901733398438
199.7544403076172
207.068359375
210.8681640625
214.4841766357422
217.8804931640625
223.23049926757812
227.54873657226562
229.06497192382812
227.5977020263672
228.6087188720703
225.7994384765625
222.42111206054688
223.35964965820312
222.4938507080078
226.14865112304688
235.95510864257812
235.33535766601562
232.4005889892578
232.4548797607422
229.5506591796875
225.157470703125
232.30905151367188
238.4981689453125
236.80972290039062
235.2708740234375
236.5995330810547
234.1865234375
232.65115356445312
229.43212890625
225.2899627685547
225.59109497070312
225.79446411132812
227.494140625
229.9603271484375
231.1038055419922
233.25027465820312
234.72299194335938
234.50979614257812
235.550537109375
234.5771484375
234.11935424804688
231.752197265625
229.2472686767578
227.97903442382812
226.09475708007812
224.9849090576172
224.7326202392578
225.11056518554688
225.94558715820312
226.94284057617188
228.3994903564453
228.9842529296875
229.2100067138672
231.3986053466797
232.67459106445312
233.9939422607422
234.70010375976562
235.392578125
235.50827026367188
235.7311248779297
236.63253784179688
236.1625213623047
236.1676788330078
237.1692352294922
236.6913299560547
237.27835083007812
236.12954711914062
236.29476928710938
235.3501739501953
233.72775268554688
232.9759979248047
224.7344970703125
182.56546020507812
30.183712005615234
-0.09554191678762436
-0.09935257583856583
-0.09548548609018326
-0.09878166764974594
-0.09779040515422821
-0.09654247760772705
-0.0977601557970047
-0.0976037085056305
-0.09683914482593536
-0.09801079332828522
-0.09763576090335846
-0.09748702496290207
-0.09757807850837708
-0.09791861474514008
-0.09861426055431366
-0.097641721367836
-0.09755195677280426
-0.09809956699609756
-0.09783739596605301
-0.09785463660955429
-0.097159743309021
-0.0980193018913269
-0.09816024452447891
-0.09779855608940125
-0.09783902019262314
-0.09737010300159454
-0.0977131798863411
-0.09819279611110687
-0.0985351949930191
-0.09717327356338501
-0.09795992821455002
-0.09790970385074615
-0.09782160818576813
-0.09796833246946335
-0.09723535180091858
-0.09799940884113312
-0.09792447090148926
-0.0971139594912529
-0.09784524887800217
-0.0978429764509201
-0.09796497970819473
-0.09776084125041962
-0.09794668108224869
-0.09748443216085434
-0.0976799800992012
-0.09809155017137527
-0.0972898006439209
-0.09755256772041321
-0.09752412140369415
-0.0978599414229393
-0.09789852797985077
-0.0974058210849762
-0.09774588793516159
-0.09727098047733307
-0.09753917157649994
-0.09747889637947083
-0.0972542017698288
-0.09782561659812927
-0.09723752737045288
-0.09722521156072617
-0.09787417203187943
-0.09717503190040588
-0.09781012684106827
-0.09746839106082916
-0.0972682386636734
-0.09763141721487045
-0.09761045128107071
-0.09721828997135162
-0.09731953591108322
-0.09770796447992325
-0.097539983689785
-0.09760377556085587
-0.09741009771823883
-0.09755519777536392
-0.09741351753473282
-0.09732715040445328
-0.09827615320682526
-0.09707655012607574
-0.09732551872730255
-0.09762903302907944
-0.09772844612598419
-0.09786532074213028
-0.09726767241954803
-0.09785313904285431
-0.09764298796653748
-0.09796345233917236
-0.09742946177721024
-0.09768571704626083
-0.09805179387331009
-0.09739875048398972
-0.0983564704656601
-0.09765928983688354
-0.09732290357351303
-0.0978022888302803
-0.0988641157746315
-0.09764246642589569
31.989063262939453
147.18438720703125
207.7215118408203
136.7887420654297
87.08024597167969
131.88552856445312
125.3963851928711
99.58720397949219
108.31961822509766
109.69698333740234
105.4195327758789
112.83272552490234
115.71978759765625
115.9429931640625
123.17340087890625
124.40706634521484
128.55654907226562
134.92227172851562
139.8129425048828
146.6357879638672
152.2490692138672
155.61135864257812
158.72360229492188
164.1103973388672
170.1910400390625
175.6290283203125
181.67532348632812
186.39517211914062
189.9623565673828
193.1573944091797
198.22509765625
204.0149383544922
210.7423553466797
216.5396270751953
222.55868530273438
226.5689697265625
229.7296905517578
229.8809814453125
225.93966674804688
225.8191680908203
225.33132934570312
223.2609100341797
224.9219970703125
225.5235137939453
225.3326416015625
225.25094604492188
225.0809326171875
225.0176544189453
224.7446746826172
225.06619262695312
225.3545379638672
228.1055145263672
234.19802856445312
232.8677520751953
228.29330444335938
230.94387817382812
228.79330444335938
227.4520263671875
229.1896209716797
227.07388305664062
227.94766235351562
229.4198455810547
227.54296875
229.1054229736328
229.2579803466797
228.33157348632812
229.4675750732422
229.5901641845703
229.48068237304688
229.9988555908203
229.79702758789062
230.4976806640625
230.3190460205078
230.3380126953125
231.4884490966797
231.3219451904297
231.3747100830078
231.30844116210938
232.14706420898438
232.21981811523438
232.1522674560547
232.73373413085938
233.1209716796875
233.21401977539062
233.12039184570312
233.1566162109375
233.55758666992188
233.8565216064453
234.04556274414062
234.0422821044922
234.3533477783203
234.72726440429688
234.78872680664062
235.0359649658203
234.96969604492188
235.6040496826172
235.62826538085938
235.94558715820312
235.70474243164062
235.9727783203125
235.5814666748047
227.9497528076172
186.24514770507812
32.09618377685547
-0.09550993144512177
-0.099180206656456
-0.09529224783182144
-0.09931165724992752
-0.09772133827209473
-0.09649725258350372
-0.09777868539094925
-0.0972302109003067
-0.09752070158720016
-0.09787499904632568
-0.09733167290687561
-0.09747437387704849
-0.09828314930200577
-0.09731347858905792
-0.09788428992033005
-0.09785830974578857
-0.09766604006290436
-0.09807296097278595
-0.0968441292643547
-0.09825564920902252
-0.09797991812229156
-0.09752845764160156
-0.0979551151394844
-0.09791572391986847
-0.09764731675386429
-0.09818213433027267
-0.09731695055961609
-0.09778878837823868
-0.09808965027332306
-0.09796207398176193
-0.09710761904716492
-0.09772851318120956
-0.0982956662774086
-0.09849078953266144
-0.09737708419561386
-0.09770230948925018
-0.09829389303922653
-0.097481869161129
-0.09796084463596344
-0.09779185801744461
-0.09754558652639389
-0.09747372567653656
-0.09787114709615707
-0.09780821949243546
-0.09720674157142639
-0.09779386967420578
-0.09786775708198547
-0.09740695357322693
-0.09785299003124237
-0.09757489711046219
-0.09763751178979874
-0.09739868342876434
-0.09743700176477432
-0.09738679975271225
-0.09778080135583878
-0.0977945476770401
-0.09710253775119781
-0.09779169410467148
-0.09792103618383408
-0.09711962938308716
-0.09810779988765717
-0.0968121737241745
-0.09809836000204086
-0.09750322252511978
-0.09691959619522095
-0.09799191355705261
-0.09767263382673264
-0.09706846624612808
-0.09746412932872772
-0.09765134006738663
-0.09756023436784744
-0.09805434942245483
-0.0968770831823349
-0.09747360646724701
-0.09804932773113251
-0.09786885231733322
-0.09729880094528198
-0.09754244983196259
-0.09765991568565369
-0.09812524914741516
-0.09750697761774063
-0.09752137213945389
-0.09747891873121262
-0.09751333296298981
-0.09822186082601547
-0.09735667705535889
-0.09803926944732666
-0.09795843064785004
-0.0976409763097763
-0.09806860983371735
-0.09766053408384323
-0.0976381003856659
-0.09808801114559174
-0.09745809435844421
-0.09792308509349823
-0.09832538664340973
54.639793395996094
169.9715576171875
227.2260284423828
151.92543029785156
95.1680908203125
145.2008819580078
155.41062927246094
114.0388412475586
113.00970458984375
117.95794677734375
109.67445373535156
111.94224548339844
118.50299072265625
117.11279296875
123.59373474121094
129.21365356445312
133.30667114257812
138.64871215820312
143.75286865234375
147.3075714111328
151.45211791992188
157.54800415039062
163.33914184570312
168.97251892089844
174.56407165527344
177.55990600585938
181.77442932128906
185.60650634765625
190.3470458984375
196.58358764648438
202.39938354492188
208.9278106689453
214.3122100830078
217.84915161132812
221.52651977539062
225.8987579345703
229.1819305419922
230.3913116455078
226.8692169189453
224.25491333007812
226.3542938232422
223.32785034179688
227.0633087158203
233.2915496826172
231.15750122070312
227.76840209960938
228.14364624023438
227.1573944091797
226.01528930664062
229.5010528564453
235.34036254882812
233.158203125
228.6426544189453
230.7484130859375
228.2903289794922
227.85177612304688
228.4230194091797
226.93124389648438
227.7960662841797
228.279296875
227.5648651123047
228.2435302734375
228.48275756835938
228.1862030029297
229.4855499267578
228.4371337890625
229.68374633789062
229.09774780273438
229.4088592529297
229.90542602539062
230.09512329101562
229.95498657226562
231.01193237304688
230.40213012695312
231.00283813476562
231.57833862304688
230.70700073242188
231.7278594970703
232.1123504638672
231.910400390625
232.7506561279297
232.40170288085938
232.6269073486328
233.0931854248047
233.19699096679688
233.43826293945312
233.9085235595703
233.39468383789062
234.2714080810547
234.18557739257812
233.96572875976562
234.91064453125
234.58642578125
234.86386108398438
235.1660919189453
235.33206176757812
235.2694549560547
235.99267578125
235.697265625
235.6368865966797
236.0080108642578
228.6339111328125
192.28375244140625
40.67815399169922
-0.09366258978843689
-0.09952732175588608
-0.0961342304944992
-0.09855235368013382
-0.097784124314785
-0.09704412519931793
-0.09693914651870728
-0.09753058105707169
-0.09754131734371185
-0.09766212105751038
-0.09749463200569153
-0.09768462926149368
-0.09813039004802704
-0.09743495285511017
-0.09780405461788177
-0.09761118143796921
-0.09722745418548584
-0.09803378582000732
-0.0977616086602211
-0.09792101383209229
-0.09728647768497467
-0.09794847667217255
-0.09806667268276215
-0.09828825294971466
-0.09767971187829971
-0.09738767147064209
-0.09754616022109985
-0.09818161278963089
-0.09824968874454498
-0.09747432172298431
-0.09782958030700684
-0.09791724383831024
-0.09744229167699814
-0.09804607927799225
-0.09751526266336441
-0.09804356098175049
-0.09792472422122955
-0.09682082384824753
-0.09805972874164581
-0.09808648377656937
-0.09744863957166672
-0.09773365408182144
-0.0977240800857544
-0.09782705456018448
-0.09740903973579407
-0.09777925908565521
-0.09787628799676895
-0.09750652313232422
-0.09724850207567215
-0.09817998111248016
-0.09734047204256058
-0.09776628762483597
-0.09732242673635483
-0.0970771536231041
-0.09796220809221268
-0.09725143760442734
-0.09728413075208664
-0.09726997464895248
-0.0972779244184494
-0.09833008795976639
-0.09719802439212799
-0.09733093529939651
-0.09743530303239822
-0.09737285226583481
-0.09776242077350616
-0.0972316712141037
-0.09703363478183746
-0.09793519228696823
-0.09658488631248474
-0.09785591810941696
-0.09735139459371567
-0.09742802381515503
-0.09778162837028503
-0.09743307530879974
-0.09732817113399506
-0.09718640893697739
-0.09731882065534592
-0.09762205183506012
-0.09788663685321808
-0.09769249707460403
-0.09743534028530121
-0.0976433977484703
-0.09706992655992508
-0.09793742746114731
-0.09716317802667618
-0.097885362803936
-0.09833144396543503
-0.09751082956790924
-0.09803800284862518
-0.09796525537967682
-0.09785307943820953
-0.0973629578948021
-0.09823326021432877
-0.09748546779155731
-0.09750621765851974
-0.09827513992786407
22.326562881469727
137.25502014160156
211.9298095703125
155.52810668945312
111.47918701171875
107.04520416259766
97.34416198730469
90.96919250488281
92.59489440917969
91.99810791015625
93.11351013183594
98.27586364746094
102.04252624511719
106.72835540771484
111.732666015625
116.3992919921875
120.66224670410156
124.31341552734375
129.61837768554688
133.73797607421875
139.83395385742188
145.83963012695312
151.26344299316406
155.19915771484375
158.05715942382812
163.337890625
168.5036163330078
173.70272827148438
181.18319702148438
186.22702026367188
190.4979705810547
194.8848419189453
198.68771362304688
203.2564239501953
209.1533203125
215.02059936523438
220.4241485595703
222.2413787841797
220.8904266357422
223.68350219726562
228.1480255126953
228.2568817138672
224.43472290039062
223.7341766357422
224.609130859375
223.5017547607422
226.13327026367188
232.52017211914062
231.34585571289062
225.35595703125
226.32614135742188
224.66195678710938
223.1959686279297
227.9010009765625
229.9291534423828
230.63485717773438
231.58297729492188
229.7049560546875
226.5288543701172
225.23025512695312
224.49844360351562
223.76046752929688
226.2030487060547
227.9379425048828
230.6676025390625
233.002197265625
235.6229705810547
235.45657348632812
236.47256469726562
236.30380249023438
234.90234375
235.20950317382812
231.9758758544922
230.28076171875
229.0737762451172
227.34475708007812
226.6776123046875
227.0018310546875
227.102783203125
228.1331329345703
229.32485961914062
230.68411254882812
232.0254364013672
233.0808563232422
233.6317596435547
234.6514129638672
234.5701446533203
235.8265380859375
235.5343017578125
236.3043975830078
236.35281372070312
236.7971954345703
237.2074737548828
236.20767211914062
236.45785522460938
236.46694946289062
235.4300537109375
235.47415161132812
235.2816619873047
234.625244140625
234.79306030273438
226.9136199951172
183.8657684326172
30.47294044494629
-0.095194011926651
-0.09969014674425125
-0.09557972848415375
-0.0990704894065857
-0.09790892899036407
-0.09688588231801987
-0.0978931412100792
-0.0971924215555191
-0.09711265563964844
-0.09817343950271606
-0.09757518768310547
-0.0976722463965416
-0.09844177961349487
-0.09735864400863647
-0.09793323278427124
-0.09811650216579437
-0.09750337153673172
-0.09770616143941879
-0.09769756346940994
-0.09779134392738342
-0.09742160141468048
-0.09819144010543823
-0.09787862002849579
-0.09812068939208984
-0.09800785779953003
-0.09697577357292175
-0.09775032103061676
-0.09828583151102066
-0.09812701493501663
-0.0976390540599823
-0.09781148284673691
-0.09780348092317581
-0.09785041958093643
-0.09796181321144104
-0.09724610298871994
-0.09791223704814911
-0.09781421720981598
-0.0969282016158104
-0.09796643257141113
-0.09844540059566498
-0.09730338305234909
-0.0975566953420639
-0.0982251912355423
-0.09726633131504059
-0.09752868860960007
-0.09759552776813507
-0.09788118302822113
-0.09722385555505753
-0.09753729403018951
-0.09808992594480515
-0.09755740314722061
-0.09758235514163971
-0.097585029900074
-0.09725385159254074
-0.09756248444318771
-0.0975496917963028
-0.09736096113920212
-0.09776542335748672
-0.09728258848190308
-0.09726829826831818
-0.09809842705726624
-0.09740111976861954
-0.09725948423147202
-0.09737677872180939
-0.09726325422525406
-0.09772081673145294
-0.09739609062671661
-0.09738761931657791
-0.097038634121418
-0.09745318442583084
-0.0976698100566864
-0.09738295525312424
-0.0975223183631897
-0.0969165787100792
-0.09791471064090729
-0.09794772416353226
-0.09733877331018448
-0.09716823697090149
-0.09803774207830429
-0.09784333407878876
-0.0973602905869484
-0.09750936180353165
-0.09751114994287491
-0.09753573685884476
-0.09790749102830887
-0.0978037640452385
-0.09774377197027206
-0.09796688705682755
-0.0976986512541771
-0.09787855297327042
-0.09791262447834015
-0.09785295277833939
-0.09808368980884552
-0.09823410212993622
-0.09735594689846039
-0.09799998253583908
54.147705078125
169.0669708251953
224.94247436523438
151.6023406982422
97.60255432128906
147.57473754882812
152.70535278320312
116.5417251586914
119.57331848144531
124.64923095703125
117.66766357421875
121.9202651977539
126.1375961303711
125.70733642578125
130.7763214111328
132.4005126953125
132.13436889648438
138.10276794433594
142.7604522705078
147.082275390625
151.01956176757812
154.43728637695312
158.52072143554688
163.6323699951172
169.15611267089844
175.21755981445312
180.4549102783203
184.15890502929688
187.03286743164062
192.41294860839844
196.69740295410156
202.77932739257812
209.8142852783203
214.45663452148438
219.4135284423828
220.7067413330078
221.4159393310547
221.4312744140625
219.41238403320312
218.8739471435547
226.05880737304688
231.8131866455078
229.87893676757812
224.5355987548828
223.5155487060547
222.20968627929688
221.669189453125
229.15121459960938
237.79727172851562
234.1466064453125
231.85110473632812
231.3085174560547
226.84262084960938
224.79568481445312
225.53329467773438
224.36892700195312
228.93637084960938
233.73513793945312
234.6737518310547
235.1541290283203
234.96316528320312
231.7193603515625
229.55422973632812
227.23452758789062
224.5876922607422
225.18618774414062
225.609619140625
227.0892791748047
230.46792602539062
231.1081085205078
234.4304656982422
236.1690673828125
236.2301025390625
237.4742431640625
237.14303588867188
237.3870086669922
236.0282745361328
234.2542724609375
232.97268676757812
230.8069305419922
229.77316284179688
229.46337890625
228.275146484375
227.6739044189453
228.09091186523438
228.2401885986328
228.1688232421875
228.38119506835938
228.39883422851562
228.81838989257812
228.93374633789062
229.1180419921875
229.8372039794922
229.14578247070312
230.2215576171875
229.8755340576172
229.50125122070312
230.4947509765625
230.5464630126953
231.3970947265625
232.42288208007812
225.1798553466797
183.2637939453125
30.964303970336914
-0.09515286982059479
-0.09929932653903961
-0.09532817453145981
-0.09948559105396271
-0.09748431295156479
-0.09654323756694794
-0.09776569902896881
-0.09714598208665848
-0.09751441329717636
-0.09765232354402542
-0.09731810539960861
-0.09762300550937653
-0.09787611663341522
-0.09755516052246094
-0.09775568544864655
-0.09762458503246307
-0.09804005920886993
-0.09779694676399231
-0.09771255403757095
-0.09764687716960907
-0.09733442962169647
-0.09794887900352478
-0.09803706407546997
-0.09788431972265244
-0.09790350496768951
-0.09735027700662613
-0.09807799011468887
-0.09788129478693008
-0.09766653925180435
-0.09776871651411057
-0.09755255281925201
-0.09766282886266708
-0.09878791868686676
-0.09804997593164444
-0.0974014550447464
-0.09830965101718903
-0.09752118587493896
-0.09708958864212036
-0.09822914004325867
-0.09777382016181946
-0.09767959266901016
-0.09781156480312347
-0.09758485108613968
-0.09771685302257538
-0.09729109704494476
-0.09763716161251068
-0.09762462228536606
-0.09794533252716064
-0.09743977338075638
-0.09806562960147858
-0.09745998680591583
-0.0977085679769516
-0.09767700731754303
-0.09704497456550598
-0.09780756384134293
-0.09755788743495941
-0.09693197906017303
-0.09798722714185715
-0.09804170578718185
-0.09714432805776596
-0.09735430777072906
-0.097483329474926
-0.09781941771507263
-0.09742146730422974
-0.09745461493730545
-0.0973033532500267
-0.0976121574640274
-0.09778942167758942
-0.09728991985321045
-0.0974610224366188
-0.09734751284122467
-0.09745456278324127
-0.09780126065015793
-0.09697549045085907
-0.09773623943328857
-0.0978945642709732
-0.09759164601564407
-0.0972043126821518
-0.09778811037540436
-0.09758777916431427
-0.09717829525470734
-0.0983368307352066
-0.09752480685710907
-0.09776778519153595
-0.09721031039953232
-0.09780220687389374
-0.09778463840484619
-0.09740206599235535
-0.09773443639278412
-0.09791186451911926
-0.09793196618556976
-0.09753947705030441
-0.09783585369586945
-0.09763402491807938
-0.09747858345508575
-0.09844519197940826
22.2412109375
