-3.8192291259765625
-3.8192291259765625
-6.9594268798828125
-20.7597599029541
-0.2877000868320465
0.0078907310962677
0.006943522486835718
0.00672881817445159
0.007727320306003094
0.007014890667051077
0.006298390217125416
0.007279680576175451
0.006922799162566662
0.006793717388063669
0.0072220442816615105
0.005696804728358984
0.006756134331226349
0.006605884525924921
0.006074542645365
0.0067267147824168205
0.005730236880481243
0.006658417638391256
0.006084715016186237
0.0054597919806838036
0.005518649704754353
0.006252569612115622
0.00605590408667922
0.00555582856759429
0.005256992764770985
0.005113015882670879
0.005725053139030933
0.005031812470406294
0.004835696425288916
0.005317001603543758
0.004746666178107262
0.004854532424360514
0.004329261835664511
0.004775292240083218
0.004281777422875166
0.003771503921598196
0.004163066856563091
0.00405534403398633
0.00402634683996439
0.0036088961642235518
0.004040728323161602
0.0034501743502914906
0.003310462925583124
0.0032295745331794024
0.003607864025980234
0.0028595358598977327
0.00258196284994483
0.0034753598738461733
0.0027704148087650537
0.0026027746498584747
0.002202976495027542
0.0022224269341677427
0.002875951584428549
0.0024078735150396824
0.0025267424061894417
0.0018354771891608834
0.0023255490232259035
0.002219561254605651
0.001552760717459023
0.0018516136333346367
0.0022597424685955048
0.0017571523785591125
0.0014831586740911007
0.001910194754600525
0.0019991027656942606
0.0015444940654560924
0.00102451560087502
0.0017897197976708412
0.001922721741721034
0.001265815575607121
0.0010574718471616507
0.0009465046459808946
0.0014208166394382715
0.0015933506656438112
0.00035056742490269244
0.0011881865793839097
0.0016117796767503023
0.0008082002168521285
0.0009886545594781637
0.0013581543462350965
0.0009872236987575889
0.0008118435507640243
0.0010813006665557623
0.00166152766905725
0.0004967582644894719
0.0011893112678080797
0.0009157551685348153
0.0006783531862311065
0.001120937755331397
0.000949728477280587
0.0006540585309267044
0.00122943171299994
0.0008701859042048454
0.001347625395283103
0.001364813419058919
3.5465660095214844
16.240442276000977
15.777620315551758
20.938735961914062
-6.095437049865723
-1.5167227983474731
-1.3901746273040771
-2.373222589492798
0.47011232376098633
-0.5379191637039185
-1.3503140211105347
-1.0266145467758179
-2.0228610038757324
-1.9910609722137451
-2.121229410171509
-2.649461507797241
-2.5233731269836426
-2.836355209350586
-2.8076531887054443
-1.5662505626678467
-3.3690342903137207
-3.5688815116882324
-3.4644265174865723
-3.8615593910217285
-4.14756965637207
-3.9517159461975098
-4.5562334060668945
-4.471190929412842
-4.265749931335449
-5.317012786865234
-5.2647833824157715
-5.319629192352295
-5.1048078536987305
-5.273677825927734
-5.592232704162598
-6.092957973480225
-6.442038536071777
-6.113389492034912
-7.41757869720459
-7.645853519439697
-7.454094886779785
-7.238833427429199
-7.087900638580322
-8.107086181640625
-8.4402437210083
-8.661603927612305
-7.935707092285156
-8.329377174377441
-8.7036771774292
-8.321737289428711
-8.427421569824219
-8.100475311279297
-8.461397171020508
-9.473920822143555
-10.216398239135742
-10.088701248168945
-10.799036026000977
-10.15323257446289
-9.446761131286621
-9.38360595703125
-10.138608932495117
-11.17060375213623
-10.312521934509277
-10.008135795593262
-11.32985782623291
-11.574823379516602
-10.950544357299805
-11.010299682617188
-10.95934009552002
-10.861101150512695
-12.544867515563965
-11.24616527557373
-11.030832290649414
-12.076723098754883
-11.76925277709961
-13.054885864257812
-12.693877220153809
-13.409011840820312
-13.046854019165039
-12.915608406066895
-12.628963470458984
-13.706140518188477
-12.769612312316895
-13.469914436340332
-13.979336738586426
-14.84478759765625
-14.375699043273926
-14.334614753723145
-14.81592082977295
-15.191337585449219
-14.92560863494873
-14.785786628723145
-15.196258544921875
-16.671249389648438
-15.760663986206055
-16.362276077270508
-16.122604370117188
-17.332307815551758
-16.44446563720703
-16.712087631225586
-15.720743179321289
-15.637104988098145
-3.77498197555542
-4.306549549102783
0.005982647184282541
0.0060571180656552315
0.006692677736282349
0.007070459425449371
0.007249758578836918
0.006972378585487604
0.006809687707573175
0.006693459115922451
0.0067283459939062595
0.00669048260897398
0.006995121482759714
0.006080427207052708
0.006879671011120081
0.0062906756065785885
0.006321985274553299
0.006276638712733984
0.0059320987202227116
0.006413561291992664
0.006299683358520269
0.006010341923683882
0.005844688508659601
0.005756323225796223
0.0055045997723937035
0.005405970849096775
0.005586717743426561
0.005541169550269842
0.0053344666957855225
0.00504434434697032
0.005438120570033789
0.0047311182133853436
0.004823614377528429
0.0048870122991502285
0.004689113236963749
0.004032591357827187
0.004583288915455341
0.00422502588480711
0.0042417338117957115
0.0040636505000293255
0.003678505076095462
0.0045616040006279945
0.00373825803399086
0.003272710833698511
0.003623365890234709
0.003547030035406351
0.003002266399562359
0.0033424298744648695
0.0030879895202815533
0.0029980067629367113
0.002807068172842264
0.0029812739230692387
0.002681063488125801
0.0028060011100023985
0.0023246274795383215
0.00228331470862031
0.0023147694300860167
0.001695693121291697
0.0024913265369832516
0.001972699537873268
0.0022393919061869383
0.0017768891993910074
0.0015854828525334597
0.0016111169243231416
0.0020526323933154345
0.0011909184977412224
0.001676842919550836
0.0018119895830750465
0.0014319128822535276
0.0017435485497117043
0.0009317607618868351
0.001363841351121664
0.0016178659861907363
0.0006092718685977161
0.0010919079650193453
0.0009346769074909389
0.001328843180090189
0.0009294645860791206
0.0014531232882291079
0.0010186547879129648
0.0012600977206602693
-9.697474160930142e-05
0.0014452757313847542
0.000997027033008635
0.0009715495398268104
0.0006631851429119706
0.0013971816515550017
0.0011231456883251667
0.00014944149006623775
0.001255393959581852
0.0011448749573901296
0.0007305132457986474
0.0004930492141284049
0.0010727603221312165
0.0016031695995479822
0.0009582546772435308
0.000475223088869825
0.001460092724300921
-3.3839058876037598
-15.599355697631836
-18.13091468811035
-10.439714431762695
-15.366971015930176
-15.1705322265625
-4.005927562713623
-8.285029411315918
-4.228032112121582
-1.2194337844848633
-2.043739080429077
-0.7358130216598511
-0.9591767191886902
-1.452878713607788
-2.190077066421509
-2.4104058742523193
-2.489166259765625
-2.635343551635742
-3.2770609855651855
-4.059828281402588
-3.325424909591675
-3.6517691612243652
-3.3873298168182373
-2.851329803466797
-3.1355042457580566
-4.147729873657227
-4.539257049560547
-4.1797590255737305
-4.203930854797363
-4.939091205596924
-6.092857360839844
-6.014629364013672
-5.501503944396973
-6.521945953369141
-5.824781894683838
-6.533047676086426
-5.6077375411987305
-5.981741428375244
-6.2511396408081055
-7.369204521179199
-7.073841094970703
-6.724484443664551
-8.309758186340332
-6.947406768798828
-7.650411128997803
-7.436903476715088
-7.670800685882568
-8.289361953735352
-8.345182418823242
-8.64775276184082
-8.612075805664062
-7.738409519195557
-8.046339988708496
-8.4558687210083
-8.851015090942383
-9.136749267578125
-9.277128219604492
-9.850980758666992
-9.893389701843262
-9.052549362182617
-9.201455116271973
-10.692354202270508
-10.466687202453613
-9.88863754272461
-10.642450332641602
-9.582080841064453
-9.554856300354004
-10.463669776916504
-10.671279907226562
-10.280566215515137
-11.154008865356445
-11.530014991760254
-11.938187599182129
-11.947518348693848
-13.96643352508545
-12.730142593383789
-12.943672180175781
-13.131268501281738
-12.175374031066895
-12.741769790649414
-13.092135429382324
-12.169987678527832
-13.372363090515137
-13.079205513000488
-13.882534980773926
-12.880105972290039
-14.146957397460938
-14.20793342590332
-14.992568969726562
-14.753576278686523
-15.078554153442383
-14.286100387573242
-14.624043464660645
-14.460049629211426
-15.046686172485352
-15.846529006958008
-15.922079086303711
-16.358421325683594
-16.469478607177734
-15.997453689575195
-15.918009757995605
-15.462820053100586
-3.5983283519744873
-4.346884250640869
0.005805528722703457
0.0062624127604067326
0.0065026236698031425
0.00733479717746377
0.007557029370218515
0.006290950812399387
0.006622616201639175
0.0072060199454426765
0.006464231759309769
0.00656266650184989
0.006843214388936758
0.0063956119120121
0.006410480942577124
0.006237337831407785
0.006473505403846502
0.006040338426828384
0.006184280849993229
0.006074958480894566
0.0059414333663880825
0.006184459663927555
0.006148208864033222
0.005670290440320969
0.005544905550777912
0.005686888936907053
0.0056510427966713905
0.0051253181882202625
0.005172791425138712
0.005261998623609543
0.005571980960667133
0.0052658068016171455
0.004606969654560089
0.0047234222292900085
0.004725286271423101
0.004810510203242302
0.004247215576469898
0.0047968914732337
0.0040198760107159615
0.0038246368058025837
0.0038551657926291227
0.004062245599925518
0.0038424432277679443
0.0030585399363189936
0.004365724511444569
0.003367841709405184
0.003474640194326639
0.0028125932440161705
0.003231943352147937
0.003120273817330599
0.002676296280696988
0.0031651887111365795
0.0025769188068807125
0.003047729143872857
0.0019092804286628962
0.0027003823779523373
0.0025399434380233288
0.0017895270138978958
0.0017661501187831163
0.002813661005347967
0.001858350820839405
0.001496699289418757
0.0019769836217164993
0.0020301961340010166
0.0020192847587168217
0.0012836211826652288
0.0014696174766868353
0.001481824554502964
0.0015285129193216562
0.0013452653074637055
0.0012746377615258098
0.0012974559795111418
0.0008356590988114476
0.0016703525325283408
0.0012493683025240898
0.001116048893891275
0.0012763699050992727
0.00101056310813874
0.0008132299408316612
0.0009756209328770638
0.0008965051965788007
0.0009048258070833981
0.0015815675724297762
0.0004211518098600209
0.0005625044577755034
0.0008273245766758919
0.0011804852401837707
0.0009256379562430084
0.00040141213685274124
0.0014501872938126326
0.0010078499326482415
0.0007024622755125165
0.0015762547263875604
0.0009432205115444958
0.0012919867876917124
0.000949006644077599
0.00104282156098634
0.0009073431720025837
-3.0449116230010986
-14.87397289276123
-18.694873809814453
-12.21119499206543
-14.072163581848145
-8.865189552307129
-5.714322566986084
-7.4583330154418945
-6.4425225257873535
-3.4708118438720703
-3.001237630844116
-2.1270692348480225
-3.0627732276916504
-3.087068796157837
-2.1156835556030273
-3.22013783454895
-2.900094747543335
-2.6994500160217285
-2.996609926223755
-2.501410961151123
-2.587934970855713
-3.526038408279419
-3.800030469894409
-3.6062920093536377
-4.796726703643799
-4.030546188354492
-4.974204063415527
-5.284965515136719
-4.9673051834106445
-4.631900310516357
-5.468972206115723
-6.102302551269531
-5.399937629699707
-5.7888078689575195
-6.200454235076904
-6.20869255065918
-6.687307834625244
-6.70516300201416
-6.804106712341309
-6.614637851715088
-6.875736236572266
-6.5945539474487305
-6.876462459564209
-7.105094909667969
-7.226576805114746
-7.497720241546631
-7.4330644607543945
-7.788233757019043
-7.466970920562744
-8.812707901000977
-9.508458137512207
-9.004537582397461
-8.838529586791992
-8.348760604858398
-8.603302955627441
-9.67359733581543
-9.345196723937988
-9.066961288452148
-9.036028861999512
-8.527790069580078
-10.343230247497559
-9.807583808898926
-11.082033157348633
-11.947031021118164
-10.965620040893555
-10.924581527709961
-9.919072151184082
-9.904263496398926
-11.396380424499512
-10.859495162963867
-10.771254539489746
-11.440969467163086
-10.753978729248047
-12.408605575561523
-11.688545227050781
-12.389912605285645
-13.413534164428711
-13.692850112915039
-12.922494888305664
-13.218713760375977
-13.467577934265137
-13.65552043914795
-13.938337326049805
-13.402442932128906
-14.648706436157227
-13.963399887084961
-14.536819458007812
-14.83857536315918
-15.665308952331543
-16.542097091674805
-15.131172180175781
-15.412114143371582
-15.223257064819336
-16.611785888671875
-16.019733428955078
-16.612258911132812
-16.087160110473633
-15.889086723327637
-16.558387756347656
-17.531221389770508
-16.664676666259766
-15.831636428833008
-4.450657844543457
-4.961244583129883
0.005494670011103153
0.006280319299548864
0.00729336217045784
0.006900197826325893
0.007070779800415039
0.007023238576948643
0.006913679651916027
0.007000560872256756
0.006303104571998119
0.00666723120957613
0.006855660583823919
0.006820240058004856
0.006346439477056265
0.006091760471463203
0.006614875979721546
0.006201562937349081
0.005518886260688305
0.006390886846929789
0.00611779373139143
0.005950606428086758
0.005467698909342289
0.005892361048609018
0.005370262078940868
0.005675176624208689
0.005366570316255093
0.005511288531124592
0.0053188614547252655
0.004971412010490894
0.005323111079633236
0.004754476249217987
0.005016892217099667
0.004407872445881367
0.0050023384392261505
0.004789508413523436
0.004525024443864822
0.004029551055282354
0.004385051317512989
0.004465910606086254
0.003602963639423251
0.0039071920327842236
0.004105975851416588
0.003237591590732336
0.0036508464254438877
0.0032039738725870848
0.0036383885890245438
0.0032114279456436634
0.0031991880387067795
0.003151196986436844
0.002522248076274991
0.0028745518065989017
0.0028849642258137465
0.002390350215137005
0.003394258441403508
0.002346527762711048
0.0021209244150668383
0.002202914096415043
0.002377323340624571
0.002081607934087515
0.002338656922802329
0.0022299918346107006
0.001472588861361146
0.0018373413477092981
0.0017279997700825334
0.001582850469276309
0.00158077129162848
0.0013831093674525619
0.0015273898607119918
0.0012841118732467294
0.0016860896721482277
0.0007846889784559608
0.0018241452053189278
0.0012966073118150234
0.0009077786235138774
0.0014472100883722305
0.0008475512149743736
0.0008453875780105591
0.0005071954801678658
0.0014961387496441603
0.0010263355216011405
0.00048024923307821155
0.0012450928334146738
0.0007147062569856644
0.001398489810526371
0.0007325488841161132
0.001071545877493918
0.0014679210726171732
-0.0001513450115453452
0.0009381246636621654
0.001206555520184338
0.0007732727681286633
0.0009068649378605187
0.0004750150255858898
0.001055627129971981
0.0006693442701362073
0.0008723133942112327
0.0017281416803598404
-7.023007392883301
-18.93527603149414
-21.264373779296875
-13.390583992004395
-16.630481719970703
-16.37885093688965
-4.482484817504883
-10.102912902832031
-7.290637969970703
-2.8584790229797363
-1.9172494411468506
-1.3227473497390747
-1.2348787784576416
-1.2889149188995361
-1.817274808883667
-2.1287131309509277
-1.8553552627563477
-2.3491623401641846
-2.6667559146881104
-2.5959324836730957
-2.492563486099243
-3.1837947368621826
-3.023026466369629
-4.0204362869262695
-3.4941558837890625
-3.6591594219207764
-3.6167500019073486
-5.015578269958496
-5.424919605255127
-5.31709623336792
-5.3284478187561035
-5.401515007019043
-5.428069591522217
-6.626917362213135
-5.693902015686035
-5.701578617095947
-7.666199684143066
-6.531327247619629
-6.882674217224121
-6.921915531158447
-6.444805145263672
-7.181836128234863
-7.5719451904296875
-7.933481693267822
-7.120674133300781
-7.747668266296387
-7.478069305419922
-7.748498439788818
-7.97503662109375
-7.678297996520996
-8.82820987701416
-9.274321556091309
-9.365324020385742
-9.208763122558594
-8.758737564086914
-8.834321022033691
-8.170231819152832
-9.396746635437012
-8.99352741241455
-9.335855484008789
-10.812783241271973
-10.015830993652344
-10.415160179138184
-9.954338073730469
-10.385228157043457
-10.620794296264648
-10.905927658081055
-11.391847610473633
-11.444854736328125
-12.106053352355957
-11.953413009643555
-10.888108253479004
-11.890745162963867
-12.392988204956055
-12.81977367401123
-13.195597648620605
-12.195538520812988
-12.502132415771484
-12.459382057189941
-12.68404769897461
-13.843404769897461
-12.805317878723145
-12.845399856567383
-12.754568099975586
-13.091255187988281
-14.049901962280273
-13.96270751953125
-15.307777404785156
-15.072166442871094
-15.005607604980469
-16.189434051513672
-14.537564277648926
-14.819427490234375
-15.084126472473145
-15.68749713897705
-15.728645324707031
-15.535801887512207
-15.759305000305176
-15.890583992004395
-16.157424926757812
-16.426076889038086
-15.608746528625488
-3.516573667526245
-4.428599834442139
0.006066733971238136
0.005896817892789841
0.006743192672729492
0.007207376416772604
0.007547269109636545
0.006549546029418707
0.00649067759513855
0.007031915243715048
0.0068300021812319756
0.006352959666401148
0.006591565907001495
0.0066534229554235935
0.00671888655051589
0.0057299258187413216
0.006389165762811899
0.006705970969051123
0.006049887277185917
0.005931052379310131
0.005890178959816694
0.005793622694909573
0.006406359374523163
0.005575619637966156
0.005537618882954121
0.00593523308634758
0.005350152961909771
0.0053910985589027405
0.005380155052989721
0.005414220038801432
0.004748796112835407
0.005634980276226997
0.00465749017894268
0.005053946282714605
0.003967249300330877
0.004874407313764095
0.004132416564971209
0.0045410702005028725
0.004193492233753204
0.00411017332226038
0.004087780602276325
0.0037048812955617905
0.004215743392705917
0.0032474796753376722
0.004022327251732349
0.003502022475004196
0.0027861271519213915
0.003946964163333178
0.002617431338876486
0.0031177059281617403
0.0027229750994592905
0.002565822098404169
0.0031671791803091764
0.0023637376725673676
0.0021845451556146145
0.0026217023842036724
0.0021365410648286343
0.0018171841511502862
0.002334107644855976
0.0024333656765520573
0.0018372416961938143
0.0017169683706015348
0.002015074249356985
0.0010767189087346196
0.001968742348253727
0.0019751281943172216
0.0010792476823553443
0.0018348625162616372
0.0009377249516546726
0.001423035515472293
0.001952747581526637
0.0008588780765421689
0.0014419314684346318
0.001339708105660975
0.0009835825767368078
0.0006073587574064732
0.0015490030637010932
0.0015008645132184029
0.0006150995614007115
0.0007383102783933282
0.0014386739348992705
0.0009761446272023022
0.0013095035683363676
0.0002589142823126167
0.0015258023049682379
0.0004435405135154724
0.000801128160674125
0.0009419238194823265
0.0011298536555841565
0.001007026992738247
0.0005573980743065476
0.0010716173565015197
0.0009269758011214435
0.0013057246105745435
0.0009048728970810771
0.0005260159960016608
0.0013387288199737668
0.001734900870360434
-2.5431675910949707
-14.505343437194824
-18.5465087890625
-10.863821029663086
-13.864463806152344
-9.406609535217285
-5.898296356201172
-6.661049842834473
-5.738896369934082
-2.967257499694824
-2.539991855621338
-2.4076480865478516
-1.8419396877288818
-2.869374990463257
-2.6550164222717285
-2.9322657585144043
-3.1613590717315674
-2.428225040435791
-2.032672882080078
-2.2959766387939453
-3.4950268268585205
-3.237110137939453
-3.056565761566162
-4.450998783111572
-4.465798377990723
-5.334606170654297
-5.042139530181885
-4.269200801849365
-4.075075626373291
-4.320448875427246
-5.461252212524414
-5.130096912384033
-5.092585563659668
-6.074306011199951
-6.16784143447876
-5.82865571975708
-6.250795364379883
-6.639084815979004
-6.245297431945801
-6.10634708404541
-6.795642852783203
-7.551493167877197
-7.426497459411621
-8.353436470031738
-7.818099021911621
-7.53317403793335
-7.799144744873047
-8.082845687866211
-7.6722869873046875
-8.173738479614258
-7.677011013031006
-9.283120155334473
-8.709897994995117
-8.909513473510742
-8.639151573181152
-9.277141571044922
-9.783483505249023
-10.107867240905762
-10.73112964630127
-10.024106979370117
-9.868823051452637
-9.903772354125977
-9.965089797973633
-10.369999885559082
-10.579257011413574
-10.765949249267578
-11.784097671508789
-11.0122652053833
-10.65087890625
-10.96684455871582
-11.11159896850586
-11.206365585327148
-11.626973152160645
-11.246476173400879
-11.722095489501953
-12.254541397094727
-12.71534538269043
-12.422689437866211
-12.26548957824707
-12.097906112670898
-12.665752410888672
-13.80272102355957
-14.554156303405762
-14.70525074005127
-13.537351608276367
-14.411214828491211
-13.380610466003418
-14.818371772766113
-13.643203735351562
-14.941045761108398
-15.259747505187988
-15.478299140930176
-15.345527648925781
-15.064424514770508
-14.73658561706543
-15.350787162780762
-16.809188842773438
-16.309810638427734
-15.762975692749023
-16.536151885986328
-17.0521183013916
-16.32854461669922
-4.327126502990723
-4.331144332885742
0.006112792994827032
0.006226342637091875
0.0067757205106318
0.007239399012178183
0.007319033145904541
0.006610228680074215
0.007022189442068338
0.007007507141679525
0.006579694338142872
0.006330305244773626
0.006645660847425461
0.006448292639106512
0.006624783389270306
0.006482562515884638
0.006377238780260086
0.006289167795330286
0.0060980129055678844
0.006051859352737665
0.006379774771630764
0.005648876540362835
0.005679910071194172
0.006113364361226559
0.005138363689184189
0.0058167194947600365
0.0056920284405350685
0.005138416774570942
0.0052180481143295765
0.00546403368934989
0.00518936337903142
0.005307627841830254
0.004526158329099417
0.004710950888693333
0.004326452501118183
0.005027760751545429
0.004444458056241274
0.004048346541821957
0.004513957537710667
0.00392260542139411
0.003925922326743603
0.004444933962076902
0.0036807418800890446
0.0037044219207018614
0.0033256025053560734
0.0038635574746876955
0.003403725568205118
0.0030277930200099945
0.003038478083908558
0.003562434110790491
0.0027439636178314686
0.002953622955828905
0.0026990300975739956
0.002259501488879323
0.0023588703479617834
0.0028370467480272055
0.0021537146531045437
0.0019371587550267577
0.0023727063089609146
0.0023792532738298178
0.0018413368379697204
0.0018675618339329958
0.0022349474020302296
0.0010151637252420187
0.002387488726526499
0.0017898095538839698
0.00166267657186836
0.0014697837177664042
0.0016840773168951273
0.0014120106352493167
0.0010648349998518825
0.0010554289910942316
0.0017267537768930197
0.001050581457093358
0.0012244663666933775
0.0013017092132940888
0.0007878557662479579
0.0007980413502082229
0.0013660227414220572
0.0007186683942563832
0.0015238322084769607
0.0012478529242798686
0.0007473991136066616
0.0010695647215470672
0.0014071706682443619
0.0003734457422979176
0.0009424253366887569
0.001317719230428338
0.0006369688780978322
0.0012189227854833007
0.0013341953745111823
0.00037356308894231915
0.0011418435024097562
0.0006502714823000133
0.0013102798257023096
0.001122468151152134
0.0009949292289093137
0.0011487447191029787
-6.588916778564453
-19.53474998474121
-20.851858139038086
-12.711817741394043
-15.168981552124023
-7.608964443206787
-4.749202728271484
-5.8458781242370605
-6.621918678283691
-3.5642478466033936
-3.693373918533325
-3.08018159866333
-2.725005865097046
-2.839277744293213
-2.3077383041381836
-2.685060977935791
-2.226760149002075
-2.4732062816619873
-2.9665849208831787
-3.7021548748016357
-3.193159580230713
-3.542910099029541
-4.1552300453186035
-3.456942319869995
-3.537616014480591
-4.031462669372559
-3.7559256553649902
-5.095028877258301
-3.8302218914031982
-5.802499294281006
-5.018465995788574
-5.698115825653076
-5.609857559204102
-5.865084648132324
-6.124800682067871
-5.849706172943115
-6.098756313323975
-6.549831390380859
-6.094200134277344
-7.909961700439453
-7.431955814361572
-7.528754234313965
-7.180325508117676
-7.406835079193115
-7.5178117752075195
-7.312136173248291
-7.190054416656494
-8.357439041137695
-8.417893409729004
-8.274380683898926
-9.191923141479492
-8.094204902648926
-8.254908561706543
-8.922948837280273
-9.347519874572754
-9.059783935546875
-8.705998420715332
-9.999199867248535
-9.851502418518066
-10.228124618530273
-11.093504905700684
-10.608325004577637
-10.659485816955566
-10.325228691101074
-9.768871307373047
-10.63763427734375
-11.504854202270508
-10.368326187133789
-10.475595474243164
-11.109724044799805
-12.457918167114258
-11.260708808898926
-11.544901847839355
-11.883916854858398
-11.894587516784668
-13.194064140319824
-12.241479873657227
-12.454595565795898
-12.711657524108887
-13.398727416992188
-14.242218017578125
-13.9376220703125
-13.42388916015625
-13.777442932128906
-14.294934272766113
-13.914093017578125
-13.539349555969238
-13.418136596679688
-15.142239570617676
-14.53564167022705
-15.10450267791748
-14.196588516235352
-15.333381652832031
-14.715482711791992
-15.744455337524414
-14.664715766906738
-15.997515678405762
-15.58948802947998
-15.886739730834961
-15.98395824432373
-15.619372367858887
-15.123522758483887
-3.7517142295837402
-4.210024356842041
0.005706461146473885
0.0061407838948071
0.006905252579599619
0.0070684864185750484
0.007475605700165033
0.006423661019653082
0.006548342760652304
0.0069200703874230385
0.00715294573456049
0.006812346167862415
0.006267110351473093
0.006348023656755686
0.006842924747616053
0.006298036780208349
0.006311172153800726
0.006344684865325689
0.0059822420589625835
0.00595833919942379
0.006037220824509859
0.005892914719879627
0.005785124842077494
0.006204234901815653
0.005263281986117363
0.006148779299110174
0.005377077031880617
0.005425292067229748
0.005380796734243631
0.005234880372881889
0.005201489198952913
0.0052205706015229225
0.004946720786392689
0.00444360775873065
0.004639883525669575
0.004788207355886698
0.004328093025833368
0.004544146824628115
0.003779542865231633
0.004159537144005299
0.003979009576141834
0.004132591653615236
0.0035748272202908993
0.003715912578627467
0.004117119126021862
0.003375933039933443
0.0027164523489773273
0.003414870472624898
0.003498068545013666
0.002950250403955579
0.0028632625471800566
0.0031461461912840605
0.0029379124753177166
0.0021412200294435024
0.0021603067871183157
0.0026721437461674213
0.002225724048912525
0.0026328503154218197
0.0015230101998895407
0.001979236491024494
0.0028880888130515814
0.001166612608358264
0.0020852773450315
0.001511967508122325
0.001920744078233838
0.0014563023578375578
0.0020155843812972307
0.0009193717269226909
0.0016207338776439428
0.0018129085656255484
0.0011377986520528793
0.000917743134777993
0.0014531812630593777
0.0009134822757914662
0.0013888109242543578
0.0011231626849621534
0.0008381620282307267
0.0011689432431012392
0.0013270711060613394
0.0007265926105901599
0.0007093015010468662
0.0011169706704095006
0.0010942835360765457
0.0010613375343382359
0.001095478655770421
0.0010638098465278745
0.0008878113003447652
0.0012187045067548752
0.0005829587462358177
0.0008089946350082755
0.0017229923978447914
0.0002912398485932499
0.0011052173795178533
0.0010440745390951633
0.0008887953008525074
0.0012672236189246178
0.0014855902409180999
0.0002842633402906358
-2.9700164794921875
-15.837615966796875
-17.644168853759766
-10.395849227905273
-9.817279815673828
-17.58488655090332
-5.797312259674072
-7.838530540466309
-4.9311933517456055
-2.108759880065918
-1.8212766647338867
-0.9505355954170227
-1.8041839599609375
-2.2838988304138184
-1.4056918621063232
-1.9314534664154053
-2.1781885623931885
-2.709348201751709
-3.3881638050079346
-3.2132503986358643
-2.727893352508545
-3.0539493560791016
-3.791898250579834
-3.6093590259552
-3.75360369682312
-4.53405237197876
-4.571740627288818
-4.933351039886475
-4.887779235839844
-5.10332727432251
-5.438603401184082
-5.851794719696045
-5.754754066467285
-5.775566101074219
-5.857291221618652
-6.213848114013672
-6.62310791015625
-6.718540191650391
-6.04758358001709
-7.342320442199707
-6.6519904136657715
-7.899204254150391
-7.831631660461426
-7.342069149017334
-7.961840629577637
-8.431440353393555
-7.886464595794678
-8.125463485717773
-7.386641025543213
-8.933486938476562
-8.652692794799805
-8.254356384277344
-8.780275344848633
-8.647582054138184
-8.28885269165039
-9.837058067321777
-9.290949821472168
-9.85102653503418
-9.35800838470459
-9.325448989868164
-9.786258697509766
-9.79034423828125
-9.643898010253906
-10.185290336608887
-9.866644859313965
-10.407644271850586
-10.694905281066895
-10.381739616394043
-10.625219345092773
-11.161757469177246
-12.061773300170898
-11.566007614135742
-12.086470603942871
-11.994900703430176
-12.792562484741211
-11.548624992370605
-12.46377944946289
-11.85092830657959
-12.811726570129395
-12.640571594238281
-12.793607711791992
-12.516019821166992
-12.38769817352295
-13.1980562210083
-12.941227912902832
-12.881843566894531
-13.368647575378418
-12.95825481414795
-14.185091018676758
-13.896924018859863
-14.67259693145752
-14.770828247070312
-14.382969856262207
-13.98791217803955
-14.490407943725586
-14.770448684692383
-15.578119277954102
-15.387765884399414
-15.36442756652832
-16.335468292236328
-15.485158920288086
-15.495213508605957
-1.6836506128311157
-5.234195709228516
0.0066079264506697655
0.005034717731177807
0.007284478284418583
0.007310115732252598
0.00702494103461504
0.0068032690323889256
0.006769753061234951
0.00687645748257637
0.006911959499120712
0.006362972315400839
0.00690063601359725
0.006319037638604641
0.006400986574590206
0.006471729371696711
0.006543801166117191
0.005843288265168667
0.00624718377366662
0.005975354462862015
0.006309246178716421
0.0059593478217720985
0.0057841939851641655
0.005752917844802141
0.0060279639437794685
0.0058502210304141045
0.005024738609790802
0.005105786491185427
0.005930139683187008
0.0049681877717375755
0.004942012019455433
0.00559170451015234
0.004012980964034796
0.004980267491191626
0.005102877970784903
0.0045776888728141785
0.004468525294214487
0.004451615735888481
0.0038763643242418766
0.004247917793691158
0.004287954419851303
0.003955521620810032
0.0037085101939737797
0.004150920081883669
0.0028625025879591703
0.0035251309163868427
0.0032680663280189037
0.0035677962005138397
0.002976022893562913
0.003275582566857338
0.002958917059004307
0.0026264984626322985
0.0029774606227874756
0.002413541078567505
0.002382380422204733
0.002506455173715949
0.0024293968454003334
0.002232948550954461
0.0020003586541861296
0.002232094295322895
0.002080318285152316
0.002496466739103198
0.0011943245772272348
0.0023175268433988094
0.0011468140874058008
0.002321495907381177
0.001290794461965561
0.0018604390788823366
0.0007103447569534183
0.0015590128023177385
0.0014350448036566377
0.0008038877276703715
0.0010026528034359217
0.0008048604358918965
0.001750655472278595
0.001228122040629387
0.000726408208720386
0.000710675201844424
0.001145956921391189
0.0010271465871483088
0.0004331198870204389
0.001080137095414102
0.0008651873213239014
0.0007781529566273093
0.0009343440760858357
0.0004842231865040958
0.0007733218953944743
0.0006900908192619681
0.0013554212637245655
0.0008998311823233962
0.0001258994307136163
0.0010364919435232878
0.0008665686473250389
0.00024989861412905157
0.0010269141057506204
0.0008757041650824249
0.0008379336213693023
0.0013668586034327745
-2.3715503215789795
-13.773412704467773
-19.613656997680664
-10.875865936279297
-7.097052097320557
-8.073149681091309
-5.263316631317139
-4.481692790985107
-3.666867733001709
-3.099369764328003
-2.8150954246520996
-2.6678457260131836
-3.049996852874756
-2.4666807651519775
-2.3539581298828125
-2.6905784606933594
-3.2562766075134277
-3.7424824237823486
-2.6796834468841553
-3.6051464080810547
-3.9661953449249268
-3.795605421066284
-2.948868989944458
-3.216644287109375
-3.8547797203063965
-4.229892253875732
-4.424925327301025
-4.590446472167969
-4.490388870239258
-5.101925849914551
-5.254735469818115
-4.189389705657959
-5.083019256591797
-5.928606986999512
-5.455975532531738
-6.393896102905273
-7.072818756103516
-7.242007255554199
-7.100438594818115
-6.361075401306152
-7.159331321716309
-6.974813938140869
-6.321249961853027
-7.534390926361084
-7.698051452636719
-7.257128715515137
-7.77047872543335
-7.3208417892456055
-7.22478723526001
-7.9707512855529785
-7.88532018661499
-8.868223190307617
-9.073513984680176
-8.206357955932617
-9.290773391723633
-8.109251022338867
-8.711383819580078
-9.123187065124512
-8.706815719604492
-10.134578704833984
-10.142763137817383
-10.629423141479492
-10.302841186523438
-10.442498207092285
-10.173772811889648
-9.975339889526367
-10.119911193847656
-10.353339195251465
-10.942804336547852
-10.23554801940918
-11.36364459991455
-11.63316822052002
-11.85633659362793
-11.485917091369629
-11.690078735351562
-12.267087936401367
-12.469355583190918
-12.182474136352539
-13.86985969543457
-12.994412422180176
-12.91064453125
-13.592643737792969
-13.36462688446045
-14.414215087890625
-13.332859992980957
-14.393463134765625
-13.431668281555176
-14.124711990356445
-13.169278144836426
-13.727594375610352
-14.730440139770508
-14.386869430541992
-14.155389785766602
-14.996365547180176
-15.645777702331543
-14.87687873840332
-15.971333503723145
-15.524314880371094
-16.294166564941406
-16.28652000427246
-15.799501419067383
-15.265478134155273
-3.47108793258667
-4.383439540863037
0.005972976330667734
0.006043130997568369
0.006586223840713501
0.0072402493096888065
0.007401513867080212
0.006640939507633448
0.006733971647918224
0.00700059998780489
0.006801209412515163
0.0063757263123989105
0.0068984911777079105
0.006143908016383648
0.006600912660360336
0.006426774896681309
0.0062040225602686405
0.00644488912075758
0.006271292455494404
0.006417854223400354
0.005441382527351379
0.005979025736451149
0.006179352290928364
0.005944675300270319
0.005647202022373676
0.005845206789672375
0.005546404514461756
0.004723089747130871
0.0055001541040837765
0.005600462667644024
0.004926076624542475
0.005171056836843491
0.005002092104405165
0.00491144647821784
0.0048547000624239445
0.004373622592538595
0.004307580180466175
0.0046863192692399025
0.0034723463468253613
0.004223946016281843
0.004394154995679855
0.003762081265449524
0.004131024703383446
0.0032057904172688723
0.0034964352380484343
0.003333596047013998
0.003414285834878683
0.0032005205284804106
0.002990131499245763
0.002988841151818633
0.003135077655315399
0.0020175310783088207
0.002972449641674757
0.003130980534479022
0.0024567132350057364
0.0018604485085234046
0.0027547278441488743
0.001783836050890386
0.0024729976430535316
0.0016662186244502664
0.002739082323387265
0.0014749630354344845
0.0019845713395625353
0.0019741435535252094
0.0016883373027667403
0.0015760656679049134
0.0018568311352282763
0.001294620567932725
0.001787008484825492
0.0013958890922367573
0.0013649523025378585
0.001758592203259468
0.000868182338308543
0.0017021546373143792
0.0008076006779447198
0.0010614063357934356
0.0012181872734799981
0.0012662330409511924
0.001111058285459876
0.00045395633787848055
0.001491217641159892
0.0009715577471069992
0.0008204638143070042
0.0014992204960435629
0.0006173434667289257
0.0010525117395445704
0.0010339918080717325
0.0007330310763791203
0.0008593369275331497
0.001037692534737289
0.000923668616451323
0.0004445724771358073
0.0006552181439474225
0.0009843104053288698
0.001341395080089569
0.0009312817128375173
0.0012631705030798912
0.0015034569660201669
-1.9461323022842407
-13.802871704101562
-16.065540313720703
-9.158077239990234
-10.148049354553223
-16.61016082763672
-7.050591468811035
-6.874987602233887
-2.9356532096862793
-2.788764715194702
-1.1912487745285034
-1.6250158548355103
-1.969295859336853
-2.6868064403533936
-2.464932441711426
-3.09588623046875
-2.376802444458008
-2.3176114559173584
-2.0157644748687744
-2.605088472366333
-2.448573350906372
-3.028838634490967
-2.1525750160217285
-3.005206346511841
-3.567509889602661
-4.751682281494141
-4.5669474601745605
-4.796477317810059
-4.661825180053711
-4.85050106048584
-5.212313652038574
-4.964421272277832
-5.774091720581055
-7.1827545166015625
-6.669144630432129
-5.355533599853516
-6.813762664794922
-6.015318393707275
-7.497753143310547
-7.539334774017334
-7.33847188949585
-7.181232452392578
-8.079931259155273
-7.744320869445801
-8.241296768188477
-8.460339546203613
-8.692675590515137
-8.542350769042969
-7.868712425231934
-8.486937522888184
-7.541658878326416
-8.758857727050781
-8.459391593933105
-9.708765029907227
-10.19331169128418
-9.642045974731445
-10.092399597167969
-10.241028785705566
-10.124347686767578
-9.739533424377441
-9.835227966308594
-9.358437538146973
-10.073006629943848
-10.000448226928711
-10.706146240234375
-11.11046314239502
-11.74618148803711
-11.746940612792969
-11.930536270141602
-12.113162994384766
-11.533469200134277
-11.01646614074707
-10.507227897644043
-11.378753662109375
-12.666277885437012
-12.722156524658203
-11.481821060180664
-11.845056533813477
-13.447535514831543
-12.189087867736816
-13.761228561401367
-14.127555847167969
-13.680891036987305
-14.602983474731445
-13.176382064819336
-13.23523235321045
-12.943824768066406
-13.200345039367676
-13.185064315795898
-14.22253131866455
-15.558184623718262
-15.6043062210083
-15.991877555847168
-15.495447158813477
-15.889241218566895
-16.196998596191406
-16.75581169128418
-16.417160034179688
-15.866063117980957
-15.7123384475708
-16.866336822509766
-15.8533353805542
-2.2458624839782715
-5.624084949493408
0.006396551616489887
0.005060107447206974
0.007316423114389181
0.0073564075864851475
0.007165434770286083
0.007250208407640457
0.006705346051603556
0.006911283824592829
0.006911369506269693
0.006761027965694666
0.006374412681907415
0.006764452904462814
0.006397734396159649
0.006687724497169256
0.006355862133204937
0.006329564843326807
0.006310432218015194
0.005739536136388779
0.005955199245363474
0.006108423229306936
0.0061082132160663605
0.005871741566807032
0.005698769818991423
0.005716984160244465
0.0056188879534602165
0.005310988985002041
0.005453555379062891
0.004797670058906078
0.0053725349716842175
0.005308119114488363
0.004698184318840504
0.004747150931507349
0.0048602730967104435
0.0046259756200015545
0.0043197693303227425
0.0042691840790212154
0.004004308022558689
0.004402893595397472
0.004398045130074024
0.0037050966639071703
0.00392815750092268
0.003841191064566374
0.0033108312636613846
0.0031805962789803743
0.00375171797350049
0.003138681873679161
0.002919301623478532
0.0034890316892415285
0.002448662417009473
0.0033799472730606794
0.002249685116112232
0.0025793761014938354
0.0019952445290982723
0.0025791190564632416
0.002506325952708721
0.0021650842390954494
0.0023595704697072506
0.0014818791532889009
0.0026291324757039547
0.0021658227778971195
0.001879801624454558
0.0014253256376832724
0.002243545139208436
0.001111689954996109
0.0019351353403180838
0.001776411896571517
0.001436700695194304
0.0012715478660538793
0.0014055209467187524
0.001712447265163064
0.0009880346478894353
0.0015633177245035768
0.0010049898410215974
0.0012587154051288962
0.000781484879553318
0.0011387269478291273
0.0007919709896668792
0.0012525495840236545
0.0011779280612245202
0.0009912839159369469
0.0009203539229929447
0.000992119312286377
0.0009119088645093143
0.0003089567762799561
0.0011987702455371618
0.000686458486597985
0.0010382671607658267
0.0007796838181093335
0.0009530626120977104
0.0019253253703936934
0.000500090594869107
0.00023740010510664433
0.001347817713394761
0.0007378943264484406
0.0007899560150690377
0.0012488268548622727
-6.6338324546813965
-19.616619110107422
-20.357351303100586
-12.154906272888184
-16.574504852294922
-8.082284927368164
-5.616783142089844
-6.80327844619751
-7.7095489501953125
-4.559418678283691
-4.21331262588501
-3.6287853717803955
-3.0434975624084473
-2.171921730041504
-3.356715679168701
-2.8260865211486816
-2.653212785720825
-2.6850757598876953
-3.3264904022216797
-4.004450798034668
-3.315568208694458
-3.286651611328125
-2.9254117012023926
-4.106767177581787
-3.9532558917999268
-4.7149457931518555
-4.654773235321045
-5.347491264343262
-4.963862419128418
-5.078576564788818
-5.495060443878174
-5.569619655609131
-5.178709983825684
-5.472241401672363
-5.500496864318848
-6.086031913757324
-7.3035454750061035
-7.117123603820801
-6.34624719619751
-6.879751682281494
-7.779515266418457
-7.7289299964904785
-7.686422824859619
-7.457302093505859
-7.30291223526001
-7.809011936187744
-7.250086784362793
-8.206560134887695
-8.260019302368164
-8.686400413513184
-8.788139343261719
-8.505096435546875
-9.28970718383789
-9.163797378540039
-8.923857688903809
-8.987043380737305
-9.096914291381836
-9.560762405395508
-9.701797485351562
-9.492671012878418
-10.194879531860352
-9.06408977508545
-10.003814697265625
-9.296838760375977
-10.32078742980957
-10.057211875915527
-10.392646789550781
-12.043672561645508
-10.667149543762207
-10.84858512878418
-10.016302108764648
-11.980021476745605
-11.419448852539062
-11.932966232299805
-13.302868843078613
-12.381293296813965
-12.747060775756836
-13.064184188842773
-12.739415168762207
-13.237525939941406
-13.725412368774414
-13.109477043151855
-13.488443374633789
-13.420690536499023
-13.9116792678833
-13.596943855285645
-13.268473625183105
-15.100837707519531
-14.22571086883545
-14.56061840057373
-14.416796684265137
-15.89891529083252
-14.743072509765625
-14.454228401184082
-15.105056762695312
-16.083513259887695
-16.175556182861328
-16.40620994567871
-16.41254234313965
-16.206348419189453
-16.67044448852539
-15.521017074584961
-3.9917495250701904
-4.401012420654297
0.0058610206469893456
0.0061199418269097805
0.007055178284645081
0.0071769109927117825
0.0075805895030498505
0.006633509881794453
0.006730359047651291
0.006785627454519272
0.006991823669523001
0.0067779384553432465
0.00642979284748435
0.006485444959253073
0.006540495902299881
0.006733017507940531
0.006473556160926819
0.006202251650393009
0.006324506364762783
0.006102173589169979
0.005848313216120005
0.005928446538746357
0.005753327626734972
0.005551828537136316
0.006108483299612999
0.005475485231727362
0.005546404980123043
0.005186150781810284
0.005483913701027632
0.005220637656748295
0.005293683614581823
0.004844809882342815
0.00462457537651062
0.004732293542474508
0.004887853749096394
0.004614800680428743
0.004398760385811329
0.004257563967257738
0.004123887978494167
0.004313458222895861
0.003698913846164942
0.004044538363814354
0.004182976204901934
0.003787791822105646
0.00363423814997077
0.003328708466142416
0.0034393861424177885
0.003470080439001322
0.0028571237344294786
0.003139938460662961
0.002934186952188611
0.0033011971972882748
0.0026007043197751045
0.002806181786581874
0.002549300203099847
0.0019860975444316864
0.0025108358822762966
0.0026820239145308733
0.0018140554893761873
0.001966924872249365
0.002219951478764415
0.0021552436519414186
0.0018779955571517348
0.0017534618964418769
0.0018179502803832293
0.0017585208406671882
0.0009684942779131234
0.0018356268992647529
0.0017395962495356798
0.0012815895024687052
0.001490049296990037
0.0009077338618226349
0.0016325544565916061
0.0012534477282315493
0.0011116259265691042
0.0013371200766414404
0.0009487460483796895
0.0009954338893294334
0.00033830804750323296
0.0014696281868964434
0.0010260404087603092
0.0006008598720654845
0.0013816130813211203
0.0009649561834521592
0.0008025753195397556
0.0011865675915032625
0.001035697991028428
0.0011871635215356946
0.0005787571426481009
0.0016801919555291533
0.00037743718712590635
0.0010912639554589987
0.0006881866720505059
0.001374584506265819
0.0013057993492111564
0.0007339782314375043
0.0006470564985647798
0.001586482278071344
-6.904310703277588
-18.922555923461914
-20.051898956298828
-12.02914810180664
-13.46222972869873
-5.93105936050415
-3.9347591400146484
-5.618420600891113
-8.51313304901123
-4.034616470336914
-3.6949660778045654
-2.5330023765563965
-2.9138967990875244
-2.9352314472198486
-2.7251009941101074
-2.319089889526367
-1.7619731426239014
-3.196545124053955
-3.9667134284973145
-3.865612506866455
-3.2281334400177
-2.858029842376709
-3.370518445968628
-4.104016304016113
-3.462491512298584
-4.367891788482666
-3.9523398876190186
-4.432806968688965
-4.7841477394104
-4.920326232910156
-5.538420677185059
-5.354186058044434
-5.832520961761475
-5.570918083190918
-5.681097984313965
-6.3624162673950195
-6.590453147888184
-7.104277610778809
-7.537182807922363
-6.618538856506348
-6.13893985748291
-6.595705986022949
-7.064924716949463
-7.40017032623291
-8.722673416137695
-7.707714080810547
-7.45102596282959
-7.917990207672119
-8.171972274780273
-7.8144073486328125
-9.134442329406738
-8.45496654510498
-8.299210548400879
-7.524214744567871
-9.03238582611084
-8.914728164672852
-9.599863052368164
-9.645284652709961
-9.196616172790527
-9.671625137329102
-9.678064346313477
-10.245447158813477
-10.038381576538086
-10.079346656799316
-9.883455276489258
-10.789884567260742
-10.715001106262207
-11.361926078796387
-11.041791915893555
-11.501426696777344
-10.936273574829102
-12.309225082397461
-12.26927375793457
-11.422372817993164
-11.502312660217285
-11.167848587036133
-11.890279769897461
-12.07472038269043
-12.86027717590332
-12.911230087280273
-13.409706115722656
-13.662214279174805
-13.749288558959961
-13.48095417022705
-12.796977043151855
-13.994489669799805
-14.400505065917969
-14.480969429016113
-13.945048332214355
-13.312291145324707
-15.018997192382812
-15.092851638793945
-14.728877067565918
-15.079931259155273
-15.746004104614258
-15.007730484008789
-16.739248275756836
-16.174020767211914
-15.625750541687012
-16.504093170166016
-17.156326293945312
-17.1442813873291
-2.280391216278076
-5.458858013153076
0.006375101860612631
0.005535000003874302
0.007212200667709112
0.007331680506467819
0.007149155251681805
0.006658359430730343
0.006940123625099659
0.007279126439243555
0.006516623310744762
0.007080402225255966
0.0067864879965782166
0.006533012725412846
0.006446340121328831
0.006129818502813578
0.006589621305465698
0.006652474403381348
0.005706023424863815
0.0064779953099787235
0.005827100481837988
0.00621950114145875
0.0060495007783174515
0.0059063672088086605
0.005474397446960211
0.005562263075262308
0.005625782534480095
0.005534346215426922
0.005226122215390205
0.0051603252068161964
0.005433078855276108
0.005463770590722561
0.004198906011879444
0.005236827302724123
0.004357141442596912
0.004929628688842058
0.004247424192726612
0.004094165749847889
0.004294737242162228
0.00399530166760087
0.00397162651643157
0.004021034575998783
0.003908221609890461
0.0037670847959816456
0.003596444148570299
0.0033398065716028214
0.003299364121630788
0.003315018955618143
0.0030042242724448442
0.003216853830963373
0.0029719099402427673
0.0032737136352807283
0.0026152939535677433
0.0022747782059013844
0.002566635375842452
0.0026585315354168415
0.0022284528240561485
0.002414097310975194
0.0018982167821377516
0.002227463060989976
0.002116821240633726
0.0022361648734658957
0.0016119607025757432
0.0019301747670397162
0.0017189601203426719
0.0018887544283643365
0.0013918421464040875
0.0014120092382654548
0.0013200186658650637
0.0014628259232267737
0.0017675233539193869
0.0009214853635057807
0.0010534868342801929
0.0010525956749916077
0.0016635522479191422
0.0012180011253803968
0.0008394642500206828
0.001329599181190133
0.001299960887990892
0.0003497187572065741
0.0010364055633544922
0.0014219164149835706
0.0006906908820383251
0.0009092785185202956
0.0003522032347973436
0.00196622172370553
0.0002935232478193939
0.001128438743762672
0.0009070670348592103
0.0008686088840477169
0.0010007934179157019
0.0007223457796499133
0.0013885477092117071
0.0009978575399145484
0.0007760282605886459
0.0009879192803055048
0.0006792439962737262
0.0016039914917200804
-7.1180901527404785
-18.883935928344727
-20.639339447021484
-12.386435508728027
-11.452878952026367
-10.358028411865234
-6.849202632904053
-6.6842851638793945
-6.741346836090088
-3.8701789379119873
-2.9726858139038086
-3.3184189796447754
-2.7363243103027344
-2.8482797145843506
-1.2942845821380615
-2.5118188858032227
-2.6401920318603516
-3.110074520111084
-2.7633538246154785
-3.1397058963775635
-2.8871254920959473
-3.596513271331787
-3.9790561199188232
-4.388247489929199
-3.608839750289917
-4.514426231384277
-4.31351375579834
-4.172690391540527
-5.798201560974121
-5.032672882080078
-5.5584797859191895
-5.19711971282959
-5.689173698425293
-6.073103904724121
-5.375643730163574
-5.026097774505615
-6.177114963531494
-6.864041805267334
-6.880504608154297
-6.499295234680176
-6.602667331695557
-6.737711429595947
-7.911004543304443
-7.728224277496338
-7.777596473693848
-7.19720458984375
-8.020708084106445
-8.184258460998535
-8.258840560913086
-7.893795013427734
-8.300664901733398
-8.825109481811523
-8.660636901855469
-9.218301773071289
-8.992060661315918
-9.106578826904297
-9.79052734375
-10.003575325012207
-9.222176551818848
-10.285005569458008
-10.82820987701416
-9.434195518493652
-10.579387664794922
-10.19792366027832
-10.693328857421875
-10.48438549041748
-10.482930183410645
-10.96057415008545
-10.793245315551758
-11.10107135772705
-10.546330451965332
-10.843854904174805
-11.57178783416748
-11.55472183227539
-12.18918514251709
-11.670547485351562
-11.817278861999512
-12.716805458068848
-13.201950073242188
-13.46026611328125
-13.700172424316406
-13.588465690612793
-13.995176315307617
-13.958287239074707
-14.278119087219238
-14.018552780151367
-14.691360473632812
-14.486035346984863
-13.893905639648438
-14.207342147827148
-15.362034797668457
-14.637715339660645
-15.339136123657227
-15.93580150604248
-15.623211860656738
-15.734750747680664
-15.543652534484863
-15.918006896972656
-16.397506713867188
-16.810115814208984
-15.889492988586426
-16.058149337768555
-3.811173915863037
-4.107086658477783
0.006155505310744047
0.005937058478593826
0.0070504797622561455
0.007068552076816559
0.007294798735529184
0.006864507682621479
0.006772754248231649
0.006990510039031506
0.00668856967240572
0.006715773139148951
0.006860218942165375
0.006462702993303537
0.006221079733222723
0.006341710686683655
0.006294882856309414
0.006391612347215414
0.006119858473539352
0.006011247634887695
0.005941855255514383
0.006179601885378361
0.005562352016568184
0.005893430672585964
0.005531825125217438
0.005924164317548275
0.005428222008049488
0.004922077059745789
0.005608290433883667
0.005113533698022366
0.00498356344178319
0.005110336467623711
0.0051174769178032875
0.004929874558001757
0.004650904797017574
0.004166760481894016
0.004868105053901672
0.004331941716372967
0.003992576617747545
0.004570242948830128
0.00391785241663456
0.00399880250915885
0.0038067300338298082
0.0035502207465469837
0.0037930612452328205
0.003061609109863639
0.003569765482097864
0.0030931869987398386
0.0029931082390248775
0.0031725901644676924
0.0031503166537731886
0.002480884315446019
0.002719117794185877
0.0028768975753337145
0.002024952322244644
0.002693875227123499
0.002032248768955469
0.0025420552119612694
0.0023945095017552376
0.0016329394420608878
0.002246623393148184
0.0023538616951555014
0.0014476018259301782
0.001317712478339672
0.001388050615787506
0.0018932759994640946
0.0015373280039057136
0.0015232411678880453
0.0014407789567485452
0.0015050163492560387
0.0013608027948066592
0.0012091802200302482
0.000920453283470124
0.0005667859804816544
0.002035056706517935
0.0011900386307388544
0.0006458057905547321
0.0009349499014206231
0.0011604420142248273
0.0009594502625986934
0.0011637733550742269
0.0008904006099328399
0.0010044882073998451
0.0010578527580946684
0.0008714866708032787
0.0012933523394167423
-0.0001479128113714978
0.0017982972785830498
0.0008992436341941357
0.0003860441211145371
0.000819280743598938
0.0013069738633930683
0.0011781876673921943
0.0010184939019382
0.0008121694554574788
0.0008844414842315018
0.0012865628814324737
0.0008744943770579994
-4.5731987953186035
-17.248151779174805
-18.658472061157227
-11.361454963684082
-10.950096130371094
-11.67155933380127
-7.255768775939941
-6.855172157287598
-5.4337310791015625
-3.887559413909912
-2.687887668609619
-2.1673190593719482
-2.94633412361145
-3.009002208709717
-2.937063217163086
-2.4179911613464355
-2.0299582481384277
-2.943754196166992
-2.856489658355713
-3.0608479976654053
-3.4892184734344482
-2.7144248485565186
-3.2687015533447266
-2.9941623210906982
-3.335216522216797
-4.180854320526123
-3.9943790435791016
-3.8793773651123047
-4.267912864685059
-4.641689300537109
-4.510073661804199
-6.17045259475708
-6.06661319732666
-6.47607421875
-5.966862201690674
-5.347578048706055
-6.091897487640381
-6.407902717590332
-7.240940093994141
-6.5247063636779785
-6.704003810882568
-7.398598670959473
-8.159723281860352
-8.148500442504883
-7.762620449066162
-7.4780426025390625
-7.935856819152832
-7.341788291931152
-8.016258239746094
-8.903725624084473
-9.032763481140137
-8.636423110961914
-8.566180229187012
-8.643646240234375
-10.572639465332031
-9.426361083984375
-9.640743255615234
-9.196802139282227
-8.828375816345215
-9.920100212097168
-10.238150596618652
-10.161063194274902
-10.376768112182617
-10.832210540771484
-10.354290962219238
-11.129768371582031
-10.117267608642578
-11.552473068237305
-11.234254837036133
-11.922279357910156
-11.009955406188965
-10.916411399841309
-11.87254524230957
-11.592690467834473
-11.47360897064209
-11.853229522705078
-12.332738876342773
-11.941988945007324
-12.872413635253906
-13.402859687805176
-12.626953125
-12.69314193725586
-13.133234024047852
-12.612757682800293
-13.4343843460083
-13.125126838684082
-13.244384765625
-13.028280258178711
-14.903401374816895
-14.648168563842773
-14.82684326171875
-15.058062553405762
-15.605962753295898
-15.185373306274414
-16.071645736694336
-14.376858711242676
-16.636959075927734
-16.363819122314453
-16.363338470458984
-16.7116756439209
-15.243034362792969
-15.388218879699707
-3.420640230178833
-3.967667818069458
0.00605954322963953
0.006091527175158262
0.006947626359760761
0.007371917366981506
0.007356160786002874
0.006678464822471142
0.0070605045184493065
0.006792648695409298
0.006584788206964731
0.006548453122377396
0.006987951695919037
0.006486090365797281
0.006550393998622894
0.006601584143936634
0.00608659815043211
0.006136189214885235
0.006179505493491888
0.006069775205105543
0.005812600255012512
0.006080909166485071
0.006007126532495022
0.0057478854432702065
0.006094243377447128
0.0052904714830219746
0.0058297025971114635
0.005276754964143038
0.005145937204360962
0.005300956312566996
0.005423101130872965
0.005217484198510647
0.004602835513651371
0.004870863165706396
0.004809534177184105
0.0046509490348398685
0.004883670713752508
0.0037994589656591415
0.004271409474313259
0.004467937629669905
0.003787427442148328
0.003962195478379726
0.003709330689162016
0.0035592392086982727
0.0037995565216988325
0.0034885904751718044
0.0032397147733718157
0.0037294640205800533
0.0029491339810192585
0.0028117571491748095
0.0029965993016958237
0.0025172512978315353
0.0026940149255096912
0.002608151640743017
0.002570205833762884
0.002743044402450323
0.001825973391532898
0.0019927455577999353
0.001953564118593931
0.0022307129111140966
0.0017419193172827363
0.002130259992554784
0.0020367486868053675
0.0018595164874568582
0.0016509767156094313
0.0019313197117298841
0.001569349318742752
0.0012382487766444683
0.0014455253258347511
0.0014845348196104169
0.0014287307858467102
0.0016303332522511482
0.001175358658656478
0.0009014622191898525
0.0011385007528588176
0.001161710126325488
0.0014288077363744378
0.0004925031680613756
0.0016149680595844984
0.0007020285702310503
0.0008863891707733274
0.0008333057048730552
0.00140452291816473
0.0006413372466340661
0.0016220901161432266
0.00015719937800895423
0.00039662577910348773
0.0015504745533689857
0.000856059486977756
0.00047487608389928937
0.0014100800035521388
0.0004996900679543614
0.0012095075799152255
0.00036281911889091134
0.0012410801136866212
0.0009406695025973022
0.0011930156033486128
0.0013514015590772033
-3.560661792755127
-16.183868408203125
-18.177648544311523
-11.238261222839355
-15.630868911743164
-9.079690933227539
-5.5877885818481445
-5.089222431182861
-4.666308403015137
-2.735947847366333
-2.849364757537842
-1.9949805736541748
-3.134243965148926
-2.777212381362915
-1.9944379329681396
-3.019914388656616
-2.2311627864837646
-2.3360726833343506
-3.391206741333008
-3.3687171936035156
-3.006164073944092
-3.181382417678833
-3.347917079925537
-4.042974948883057
-3.930342197418213
-3.475858211517334
-4.6343889236450195
-5.116652011871338
-4.974709510803223
-4.031859874725342
-4.778844356536865
-5.25028133392334
-5.423131465911865
-4.997610569000244
-5.3235249519348145
-6.138297080993652
-6.4480695724487305
-6.37862491607666
-6.245802402496338
-6.665289878845215
-6.9332594871521
-7.132136344909668
-7.411447048187256
-8.17501163482666
-7.253838539123535
-7.90331506729126
-7.047704219818115
-7.646633148193359
-7.664968013763428
-7.538782596588135
-8.779385566711426
-8.778794288635254
-9.092144012451172
-7.678345680236816
-8.71094799041748
-9.24351978302002
-9.466043472290039
-9.52591323852539
-9.606746673583984
-10.503868103027344
-9.560686111450195
-9.49098014831543
-10.178824424743652
-10.515092849731445
-10.855615615844727
-11.433924674987793
-11.366201400756836
-11.49661636352539
-11.02900505065918
-10.742914199829102
-12.000741004943848
-10.883845329284668
-11.832298278808594
-11.740574836730957
-11.75462532043457
-12.687429428100586
-11.24443244934082
-12.858205795288086
-12.26156234741211
-13.121795654296875
-13.164546012878418
-13.538627624511719
-13.965042114257812
-13.73137378692627
-14.671847343444824
-13.728655815124512
-14.173202514648438
-14.581911087036133
-14.299386978149414
-14.489115715026855
-15.024189949035645
-15.802149772644043
-14.65019416809082
-15.256312370300293
-15.663464546203613
-16.006980895996094
-16.270519256591797
-16.266368865966797
-15.915637016296387
-16.92506217956543
-15.322705268859863
-15.57653522491455
-5.093990325927734
-3.2960166931152344
0.006696329452097416
0.008054973557591438
0.0059047904796898365
0.006588849239051342
0.007543202489614487
0.006501392461359501
0.007253998424857855
0.00668102502822876
0.006655015982687473
0.006788706872612238
0.006475944072008133
0.006517632864415646
0.0068883588537573814
0.006250405218452215
0.005781274754554033
0.006887813564389944
0.0061294944025576115
0.005692633800208569
0.006035663187503815
0.006090505514293909
0.0054892380721867085
0.00592707609757781
0.0057703773491084576
0.005568130873143673
0.00547992205247283
0.005269627086818218
0.005155943334102631
0.005517425015568733
0.0051218620501458645
0.005167799536138773
0.004758656024932861
0.004779738839715719
0.004909745417535305
0.004073684569448233
0.00477353110909462
0.004391669295728207
0.004574909806251526
0.00398716377094388
0.004029346164315939
0.0037499642930924892
0.0036955359391868114
0.003526846645399928
0.003728235140442848
0.0031725126318633556
0.003409945871680975
0.0034839981235563755
0.0031030664686113596
0.0027465573512017727
0.0028852256946265697
0.0029481800738722086
0.0026704645715653896
0.0025455395225435495
0.002169240266084671
0.0028402546886354685
0.0024891733191907406
0.001925499876961112
0.002944615203887224
0.0016690099146217108
0.0025391322560608387
0.001797552453354001
0.0017321545165032148
0.0020974879153072834
0.0014588454505428672
0.0012961805332452059
0.0015442583244293928
0.001972333760932088
0.001391921890899539
0.0012106626527383924
0.0013366152998059988
0.000840315013192594
0.0011788054835051298
0.0013351786183193326
0.0010365068446844816
0.0013004776556044817
0.0015225160168483853
0.0006587093812413514
0.0013088772539049387
0.0009614943410269916
0.0009322917903773487
0.0006283526308834553
0.000979612348601222
0.000977957621216774
0.000853292178362608
0.0007496898761019111
0.0006168941035866737
0.0009511996759101748
0.0012693955795839429
0.0008889584569260478
0.0009762325207702816
0.0004011463897768408
0.0006951314280740917
0.0018174070864915848
0.0005789792630821466
0.0010373328113928437
0.0006266385316848755
0.0012564685894176364
-5.001399040222168
-17.60834503173828
-19.31226348876953
-11.901091575622559
-8.922450065612793
-9.600786209106445
-5.992539405822754
-6.442675590515137
-6.143307685852051
-4.139525413513184
-3.8629469871520996
-2.2251572608947754
-2.4696455001831055
-3.0255630016326904
-2.0531787872314453
-2.764719247817993
-2.7471258640289307
-2.330667734146118
-2.644836902618408
-3.0168533325195312
-2.5287749767303467
-3.7472083568573
-4.43442440032959
-4.589521408081055
-3.6447665691375732
-3.9778568744659424
-3.1263909339904785
-4.5794291496276855
-4.591747760772705
-3.9109787940979004
-4.446774482727051
-5.378942966461182
-5.646815299987793
-5.817826271057129
-5.696104049682617
-5.703403472900391
-6.651192665100098
-5.973363876342773
-7.661049842834473
-6.595597743988037
-6.0885725021362305
-7.039261817932129
-7.665019989013672
-7.980879306793213
-7.546074867248535
-7.171572208404541
-8.635211944580078
-8.009282112121582
-8.020526885986328
-8.134381294250488
-8.919622421264648
-8.58183765411377
-8.445295333862305
-8.928258895874023
-8.555449485778809
-9.130820274353027
-8.487262725830078
-8.571434020996094
-9.551018714904785
-9.519868850708008
-9.879334449768066
-9.663640975952148
-10.544904708862305
-10.381487846374512
-10.757829666137695
-10.92480754852295
-10.437658309936523
-10.326589584350586
-11.21725082397461
-11.350610733032227
-11.52607250213623
-10.788835525512695
-11.941587448120117
-12.609427452087402
-11.708423614501953
-12.959951400756836
-12.075756072998047
-12.986013412475586
-13.605850219726562
-12.791924476623535
-13.088833808898926
-12.790146827697754
-13.956835746765137
-13.518999099731445
-15.06837272644043
-14.929269790649414
-14.59815788269043
-14.497392654418945
-14.450376510620117
-14.752972602844238
-14.575037002563477
-15.698137283325195
-15.51526165008545
-15.541604995727539
-15.429693222045898
-16.164506912231445
-17.065196990966797
-16.26099395751953
-15.910858154296875
-15.944770812988281
-17.055400848388672
-15.984130859375
-5.683320045471191
-3.6783993244171143
0.007541964296251535
0.007567169610410929
0.005543882492929697
0.006757794879376888
0.00781804695725441
0.006728343665599823
0.00680036935955286
0.00656625023111701
0.006790231913328171
0.0064417519606649876
0.0064459205605089664
0.006510583218187094
0.0062912083230912685
0.0063796816393733025
0.0066014667972922325
0.005782190710306168
0.006253724452108145
0.006110266782343388
0.0060196821577847
0.005991184152662754
0.006146322004497051
0.005373143590986729
0.006032157223671675
0.0056273541413247585
0.005629471503198147
0.005411683116108179
0.005046466365456581
0.005743022542446852
0.005205869674682617
0.00518858153373003
0.004534159321337938
0.005056506022810936
0.0037455365527421236
0.005739334039390087
0.003922565840184689
0.004657387733459473
0.0041639129631221294
0.004069315269589424
0.004046101588755846
0.003761810017749667
0.0036564264446496964
0.003971918486058712
0.003707737196236849
0.0032803150825202465
0.0032485127449035645
0.003609600244089961
0.0028193239122629166
0.003258551936596632
0.0025882539339363575
0.0029804976657032967
0.002855419646948576
0.0021006830502301455
0.0028688949532806873
0.002204012591391802
0.002417209092527628
0.002123897662386298
0.0015710772713646293
0.002942588645964861
0.0016248635947704315
0.0014978573890402913
0.001949400408193469
0.002641637111082673
0.001106984680518508
0.002073391806334257
0.0014462822582572699
0.0016720056300982833
0.0008861739188432693
0.0018881050636991858
0.0013317561242729425
0.0009656851179897785
0.0010260007111355662
0.0010400866158306599
0.0011223213514313102
0.0012684387620538473
0.0012227403931319714
0.0011079327668994665
0.00023688092187512666
0.0020623335149139166
0.0007287234766408801
0.0006951855029910803
0.0009726656717248261
0.0011040359968319535
0.0011434764601290226
0.000447167461970821
0.000989519408904016
0.0012998830061405897
0.0010243002325296402
0.0004750935477204621
0.0012529963860288262
0.0009206317481584847
0.0008158910786733031
0.0004112759488634765
0.0005810425500385463
0.001333882799372077
0.0012244455283507705
0.0014779714401811361
-2.9301981925964355
-15.792259216308594
-18.809036254882812
-11.567410469055176
-13.416646957397461
-14.010107040405273
-4.31136417388916
-7.847418785095215
-4.736527442932129
-1.8229681253433228
-2.125657558441162
-1.3630945682525635
-2.434885263442993
-2.1744933128356934
-1.6748027801513672
-2.7997517585754395
-2.3153302669525146
-3.4080939292907715
-2.525343418121338
-2.7777554988861084
-3.7394824028015137
-3.519817352294922
-3.7279181480407715
-4.202897548675537
-3.3760623931884766
-4.534376621246338
-4.270228385925293
-5.031785011291504
-5.595428943634033
-5.263318061828613
-5.5452165603637695
-5.8798065185546875
-4.95398473739624
-6.379540920257568
-6.693331718444824
-5.81054162979126
-7.3503828048706055
-6.182280540466309
-6.235489845275879
-6.773287296295166
-6.642720699310303
-6.948508262634277
-7.612527370452881
-7.047008514404297
-7.259366512298584
-7.677879333496094
-8.049333572387695
-8.651525497436523
-7.3561882972717285
-8.875499725341797
-8.811199188232422
-8.235025405883789
-8.744468688964844
-8.708195686340332
-8.186738967895508
-9.416865348815918
-8.634737014770508
-9.622830390930176
-9.825968742370605
-9.992620468139648
-11.161848068237305
-10.473091125488281
-9.929276466369629
-10.678230285644531
-9.477054595947266
-10.884866714477539
-10.611063003540039
-10.529472351074219
-11.85026741027832
-11.055322647094727
-10.978001594543457
-12.109735488891602
-10.927910804748535
-11.489301681518555
-12.021674156188965
-12.578692436218262
-12.186090469360352
-11.603525161743164
-12.854968070983887
-12.020231246948242
-13.211374282836914
-12.03113842010498
-13.534001350402832
-14.307268142700195
-13.981832504272461
-13.834887504577637
-14.6101713180542
-14.656959533691406
-14.443679809570312
-15.11926555633545
-14.627641677856445
-14.920232772827148
-14.597023010253906
-15.208938598632812
-16.882410049438477
-16.994047164916992
-16.430797576904297
-15.514636039733887
-16.078609466552734
-15.229626655578613
-15.592660903930664
-15.99005126953125
-7.4478912353515625
-3.7795193195343018
0.0064719682559370995
0.006076197139918804
0.006514051463454962
0.007176300976425409
0.007260204292833805
0.006522728595882654
0.006848517805337906
0.006980951875448227
0.0065680742263793945
0.0070763505063951015
0.006639839615672827
0.00619305158033967
0.0064445966854691505
0.006386888213455677
0.006237529218196869
0.006528788711875677
0.006088728550821543
0.0059140948578715324
0.005800602491945028
0.005992896854877472
0.00576785858720541
0.005864306353032589
0.005239167716354132
0.005997039843350649
0.005641730967909098
0.00524516636505723
0.00479908986017108
0.005284165497869253
0.005502668209373951
0.00487463129684329
0.004646702669560909
0.00491506140679121
0.004514039494097233
0.0045240530744194984
0.004580711014568806
0.0044728778302669525
0.004340413026511669
0.0037724405992776155
0.0036163150798529387
0.0043776435777544975
0.004055782221257687
0.0038070916198194027
0.0034370410721749067
0.0036911270581185818
0.002932322444394231
0.003463032888248563
0.003444161731749773
0.002738279988989234
0.003552959067746997
0.002790037076920271
0.002806020900607109
0.002839794848114252
0.002473029773682356
0.002621323335915804
0.001981844659894705
0.001769225811585784
0.0028186864219605923
0.0022453293204307556
0.002020886167883873
0.00216574571095407
0.002282117959111929
0.0017798955086618662
0.00167049840092659
0.0018615752924233675
0.0016898596659302711
0.0012577807065099478
0.0017735892906785011
0.0011023787083104253
0.0018533279653638601
0.000653936353046447
0.0012223351513966918
0.0015015262179076672
0.0012394983787089586
0.0008872902253642678
0.0015700950752943754
0.0006105813081376255
0.0009293003822676837
0.0012663827510550618
0.000743704498745501
0.0013057219330221415
0.00023753466666676104
0.000627463567070663
0.0011585387401282787
0.0014712439151480794
0.0007409544778056443
0.0006923720357008278
0.0007328655337914824
0.0004931290750391781
0.0008161540026776493
0.0007887019892223179
0.0010859780013561249
0.0010330502409487963
0.0009312027250416577
0.00043341805576346815
0.0013542689848691225
0.001365687814541161
-2.7885372638702393
-15.279930114746094
-15.122255325317383
-8.192502975463867
-8.579996109008789
-13.768559455871582
-3.8140697479248047
-6.693840980529785
-3.7369086742401123
-0.9029029607772827
-1.9673688411712646
-1.3314077854156494
-1.5985970497131348
-1.2591822147369385
-1.5129914283752441
-1.7324355840682983
-2.2786107063293457
-2.8923165798187256
-3.049774646759033
-2.8767428398132324
-3.2420685291290283
-3.135406017303467
-4.803099632263184
-4.845889568328857
-3.825504779815674
-4.235058784484863
-3.733250856399536
-4.830974578857422
-4.891152381896973
-4.7314372062683105
-5.321717262268066
-5.606109619140625
-6.11437463760376
-6.692979335784912
-6.308734893798828
-6.197274684906006
-6.863101959228516
-6.887375831604004
-6.713503837585449
-6.8931989669799805
-7.445078372955322
-7.397054195404053
-7.4300642013549805
-8.066083908081055
-7.027732849121094
-7.888028144836426
-7.128321170806885
-8.528264999389648
-8.270906448364258
-8.20533561706543
-8.734991073608398
-8.123907089233398
-9.468097686767578
-9.06103229522705
-8.910187721252441
-9.457770347595215
-9.251033782958984
-9.101923942565918
-9.075615882873535
-9.267499923706055
-9.643288612365723
-11.39930248260498
-10.7920503616333
-11.055248260498047
-10.413825988769531
-9.97119140625
-11.908487319946289
-11.3920259475708
-11.430031776428223
-10.813691139221191
-11.278806686401367
-10.829436302185059
-12.067824363708496
-12.091798782348633
-11.467597007751465
-11.680716514587402
-11.646086692810059
-12.554614067077637
-12.637044906616211
-13.003782272338867
-12.463427543640137
-12.694947242736816
-12.951045036315918
-13.776334762573242
-13.103826522827148
-13.44762134552002
-15.039642333984375
-14.892316818237305
-14.954072952270508
-14.905588150024414
-14.771635055541992
-14.424886703491211
-14.2821626663208
-15.33360767364502
-15.018186569213867
-15.939485549926758
-16.26523208618164
-16.784372329711914
-15.825091361999512
-16.04182243347168
-15.339136123657227
-15.894102096557617
-4.264280796051025
-4.3361406326293945
0.005770047195255756
0.006327862851321697
0.006481281481683254
0.007102689705789089
0.007274809293448925
0.006892136298120022
0.006592025049030781
0.006962458603084087
0.007001063320785761
0.006463891360908747
0.00673085218295455
0.006624194327741861
0.0061292932368814945
0.006574234925210476
0.006267292890697718
0.006338547915220261
0.0059211538173258305
0.006039676256477833
0.005710033234208822
0.0063571566715836525
0.005830592941492796
0.005745891015976667
0.005873349029570818
0.005934958346188068
0.005366481374949217
0.0053296638652682304
0.005033922381699085
0.0052382005378603935
0.005373717751353979
0.004746989347040653
0.004813383333384991
0.005002547986805439
0.004465223290026188
0.004612819757312536
0.0046908180229365826
0.004454674199223518
0.003986210096627474
0.004698845092207193
0.003443318186327815
0.0039985571056604385
0.004467270337045193
0.0035057507921010256
0.0036017433740198612
0.0033169903326779604
0.0032106381841003895
0.0032021370716392994
0.003307536942884326
0.0035905938129872084
0.0028616352938115597
0.002487361431121826
0.0031341109424829483
0.0025236492510885
0.0022728731855750084
0.003030286869034171
0.0017922751139849424
0.002864635782316327
0.0017991967033594847
0.002451210981234908
0.0018154901918023825
0.0017675126437097788
0.0023448949214071035
0.0013739103451371193
0.001476480159908533
0.0015759520465508103
0.001873950706794858
0.0008680171449668705
0.0012216686736792326
0.0014105649897828698
0.0011372948065400124
0.0013531665317714214
0.001358108245767653
0.0010277992114424706
0.0014664635527879
0.0011389583814889193
0.0006995725561864674
0.0011806536931544542
0.0009877816773951054
0.001013820176012814
0.0010079832281917334
0.0010396864963695407
0.0009160522604361176
0.000977908493950963
0.0008739229524508119
0.0004451048152986914
0.0014230698579922318
0.000929251138586551
0.0004478206974454224
0.0013050290290266275
0.0013611079193651676
0.000657759141176939
0.0007650212501175702
0.0008803272503428161
0.0012299128575250506
0.00044194370275363326
0.0010171938920393586
0.0011445630807429552
-2.5825583934783936
-14.454605102539062
-17.503299713134766
-11.340958595275879
-15.205093383789062
-15.767454147338867
-4.869750022888184
-9.037878036499023
-4.628408432006836
-2.1194324493408203
-2.5380520820617676
-1.496079444885254
-1.8794190883636475
-2.15846848487854
-1.1111419200897217
-2.167919874191284
-2.1404061317443848
-2.723813533782959
-2.8814780712127686
-2.97550368309021
-3.213778018951416
-2.3920226097106934
-3.0715267658233643
-3.2871499061584473
-2.840407609939575
-4.058714866638184
-5.024491786956787
-4.924644470214844
-4.796210289001465
-5.40346097946167
-5.292311668395996
-6.309200286865234
-5.523950576782227
-5.089626789093018
-6.153494358062744
-5.119396209716797
-6.430464267730713
-6.1009135246276855
-6.772233009338379
-6.190408706665039
-6.4670257568359375
-6.839840888977051
-7.060708522796631
-7.7356672286987305
-7.5658111572265625
-7.93306827545166
-7.967555999755859
-9.117975234985352
-7.721170902252197
-7.556829929351807
-7.949126243591309
-8.119333267211914
-8.80732536315918
-8.602503776550293
-8.553618431091309
-8.963420867919922
-9.481874465942383
-9.241443634033203
-9.825860977172852
-9.466859817504883
-9.990333557128906
-10.172042846679688
-10.34660530090332
-10.769814491271973
-10.09906005859375
-10.474590301513672
-11.003171920776367
-11.09855842590332
-11.184694290161133
-10.655492782592773
-10.949292182922363
-12.34795093536377
-11.342184066772461
-12.009783744812012
-12.378358840942383
-12.917724609375
-13.372232437133789
-12.82679557800293
-13.224365234375
-13.734418869018555
-13.335992813110352
-13.165448188781738
-13.812383651733398
-13.617632865905762
-14.346824645996094
-14.320503234863281
-14.659342765808105
-14.617436408996582
-15.523721694946289
-14.40386962890625
-15.689994812011719
-15.465471267700195
-15.379463195800781
-15.877370834350586
-15.337918281555176
-16.004230499267578
-16.069299697875977
-16.200468063354492
-17.85692024230957
-17.36678123474121
-17.215808868408203
-15.765210151672363
-5.32874870300293
-4.774214744567871
0.005919423419982195
0.005708596669137478
0.007227742113173008
0.006932713091373444
0.007174445781856775
0.006308787502348423
0.007132320664823055
0.007403593510389328
0.006559350527822971
0.006835447158664465
0.006427443586289883
0.0066255792044103146
0.006719467230141163
0.005957822315394878
0.006706108804792166
0.005836109630763531
0.00652463361620903
0.006134032737463713
0.0061104679480195045
0.005893970839679241
0.005806763656437397
0.006210546009242535
0.005394816864281893
0.005866409279406071
0.005865074228495359
0.005057821981608868
0.005583993624895811
0.005090916994959116
0.005421343259513378
0.0049047088250517845
0.004695206880569458
0.004504041746258736
0.004983680322766304
0.004556459840387106
0.004403788596391678
0.004293796140700579
0.004684182349592447
0.003504430176690221
0.0038888275157660246
0.004245178308337927
0.004057092592120171
0.0035879549104720354
0.003614214714616537
0.0031994308810681105
0.003483897540718317
0.003680797293782234
0.003132939338684082
0.0026312866248190403
0.002920994069427252
0.0031932524871081114
0.002890052041038871
0.0023118373937904835
0.002596174366772175
0.0030653630383312702
0.0017661970341578126
0.0022871000692248344
0.002812528982758522
0.0018518937285989523
0.0017607130575925112
0.0021119280718266964
0.0013227845774963498
0.002467073267325759
0.0017024573171511292
0.0011273168493062258
0.002062923973426223
0.0013041524216532707
0.0007558801444247365
0.0018633243162184954
0.0008161973091773689
0.0016622880939394236
0.0008300912450067699
0.0014950918266549706
0.0016467517707496881
0.0011544242734089494
0.0010630219476297498
0.001325267250649631
0.0009152184939011931
0.0018259137868881226
0.0004533480969257653
0.0009917592396959662
0.0010376179125159979
0.0008381841471418738
0.0007910613203421235
0.001111502991989255
0.0017711628461256623
0.0005941421841271222
0.0009174952283501625
0.0007002984639257193
0.001048026024363935
0.001529910834506154
0.0007206504233181477
0.0013618747470900416
0.0011424728436395526
0.0002410051820334047
0.001950112171471119
0.0002851089520845562
-3.6623425483703613
-16.06853485107422
-18.603744506835938
-11.52812671661377
-11.237686157226562
-11.800272941589355
-7.819540500640869
-6.148955345153809
-5.915165901184082
-3.5777885913848877
-3.387810468673706
-2.4580020904541016
-2.2004709243774414
-2.0764739513397217
-1.9657342433929443
-2.0764784812927246
-2.6964950561523438
-3.2072272300720215
-3.0507352352142334
-2.9573073387145996
-3.407979965209961
-3.2215187549591064
-3.5850322246551514
-3.593003511428833
-3.8959522247314453
-4.187224864959717
-4.72029447555542
-4.302432060241699
-4.618548393249512
-4.535434722900391
-4.8549299240112305
-5.190218925476074
-5.635390281677246
-5.876461982727051
-6.536972999572754
-6.946384429931641
-6.871607780456543
-6.923077583312988
-7.060705661773682
-7.35976505279541
-6.6460466384887695
-7.901366233825684
-6.984522819519043
-7.115072727203369
-7.022904396057129
-7.570810794830322
-8.397194862365723
-8.092446327209473
-6.95752477645874
-7.983818054199219
-8.82783317565918
-9.596281051635742
-8.259249687194824
-8.920480728149414
-9.042947769165039
-9.185079574584961
-8.622258186340332
-8.992844581604004
-9.371143341064453
-9.564558029174805
-9.455360412597656
-9.790410995483398
-10.31749153137207
-10.120316505432129
-10.900165557861328
-10.248393058776855
-11.149979591369629
-11.082088470458984
-10.683409690856934
-10.725748062133789
-10.906916618347168
-11.241898536682129
-11.09441089630127
-13.021827697753906
-11.606563568115234
-13.061671257019043
-12.36229133605957
-12.088661193847656
-12.9235258102417
-13.46130084991455
-14.033391952514648
-13.445329666137695
-13.181757926940918
-12.906878471374512
-13.040545463562012
-14.146757125854492
-14.080248832702637
-15.215757369995117
-14.602086067199707
-14.206701278686523
-15.730056762695312
-14.925753593444824
-15.267598152160645
-14.683244705200195
-14.686922073364258
-15.572845458984375
-17.108877182006836
-16.49601936340332
-16.251262664794922
-17.127044677734375
-17.369298934936523
-15.673909187316895
-3.8973586559295654
-4.5860795974731445
0.006145563442260027
0.006056106649339199
0.006941364612430334
0.007208195514976978
0.007256487850099802
0.006990836001932621
0.006536370608955622
0.007073674350976944
0.006831946782767773
0.006565830670297146
0.006852960679680109
0.005989448167383671
0.006941626779735088
0.00632710475474596
0.006296596024185419
0.006224476732313633
0.006577380001544952
0.006006195675581694
0.0059500462375581264
0.006156692747026682
0.005834808107465506
0.0058454349637031555
0.0057292780838906765
0.005418461747467518
0.005585368722677231
0.00511055625975132
0.004987634252756834
0.0050938064232468605
0.005274943541735411
0.005280224606394768
0.004834903869777918
0.004548071883618832
0.004424621816724539
0.004996086470782757
0.003992108628153801
0.004439794924110174
0.00459195114672184
0.003948898054659367
0.003867360996082425
0.00431438023224473
0.004134191665798426
0.0033650207333266735
0.003480882616713643
0.003620484843850136
0.003305407939478755
0.0034556984901428223
0.0032990004401654005
0.0030295602045953274
0.002861488377675414
0.002245865762233734
0.002849611919373274
0.0028023752383887768
0.002704103710129857
0.002618191298097372
0.0018563547637313604
0.0029357848688960075
0.0024277043994516134
0.001568435924127698
0.002125305589288473
0.0021418710239231586
0.0018583193887025118
0.0014866821002215147
0.0013683766592293978
0.0016150301089510322
0.0018766546854749322
0.0014540082775056362
0.00170820951461792
0.0006283136317506433
0.0015903033781796694
0.0011771915014833212
0.0012365818256512284
0.00157232116907835
0.0010539862560108304
0.0012672921875491738
0.0007873857393860817
0.0009641920332796872
0.0014389994321390986
0.000952493748627603
0.0011446818243712187
0.0007322098244912922
0.001175065292045474
0.0006466684862971306
0.0012806032318621874
0.0009811042109504342
0.001067404868081212
0.0007795912097208202
0.000818684056866914
0.0012923905160278082
0.0004944289103150368
0.0007441234774887562
0.001139289466664195
0.0005660651950165629
0.0013228121679276228
0.0008870031451806426
0.0011111797066405416
0.0006204686360433698
-5.808657646179199
-18.943714141845703
-21.86433982849121
-11.833993911743164
-10.077007293701172
-8.273994445800781
-5.046441078186035
-4.228061676025391
-3.46757435798645
-3.0509321689605713
-1.963316559791565
-2.306033134460449
-1.9617798328399658
-2.390688180923462
-2.4695334434509277
-2.0403990745544434
-2.3202366828918457
-2.6422526836395264
-1.7399870157241821
-2.8884806632995605
-2.790468215942383
-2.8766815662384033
-2.737152576446533
-3.426891803741455
-3.56530499458313
-3.065030336380005
-2.887380838394165
-3.8615710735321045
-4.880370140075684
-4.974700927734375
-5.300764083862305
-4.203179836273193
-4.456212043762207
-5.239258766174316
-4.969101905822754
-5.174188613891602
-6.182246208190918
-6.758094787597656
-7.779820442199707
-7.019240379333496
-7.128709316253662
-7.369252681732178
-7.685999870300293
-8.901533126831055
-8.116127967834473
-7.352386474609375
-7.6529693603515625
-9.013556480407715
-7.775940895080566
-9.056060791015625
-8.109061241149902
-9.370626449584961
-8.133896827697754
-8.248571395874023
-8.16821575164795
-8.958032608032227
-9.71060848236084
-10.864084243774414
-9.57298469543457
-10.222471237182617
-9.220385551452637
-9.690282821655273
-9.970853805541992
-9.949531555175781
-10.042065620422363
-10.034326553344727
-10.982976913452148
-10.374916076660156
-11.539168357849121
-11.000883102416992
-11.678994178771973
-11.809873580932617
-11.719001770019531
-12.91832160949707
-11.560720443725586
-12.23040771484375
-12.459807395935059
-12.029288291931152
-12.726956367492676
-13.370915412902832
-13.044276237487793
-13.134195327758789
-13.65680980682373
-13.910603523254395
-14.649686813354492
-14.600584030151367
-14.145289421081543
-13.847471237182617
-14.191202163696289
-14.888525009155273
-14.32630729675293
-14.965185165405273
-15.048250198364258
-15.903791427612305
-14.982294082641602
-15.233141899108887
-15.526598930358887
-16.238683700561523
-16.049091339111328
-16.115116119384766
-17.16706657409668
-15.455662727355957
-4.1933722496032715
-4.614941120147705
0.005695152096450329
0.006141252350062132
0.0065077259205281734
0.007561464793980122
0.007095303386449814
0.00658493721857667
0.00696824723854661
0.006993469782173634
0.0066914064809679985
0.007126140408217907
0.006451180670410395
0.006338000297546387
0.00704469159245491
0.006426994688808918
0.0058799851685762405
0.006019138731062412
0.0066457330249249935
0.005947312340140343
0.006232248153537512
0.005672791972756386
0.006006513722240925
0.006011978257447481
0.0055573792196810246
0.005419260356575251
0.005735676269978285
0.005256088450551033
0.005469983443617821
0.0053279949352145195
0.005493926350027323
0.005110049154609442
0.004854114260524511
0.004495179280638695
0.004648165311664343
0.004809153266251087
0.004497935529798269
0.004031863994896412
0.004798888694494963
0.0038140341639518738
0.004018754698336124
0.0037544830702245235
0.0037887021899223328
0.0037371106445789337
0.0035052639432251453
0.003638002322986722
0.0031363542657345533
0.0032754973508417606
0.0032084048725664616
0.003300487296655774
0.0026460776571184397
0.002526762429624796
0.0031238761730492115
0.002542477799579501
0.002709039254114032
0.002448479877784848
0.0019967902917414904
0.0024169101379811764
0.002084483625367284
0.0019405888160690665
0.00245434558019042
0.0016101293731480837
0.0019407144282013178
0.0017706152284517884
0.0019234030041843653
0.0014231795212253928
0.0015297328354790807
0.0017585158348083496
0.0017126852180808783
0.0009195563616231084
0.0012886064359918237
0.0011852901661768556
0.0013429957907646894
0.001666308380663395
0.0009919010335579515
0.0013979611685499549
0.0012828956823796034
0.000653006776701659
0.0013249588664621115
0.0007988503202795982
0.0011063015554100275
0.0013957349583506584
0.0006950352108106017
0.0013189389137551188
0.0006679665530100465
0.0009181713685393333
0.0008630529046058655
0.0009097537258639932
0.0009634372545406222
0.0009206332033500075
0.0006479600560851395
0.0008412103052251041
0.000822989153675735
0.0007039210177026689
0.0009307179716415703
0.0012856886023655534
0.0008945547160692513
0.0016365132760256529
-3.494393825531006
