-4.969979286193848
-4.969979286193848
-8.976104736328125
-18.213632583618164
0.008136911317706108
0.007552708499133587
0.007046067155897617
0.006445662584155798
0.007246614899486303
0.006952296942472458
0.0069118402898311615
0.0070062056183815
0.00678243488073349
0.0068363286554813385
0.007432001177221537
0.0062489258125424385
0.006801704876124859
0.006994667463004589
0.006057344377040863
0.00648381095379591
0.005985986441373825
0.006161139812320471
0.006076833698898554
0.005641081836074591
0.006041067652404308
0.005811650305986404
0.005334602203220129
0.005646247882395983
0.0055117118172347546
0.0051541817374527454
0.005500388331711292
0.00536419078707695
0.005063686054199934
0.004968158435076475
0.00490652397274971
0.005489627830684185
0.004022820387035608
0.004593466408550739
0.004390752874314785
0.0037400231231004
0.004696897231042385
0.0038542908150702715
0.003402889473363757
0.0041987537406384945
0.003171065356582403
0.0037830770015716553
0.003387264907360077
0.0029281205497682095
0.0033780343364924192
0.002761517185717821
0.0037767700850963593
0.0029698717407882214
0.0026254854165017605
0.002258710563182831
0.0032635137904435396
0.002325810957700014
0.0025646991562098265
0.0025569130666553974
0.0019460681360214949
0.0020647579804062843
0.002215702086687088
0.0024162456393241882
0.0016194609925150871
0.0021276564802974463
0.0014716277364641428
0.001335025648586452
0.0020554661750793457
0.0011936656665056944
0.001759532606229186
0.0017813413869589567
0.0015398204559460282
0.0009229069692082703
0.0015042036538943648
0.0010858646128326654
0.0016500737983733416
0.0009139809990301728
0.0014564692974090576
0.0009261576342396438
0.0011718111345544457
0.0011239725863561034
0.00047688474296592176
0.0014301816700026393
0.0010923001682385802
0.0003958831075578928
0.0006983444327488542
0.0013737722765654325
0.0010856845183297992
-0.0002809111028909683
0.0016347933560609818
0.0013037698809057474
0.0010670444462448359
0.0005125777679495513
0.0016846783692017198
0.0004273524391464889
0.0011645401827991009
0.0015847677132114768
0.0006021671579219401
0.0007612645858898759
0.0018259782809764147
6.655857086181641
20.344341278076172
25.473276138305664
15.279571533203125
7.338194370269775
4.774759769439697
3.542888641357422
2.7111124992370605
1.49642813205719
1.2001136541366577
0.7264970541000366
-1.3043687343597412
-1.5588164329528809
-1.2215313911437988
-1.8321157693862915
-0.6283121109008789
-1.2498505115509033
-2.476707935333252
-2.156886100769043
-2.8489956855773926
-3.383415699005127
-2.095980405807495
-3.7993476390838623
-2.556103229522705
-3.5583157539367676
-3.485261917114258
-3.9980061054229736
-4.699883460998535
-5.262833118438721
-5.483529090881348
-5.355032920837402
-4.905585289001465
-5.126806735992432
-4.742079734802246
-6.500060081481934
-6.371804714202881
-5.4044013023376465
-6.607266426086426
-6.6688337326049805
-6.533789157867432
-6.707190036773682
-6.611786842346191
-6.835771083831787
-7.2786149978637695
-8.45863151550293
-9.043972969055176
-7.66143274307251
-7.685695648193359
-8.002358436584473
-8.409178733825684
-8.190519332885742
-9.199545860290527
-8.98927116394043
-8.827062606811523
-9.90812873840332
-9.20511531829834
-9.279684066772461
-9.435785293579102
-10.812019348144531
-10.226040840148926
-10.122964859008789
-10.417654037475586
-11.038888931274414
-10.49131965637207
-11.450276374816895
-10.490979194641113
-9.849266052246094
-10.774406433105469
-11.012357711791992
-10.785514831542969
-11.494089126586914
-11.138256072998047
-11.230664253234863
-12.396692276000977
-11.514209747314453
-12.194713592529297
-12.440873146057129
-11.71943187713623
-12.370891571044922
-13.374119758605957
-12.98937702178955
-13.522557258605957
-12.378023147583008
-13.825390815734863
-14.235567092895508
-13.357179641723633
-14.283899307250977
-14.675338745117188
-14.354881286621094
-14.084348678588867
-14.476766586303711
-15.487561225891113
-14.902140617370605
-16.241622924804688
-15.929283142089844
-16.185604095458984
-16.584470748901367
-16.25617218017578
-16.24722671508789
-16.54882049560547
-16.60076141357422
-15.907132148742676
-3.4053688049316406
-4.442503929138184
0.006035530008375645
0.006484097335487604
0.00663481280207634
0.007136438973248005
0.0073721990920603275
0.006932406686246395
0.006585653871297836
0.0074228644371032715
0.006431530229747295
0.006552589125931263
0.0072676995769143105
0.006602822337299585
0.006643251981586218
0.005957053974270821
0.006592311896383762
0.006262189242988825
0.006075873505324125
0.006525103002786636
0.005704901181161404
0.006221866700798273
0.005934903863817453
0.0056247711181640625
0.0056853508576750755
0.005945697892457247
0.0054112947545945644
0.005320008844137192
0.005513615906238556
0.005120768211781979
0.0055480701848864555
0.0052947187796235085
0.004423605743795633
0.0050558047369122505
0.004766975995153189
0.004372003488242626
0.004665926564484835
0.004284699913114309
0.004005527123808861
0.004322086460888386
0.0035407710820436478
0.0044870758429169655
0.0039974479004740715
0.0030270121060311794
0.004140681587159634
0.0030549021903425455
0.0036904774606227875
0.003452487988397479
0.002617793157696724
0.0036897610407322645
0.0023893839679658413
0.002882468979805708
0.002781651681289077
0.002406285610049963
0.0028290993068367243
0.0022732089273631573
0.002558023203164339
0.0026613499503582716
0.0015347021399065852
0.0022182613611221313
0.001961497822776437
0.0019185974961146712
0.0020268617663532495
0.001843998790718615
0.0016273849178105593
0.001768615678884089
0.001439857529476285
0.0013070106506347656
0.0010150043526664376
0.001887351623736322
0.001355786924250424
0.0013870832044631243
0.0012326021678745747
0.0014370387652888894
0.0007973252795636654
0.001415578299202025
0.0014475700445473194
0.0007461168570443988
0.000976666808128357
0.0005670206737704575
0.0009306484716944396
0.0009596611489541829
0.0012001304421573877
0.0006215012981556356
0.0007034043082967401
0.0009438503766432405
0.0009039955330081284
0.0010334862163290381
0.0007004205835983157
0.0011264572385698557
0.001020451309159398
0.0011373012093827128
0.0003269875014666468
0.0012768649030476809
0.0008996127871796489
0.000584344903472811
0.0017946703592315316
0.0005098424735479057
-6.877872467041016
-19.29344940185547
-20.909927368164062
-12.797268867492676
-9.526100158691406
-17.849842071533203
-6.240886688232422
-8.64262580871582
-5.52778959274292
-1.5576437711715698
-2.365172863006592
-2.5681698322296143
-2.0788238048553467
-1.705105185508728
-1.8372137546539307
-2.2583670616149902
-3.048471450805664
-2.6912074089050293
-2.3735437393188477
-2.696895122528076
-2.976485252380371
-3.663194179534912
-3.8762564659118652
-3.7141990661621094
-4.011715888977051
-4.3260016441345215
-4.354738712310791
-4.218899726867676
-4.493542194366455
-4.725734233856201
-5.091444492340088
-4.672336101531982
-5.01731538772583
-5.505849361419678
-6.450623512268066
-5.641318321228027
-6.3940629959106445
-6.684638023376465
-6.625107765197754
-7.249698638916016
-7.388070583343506
-7.292043209075928
-7.514420509338379
-8.029555320739746
-7.600379943847656
-7.50415563583374
-7.109105110168457
-7.326627254486084
-7.49454402923584
-7.891851902008057
-8.960817337036133
-8.994277954101562
-9.699857711791992
-9.08889102935791
-9.510972023010254
-8.667585372924805
-9.725473403930664
-9.20772933959961
-9.628164291381836
-9.30622386932373
-10.133034706115723
-10.313058853149414
-10.545042037963867
-9.608498573303223
-9.5822172164917
-9.934098243713379
-10.561090469360352
-10.610007286071777
-10.558023452758789
-11.082483291625977
-11.868520736694336
-12.0657320022583
-11.732762336730957
-11.804274559020996
-11.646018981933594
-12.431096076965332
-12.675708770751953
-12.986862182617188
-13.151524543762207
-12.366073608398438
-12.477985382080078
-13.4651517868042
-13.277554512023926
-13.738741874694824
-13.838724136352539
-13.997291564941406
-14.114774703979492
-14.223226547241211
-14.79767894744873
-15.041975021362305
-14.358065605163574
-14.971227645874023
-15.536397933959961
-15.585660934448242
-16.078060150146484
-16.3811092376709
-16.194446563720703
-15.594741821289062
-16.582653045654297
-16.689128875732422
-17.133113861083984
-15.648808479309082
-9.673762321472168
-8.512541770935059
0.007053298410028219
0.0049448818899691105
0.007135861553251743
0.007819986902177334
0.00696977972984314
0.006852122489362955
0.006831168197095394
0.006932058837264776
0.006842107977718115
0.006468524225056171
0.006926573812961578
0.0062667010352015495
0.006280370056629181
0.0066780513152480125
0.006363189313560724
0.006955062039196491
0.0057669575326144695
0.006218167953193188
0.006130077410489321
0.006068231072276831
0.005560937337577343
0.00619009044021368
0.00590182188898325
0.005845493171364069
0.00552832055836916
0.004996748175472021
0.0054924930445849895
0.005101553630083799
0.0051825521513819695
0.004777948372066021
0.004632857628166676
0.004962101578712463
0.005098110996186733
0.004278796724975109
0.004313616082072258
0.003936816472560167
0.004207815043628216
0.004421861842274666
0.004555607680231333
0.003289539832621813
0.003570323809981346
0.003920261282473803
0.0033087197225540876
0.003643156960606575
0.0029553971253335476
0.0033258814364671707
0.003225613385438919
0.0033336239866912365
0.002848674077540636
0.002770985011011362
0.0028599414508789778
0.002664220053702593
0.002352033741772175
0.0023978876415640116
0.002473221393302083
0.0023211324587464333
0.002690737834200263
0.002008488867431879
0.0014852342428639531
0.0020227108616381884
0.0021856583189219236
0.0014285790966823697
0.0011705701472237706
0.0020816046744585037
0.0019042110070586205
0.0011811876902356744
0.0014831775333732367
0.0014458451187238097
0.0013281761202961206
0.0016815531998872757
0.0007271442445926368
0.0013441890478134155
0.0009784733410924673
0.0007495786412619054
0.0008599386783316731
0.0016966911498457193
0.0008695929427631199
0.0009903731988742948
0.0006279072258621454
0.0015502700116485357
0.000828355667181313
0.0007147127762436867
0.0012015409301966429
0.001084760413505137
0.0006354076904244721
0.0010253438958898187
0.0007734082755632699
0.0008282708004117012
0.0011322291102260351
0.0003703485708683729
0.001375578693114221
0.0009618449257686734
0.0011912592453882098
0.0009940245654433966
0.0008980622515082359
0.0009855040116235614
-3.737759828567505
-17.087907791137695
-19.005216598510742
-11.40989875793457
-11.400236129760742
-17.972980499267578
-6.419100284576416
-9.989023208618164
-6.402493476867676
-2.3727450370788574
-2.1649720668792725
-1.3179657459259033
-1.9850280284881592
-2.203399658203125
-3.0431594848632812
-2.1789228916168213
-1.726596474647522
-2.392979383468628
-2.743792772293091
-2.4786252975463867
-3.3981170654296875
-3.624741315841675
-4.952486991882324
-4.730795860290527
-4.554714679718018
-3.9447169303894043
-4.110268592834473
-4.170620918273926
-4.924019813537598
-4.259948253631592
-5.169999599456787
-6.715167045593262
-6.2905354499816895
-7.057135581970215
-6.189221382141113
-6.485627174377441
-6.254172325134277
-7.031020164489746
-7.093094825744629
-6.5171074867248535
-7.580824375152588
-7.37636661529541
-8.137641906738281
-8.062177658081055
-7.53405237197876
-7.155354976654053
-7.0319342613220215
-7.367331027984619
-7.638460636138916
-7.749742031097412
-8.846694946289062
-7.929933071136475
-9.9301176071167
-10.400836944580078
-8.978671073913574
-9.035676002502441
-8.20937728881836
-9.773347854614258
-9.633995056152344
-9.607897758483887
-9.633794784545898
-9.474711418151855
-10.145424842834473
-10.270265579223633
-10.449295043945312
-10.900147438049316
-11.013883590698242
-11.160261154174805
-11.156805038452148
-10.601822853088379
-10.806624412536621
-10.96978759765625
-12.254844665527344
-12.316929817199707
-11.785900115966797
-13.623334884643555
-12.871591567993164
-13.1690092086792
-12.811388969421387
-12.253366470336914
-12.931927680969238
-13.295742988586426
-12.663543701171875
-13.850736618041992
-13.34350299835205
-15.065409660339355
-14.522442817687988
-13.973856925964355
-13.9866361618042
-14.469688415527344
-15.027175903320312
-16.028764724731445
-15.229510307312012
-16.14444923400879
-16.39794158935547
-15.47364616394043
-16.091474533081055
-15.668972969055176
-15.66228199005127
-16.45836639404297
-15.505569458007812
-16.328386306762695
-4.334324836730957
-4.49660587310791
0.005857829470187426
0.006183098070323467
0.006464607082307339
0.006803962402045727
0.007581181824207306
0.006809650920331478
0.006803269498050213
0.00682540750131011
0.007037165109068155
0.006490641739219427
0.006972552742809057
0.006387847010046244
0.0066945673897862434
0.006865077652037144
0.005757887847721577
0.006496974267065525
0.00639458280056715
0.006341904401779175
0.005642262287437916
0.006146952509880066
0.0059747532941401005
0.005419075023382902
0.005908773746341467
0.005598059855401516
0.005735286045819521
0.005523683503270149
0.005045067053288221
0.005471145734190941
0.005632689688354731
0.004575432278215885
0.004828986711800098
0.0049403575249016285
0.005198792554438114
0.004525153897702694
0.004566104616969824
0.0040964167565107346
0.0042501287534832954
0.004271429497748613
0.0034223743714392185
0.004098141565918922
0.0037193354219198227
0.0037541701458394527
0.0036303368397057056
0.0033307380508631468
0.0030195710714906454
0.00387968635186553
0.0029351296834647655
0.0027612324338406324
0.0029651967342942953
0.0032635063398629427
0.0026933578774333
0.0023456283379346132
0.002283700741827488
0.0021196480374783278
0.002148512052372098
0.0024639361072331667
0.0024092989042401314
0.0016382874455302954
0.002756434492766857
0.001391079742461443
0.002179749310016632
0.001421507797203958
0.0023204288445413113
0.0018473423551768064
0.0008545539458282292
0.001772754592821002
0.0015429755439981818
0.0013099809875711799
0.0016787974163889885
0.0011741805355995893
0.0014154138043522835
0.0012953721452504396
0.0012485090410336852
0.0012756750220432878
0.0009433389641344547
0.00040457528666593134
0.0016162516549229622
0.0009023893508128822
0.001129266805946827
0.0013615649659186602
0.000847661285661161
0.0007529915310442448
0.001001295866444707
0.0012544585624709725
0.0006917844293639064
0.0011850008741021156
0.0004971859743818641
0.0012341969413682818
0.0009387402678839862
0.0006887870840728283
0.0008798750350251794
0.0014303962234407663
0.00043196146725676954
0.0011956060770899057
0.0013428276870399714
0.0008282110211439431
-1.911206603050232
-14.056570053100586
-16.678930282592773
-9.981973648071289
-13.128318786621094
-7.6131486892700195
-4.740633010864258
-6.421771049499512
-5.993884563446045
-3.0189290046691895
-2.4676527976989746
-2.4016427993774414
-1.6733468770980835
-2.4593746662139893
-2.362227201461792
-2.867526054382324
-2.4922609329223633
-2.364718437194824
-2.433140516281128
-2.6369242668151855
-2.7302582263946533
-2.5393192768096924
-3.2921524047851562
-3.6667919158935547
-3.85300874710083
-3.756230592727661
-4.142460823059082
-4.187052249908447
-5.136002540588379
-5.08420467376709
-5.387115001678467
-5.182251930236816
-5.821778297424316
-5.2378926277160645
-5.86097526550293
-6.166362285614014
-5.750977516174316
-6.18841028213501
-6.0784406661987305
-6.171350479125977
-7.112954616546631
-7.164073944091797
-7.575228691101074
-7.2842559814453125
-7.486723899841309
-7.226158142089844
-7.318192481994629
-7.916857719421387
-8.590465545654297
-8.503938674926758
-8.902013778686523
-9.077486991882324
-8.86884593963623
-8.046911239624023
-8.100963592529297
-8.453336715698242
-9.855921745300293
-9.802617073059082
-9.469877243041992
-10.199699401855469
-9.669829368591309
-10.417716979980469
-9.181402206420898
-10.033414840698242
-9.480020523071289
-10.545151710510254
-10.835521697998047
-11.70850944519043
-11.462763786315918
-10.471508979797363
-11.11290168762207
-11.3629150390625
-11.142026901245117
-11.616096496582031
-12.429743766784668
-12.286786079406738
-13.293146133422852
-13.021524429321289
-13.825841903686523
-13.816192626953125
-13.005892753601074
-13.131858825683594
-12.727472305297852
-12.951764106750488
-13.66728401184082
-13.601541519165039
-13.88171100616455
-12.936759948730469
-13.741559028625488
-13.880146980285645
-15.127917289733887
-14.764185905456543
-14.734909057617188
-14.766731262207031
-15.778531074523926
-14.930124282836914
-15.635078430175781
-15.73405933380127
-16.713924407958984
-15.50941276550293
-16.588275909423828
-15.410326957702637
-4.040771961212158
-4.539538383483887
0.0058375159278512
0.006047907285392284
0.006628350354731083
0.007092936430126429
0.007605713792145252
0.006697545293718576
0.006820567883551121
0.0072265551425516605
0.006260269321501255
0.006884998641908169
0.006548809818923473
0.006570813711732626
0.006385509856045246
0.0065024374052882195
0.006151583511382341
0.006447324994951487
0.00598199013620615
0.006207418628036976
0.006083094049245119
0.005714360624551773
0.0062002092599868774
0.0059555908665061
0.005891909822821617
0.005467026494443417
0.005480571649968624
0.005657845176756382
0.005261517129838467
0.0050384714268147945
0.005796982441097498
0.005348063074052334
0.004303786437958479
0.0044607617892324924
0.005272445734590292
0.004730776883661747
0.0043648891150951385
0.004642086569219828
0.004424295388162136
0.0037182557862251997
0.004240553826093674
0.003804159117862582
0.003978357184678316
0.003530795918777585
0.0038631190545856953
0.00346031179651618
0.003427491756156087
0.0034845531918108463
0.0029530595056712627
0.0033515181858092546
0.0027136097196489573
0.003474277211353183
0.0026780238840729
0.002494032960385084
0.0026350938715040684
0.0027014093939214945
0.0020923910196870565
0.0022031895350664854
0.002039011102169752
0.0028373526874929667
0.0013217634987086058
0.002339576371014118
0.0019780441652983427
0.001933445455506444
0.001133742742240429
0.002050624927505851
0.001515124342404306
0.0017116758972406387
0.0012932250974699855
0.0012488417560234666
0.0018945898627862334
0.0011021788232028484
0.0013423172058537602
0.0011789497220888734
0.0012374535435810685
0.0012828765902668238
0.0008284033392556012
0.0013635004870593548
0.0004471902211662382
0.0014401862863451242
0.0009904454927891493
0.0011189408833160996
0.0007909792475402355
0.0009690569713711739
0.001226235879585147
0.0006847659824416041
0.0008208528161048889
0.0010627598967403173
0.0009960902389138937
0.000628208857960999
0.0009036239353008568
0.001022401382215321
0.000620968290604651
0.001394199556671083
0.0008295217412523925
0.0013065201928839087
0.0007158297230489552
0.0009241575608029962
-4.984386444091797
-17.26290512084961
-19.811580657958984
-11.897906303405762
-11.44474983215332
-11.448419570922852
-7.869139194488525
-6.546246528625488
-6.4020819664001465
-3.668963670730591
-4.0779876708984375
-2.7099432945251465
-2.05216646194458
-2.3668272495269775
-2.358593463897705
-2.6501638889312744
-2.318375587463379
-2.6259119510650635
-2.805102586746216
-3.378690719604492
-3.9722511768341064
-3.9291481971740723
-3.850837230682373
-3.7323715686798096
-3.8504128456115723
-4.988723278045654
-3.519857406616211
-4.468778610229492
-5.047953128814697
-5.191433906555176
-4.5538153648376465
-5.012059688568115
-6.090014457702637
-6.258374214172363
-6.222277641296387
-6.3408403396606445
-7.085352897644043
-7.498617649078369
-7.383709907531738
-7.007363796234131
-7.040473937988281
-7.464481353759766
-6.948470115661621
-7.484406471252441
-7.762928009033203
-7.839234828948975
-7.415233612060547
-7.455136299133301
-8.109430313110352
-9.234333992004395
-8.308130264282227
-8.524112701416016
-8.04660701751709
-9.245627403259277
-9.071091651916504
-9.42162799835205
-9.79106616973877
-9.792692184448242
-10.290270805358887
-9.610092163085938
-10.252490043640137
-10.426855087280273
-11.067617416381836
-10.46001148223877
-10.5272798538208
-10.621856689453125
-10.244260787963867
-10.957697868347168
-11.217206001281738
-10.901877403259277
-10.934865951538086
-11.286840438842773
-11.410112380981445
-11.643796920776367
-12.413498878479004
-12.721885681152344
-11.78815746307373
-13.175765991210938
-12.473165512084961
-12.841344833374023
-13.35313606262207
-13.046648025512695
-13.074882507324219
-13.305200576782227
-13.992228507995605
-13.601049423217773
-14.653617858886719
-14.851602554321289
-14.836105346679688
-15.042503356933594
-14.180931091308594
-14.265771865844727
-15.395383834838867
-15.470736503601074
-15.81310749053955
-15.342412948608398
-16.154720306396484
-16.426868438720703
-16.535917282104492
-16.978382110595703
-16.66799545288086
-15.697354316711426
-4.3761515617370605
-4.557101249694824
0.0061120642349123955
0.005926233716309071
0.00676273088902235
0.006945856846868992
0.007195602171123028
0.00719832256436348
0.0064206309616565704
0.006728435400873423
0.006840805057436228
0.006597947329282761
0.006476986221969128
0.0067154341377317905
0.006760589778423309
0.0060511985793709755
0.00646050414070487
0.006169575732201338
0.006329250521957874
0.0062139565125107765
0.005758318584412336
0.00618805130943656
0.005878022871911526
0.005489041563123465
0.006178684998303652
0.005772938020527363
0.005505040287971497
0.005453231278806925
0.004783198237419128
0.005649684928357601
0.005614232737571001
0.004789216909557581
0.004805667791515589
0.004739518277347088
0.005078660789877176
0.00455175805836916
0.004379902500659227
0.004281986970454454
0.0043816231191158295
0.004403152968734503
0.0031958490144461393
0.0037701744586229324
0.004549822304397821
0.0036194256972521544
0.003521594451740384
0.003067401237785816
0.003474343102425337
0.0037170618306845427
0.0029686265625059605
0.0032106884755194187
0.0028586634434759617
0.0031779378186911345
0.0028570634312927723
0.002881762571632862
0.0026358107570558786
0.0028228971641510725
0.0016714023659005761
0.002585839247331023
0.002000343520194292
0.001696541323326528
0.0023803752847015858
0.001884871511720121
0.0020073535852134228
0.001992823090404272
0.0014277489390224218
0.001968701835721731
0.001543915132060647
0.0014043089468032122
0.0017119903350248933
0.001454379758797586
0.0018360430840402842
0.0008935000514611602
0.0015438321279361844
0.0014114457881078124
0.0010173190385103226
0.001309300190769136
0.0009316406212747097
0.0015085136983543634
0.001381001202389598
0.000695978756994009
0.0005544027662836015
0.0010467024985700846
0.0005612855893559754
0.0012027074117213488
0.0012223082594573498
0.001008064253255725
0.0008309583063237369
0.0008022679830901325
0.0009486133349128067
0.00047989297308959067
0.0017850231379270554
0.0008747871033847332
0.0008722580969333649
0.0007146798889152706
0.0011709530372172594
0.0014659544685855508
0.0008434911142103374
0.0011172018712386489
-3.9878623485565186
-15.17443561553955
-18.162208557128906
-11.10759162902832
-14.743288040161133
-14.406448364257812
-4.451304912567139
-8.542726516723633
-5.311981678009033
-2.121232509613037
-1.6296422481536865
-0.7584629654884338
-1.324379563331604
-1.9632972478866577
-1.622502326965332
-2.7349095344543457
-1.7231147289276123
-1.8786890506744385
-2.7203993797302246
-3.16839599609375
-3.567589282989502
-3.7239575386047363
-3.4818739891052246
-3.643186569213867
-3.7064926624298096
-3.5158050060272217
-5.16819429397583
-5.30202054977417
-4.985623836517334
-4.995823860168457
-5.711150646209717
-4.872740268707275
-6.336764335632324
-5.955857753753662
-7.220246315002441
-5.861753463745117
-6.597159385681152
-6.449559688568115
-7.622416019439697
-7.63543701171875
-6.947126865386963
-7.154595851898193
-7.433176517486572
-7.358580589294434
-7.422015190124512
-7.076413631439209
-7.640232086181641
-7.841366767883301
-7.8198089599609375
-8.019224166870117
-8.637771606445312
-8.511251449584961
-8.900407791137695
-8.688257217407227
-7.915508270263672
-9.349044799804688
-9.533709526062012
-10.313685417175293
-10.274682998657227
-9.520818710327148
-10.284797668457031
-10.088056564331055
-9.427408218383789
-10.07384967803955
-9.549220085144043
-10.556376457214355
-9.476689338684082
-10.792119026184082
-10.933037757873535
-11.844565391540527
-12.02486801147461
-12.007759094238281
-11.086125373840332
-12.073697090148926
-12.192658424377441
-12.93665599822998
-11.991694450378418
-12.5891695022583
-13.36889362335205
-13.073659896850586
-12.899225234985352
-12.699725151062012
-13.098945617675781
-12.912572860717773
-12.982958793640137
-13.789924621582031
-14.040792465209961
-13.934077262878418
-13.839975357055664
-14.584060668945312
-14.907157897949219
-15.156216621398926
-14.427711486816406
-15.294262886047363
-15.201083183288574
-15.955927848815918
-16.14691734313965
-16.19614601135254
-15.331942558288574
-16.160001754760742
-16.554149627685547
-15.02912425994873
-4.885530471801758
-3.299330472946167
0.00710118655115366
0.007865688763558865
0.005912778899073601
0.006927513517439365
0.00787889864295721
0.006516534835100174
0.006560712121427059
0.0071549429558217525
0.007007577456533909
0.006630887743085623
0.006656220648437738
0.006259273737668991
0.006526479963213205
0.006477943621575832
0.006191091146320105
0.0065993694588541985
0.0060789454728364944
0.0056299977004528046
0.006247611250728369
0.006130258087068796
0.00563293881714344
0.006054018158465624
0.0060309311375021935
0.005801607854664326
0.00560424942523241
0.005382650066167116
0.005614964757114649
0.004764026030898094
0.005536144599318504
0.005139962770044804
0.0046128942631185055
0.005298937670886517
0.004262605216354132
0.004647283814847469
0.004841404967010021
0.004277841653674841
0.004134995862841606
0.00419000256806612
0.003994339611381292
0.0038950033485889435
0.0033444880973547697
0.004018875770270824
0.003633602289482951
0.0031616154592484236
0.00370322959497571
0.003515974385663867
0.0027498144190758467
0.0029160853009670973
0.0032205916941165924
0.002813491504639387
0.002392938593402505
0.00251593254506588
0.002807089127600193
0.0022186674177646637
0.0025420801248401403
0.0019316343823447824
0.00265757879242301
0.002127842977643013
0.001775443903170526
0.001986344112083316
0.0020512461196631193
0.001641391427256167
0.0016822764882817864
0.0014985381858423352
0.0021748908329755068
0.0011153367813676596
0.001835493603721261
0.0012960904277861118
0.0009338937816210091
0.0015548875089734793
0.0012889137724414468
0.001011574873700738
0.001062098192051053
0.0015133543638512492
0.001317640533670783
0.0004332041717134416
0.001339251408353448
0.0010892456630244851
0.0014947436284273863
0.00016436720034107566
0.0015879595885053277
0.0008945992449298501
0.0013998480280861259
0.0014468323206529021
0.00027201464399695396
0.0006866655312478542
0.0015801561530679464
0.0006942666368559003
0.0007707389304414392
0.0012753090122714639
0.0010273895459249616
0.0011179766152054071
0.0009300803067162633
0.0008674574783071876
0.0011179784778505564
0.00124220154248178
-2.6426334381103516
-14.81144905090332
-17.619548797607422
-11.359175682067871
-14.984759330749512
-14.767992973327637
-4.1379499435424805
-8.663894653320312
-4.583935737609863
-1.1499077081680298
-1.924276351928711
-0.631639301776886
-1.4264509677886963
-2.478808641433716
-2.2429776191711426
-2.3425345420837402
-1.9859803915023804
-3.144751787185669
-3.2708740234375
-3.3850083351135254
-3.0005478858947754
-3.1616084575653076
-4.207211494445801
-3.808284044265747
-3.979008197784424
-3.835341215133667
-4.384049892425537
-4.820742130279541
-4.946511745452881
-4.882758140563965
-4.886200904846191
-5.700643539428711
-5.924200057983398
-6.280533313751221
-6.828993797302246
-6.266310691833496
-6.603473663330078
-6.844400882720947
-7.015658378601074
-6.824793815612793
-6.699668884277344
-7.245495796203613
-6.9837646484375
-7.341104984283447
-7.6475677490234375
-7.653589725494385
-8.098006248474121
-7.637205600738525
-8.308046340942383
-8.172619819641113
-8.242164611816406
-8.05369758605957
-8.643308639526367
-9.095855712890625
-9.193841934204102
-8.966634750366211
-9.947333335876465
-9.797689437866211
-9.674765586853027
-9.405879020690918
-10.196406364440918
-10.086121559143066
-10.18729019165039
-11.499662399291992
-10.794808387756348
-11.267251968383789
-11.005203247070312
-10.93301773071289
-10.852248191833496
-10.497467994689941
-10.793069839477539
-11.76216983795166
-11.893758773803711
-12.037426948547363
-11.952567100524902
-12.482625961303711
-12.65328311920166
-12.339948654174805
-13.6336669921875
-12.945239067077637
-13.341776847839355
-13.233819961547852
-13.20533561706543
-12.709388732910156
-13.465124130249023
-14.420652389526367
-14.469018936157227
-15.373418807983398
-14.446525573730469
-14.608789443969727
-15.391403198242188
-14.980470657348633
-14.876882553100586
-15.006357192993164
-16.304479598999023
-15.692169189453125
-16.09156036376953
-16.636062622070312
-15.662854194641113
-15.694459915161133
-17.166128158569336
-16.04360008239746
-4.082873821258545
-4.589673042297363
0.005903292912989855
0.0065389154478907585
0.006712558213621378
0.006906825117766857
0.00772183109074831
0.006536512635648251
0.007013607770204544
0.007163898088037968
0.006566301919519901
0.006909234914928675
0.006724813487380743
0.00653564790263772
0.006548658013343811
0.00634640920907259
0.006223258562386036
0.0065070949494838715
0.005934742279350758
0.006785255856812
0.005811628419905901
0.005732877179980278
0.0060551040805876255
0.006042848341166973
0.005675912369042635
0.005558875389397144
0.005498955026268959
0.00550572294741869
0.005274069961160421
0.004663333296775818
0.005393186118453741
0.005132132209837437
0.004993353970348835
0.004915629979223013
0.004370756912976503
0.00479487469419837
0.004405774641782045
0.0044389041140675545
0.003976478241384029
0.0045128194615244865
0.003312481567263603
0.004529751371592283
0.003971443045884371
0.003292348235845566
0.003665099386125803
0.004000442568212748
0.0027809501625597477
0.004048711620271206
0.0030545152258127928
0.003162657143548131
0.0031970373820513487
0.0029834795277565718
0.0028059782925993204
0.002525985473766923
0.0022992619778960943
0.0028324283193796873
0.0024377345107495785
0.0022504166699945927
0.0024648518301546574
0.0020406381227076054
0.0017714040586724877
0.001813423470593989
0.0020012008026242256
0.0026156443636864424
0.0017877984791994095
0.0012217024341225624
0.0020040597300976515
0.0010362531756982207
0.0020391352009028196
0.001799496472813189
0.0011481374967843294
0.0009384261211380363
0.0017239830922335386
0.0013778952416032553
0.0008278046734631062
0.0010068643605336547
0.0018315687775611877
0.0005889752646908164
0.0010745201725512743
0.0012086194474250078
0.001463823951780796
0.0008094698423519731
0.0011925477301701903
0.0003507378860376775
0.0013828461524099112
0.0009872950613498688
0.0004593801568262279
0.0015515988925471902
0.00044031644938513637
0.000961130135692656
0.001521378057077527
0.000961390498559922
0.0006140802870504558
0.0015065185725688934
0.0005879959207959473
0.0009435707470402122
0.0011030032765120268
0.000931359245441854
-7.003336429595947
-19.010080337524414
-22.84738540649414
-12.883132934570312
-12.817327499389648
-11.448942184448242
-7.374107360839844
-5.309016704559326
-4.183288097381592
-3.0214967727661133
-2.8238871097564697
-2.448230743408203
-2.1142120361328125
-2.546247720718384
-2.930511951446533
-2.4814000129699707
-2.700946569442749
-2.9804229736328125
-3.3580315113067627
-2.9179975986480713
-3.613041639328003
-3.1889185905456543
-3.881237506866455
-4.013085842132568
-3.656942844390869
-4.768661022186279
-4.830889701843262
-4.434573650360107
-5.14090633392334
-5.123143196105957
-5.17302131652832
-4.860185146331787
-5.035741806030273
-5.785816669464111
-5.840264320373535
-5.859400272369385
-6.883084774017334
-6.976550102233887
-7.500832557678223
-7.453982353210449
-7.419910430908203
-6.867640495300293
-7.720507621765137
-7.88854455947876
-8.024742126464844
-7.741265773773193
-8.481485366821289
-8.464734077453613
-8.850606918334961
-9.127311706542969
-8.755825996398926
-9.488572120666504
-9.609683990478516
-8.932266235351562
-9.87042236328125
-9.605897903442383
-10.201184272766113
-10.527910232543945
-10.544424057006836
-11.337846755981445
-10.919088363647461
-10.467347145080566
-10.528847694396973
-10.82781982421875
-11.601079940795898
-11.554877281188965
-12.112336158752441
-12.242055892944336
-12.070825576782227
-12.035978317260742
-11.969086647033691
-13.005508422851562
-13.340475082397461
-12.47363567352295
-12.788373947143555
-13.6357421875
-13.597743034362793
-13.689465522766113
-13.595512390136719
-14.42308235168457
-14.78192138671875
-14.333516120910645
-13.984599113464355
-15.273762702941895
-15.432411193847656
-16.357616424560547
-15.8590726852417
-15.627105712890625
-15.86957836151123
-15.574925422668457
-14.933769226074219
-16.110429763793945
-16.37491798400879
-15.196718215942383
-16.56597328186035
-16.674467086791992
-15.704358100891113
-16.007856369018555
-16.68929672241211
-17.3729305267334
-18.15005874633789
-16.611766815185547
-5.157711029052734
-4.650186061859131
0.006132094655185938
0.006437312811613083
0.0067936428822577
0.007365225814282894
0.007666758261620998
0.006574512459337711
0.006587028503417969
0.007196230348199606
0.006873118691146374
0.006874470505863428
0.0063172304071486
0.006613325327634811
0.00657145818695426
0.006447896361351013
0.006780939642339945
0.006178851705044508
0.006508641876280308
0.005608207080513239
0.006573125720024109
0.006234613247215748
0.0058951713144779205
0.005668887868523598
0.006019343622028828
0.005937789101153612
0.005364949814975262
0.005648541264235973
0.005131898447871208
0.005067531950771809
0.005490546114742756
0.005026428960263729
0.004505804739892483
0.005067435093224049
0.005176671780645847
0.004268927033990622
0.004477375186979771
0.004189236089587212
0.004027325194329023
0.004567977041006088
0.004181854426860809
0.003981568850576878
0.003609803970903158
0.003436516970396042
0.0037381916772574186
0.0036538070999085903
0.0034119270276278257
0.0032101552933454514
0.0029786659870296717
0.0031777280382812023
0.002542199334129691
0.0033190667163580656
0.0025719250552356243
0.003042655996978283
0.002666985848918557
0.002332055475562811
0.0020779825281351805
0.002316533587872982
0.002743234159424901
0.0021954176481813192
0.0017803667578846216
0.002083980478346348
0.0023886533454060555
0.002384517341852188
0.000889170914888382
0.0020150106865912676
0.001819264842197299
0.001690640696324408
0.0013940067728981376
0.0014952633064240217
0.0012796723749488592
0.0012827522587031126
0.001496978453360498
0.000993945635855198
0.0017946638399735093
0.0013518560444936156
0.0006331475451588631
0.0010347532806918025
0.001966227311640978
0.0010909828124567866
0.0012324387207627296
0.0007184228743426502
0.0009780569234862924
0.001334747881628573
0.0008622583700343966
0.0004520104266703129
0.0016786130145192146
0.0008518267422914505
0.000997635768726468
0.0006727079744450748
0.000944671977777034
0.0013370352098718286
0.001061122864484787
0.0009123835479840636
0.0008933289209380746
0.0019084734376519918
0.0006170148262754083
0.0008880948880687356
-3.3090217113494873
-14.87537670135498
-18.130773544311523
-11.062687873840332
-12.184616088867188
-15.302328109741211
-4.571549415588379
-8.395668029785156
-4.206250190734863
-2.172948122024536
-1.9500150680541992
-0.7415138483047485
-1.2550938129425049
-1.7657372951507568
-2.6288721561431885
-2.6765408515930176
-1.541364312171936
-2.6090879440307617
-2.334146022796631
-3.0252928733825684
-3.3176205158233643
-3.482775926589966
-3.228808879852295
-3.2128825187683105
-3.2194061279296875
-4.073719501495361
-4.146771430969238
-5.642141342163086
-4.988936424255371
-4.940903663635254
-5.432583808898926
-6.302008628845215
-6.0680460929870605
-6.542585849761963
-5.475485324859619
-5.808915138244629
-5.983072280883789
-6.294856071472168
-7.479975700378418
-7.325899600982666
-8.216821670532227
-8.833651542663574
-8.453381538391113
-8.766708374023438
-8.229761123657227
-8.144010543823242
-8.970401763916016
-8.803010940551758
-8.292749404907227
-8.580568313598633
-8.774979591369629
-9.213468551635742
-9.30943775177002
-9.465764045715332
-9.002034187316895
-10.124555587768555
-9.52442455291748
-10.449047088623047
-9.9276123046875
-9.64857292175293
-10.292529106140137
-10.354369163513184
-11.472100257873535
-11.514531135559082
-11.696861267089844
-11.707351684570312
-11.248254776000977
-11.824905395507812
-11.699831008911133
-11.358726501464844
-11.673643112182617
-12.027681350708008
-12.540616035461426
-12.706338882446289
-12.388054847717285
-13.005511283874512
-13.144673347473145
-13.257041931152344
-13.49157428741455
-13.774858474731445
-14.372228622436523
-14.255277633666992
-14.43334674835205
-15.013368606567383
-14.810293197631836
-15.043149948120117
-15.406061172485352
-15.86229419708252
-15.870779037475586
-16.23757553100586
-16.04928207397461
-16.21036148071289
-15.86198616027832
-16.063762664794922
-16.413530349731445
-16.486751556396484
-16.029075622558594
-16.55636215209961
-16.647926330566406
-16.956539154052734
-17.325037002563477
-16.490543365478516
-5.262743949890137
-4.894349575042725
0.00623032683506608
0.006275355815887451
0.006464507430791855
0.007371243089437485
0.007765426300466061
0.007016853429377079
0.006215184926986694
0.00710968766361475
0.007091379724442959
0.006652661599218845
0.006390263792127371
0.006747393868863583
0.006350754760205746
0.006663036998361349
0.006550531834363937
0.006015499122440815
0.00596389826387167
0.006244694348424673
0.005879056639969349
0.005874420516192913
0.006464520934969187
0.005317977163940668
0.005932980682700872
0.005646872334182262
0.005684706382453442
0.005212786607444286
0.005193192977458239
0.00517421355471015
0.00535516906529665
0.004637777339667082
0.004826931748539209
0.0053898729383945465
0.004392741713672876
0.004112416412681341
0.0047836811281740665
0.004388758447021246
0.004225254524499178
0.004391786642372608
0.003960650879889727
0.003937463276088238
0.003986618481576443
0.00316931726410985
0.0037473649717867374
0.003718297928571701
0.002763241995126009
0.0037588265258818865
0.003069228958338499
0.0023451228626072407
0.0033297999761998653
0.0029452317394316196
0.0028183055110275745
0.002628919668495655
0.002794909058138728
0.0024691629223525524
0.0026438229251652956
0.0023235222324728966
0.002155653201043606
0.0019241205882281065
0.0022338577546179295
0.002450805390253663
0.001708129420876503
0.0015498141292482615
0.0015056076226755977
0.0017747379606589675
0.0013400985626503825
0.0017522217240184546
0.001593777327798307
0.001543919905088842
0.0012296707136556506
0.001365221687592566
0.0010521012591198087
0.0009174675797112286
0.0007581728277727962
0.0016559794312343001
0.0010841268813237548
0.0007036385941319168
0.0011514924699440598
0.0009339251555502415
0.0011134424712508917
0.0002753069275058806
0.0014728836249560118
0.0006460566073656082
0.000791271508205682
0.0011602448066696525
0.0010490413988009095
0.0010254558874294162
0.0004324359761085361
0.0009532360127195716
0.0011588956695050001
0.0006706949207000434
0.0011139482958242297
0.0012817304814234376
0.0008584880270063877
0.0011147487675771117
0.0009103325428441167
0.000886126421391964
-2.809363842010498
-15.866340637207031
-18.91731834411621
-11.501235961914062
-6.350621223449707
-14.434030532836914
-5.566058158874512
-6.9864630699157715
-4.072976112365723
-3.3740406036376953
-2.298757791519165
-1.9333702325820923
-1.7509119510650635
-1.845210075378418
-1.308431625366211
-1.6432726383209229
-2.6244263648986816
-1.613751769065857
-3.5125858783721924
-2.958038806915283
-4.106232643127441
-3.1634681224823
-3.4608592987060547
-3.0394082069396973
-3.723250150680542
-3.7295730113983154
-3.809037685394287
-4.175459861755371
-3.9386563301086426
-4.495044708251953
-4.264946937561035
-5.175230026245117
-4.834828853607178
-6.237588405609131
-7.082873344421387
-6.250082969665527
-5.864957809448242
-6.589258670806885
-7.063086032867432
-6.508467197418213
-7.868668556213379
-7.106754302978516
-7.438050746917725
-6.829991817474365
-8.19688606262207
-8.4466552734375
-7.645918846130371
-7.20230770111084
-8.38393497467041
-8.947367668151855
-8.450364112854004
-8.456787109375
-8.404802322387695
-9.692327499389648
-9.864858627319336
-9.153376579284668
-9.275972366333008
-10.124239921569824
-9.5901517868042
-9.61799144744873
-9.956684112548828
-10.24447250366211
-9.990494728088379
-9.82237434387207
-10.353178977966309
-10.632566452026367
-10.942266464233398
-10.879497528076172
-11.121792793273926
-10.894829750061035
-11.665132522583008
-11.610069274902344
-11.715579986572266
-12.26758861541748
-11.76494026184082
-13.199673652648926
-12.774435997009277
-12.625075340270996
-13.327787399291992
-13.151021957397461
-12.740163803100586
-12.663822174072266
-12.81584644317627
-13.70787239074707
-13.847375869750977
-14.128639221191406
-13.817781448364258
-14.46531867980957
-14.640584945678711
-15.455276489257812
-14.62200927734375
-15.341967582702637
-15.194050788879395
-15.707590103149414
-15.73621940612793
-15.523246765136719
-15.16792106628418
-15.885188102722168
-15.38786792755127
-15.9715576171875
-16.061960220336914
-15.275752067565918
-4.4912872314453125
-4.337518692016602
0.006040332373231649
0.006180885713547468
0.0065621971152722836
0.007005433086305857
0.007729454897344112
0.00651174783706665
0.0067643942311406136
0.007060986012220383
0.0066374922171235085
0.006428017280995846
0.006930877920240164
0.0063964128494262695
0.006709531880915165
0.005855325143784285
0.006434557493776083
0.006369168870151043
0.006170244421809912
0.006222052499651909
0.006354731973260641
0.0056568942964077
0.006134991534054279
0.005993117578327656
0.0054831961169838905
0.005935334600508213
0.005333195440471172
0.005182529799640179
0.00553641514852643
0.0051376791670918465
0.004525979049503803
0.005081537179648876
0.005070920567959547
0.004937730263918638
0.004723513964563608
0.004509138874709606
0.004379659425467253
0.004286207724362612
0.0037872004322707653
0.004347652196884155
0.004490935709327459
0.003697087289765477
0.004247115459293127
0.0034433386754244566
0.0036624360363930464
0.0035401214845478535
0.003111716592684388
0.002894654404371977
0.0031007686629891396
0.003196984063833952
0.003062208415940404
0.0027549222577363253
0.0025782431475818157
0.002978886477649212
0.002475626999512315
0.0026531543117016554
0.001962125999853015
0.0024763282854110003
0.0015336272772401571
0.0024486600887030363
0.0016422116896137595
0.0023129729088395834
0.001598745002411306
0.0018862613942474127
0.0017416095361113548
0.0020807620603591204
0.0009902695892378688
0.0019177764188498259
0.001246692263521254
0.0013940560165792704
0.0018463742453604937
0.0007249178597703576
0.0017208142671734095
0.0011625782353803515
0.001154345809482038
0.0007875203154981136
0.0018131934339180589
0.0007822176557965577
0.0009546793298795819
0.0008763604564592242
0.0015047952765598893
0.0007449096301570535
0.0005753857549279928
0.00146186794154346
0.0011092247441411018
0.0008301353082060814
0.00016694646910764277
0.0015259976498782635
0.0007526156259700656
0.0008135478710755706
0.0013280892744660378
0.001175604062154889
0.0010783826000988483
0.0011248018126934767
0.0009089290979318321
0.0006281627574935555
0.0011114052031189203
0.0009512255201116204
-5.09076452255249
-17.713119506835938
-19.1840763092041
-11.2319917678833
-10.28527545928955
-18.38490104675293
-6.7852349281311035
-8.683140754699707
-5.547452449798584
-2.5948846340179443
-2.168466567993164
-1.3874382972717285
-2.1661477088928223
-2.415637969970703
-2.2274773120880127
-1.7944984436035156
-1.1953487396240234
-2.1174397468566895
-2.3181469440460205
-3.2354722023010254
-3.0477423667907715
-2.95717191696167
-3.258821487426758
-3.7126801013946533
-3.0666747093200684
-4.5256547927856445
-3.6327171325683594
-4.590310096740723
-5.493500709533691
-5.5667924880981445
-5.213809490203857
-5.277766704559326
-4.3703718185424805
-5.807974338531494
-5.486367702484131
-6.830603122711182
-7.108682155609131
-6.967488765716553
-7.064174652099609
-6.940248966217041
-7.376256465911865
-7.1428070068359375
-7.433716773986816
-7.064797878265381
-7.529351234436035
-7.481350898742676
-7.551663398742676
-7.676867485046387
-8.253084182739258
-8.119577407836914
-9.055685043334961
-8.612478256225586
-8.36406421661377
-9.737149238586426
-8.631769180297852
-9.393973350524902
-9.274699211120605
-9.2683744430542
-10.05976676940918
-9.62654972076416
-10.198883056640625
-10.220677375793457
-9.749665260314941
-9.914891242980957
-9.880793571472168
-11.131052017211914
-11.026725769042969
-10.75471305847168
-10.98167896270752
-11.637822151184082
-11.180906295776367
-12.429384231567383
-11.946325302124023
-12.375381469726562
-12.907745361328125
-12.892829895019531
-12.98951244354248
-12.816866874694824
-12.95069408416748
-12.283578872680664
-12.65733814239502
-12.942689895629883
-13.253628730773926
-12.743977546691895
-14.137491226196289
-13.74169635772705
-14.325947761535645
-14.86351490020752
-13.595440864562988
-14.264154434204102
-14.636369705200195
-14.722430229187012
-15.126375198364258
-14.543249130249023
-14.802949905395508
-15.601089477539062
-15.484843254089355
-15.865572929382324
-16.10354232788086
-15.723004341125488
-16.343523025512695
-15.583064079284668
-3.4070487022399902
-4.788954734802246
0.005329466890543699
0.00642533740028739
0.006783266551792622
0.007165711373090744
0.007289044559001923
0.00683401757851243
0.006649745162576437
0.007170429918915033
0.006495033856481314
0.0067989761009812355
0.007209114730358124
0.006410013884305954
0.005862616468220949
0.006879155989736319
0.006454808171838522
0.00601457804441452
0.006023442838340998
0.00613308884203434
0.006160479970276356
0.006142590194940567
0.005734431557357311
0.005639853421598673
0.005591932684183121
0.005482356995344162
0.0052412403747439384
0.005815292242914438
0.005167718976736069
0.004856196232140064
0.005392476916313171
0.005235820077359676
0.0043710386380553246
0.004828047007322311
0.004847408272325993
0.004557107109576464
0.0043337708339095116
0.004267546348273754
0.004060185980051756
0.004743714351207018
0.003033299697563052
0.004424370359629393
0.0037872169632464647
0.00356041151098907
0.0035719398874789476
0.003687506075948477
0.003325949888676405
0.003368498757481575
0.002630788367241621
0.0032478799112141132
0.0031671039760112762
0.0027861737180501223
0.0026224851608276367
0.0026895818300545216
0.0025038730818778276
0.0021599039901047945
0.0022704307921230793
0.00242644757963717
0.0019730478525161743
0.0017342375358566642
0.002650641370564699
0.0017947477754205465
0.0015923999017104506
0.0020738113671541214
0.001674781902693212
0.0016006218502297997
0.0019191071623936296
0.001472041243687272
0.0015874607488512993
0.0014665646012872458
0.0010678534163162112
0.0013019717298448086
0.0011240564053878188
0.0007684908923693001
0.001796108903363347
0.0011956794187426567
0.001134804217144847
0.0008103466825559735
0.0015955610433593392
0.0006635665777139366
0.0011951790656894445
0.0009569561225362122
0.0010760783916339278
0.0011690605897456408
0.0009417268447577953
0.0008017441141419113
0.0007385896751657128
0.0009403548901900649
0.0010180503595620394
0.0008991489303298295
0.0008962537976913154
0.0012435577809810638
0.0008867810247465968
0.0006597692845389247
0.001304436125792563
0.0006498165894299746
0.0013582550454884768
0.0008859437075443566
-7.336385250091553
-19.643939971923828
-20.184463500976562
-13.314168930053711
-8.773844718933105
-19.621976852416992
-6.150832176208496
-9.021125793457031
-5.771510124206543
-1.6027863025665283
-2.034393072128296
-1.431778907775879
-2.296823501586914
-1.889582633972168
-1.3484623432159424
-1.5336971282958984
-1.8097789287567139
-2.5713846683502197
-2.242299795150757
-2.5632197856903076
-4.7940144538879395
-4.017264366149902
-3.0368268489837646
-3.315868377685547
-3.6245315074920654
-3.7830874919891357
-3.5372910499572754
-4.835373401641846
-4.13552188873291
-4.384936332702637
-5.060412883758545
-5.930950164794922
-5.50984001159668
-5.819882869720459
-5.8596673011779785
-5.8853254318237305
-5.807032585144043
-6.674411773681641
-6.467837333679199
-7.39670467376709
-6.402897834777832
-6.9103875160217285
-6.8094987869262695
-7.4320197105407715
-7.495960235595703
-7.924760341644287
-7.840856075286865
-7.080366611480713
-8.720574378967285
-8.029498100280762
-8.907882690429688
-8.946634292602539
-8.877610206604004
-9.155497550964355
-9.853755950927734
-10.642576217651367
-9.838715553283691
-9.347986221313477
-9.002206802368164
-9.054863929748535
-10.366365432739258
-9.95448112487793
-9.505025863647461
-10.075545310974121
-10.970610618591309
-10.342638969421387
-10.282870292663574
-10.656492233276367
-11.105447769165039
-10.875459671020508
-11.446696281433105
-12.072410583496094
-11.371583938598633
-12.30022144317627
-12.005496978759766
-12.29955005645752
-12.006153106689453
-12.769060134887695
-13.266733169555664
-14.919118881225586
-13.813693046569824
-13.596153259277344
-13.9717378616333
-13.731359481811523
-13.553407669067383
-13.983202934265137
-14.060519218444824
-15.264819145202637
-15.364212036132812
-15.377706527709961
-15.16175365447998
-14.613179206848145
-15.964940071105957
-15.956143379211426
-15.953145027160645
-15.812156677246094
-15.949618339538574
-16.47500228881836
-16.480926513671875
-16.771751403808594
-16.964725494384766
-16.27888298034668
-4.7090253829956055
-4.5937418937683105
0.005760280881077051
0.00632463488727808
0.006178573705255985
0.0073108612559735775
0.007384295575320721
0.006697387900203466
0.006744342390447855
0.0068320780992507935
0.006932890508323908
0.006827119737863541
0.006733229849487543
0.005909719970077276
0.006745641119778156
0.006136388052254915
0.0066313715651631355
0.006346308626234531
0.0064013623632490635
0.006317039020359516
0.005829918198287487
0.006130470894277096
0.005659766495227814
0.005810691509395838
0.005836945027112961
0.005676328204572201
0.005498460493981838
0.005533254239708185
0.005118674598634243
0.004767413251101971
0.005657991394400597
0.005117953754961491
0.004731625318527222
0.005016564857214689
0.004862560424953699
0.0044458284974098206
0.004701913334429264
0.004240794572979212
0.004391278140246868
0.0036829221062362194
0.0042181177996098995
0.004592931363731623
0.003969175741076469
0.0033088463824242353
0.0041638510301709175
0.0032695550471544266
0.00352289411239326
0.0033562383614480495
0.003124447073787451
0.002995078219100833
0.002713699359446764
0.003006973769515753
0.00264615286141634
0.0025405280757695436
0.0028422470204532146
0.002472755964845419
0.0025519230403006077
0.0017095425864681602
0.0026054843328893185
0.002310363808646798
0.002060182858258486
0.0016139487270265818
0.0017594493692740798
0.002199365058913827
0.0013172363396734
0.0020393794402480125
0.0013267500326037407
0.0017067678272724152
0.0012811054475605488
0.001293948502279818
0.0015062101883813739
0.0010465487139299512
0.001221965067088604
0.0014842741657048464
0.00047365803038701415
0.0014195071998983622
0.0006797122186981142
0.0013556338381022215
0.0014526889426633716
0.0006411195499822497
0.0015465441392734647
0.001070699654519558
0.0004281359724700451
0.0010387897491455078
0.0011735918233171105
0.0010662577114999294
0.0008944469736889005
0.0010335983242839575
0.0001311257219640538
0.0018046812620013952
0.00021126828505657613
0.0014118124963715672
0.0008375094039365649
0.0010786907514557242
0.0007929397979751229
0.001227832748554647
0.0014543902361765504
0.0006503047188743949
-2.3740789890289307
-13.82685661315918
-20.162281036376953
-11.066560745239258
-12.661745071411133
-12.061912536621094
-7.054877281188965
-4.616752624511719
-3.686812162399292
-2.223726987838745
-2.680604934692383
-2.6278140544891357
-2.9739794731140137
-2.8997750282287598
-2.161050319671631
-2.2297489643096924
-2.603607654571533
-2.6757571697235107
-3.439249038696289
-3.6931986808776855
-3.819551944732666
-3.2049560546875
-3.4844908714294434
-3.1299166679382324
-3.242006301879883
-3.0566916465759277
-4.028720378875732
-3.3618106842041016
-4.895652770996094
-4.862607002258301
-5.650498390197754
-5.72088623046875
-5.604335308074951
-6.149627685546875
-6.161477565765381
-6.975331783294678
-5.876701354980469
-7.019479274749756
-5.813626766204834
-5.999507427215576
-7.1120171546936035
-7.681789398193359
-6.362069606781006
-7.450898170471191
-7.458677768707275
-7.894207000732422
-8.57429313659668
-8.58503532409668
-8.955281257629395
-8.549182891845703
-8.772965431213379
-8.38947582244873
-8.563529968261719
-8.288335800170898
-8.358148574829102
-8.542132377624512
-9.765242576599121
-9.114827156066895
-10.801076889038086
-10.34272575378418
-10.93830680847168
-10.22265625
-10.12940502166748
-11.543020248413086
-10.345884323120117
-10.325942039489746
-10.21655559539795
-10.516351699829102
-11.471261024475098
-10.960403442382812
-11.723752975463867
-11.63488483428955
-11.766294479370117
-11.822137832641602
-12.380433082580566
-12.52064037322998
-12.796510696411133
-12.46668815612793
-12.922119140625
-13.3037691116333
-12.631484985351562
-14.977239608764648
-12.789613723754883
-13.855741500854492
-12.882608413696289
-13.864465713500977
-13.26896858215332
-14.333330154418945
-13.820398330688477
-14.231671333312988
-14.669631958007812
-14.21052074432373
-15.048782348632812
-15.006010055541992
-15.182782173156738
-15.812881469726562
-15.899665832519531
-15.807034492492676
-16.299358367919922
-15.96886157989502
-15.419878959655762
-15.191167831420898
-3.8584084510803223
-4.21678352355957
0.0059116920456290245
0.006220290903002024
0.0063363113440573215
0.007260855287313461
0.007150727324187756
0.007072859443724155
0.0067080422304570675
0.006791267544031143
0.006823702249675989
0.006263899616897106
0.00701202591881156
0.006460659205913544
0.006426939275115728
0.006384664680808783
0.006357648875564337
0.006248861085623503
0.006318661384284496
0.00602935953065753
0.00613141804933548
0.005597197450697422
0.006119994446635246
0.005920392461121082
0.005609900690615177
0.005567374639213085
0.005427849479019642
0.005524162203073502
0.005201266147196293
0.0052874344401061535
0.005152628291398287
0.00479529332369566
0.0049169971607625484
0.0045018745586276054
0.0043357908725738525
0.004674156662076712
0.0045850081369280815
0.004519228357821703
0.0040429867804050446
0.0043256268836557865
0.004016299732029438
0.0036271833814680576
0.003935990855097771
0.003552089212462306
0.003851704765111208
0.0032449134159833193
0.0032453364692628384
0.003036081325262785
0.0036322183441370726
0.0029181591235101223
0.0021756747737526894
0.0032754247076809406
0.003081396222114563
0.002587441820651293
0.002514075953513384
0.0021330672316253185
0.0029123921412974596
0.002334187738597393
0.0018006408354267478
0.002058660611510277
0.002753214677795768
0.0019447056110948324
0.0018171444535255432
0.0018128324300050735
0.0013286744942888618
0.001887617981992662
0.0014952123165130615
0.0015242173103615642
0.0009702144307084382
0.0012975458521395922
0.0015947461361065507
0.0013951733708381653
0.0012240856885910034
0.0017610806971788406
0.0006076493882574141
0.0010529148858040571
0.0011087065795436502
0.0010019507026299834
0.001160939922556281
0.00037332013016566634
0.0017183634918183088
0.0009611869463697076
0.0009647938422858715
0.0005527009489014745
0.0007659533875994384
0.0008522219723090529
0.0005390614969655871
0.001364423893392086
0.00037095416337251663
0.0009173291618935764
0.0007753390236757696
0.0012378329411149025
0.0009559066966176033
0.0006480991141870618
0.001093998085707426
0.0008594052633270621
0.0005335891037248075
0.0016013343119993806
-2.1356000900268555
-13.715669631958008
-16.19021987915039
-8.548181533813477
-7.047533988952637
-10.655412673950195
-7.169681549072266
-6.450387477874756
-5.799274444580078
-3.079550266265869
-2.4779462814331055
-2.086545944213867
-2.9367668628692627
-2.7216992378234863
-1.9585046768188477
-3.273432493209839
-2.6875104904174805
-2.3796205520629883
-2.522996664047241
-2.9942965507507324
-2.92183780670166
-3.591278553009033
-3.9720635414123535
-3.572659969329834
-4.012187957763672
-4.3174614906311035
-4.309163570404053
-3.255951404571533
-4.593404293060303
-5.072354316711426
-5.428006649017334
-5.133621692657471
-5.499116897583008
-5.861647129058838
-5.099656105041504
-5.818340301513672
-6.606935977935791
-6.455728054046631
-6.308338165283203
-6.2475104331970215
-6.53964900970459
-7.2366838455200195
-7.208797454833984
-7.430632591247559
-7.837616920471191
-7.960550785064697
-7.312483310699463
-7.3206892013549805
-7.466088771820068
-7.334584712982178
-7.725740909576416
-8.391507148742676
-9.43168830871582
-8.816511154174805
-9.20965576171875
-9.685007095336914
-9.74873161315918
-9.375117301940918
-9.707721710205078
-9.104325294494629
-9.50857162475586
-9.504026412963867
-10.869009017944336
-10.529603004455566
-10.029312133789062
-10.428000450134277
-11.309667587280273
-11.738397598266602
-11.794679641723633
-11.174967765808105
-11.493501663208008
-12.114419937133789
-11.248407363891602
-12.076480865478516
-11.758280754089355
-11.924336433410645
-12.771093368530273
-12.736556053161621
-12.539505004882812
-13.408632278442383
-12.8684663772583
-12.492292404174805
-13.64380168914795
-14.37181282043457
-15.028465270996094
-14.277567863464355
-13.623044967651367
-15.234891891479492
-13.715324401855469
-15.361602783203125
-15.047451972961426
-13.873990058898926
-14.706387519836426
-14.321832656860352
-15.175718307495117
-15.819043159484863
-15.770807266235352
-16.568700790405273
-16.79526710510254
-15.222799301147461
-16.762052536010742
-15.210965156555176
-4.386807918548584
-4.7621541023254395
0.005877198185771704
0.006168105639517307
0.006787976715713739
0.006837100721895695
0.007659677416086197
0.007006005849689245
0.006611872464418411
0.0066637685522437096
0.007137426175177097
0.0067443945445120335
0.0067028990015387535
0.006271504797041416
0.006486938335001469
0.006413246504962444
0.0064306482672691345
0.006255741231143475
0.005956611130386591
0.006342223379760981
0.006089997943490744
0.0058539435267448425
0.006089258007705212
0.005696783773601055
0.00571958813816309
0.005898413714021444
0.005532429553568363
0.005443212576210499
0.005064433440566063
0.005203342530876398
0.004915631376206875
0.005279510281980038
0.00498924357816577
0.00444682314991951
0.004764811601489782
0.00469406321644783
0.004905671812593937
0.004390229005366564
0.003928550984710455
0.004493669141083956
0.003636700566858053
0.004116050433367491
0.00398667249828577
0.0035577435046434402
0.0034737519454210997
0.0035201769787818193
0.0029331257101148367
0.0031400236766785383
0.003061499912291765
0.003192216856405139
0.002794836414977908
0.0030245601665228605
0.0025513661094009876
0.0024546447675675154
0.0029548718594014645
0.00244122208096087
0.0018264701357111335
0.0018820979166775942
0.002200195798650384
0.0021686851978302
0.002221587812528014
0.0018991709221154451
0.0016815969720482826
0.0017610900104045868
0.0018487600609660149
0.0014544748701155186
0.0015380537370219827
0.0011880010133609176
0.0016717312391847372
0.0016724749002605677
0.0006097938166931272
0.00138547841925174
0.0014108538161963224
0.0009519787272438407
0.0013332876842468977
0.001137186074629426
0.001170943840406835
0.0013794961851090193
0.00037308389437384903
0.0013503367081284523
0.0017284371424466372
0.0007567898137494922
0.0007963207317516208
0.00046499789459630847
0.0015305494889616966
0.0008293767459690571
0.0008951803902164102
0.0010237053502351046
0.0013184173731133342
0.00042928033508360386
0.0004904164234176278
0.0017648674547672272
0.0004668993060477078
0.0008516021771356463
0.0013124215183779597
0.00033891003113240004
0.0012796575902029872
0.000878421007655561
-3.904583692550659
-16.283187866210938
-17.461090087890625
-10.669967651367188
-13.643468856811523
-15.740793228149414
-4.727499008178711
-8.473257064819336
-5.0799784660339355
-2.1120004653930664
-2.151522159576416
-1.4555470943450928
-0.9889681935310364
-1.680596947669983
-1.9133882522583008
-2.3368959426879883
-2.7252919673919678
-2.582672357559204
-3.792863130569458
-3.595501661300659
-2.8914570808410645
-3.9227116107940674
-3.576526165008545
-3.671602725982666
-3.934162139892578
-3.591531276702881
-4.659559726715088
-4.727158546447754
-5.129497528076172
-5.845576286315918
-5.076457500457764
-5.398740291595459
-5.082308292388916
-6.577363014221191
-7.039328575134277
-6.133688926696777
-6.342512607574463
-6.696133613586426
-7.268928527832031
-7.2917327880859375
-7.6811957359313965
-6.857473850250244
-8.043729782104492
-7.332383632659912
-6.605493068695068
-7.249796390533447
-6.887200832366943
-8.107345581054688
-8.040982246398926
-8.077646255493164
-8.824081420898438
-8.612991333007812
-8.629834175109863
-9.73180103302002
-9.357943534851074
-9.329766273498535
-9.397600173950195
-9.53375244140625
-10.408458709716797
-9.448811531066895
-9.516535758972168
-10.832685470581055
-10.265902519226074
-10.556961059570312
-10.310818672180176
-10.313264846801758
-10.573601722717285
-11.540013313293457
-12.422276496887207
-11.12307357788086
-11.729619979858398
-11.456480026245117
-11.272562026977539
-12.442058563232422
-12.11929988861084
-12.70615005493164
-12.5991849899292
-12.342083930969238
-14.127903938293457
-13.733528137207031
-13.977726936340332
-13.69963264465332
-13.279287338256836
-13.835456848144531
-14.281878471374512
-14.1285982131958
-14.232124328613281
-14.459108352661133
-15.340133666992188
-14.804186820983887
-14.724149703979492
-14.862531661987305
-16.05865478515625
-15.100293159484863
-15.306818962097168
-15.307058334350586
-15.758310317993164
-15.990402221679688
-17.19023323059082
-17.014188766479492
-16.665773391723633
-16.013118743896484
-5.177556991577148
-4.032891273498535
0.006155294366180897
0.007195457816123962
0.0064625367522239685
0.006804124917834997
0.007411842700093985
0.006620495580136776
0.007103020790964365
0.006918182130903006
0.006625279784202576
0.0065130568109452724
0.00662671634927392
0.006474900059401989
0.00655252393335104
0.006335352547466755
0.0062432559207081795
0.006540759466588497
0.005944458302110434
0.006217788904905319
0.00606208760291338
0.005888403858989477
0.006231982260942459
0.006097126752138138
0.005253700073808432
0.005499192047864199
0.005667828489094973
0.005341674666851759
0.0054231071844697
0.004687143489718437
0.0055951327085494995
0.005306145641952753
0.005094913765788078
0.004225864075124264
0.004663662053644657
0.004822400398552418
0.0043634893372654915
0.004450145177543163
0.004183826968073845
0.003805287182331085
0.004257982596755028
0.003822568105533719
0.0038716974668204784
0.0030419486574828625
0.0038750055246055126
0.00365510955452919
0.0040151095017790794
0.0031605265103280544
0.002857198240235448
0.003615486202761531
0.0029210590291768312
0.0026920391246676445
0.0032607249449938536
0.0028823555912822485
0.002798426430672407
0.002411938039585948
0.0017699068412184715
0.003135277656838298
0.0016395763959735632
0.0024625775404274464
0.00218602386303246
0.0015930728986859322
0.0022815775591880083
0.002014495898038149
0.0014024506090208888
0.0018603515345603228
0.001877996721304953
0.002276941668242216
0.0011207255301997066
0.0008337696199305356
0.0017566056922078133
0.0018747687572613358
0.0007580644451081753
0.0013689964544028044
0.0010100274812430143
0.0013199403183534741
0.0010856238659471273
0.0006788693717680871
0.0009413540246896446
0.0012769259046763182
0.0007196249789558351
0.0008510697516612709
0.0013005428481847048
0.0012442570878192782
0.000746787351090461
0.0008345618844032288
0.0011968420585617423
0.0009040473960340023
0.0009327165898866951
0.00129187130369246
0.000624445267021656
0.001355797634460032
0.00028376924456097186
0.0010019221808761358
0.0013395451242104173
0.0013677880633622408
0.0002716936287470162
0.0006515441345982254
-5.895047664642334
-18.005220413208008
-19.622142791748047
-11.886674880981445
-14.757479667663574
-4.797650337219238
-4.015762805938721
-7.136527061462402
-8.925209045410156
-3.8194777965545654
-3.753826141357422
-2.7510874271392822
-2.571355104446411
-2.6363890171051025
-2.4376068115234375
-2.743623733520508
-2.09535813331604
-1.548161506652832
-1.8787883520126343
-3.105776071548462
-2.9037156105041504
-3.011284112930298
-4.00360107421875
-3.5853729248046875
-4.089358806610107
-4.38162088394165
-4.873475551605225
-4.875884056091309
-5.321681022644043
-4.2283806800842285
-4.506656169891357
-5.288595199584961
-5.502864837646484
-6.355006694793701
-6.450861930847168
-5.9914350509643555
-6.2347869873046875
-6.5284295082092285
-6.108390808105469
-7.133278846740723
-7.91510534286499
-7.932612419128418
-7.574152946472168
-7.396934509277344
-7.547357082366943
-8.245325088500977
-8.714982986450195
-7.908760070800781
-8.319510459899902
-7.989030361175537
-8.832426071166992
-8.486481666564941
-9.016340255737305
-8.892765045166016
-8.999471664428711
-9.627708435058594
-9.755253791809082
-10.197641372680664
-9.2387113571167
-9.811041831970215
-8.925902366638184
-9.543706893920898
-9.692017555236816
-9.540740966796875
-10.07061767578125
-9.865140914916992
-10.964227676391602
-10.995124816894531
-11.409268379211426
-11.187337875366211
-12.163212776184082
-11.008659362792969
-12.02271842956543
-12.630663871765137
-12.612454414367676
-12.50487995147705
-12.161288261413574
-12.606966018676758
-13.85444450378418
-13.057820320129395
-12.25494384765625
-13.236236572265625
-13.447385787963867
-14.097386360168457
-13.733358383178711
-13.602987289428711
-14.387704849243164
-13.681999206542969
-14.80992317199707
-14.03461742401123
-14.896514892578125
-14.021679878234863
-14.875434875488281
-15.1806640625
-15.505358695983887
-16.36072540283203
-16.336406707763672
-15.667390823364258
-15.631009101867676
-16.498538970947266
-16.344417572021484
-16.220945358276367
-3.5154762268066406
-4.105074405670166
0.00593953114002943
0.006216374225914478
0.0069412789307534695
0.006759909447282553
0.0074650296010077
0.006828020326793194
0.006678360048681498
0.007586038205772638
0.006402058061212301
0.0066804056987166405
0.006401939783245325
0.006694790907204151
0.00658218702301383
0.006564571056514978
0.006579957902431488
0.006203509867191315
0.006011697463691235
0.005996762774884701
0.006103260908275843
0.005813180468976498
0.006267191376537085
0.005259203724563122
0.006095869466662407
0.005473983008414507
0.005807445850223303
0.005122979637235403
0.005223273299634457
0.005129425786435604
0.005746093578636646
0.005133667029440403
0.004277511034160852
0.0048646447248756886
0.004945516120642424
0.004671392496675253
0.004778789822012186
0.004525808617472649
0.00415313895791769
0.004023290704935789
0.0038378522731363773
0.004110323265194893
0.004066294524818659
0.003754595760256052
0.0035977098159492016
0.0034805512987077236
0.003350555431097746
0.0030323732644319534
0.003398933680728078
0.0025187991559505463
0.003531454596668482
0.003125653835013509
0.002257151762023568
0.0022676424123346806
0.002947420347481966
0.0023729233071208
0.0022603378165513277
0.002402561716735363
0.0020131906494498253
0.0020972159691154957
0.0022848835214972496
0.002054151613265276
0.002021338092163205
0.001856500981375575
0.0013986863195896149
0.001679185195825994
0.001100421417504549
0.0022782713640481234
0.0012277162168174982
0.0011260665487498045
0.001589359948411584
0.0011871772585436702
0.001866084523499012
0.001326936879195273
0.0006946147186681628
0.0014484773855656385
0.0011224651243537664
0.0008109703776426613
0.0010191964684054255
0.0016179975355044007
0.0006001534638926387
0.0009479370201006532
0.0010926555842161179
0.0011466664727777243
0.0005432582111097872
0.0007357070571742952
0.0011679839808493853
0.0010279094567522407
0.0008883176487870514
0.0009673982858657837
0.0016995714977383614
0.0003163207438774407
0.0009258862701244652
0.0008808757411316037
0.0011221395106986165
0.0010066592367365956
0.0007902630604803562
0.0009353818604722619
-3.2196388244628906
-16.01239585876465
-18.039531707763672
-11.085073471069336
-15.652562141418457
-9.153432846069336
-5.8472161293029785
-5.527865409851074
-5.23167610168457
-2.7024712562561035
-2.815183162689209
-1.999779462814331
-3.625682830810547
-2.5237250328063965
-3.462177276611328
-3.0105152130126953
-1.585320234298706
-2.9250311851501465
-2.4572958946228027
-2.710411548614502
-3.4717063903808594
-3.1369316577911377
-4.064676761627197
-4.019959449768066
-3.836580276489258
-4.140192985534668
-3.694462537765503
-4.809916973114014
-4.9332380294799805
-4.827733039855957
-4.679809093475342
-5.825736999511719
-5.321043968200684
-5.6060872077941895
-6.783823490142822
-6.450569152832031
-6.315892219543457
-6.94968318939209
-7.183826446533203
-7.000918388366699
-7.506220817565918
-6.223496437072754
-6.85315465927124
-7.9817304611206055
-7.459364891052246
-7.724714756011963
-8.39653205871582
-8.527324676513672
-8.731948852539062
-8.546255111694336
-8.942484855651855
-8.094022750854492
-8.088663101196289
-8.465975761413574
-9.07942008972168
-8.94790267944336
-9.557684898376465
-8.995001792907715
-8.970046997070312
-8.992582321166992
-10.966753005981445
-10.642597198486328
-10.439969062805176
-10.668107986450195
-9.98518180847168
-10.503277778625488
-11.069896697998047
-11.603230476379395
-11.136926651000977
-11.224384307861328
-11.431241035461426
-11.214783668518066
-12.087972640991211
-12.611881256103516
-11.84726619720459
-12.08200454711914
-12.250772476196289
-12.866607666015625
-12.794210433959961
-13.123636245727539
-12.920428276062012
-12.706896781921387
-13.659421920776367
-13.58690357208252
-13.876447677612305
-14.198232650756836
-13.993733406066895
-14.942926406860352
-15.196359634399414
-14.529905319213867
-14.035600662231445
-15.341102600097656
-15.121038436889648
-15.670896530151367
-15.239755630493164
-15.667834281921387
-16.444425582885742
-16.178409576416016
-16.606576919555664
-16.28545570373535
-16.82394790649414
-16.559213638305664
-5.312081336975098
-4.910794258117676
0.00557458121329546
0.0063440874218940735
0.006761284079402685
0.007112069986760616
0.007234850432723761
0.006859766785055399
0.006561850197613239
0.00707607576623559
0.006909597665071487
0.0065645440481603146
0.00690814945846796
0.006528045982122421
0.006648645736277103
0.005964020267128944
0.006359811872243881
0.0066088056191802025
0.006051299162209034
0.005995710380375385
0.005988757126033306
0.006049028132110834
0.005554518196731806
0.0061218636110424995
0.00550053920596838
0.006129262503236532
0.0048562316223979
0.005385256838053465
0.004920188803225756
0.0054552494548261166
0.005402665585279465
0.005235861986875534
0.0043929629027843475
0.005021040327847004
0.004608257208019495
0.004639350809156895
0.0047561111859977245
0.004123808350414038
0.004009765572845936
0.004265631083399057
0.003719936590641737
0.004335761535912752
0.0037529356777668
0.0035797967575490475
0.0038981169927865267
0.0031367975752800703
0.0033809703309088945
0.0035101373214274645
0.003130371915176511
0.002704486483708024
0.0029982507694512606
0.0029580420814454556
0.002601535525172949
0.0025596548803150654
0.002584378467872739
0.002190232975408435
0.002075314987450838
0.0023303856141865253
0.0024866422172635794
0.0020460200030356646
0.0020069091115146875
0.0014207132626324892
0.002041350118815899
0.0021966188214719296
0.0013068938860669732
0.001901053125038743
0.0015760951209813356
0.001538616605103016
0.0015402069548144937
0.0013081284705549479
0.0017152760410681367
0.0010497415205463767
0.0015093130059540272
0.0011668147053569555
0.0014247389044612646
0.0008832835592329502
0.0012213189620524645
0.0019147464772686362
0.000637118995655328
0.0009962159674614668
0.0010086100082844496
0.000640885264147073
0.0015708741266280413
0.000438843562733382
0.0013009044341742992
0.0007822623592801392
0.001139652682468295
0.0009922068566083908
0.0006790545303374529
0.0007742289453744888
0.0014850085135549307
0.0008707577362656593
0.0006323755951598287
0.0008718004683032632
0.0013542899396270514
0.000935179297812283
0.0008961254497990012
0.0007896627066656947
-6.257385730743408
-18.46135139465332
-20.442707061767578
-11.931309700012207
-8.419252395629883
-11.315406799316406
-6.974924564361572
-7.567129611968994
-7.788351535797119
-4.366568565368652
-3.1371538639068604
-2.799800395965576
-3.056196689605713
-3.126654863357544
-2.622432231903076
-2.65273380279541
-2.7463152408599854
-2.1540796756744385
-3.096710443496704
-3.5952351093292236
-3.4743285179138184
-3.2961208820343018
-4.001255989074707
-3.691155195236206
-4.1667866706848145
-3.744964122772217
-4.231705665588379
-3.9894561767578125
-4.662145614624023
-4.977557182312012
-6.490965843200684
-5.990829944610596
-5.443142890930176
-5.496901035308838
-6.0415849685668945
-6.361931324005127
-7.120433807373047
-6.682338714599609
-6.823910713195801
-7.022054195404053
-7.149742126464844
-7.0733489990234375
-7.373574733734131
-7.2489728927612305
-7.382901191711426
-7.588299751281738
-7.656432151794434
-8.612689971923828
-8.521584510803223
-8.769987106323242
-8.71351432800293
-8.021814346313477
-9.576276779174805
-8.351774215698242
-8.393147468566895
-9.729877471923828
-9.517190933227539
-10.10776138305664
-10.007658004760742
-9.847243309020996
-9.672473907470703
-9.53691577911377
-9.908313751220703
-11.002153396606445
-10.805171966552734
-10.082270622253418
-10.757691383361816
-10.963153839111328
-10.984380722045898
-11.045758247375488
-10.957252502441406
-11.474244117736816
-11.647014617919922
-12.20518684387207
-12.17428207397461
-13.519917488098145
-12.417838096618652
-12.560198783874512
-12.547118186950684
-12.06624698638916
-12.467313766479492
-12.495915412902832
-13.144488334655762
-13.682889938354492
-13.806249618530273
-14.651718139648438
-13.783544540405273
-14.713422775268555
-14.284467697143555
-13.966888427734375
-14.102961540222168
-14.967689514160156
-15.604426383972168
-15.69018268585205
-14.892801284790039
-16.24490737915039
-15.8895902633667
-17.175989151000977
-15.751832962036133
-16.168529510498047
-17.20186996459961
-16.215106964111328
-4.311440467834473
-4.540957450866699
0.0058861104771494865
0.005919552408158779
0.006835715379565954
0.007374342530965805
0.007526850793510675
0.0064309872686862946
0.006548859179019928
0.0071462043561041355
0.006899343337863684
0.006870588753372431
0.006451053079217672
0.006510138511657715
0.006772798486053944
0.006267190910875797
0.006409242749214172
0.006114689167588949
0.006034090183675289
0.006444363854825497
0.0058088949881494045
0.0062310295179486275
0.005771120078861713
0.005846110172569752
0.005614829249680042
0.005611295346170664
0.0060098194517195225
0.005033018533140421
0.004956041928380728
0.005582957062870264
0.0055389911867678165
0.0050164926797151566
0.004389115609228611
0.004659323021769524
0.005045696161687374
0.0044488259591162205
0.004221615381538868
0.004162068013101816
0.0043023498728871346
0.004239663016051054
0.003460273612290621
0.0038416713941842318
0.004105802625417709
0.0033331308513879776
0.003658874426037073
0.0032675997354090214
0.0031740025151520967
0.003447987139225006
0.003123536240309477
0.0030851829797029495
0.00306783989071846
0.0029669010546058416
0.002423294587060809
0.0029908218421041965
0.0023706902284175158
0.002100706333294511
0.002835430670529604
0.0019428214291110635
0.0023749247193336487
0.0021143476478755474
0.0015238219639286399
0.002417729701846838
0.0018340731039643288
0.00165673834271729
0.0017192050581797957
0.001432641176506877
0.0017813429003581405
0.0015683891251683235
0.0016014653956517577
0.0013520800275728106
0.00135781557764858
0.0008674461278133094
0.0012109106173738837
0.0013780142180621624
0.00048643583431839943
0.0011558867990970612
0.0014963113935664296
0.0007263615843839943
0.0008360409992747009
0.0010807793587446213
0.000969076412729919
0.001606185338459909
0.0005081997369416058
0.0005109043559059501
0.0012074531987309456
0.00047951043234206736
0.0010169786401093006
0.0006842048023827374
0.00116608792450279
0.0009414708474650979
0.0007228978793136775
0.0009430602076463401
0.0008883282425813377
2.5188957806676626e-05
0.0021126309875398874
0.000524709583260119
0.0009551563416607678
0.0008444562554359436
-4.889719486236572
-17.264968872070312
-18.295825958251953
-10.43733024597168
-7.013347625732422
-10.111284255981445
-6.533170223236084
-6.567741394042969
-6.139817714691162
-3.004934072494507
-2.971707820892334
-2.8419365882873535
-3.3831005096435547
-2.150925874710083
-2.209746837615967
-2.7411465644836426
-3.0567758083343506
-2.132206678390503
-3.773541212081909
-3.086991786956787
-2.124009609222412
-2.7671351432800293
-3.5980117321014404
-4.032206058502197
-3.5585970878601074
-4.230099678039551
-4.174272537231445
-4.382018089294434
-5.260073184967041
-5.282538890838623
-5.130057334899902
-5.309605598449707
-5.351641654968262
-5.684603214263916
-6.420350074768066
-6.355963230133057
-6.919111728668213
-7.309145450592041
-7.219911098480225
-6.615894317626953
-6.695185661315918
-6.511422634124756
-8.207006454467773
-8.170713424682617
-7.062446594238281
-7.325531005859375
-7.104923248291016
-7.684667110443115
-8.317346572875977
-9.403960227966309
-8.767492294311523
-9.626811981201172
-9.51716423034668
-9.32165241241455
-9.33870792388916
-9.920469284057617
-8.54089069366455
-8.910942077636719
-9.427457809448242
-8.68287181854248
-9.78537654876709
-9.296401977539062
-10.656949043273926
-11.428492546081543
-10.740495681762695
-10.912352561950684
-9.970308303833008
-11.048123359680176
-9.932661056518555
-9.945196151733398
-11.732672691345215
-11.049055099487305
-12.168686866760254
-11.60828971862793
-12.859685897827148
-12.693887710571289
-12.907289505004883
-12.288261413574219
-13.19575023651123
-13.252012252807617
-13.090022087097168
-12.99493408203125
-13.782785415649414
-13.196624755859375
-13.832443237304688
-13.71277904510498
-14.41276741027832
-15.057289123535156
-15.037900924682617
-15.533414840698242
-15.672879219055176
-16.644668579101562
-15.929713249206543
-15.151739120483398
-14.774218559265137
-14.37761116027832
-16.089696884155273
-16.4033260345459
-16.50136947631836
-16.41592788696289
-18.32479476928711
-16.807310104370117
-6.008487701416016
-3.6838583946228027
0.007428555283695459
0.008184359408915043
0.0055533526465296745
0.006731084547936916
0.007586819119751453
0.006901399232447147
0.006711042020469904
0.006959451828151941
0.006657809019088745
0.006776525638997555
0.006508886814117432
0.006653409451246262
0.006224495358765125
0.006189374718815088
0.0067376792430877686
0.005874889902770519
0.00665352214127779
0.006225163582712412
0.006150006782263517
0.005462287925183773
0.006248817779123783
0.006054104771465063
0.005043595563620329
0.005642883479595184
0.005966302938759327
0.004814282059669495
0.005584736354649067
0.00525027746334672
0.005118861794471741
0.005151995923370123
0.004642660729587078
0.005261949263513088
0.004617338068783283
0.004310552962124348
0.004857760854065418
0.004308371804654598
0.003975192084908485
0.004190984182059765
0.003496546996757388
0.004075978882610798
0.004198990762233734
0.0035282359458506107
0.0034913807176053524
0.0037178441416472197
0.0029565703589469194
0.003931495361030102
0.002767027821391821
0.003167673945426941
0.0029579505790024996
0.0025937422178685665
0.0031936883460730314
0.002604460809379816
0.0020811082795262337
0.0027585183270275593
0.0016994001343846321
0.002554041799157858
0.0026878979988396168
0.0022016053553670645
0.0017041349783539772
0.0020717638544738293
0.0017346416134387255
0.0016397678991779685
0.0019252855563536286
0.001569054089486599
0.0017047973815351725
0.0011476055951789021
0.00147841009311378
0.001734487945213914
0.0014951684279367328
0.0008696183795109391
0.0011036917567253113
0.001483504194766283
0.0012033634120598435
0.0011958410032093525
0.000557389110326767
0.0008030969765968621
0.001510164118371904
0.0009819533443078399
0.0010173453483730555
0.0010982713429257274
0.0005531087517738342
0.0008051543263718486
0.0009578551980666816
0.0011822984088212252
0.00040425517363473773
0.0011717170709744096
0.0014890662860125303
0.0003855347167700529
0.0008935258956626058
0.0008063853601925075
0.0013386259088292718
0.0012901194859296083
0.0003896324778907001
0.0009130365215241909
0.0012619507033377886
0.0011286342050880194
-3.8983845710754395
-15.839651107788086
-18.217287063598633
-11.573244094848633
-16.15787124633789
-16.28414535522461
-5.325592994689941
-8.83977222442627
-5.062399387359619
-1.9625030755996704
-1.7135130167007446
-1.0102629661560059
-1.7030681371688843
-1.4150782823562622
-1.1475270986557007
-2.2390241622924805
-2.343585729598999
-2.900148391723633
-2.5119566917419434
-3.625046491622925
-3.838087558746338
-4.3228349685668945
-3.9914989471435547
-3.897190809249878
-3.7767670154571533
-4.368040084838867
-4.840051174163818
-4.413294792175293
-5.882383823394775
-4.942090034484863
-4.86607551574707
-5.233141899108887
-5.5351738929748535
-5.976442337036133
-5.8146162033081055
-6.266350269317627
-6.430553436279297
-6.5640363693237305
-7.129965305328369
-7.377265930175781
-6.920092582702637
-7.2406182289123535
-7.176461696624756
-8.256114959716797
-8.326563835144043
-8.109552383422852
-8.140565872192383
-7.800637245178223
-7.266806602478027
-8.428443908691406
-8.888501167297363
-8.232077598571777
-8.34598445892334
-9.08354663848877
-8.893918991088867
-9.054930686950684
-8.970565795898438
-9.057257652282715
-9.200490951538086
-9.84676456451416
-9.569211959838867
-10.121891021728516
-10.583211898803711
-11.208688735961914
-9.951276779174805
-9.877328872680664
-10.02888298034668
-11.342363357543945
-10.851672172546387
-10.95124626159668
-12.146738052368164
-11.055566787719727
-10.795801162719727
-11.274404525756836
-11.715865135192871
-12.194392204284668
-12.963879585266113
-12.136869430541992
-12.23923397064209
-13.158172607421875
-11.795492172241211
-12.364622116088867
-13.153409957885742
-13.0610933303833
-13.626553535461426
-13.421379089355469
-13.52241039276123
-13.723886489868164
-14.433903694152832
-15.409286499023438
-14.860359191894531
-15.036943435668945
-14.558555603027344
-14.389203071594238
-14.813626289367676
-16.59628677368164
-15.954358100891113
-15.622294425964355
-16.794849395751953
-16.675968170166016
-17.24860382080078
-16.252878189086914
-4.2378997802734375
-4.322917938232422
0.0060241930186748505
0.005950057879090309
0.006942818406969309
0.0071350387297570705
0.007658911403268576
0.0064706699922680855
0.00666881212964654
0.007290272507816553
0.006688275840133429
0.006495782174170017
0.006588744930922985
0.006930717267096043
0.0065084537491202354
0.006115886382758617
0.006616277154535055
0.006257461849600077
0.006017967127263546
0.00696307048201561
0.005402808077633381
0.005929696839302778
0.0060773431323468685
0.005852287635207176
0.005589342210441828
0.005725983530282974
0.005565698724240065
0.005325674079358578
0.0053665488958358765
0.005298999138176441
0.005271734669804573
0.005036797374486923
0.004785693250596523
0.004730484448373318
0.00492565194144845
0.004124111961573362
0.005159837659448385
0.004305248148739338
0.004145395010709763
0.003628229256719351
0.004707305226475
0.003509918227791786
0.003860853612422943
0.0037265538703650236
0.0034842602908611298
0.0032847882248461246
0.0031221616081893444
0.0035307039506733418
0.0029355031438171864
0.0025894450955092907
0.0034030568785965443
0.0030171466059982777
0.002653676550835371
0.00253197830170393
0.002189431106671691
0.002608815673738718
0.002573666162788868
0.0017723878845572472
0.0025022171903401613
0.0022087651304900646
0.0016374423867091537
0.0018544113263487816
0.0020194142125546932
0.0018138462910428643
0.0013296223478391767
0.0016926664393395185
0.0012732608010992408
0.00224786764010787
0.0008184306207112968
0.001955010462552309
0.001388663426041603
0.0008752275025472045
0.0014360153581947088
0.0014691440155729651
0.0015307686990126967
0.0007324489997699857
0.0012409433256834745
0.0010902282083407044
0.0012784309219568968
0.0005818376084789634
0.0014114237856119871
0.0010026071686297655
0.0007061383803375065
0.0007003996288403869
0.0014623904135078192
0.0002957078686449677
0.0009716243366710842
0.0013201789697632194
0.0005455063655972481
0.000987857230938971
0.0009291270980611444
0.0015091454843059182
0.00039645368815399706
0.001377454842440784
0.0008788603590801358
0.0006055562407709658
0.0013648148160427809
0.0006950653623789549
-4.513929843902588
