29.594940185546875
29.594940185546875
24.94588851928711
8.655357360839844
-0.010648183524608612
-0.010124841704964638
-0.009954923763871193
-0.009557227604091167
-0.009118168614804745
-0.008812611922621727
-0.00889864657074213
-0.008562462404370308
-0.0080165546387434
-0.007246285676956177
-0.007605003658682108
-0.006807996891438961
-0.006726021412760019
-0.006571486592292786
-0.0057843090035021305
-0.005405355244874954
-0.004943921696394682
-0.00511574000120163
-0.004575188737362623
-0.004026700742542744
-0.0036529414355754852
-0.003213774412870407
-0.003030155086889863
-0.0026464019902050495
-0.002796935848891735
-0.0009893610840663314
-0.0014340505003929138
-0.001000818214379251
0.0007263640873134136
-0.0009577384334988892
0.0009077723952941597
0.0011892663314938545
0.0012740191305056214
0.00196780264377594
0.0019034342840313911
0.002422322751954198
0.0030317676719278097
0.0028511355631053448
0.0034585546236485243
0.0038084923289716244
0.003948536701500416
0.004396969452500343
0.004701495636254549
0.004938964731991291
0.005320824682712555
0.005217128433287144
0.006227661855518818
0.006175321526825428
0.006497776601463556
0.006893807556480169
0.007011980749666691
0.00643069576472044
0.008303428068757057
0.007076209876686335
0.008253551088273525
0.008146800100803375
0.008292637765407562
0.00820817332714796
0.00874130055308342
0.008300380781292915
0.009030924178659916
0.00848131999373436
0.008905092254281044
0.009060396812856197
0.008981321938335896
0.008901560679078102
0.009217633865773678
0.009060326963663101
0.009299887344241142
0.008922801353037357
0.009293438866734505
0.008821612223982811
0.009008613415062428
0.00962747074663639
0.008952803909778595
0.008912023156881332
0.009184010326862335
0.008806942030787468
0.008745383471250534
0.008473819121718407
0.00878875982016325
0.00867683906108141
0.00833514891564846
0.008390141651034355
0.008091099560260773
0.007905708625912666
0.007900458760559559
0.007075715810060501
0.007246469147503376
0.007599286735057831
0.006716505624353886
0.006680709775537252
0.006349360104650259
0.006761758588254452
0.006022497545927763
3.43854022026062
8.017455101013184
7.310404300689697
-13.094640731811523
-10.357866287231445
-3.5823283195495605
-5.096128463745117
-4.068053245544434
-2.6310298442840576
-4.207611083984375
-3.449225664138794
-3.083109140396118
-4.618171215057373
-3.4572033882141113
-3.7723114490509033
-4.2692108154296875
-3.515047073364258
-3.9312682151794434
-3.9274189472198486
-3.411036252975464
-4.113034248352051
-3.786630153656006
-3.6570568084716797
-3.8036131858825684
-3.2363853454589844
-3.0642175674438477
-3.8989384174346924
-3.1337904930114746
-3.188777446746826
-3.298790454864502
-2.323369264602661
-2.811633825302124
-2.8221356868743896
-2.3350391387939453
-2.603525161743164
-1.3262978792190552
-1.1117976903915405
0.02309553138911724
-0.08163761347532272
-0.4930139183998108
-0.48980966210365295
0.44349488615989685
1.12197744846344
0.2801218330860138
1.8138526678085327
2.220845937728882
1.9964393377304077
2.0929999351501465
3.230222702026367
3.8542332649230957
3.0245513916015625
4.199270248413086
4.88991641998291
4.318739891052246
4.561989784240723
5.072969913482666
5.504825592041016
7.272793769836426
7.058359622955322
6.581639289855957
7.013357639312744
7.0070343017578125
8.342750549316406
8.770689010620117
8.001057624816895
9.074000358581543
8.998522758483887
8.975198745727539
10.548168182373047
10.818309783935547
10.601247787475586
11.43627643585205
11.953523635864258
11.81705093383789
12.646223068237305
13.36506175994873
13.564208984375
13.999110221862793
14.275205612182617
14.665783882141113
14.690996170043945
15.966413497924805
15.443893432617188
15.492268562316895
16.23952865600586
16.12307357788086
17.555835723876953
18.06838035583496
18.45790672302246
18.72347640991211
18.83591079711914
19.745397567749023
20.263004302978516
20.77438735961914
20.541494369506836
20.649707794189453
20.84828758239746
22.720903396606445
22.409656524658203
23.138931274414062
23.095775604248047
15.996759414672852
-34.545936584472656
-24.513330459594727
-0.007138268556445837
-0.009821883402764797
-0.008227119222283363
-0.0105938371270895
-0.009633602574467659
-0.008054263889789581
-0.008757619187235832
-0.008596023544669151
-0.007948466576635838
-0.007968788966536522
-0.007299339864403009
-0.006687989924103022
-0.007105879485607147
-0.006460635457187891
-0.005734402686357498
-0.005771039519459009
-0.0053623453713953495
-0.0047958954237401485
-0.004659549333155155
-0.0039355456829071045
-0.0039044928271323442
-0.0035274450201541185
-0.0029508289881050587
-0.002222068142145872
-0.0025925503578037024
-0.0016816590214148164
-0.0010314161190763116
-0.0013575695920735598
-0.0006616812315769494
-0.00018950233061332256
0.0005609526997432113
0.000357955286744982
0.001032527768984437
0.0014532380737364292
0.001884886296465993
0.0019521324429661036
0.002456189598888159
0.0028200787492096424
0.0033047222532331944
0.003354015527293086
0.00428535882383585
0.003992204554378986
0.004427679348737001
0.0047901710495352745
0.005460318643599749
0.0053859008476138115
0.005749200005084276
0.0059305354952812195
0.006219071801751852
0.006254513747990131
0.006975162774324417
0.00726753706112504
0.0071839443407952785
0.007571648806333542
0.007469192147254944
0.007704505231231451
0.008168196305632591
0.008052030578255653
0.008610287681221962
0.00840960256755352
0.009103605523705482
0.008550865575671196
0.009020802564918995
0.008718527853488922
0.009437724016606808
0.008772906847298145
0.009626809507608414
0.009000254794955254
0.009470739401876926
0.009246544912457466
0.009165128692984581
0.009310501627624035
0.009303423576056957
0.009186501614749432
0.009349586442112923
0.009115753695368767
0.009197547100484371
0.00910799391567707
0.008988996036350727
0.008718876168131828
0.008832010440528393
0.008466058410704136
0.00873302761465311
0.008363151922821999
0.008328545838594437
0.0079570347443223
0.007657428737729788
0.007790559437125921
0.007806989364326
0.007144756615161896
0.007247108966112137
0.007309486623853445
0.0069652097299695015
0.006763673387467861
0.006489531137049198
0.00600447366014123
13.043664932250977
83.69281768798828
103.49698638916016
56.070945739746094
30.632537841796875
21.307453155517578
18.02431869506836
5.009133815765381
4.091604709625244
3.891833782196045
-0.021988892927765846
-0.4138808250427246
-0.8594105839729309
-3.02955961227417
-2.409963607788086
-3.67836332321167
-3.390439510345459
-3.8085379600524902
-3.7073817253112793
-4.039798259735107
-3.635498046875
-4.096319675445557
-4.779843330383301
-4.2964653968811035
-4.479466915130615
-4.247347831726074
-4.070490837097168
-3.7848381996154785
-3.8948769569396973
-3.0899178981781006
-2.938176393508911
-2.230776786804199
-2.39259672164917
-1.8611421585083008
-2.1937167644500732
-1.2599270343780518
-1.6737453937530518
-0.6946862936019897
-0.9495889544487
-0.6285131573677063
0.22808687388896942
0.6264135837554932
0.6897610425949097
0.9873607754707336
1.7238101959228516
1.9080917835235596
1.5994817018508911
2.2823522090911865
2.42539119720459
2.719498872756958
4.244131565093994
5.056077480316162
4.16019344329834
5.3833909034729
5.4901628494262695
4.654597282409668
5.923436641693115
6.307765483856201
6.265866279602051
6.786338806152344
7.1123199462890625
7.810536861419678
7.717933654785156
8.533004760742188
8.24958610534668
9.233865737915039
9.048624038696289
10.11698055267334
10.591197967529297
10.582863807678223
10.837385177612305
11.776975631713867
12.503571510314941
13.167703628540039
13.12867259979248
13.295735359191895
13.7581205368042
14.146568298339844
14.022850036621094
14.710672378540039
14.998974800109863
15.722684860229492
16.17955780029297
16.33266830444336
16.263797760009766
16.150146484375
16.87767219543457
17.80193519592285
18.36557388305664
18.816720962524414
19.208667755126953
19.130001068115234
20.099658966064453
20.673229217529297
20.454103469848633
21.62649154663086
21.531095504760742
21.8765926361084
22.924379348754883
23.017234802246094
22.512447357177734
16.28025245666504
-37.61958694458008
-33.47478485107422
-0.006172779947519302
-0.009135515429079533
-0.008823446929454803
-0.01045951433479786
-0.009703213348984718
-0.008401138707995415
-0.008797576650977135
-0.008556089363992214
-0.007935312576591969
-0.00793314166367054
-0.007169007323682308
-0.0069261579774320126
-0.0069767991080880165
-0.0062116533517837524
-0.006243541836738586
-0.0057944655418396
-0.005037819966673851
-0.004847067873924971
-0.00446292944252491
-0.004690174013376236
-0.0036365934647619724
-0.003422724548727274
-0.0033005259465426207
-0.002492267172783613
-0.0024050718639045954
-0.0016595672350376844
-0.001153981895186007
-0.001177455997094512
-0.0005749297561123967
-0.00030489484197460115
1.2350571523711551e-05
0.0006552222766913474
0.0007170952740125358
0.0012922504683956504
0.0017730066319927573
0.0019839510787278414
0.0024308895226567984
0.002955169416964054
0.002962255384773016
0.0037553098518401384
0.0039286226965487
0.004086309112608433
0.004686375148594379
0.004886268172413111
0.0052835093811154366
0.005375695414841175
0.005715587642043829
0.0061339340172708035
0.006600695662200451
0.006569284945726395
0.006859798915684223
0.007069069892168045
0.007276193704456091
0.007481464184820652
0.007518506143242121
0.008394645527005196
0.00805542804300785
0.007820541970431805
0.008671095594763756
0.008385071530938148
0.008498641662299633
0.008588822558522224
0.008711269125342369
0.009348833933472633
0.008983919396996498
0.008925356902182102
0.009243366308510303
0.009451552294194698
0.0088721364736557
0.009216122329235077
0.009121198207139969
0.009300999343395233
0.009374137036502361
0.00894426740705967
0.009033964946866035
0.00927112065255642
0.009218519553542137
0.008858012966811657
0.008925930596888065
0.008922839537262917
0.008378586731851101
0.00895954854786396
0.008122805505990982
0.008338668383657932
0.008603156544268131
0.007572430185973644
0.008036074228584766
0.007972391322255135
0.007835512980818748
0.007343650795519352
0.007499230094254017
0.006996635347604752
0.0067225173115730286
0.0068161687813699245
0.006160432938486338
0.006158369593322277
20.59027862548828
93.44371795654297
110.2912368774414
60.749671936035156
33.296104431152344
19.591379165649414
18.32481575012207
6.194087505340576
6.148995399475098
5.48126745223999
1.3106533288955688
1.14336097240448
0.14118853211402893
-2.6947271823883057
-2.3219797611236572
-3.3721585273742676
-3.7057864665985107
-3.6381049156188965
-4.328422546386719
-3.9982638359069824
-4.144537925720215
-4.045890808105469
-4.117748260498047
-4.365650653839111
-4.242115497589111
-3.788135528564453
-4.254823207855225
-3.573270797729492
-3.523341655731201
-2.8386428356170654
-2.7694313526153564
-3.208827495574951
-2.613844156265259
-2.2523653507232666
-2.1600658893585205
-1.1811219453811646
-1.7655627727508545
-1.0875613689422607
-0.054070889949798584
-0.2967545986175537
-0.5979596376419067
0.21660096943378448
0.807940661907196
0.8133193254470825
1.6685912609100342
1.7700783014297485
1.9093668460845947
2.400907278060913
3.354879856109619
2.800708293914795
4.268481731414795
4.758184909820557
3.889293670654297
4.939094066619873
4.603732109069824
5.365774154663086
5.546723365783691
5.560738563537598
5.6601457595825195
6.995429992675781
7.881951808929443
7.928936958312988
7.8708343505859375
8.44067668914795
8.685978889465332
9.552984237670898
10.118932723999023
9.878828048706055
11.321943283081055
11.031089782714844
11.627337455749512
11.074930191040039
12.345197677612305
13.563217163085938
13.33056640625
14.41325855255127
12.80128288269043
14.047538757324219
14.563336372375488
14.942105293273926
15.342828750610352
15.033758163452148
14.98875904083252
15.600741386413574
17.02557373046875
17.30906105041504
17.542184829711914
18.278087615966797
18.165477752685547
18.133785247802734
19.439212799072266
19.220930099487305
19.510995864868164
20.541404724121094
20.80215072631836
20.10127067565918
21.340023040771484
22.058177947998047
22.213205337524414
23.296077728271484
22.109575271606445
15.704568862915039
-28.00760269165039
-35.60641860961914
-0.007098534610122442
-0.009710105136036873
-0.00810318160802126
-0.010713877156376839
-0.009577160701155663
-0.008392686024308205
-0.008635971695184708
-0.008465813472867012
-0.008004916831851006
-0.007770092226564884
-0.007532058749347925
-0.006852539721876383
-0.006902103777974844
-0.006506958045065403
-0.0060400450602173805
-0.005856506060808897
-0.005134960636496544
-0.005185224115848541
-0.0045190853998064995
-0.0038300142623484135
-0.004122399725019932
-0.003133494406938553
-0.0031617810018360615
-0.0024209206458181143
-0.0023433242458850145
-0.0016621217364445329
-0.0017011177260428667
-0.0008573716622777283
-0.0006130633992142975
-0.0003028365899808705
-0.00014046544674783945
0.0008887482690624893
0.0009581024060025811
0.0011651224922388792
0.00198049983009696
0.0019490920240059495
0.0024268911220133305
0.0030646291561424732
0.002801442053169012
0.003647514386102557
0.003602592973038554
0.004316747188568115
0.0043561989441514015
0.0048119681887328625
0.00505813118070364
0.005616744048893452
0.005846892483532429
0.005874561611562967
0.006202717777341604
0.006571220699697733
0.007046868093311787
0.007054582238197327
0.007249091751873493
0.007214109413325787
0.007656368426978588
0.007554406765848398
0.008188366889953613
0.007913480512797832
0.008302053436636925
0.008258769288659096
0.008658024482429028
0.008545132353901863
0.009336958639323711
0.008670633658766747
0.009142492897808552
0.00894034095108509
0.009328968822956085
0.009386969730257988
0.009007751941680908
0.009727858006954193
0.008937522768974304
0.009342675097286701
0.00921646784991026
0.009202852845191956
0.008940435014665127
0.00947517529129982
0.00893847644329071
0.009078106842935085
0.009303353726863861
0.008365349844098091
0.008785548619925976
0.008470107801258564
0.008771775290369987
0.008417381905019283
0.008497168309986591
0.007741234265267849
0.008110547438263893
0.008150199428200722
0.007331132888793945
0.007282874546945095
0.007716769818216562
0.007034233305603266
0.006690440233796835
0.006704339291900396
0.006587817333638668
0.005997386295348406
21.4953556060791
94.24048614501953
111.2850570678711
61.43607711791992
35.350502014160156
20.972192764282227
18.912174224853516
7.18740177154541
7.324195861816406
6.03642463684082
1.8019603490829468
0.9779645204544067
-0.450655072927475
-2.138582229614258
-1.9283205270767212
-2.7123217582702637
-3.6436233520507812
-3.69209361076355
-3.832146406173706
-3.939095973968506
-3.7467284202575684
-4.418447017669678
-4.2748003005981445
-4.308769226074219
-4.230650901794434
-3.9790401458740234
-3.6774001121520996
-3.859666109085083
-3.4155433177948
-3.31923246383667
-2.6624929904937744
-2.703267812728882
-2.005399465560913
-2.331587553024292
-2.008648157119751
-0.8314568400382996
-1.1701267957687378
-0.5870553851127625
-0.2868901193141937
-0.7587132453918457
0.19915834069252014
0.0005950689082965255
0.2892436981201172
0.9162223935127258
1.2728955745697021
1.1817820072174072
2.7286291122436523
2.785689115524292
2.787325620651245
3.065218687057495
4.472253322601318
4.33270263671875
3.880408763885498
4.705403804779053
5.199150562286377
5.547306537628174
5.5529255867004395
6.232490539550781
6.31019926071167
7.252410888671875
7.099862575531006
7.292764186859131
7.8713860511779785
8.798158645629883
8.25811767578125
9.302043914794922
9.456823348999023
9.86573600769043
10.291958808898926
10.624483108520508
11.99767017364502
11.829174041748047
12.20151424407959
12.029295921325684
12.368437767028809
13.542818069458008
13.04527759552002
14.20942497253418
14.817233085632324
14.950778007507324
14.517972946166992
15.677037239074707
16.08234977722168
17.35274314880371
17.793237686157227
16.6451473236084
17.612979888916016
17.734966278076172
19.471378326416016
19.539112091064453
19.695167541503906
20.038732528686523
19.60036849975586
21.257349014282227
21.08426284790039
21.061037063598633
22.057933807373047
22.263410568237305
23.767196655273438
24.304157257080078
22.793407440185547
16.209033966064453
-32.1698112487793
-30.058094024658203
-0.007252202834933996
-0.009139439091086388
-0.008147697895765305
-0.010489708743989468
-0.009750987403094769
-0.00813179463148117
-0.008856788277626038
-0.008545896969735622
-0.0076568759977817535
-0.007886203937232494
-0.00730095524340868
-0.006888542324304581
-0.006904584355652332
-0.006436776369810104
-0.005968017969280481
-0.005609109066426754
-0.00520444568246603
-0.004684833809733391
-0.0045013707131147385
-0.004364549182355404
-0.0038027099799364805
-0.003636212320998311
-0.0028845355845987797
-0.0023461701348423958
-0.0023322091437876225
-0.0018399935215711594
-0.0014834173489362001
-0.0010226494632661343
-0.0006481962627731264
2.918718337241444e-06
-6.119324825704098e-05
0.0010077120969071984
0.0009794478537514806
0.0009105716017074883
0.0017621489241719246
0.0022014868445694447
0.0024150479584932327
0.002958615543320775
0.003324703546240926
0.0032676844857633114
0.003940694499760866
0.00465464498847723
0.00416810205206275
0.005192429758608341
0.005147556774318218
0.00556425703689456
0.005614655092358589
0.006166514940559864
0.006614676211029291
0.0062207854352891445
0.006879615597426891
0.007351860404014587
0.007020364049822092
0.008447768166661263
0.007313625421375036
0.007801753934472799
0.008143482729792595
0.008022655732929707
0.008716583251953125
0.008300930261611938
0.008928634226322174
0.008967545814812183
0.008623108267784119
0.009287834167480469
0.009055784903466702
0.00913627166301012
0.00895120669156313
0.00902844313532114
0.009254200384020805
0.0095848198980093
0.009382585063576698
0.009042846038937569
0.009120705537497997
0.009296574629843235
0.00903034582734108
0.009642941877245903
0.009029282256960869
0.008567987009882927
0.009236359037458897
0.008705997839570045
0.008631788194179535
0.008875327184796333
0.008288374170660973
0.008607003837823868
0.008635378442704678
0.007767781615257263
0.007645594421774149
0.008051522076129913
0.0077506378293037415
0.00716323871165514
0.007458274718374014
0.007385397795587778
0.006570582278072834
0.006862943060696125
0.006265281233936548
0.006250494159758091
12.867968559265137
82.85526275634766
103.53605651855469
55.597991943359375
30.145944595336914
21.328718185424805
18.242538452148438
5.537776947021484
4.389690399169922
3.8291823863983154
-0.23429159820079803
-0.29554682970046997
-0.8131621479988098
-2.8678231239318848
-2.799994707107544
-2.9074316024780273
-3.8404831886291504
-3.789405345916748
-3.9052634239196777
-4.265233039855957
-4.312005519866943
-3.8219337463378906
-4.111712455749512
-3.7630410194396973
-3.701573133468628
-3.79888916015625
-3.6213653087615967
-3.4980740547180176
-3.0417022705078125
-3.110825300216675
-3.148730516433716
-3.2595508098602295
-2.7309441566467285
-2.241274118423462
-1.4809248447418213
-1.1745774745941162
-1.8311821222305298
-0.6849464178085327
-0.8569984436035156
-0.4749370217323303
0.46043047308921814
0.8413290977478027
1.622707724571228
1.251634120941162
1.6897716522216797
1.9009870290756226
1.9931221008300781
2.650479793548584
3.1795592308044434
2.8921589851379395
3.546499252319336
3.758063554763794
3.7715682983398438
4.854910850524902
5.228499889373779
4.888522148132324
5.421610355377197
6.752202033996582
6.711279392242432
6.11907958984375
7.344065189361572
7.698420524597168
8.05366325378418
8.322601318359375
8.604519844055176
8.50424861907959
9.341878890991211
9.855783462524414
10.591794967651367
10.885988235473633
10.750873565673828
11.770686149597168
11.831228256225586
12.522014617919922
13.971456527709961
13.560236930847168
13.751492500305176
14.37408447265625
13.914773941040039
14.269952774047852
14.985677719116211
15.772229194641113
16.746749877929688
16.973703384399414
17.39273452758789
16.957796096801758
17.8972110748291
17.19097900390625
17.959318161010742
18.586986541748047
18.94283103942871
19.168113708496094
19.65999984741211
21.45611572265625
21.07917594909668
21.699016571044922
23.143678665161133
23.165515899658203
22.85363006591797
23.523958206176758
22.198280334472656
15.205294609069824
-32.609718322753906
-28.481836318969727
-0.006836549378931522
-0.009240265004336834
-0.008132195100188255
-0.010543528012931347
-0.009558292105793953
-0.008114551194012165
-0.008915971964597702
-0.008516459725797176
-0.007697293069213629
-0.007694688625633717
-0.007651826832443476
-0.006834519095718861
-0.007000920362770557
-0.0060311551205813885
-0.005980922840535641
-0.00579981179907918
-0.005262607242912054
-0.004964759573340416
-0.0047876425087451935
-0.0039823176339268684
-0.0037538253236562014
-0.003545740619301796
-0.0032576515804976225
-0.0025081895291805267
-0.0019773198291659355
-0.0019217334920540452
-0.0010322150774300098
-0.0014027543365955353
-0.0005534389056265354
-0.000299525388982147
8.263972267741337e-05
0.0005312534049153328
0.001271445187740028
0.0009240349754691124
0.0020367850083857775
0.002185214776545763
0.0024360320530831814
0.0028909859247505665
0.0031382995657622814
0.004240097478032112
0.003367387456819415
0.004088481888175011
0.00463405204936862
0.0049974629655480385
0.005203160457313061
0.005764002446085215
0.005288771353662014
0.0060643418692052364
0.006881498731672764
0.005967332981526852
0.0069757504388689995
0.007026694715023041
0.007425782736390829
0.007809337228536606
0.007313399109989405
0.00826341100037098
0.008248458616435528
0.008130395784974098
0.008389761671423912
0.008513142354786396
0.008629481308162212
0.008863033726811409
0.009092266671359539
0.00898741651326418
0.009042730554938316
0.00909609254449606
0.009141301736235619
0.009276908822357655
0.009221294894814491
0.009271161630749702
0.009537573903799057
0.008915157988667488
0.009349541738629341
0.009536830708384514
0.009124920703470707
0.009118052199482918
0.00895167887210846
0.008883804082870483
0.00921990443021059
0.008951651863753796
0.008532905951142311
0.008930271491408348
0.008476022630929947
0.00852246768772602
0.008191391825675964
0.008010548539459705
0.008014005608856678
0.008016694337129593
0.0076095936819911
0.007526671979576349
0.00707398634403944
0.0076001896522939205
0.0064542354084551334
0.006689270492643118
0.0060341740027070045
0.0065338825806975365
12.844671249389648
82.61787414550781
103.08905029296875
55.35424041748047
30.083486557006836
21.177396774291992
18.04572868347168
5.702856540679932
4.27933406829834
3.888823986053467
0.3450767993927002
-0.15576326847076416
-0.4575173854827881
-3.110281467437744
-2.70513916015625
-3.5718090534210205
-4.014100074768066
-3.2597241401672363
-3.8887627124786377
-4.333302974700928
-3.8068008422851562
-3.8657004833221436
-4.251601696014404
-3.7579331398010254
-3.9473299980163574
-3.602290391921997
-3.194784164428711
-3.1987967491149902
-3.8728089332580566
-3.129417657852173
-3.3413124084472656
-2.4757368564605713
-2.384697437286377
-2.2174179553985596
-1.4388971328735352
-1.50994074344635
-1.79159677028656
-0.6308591961860657
-0.7399032711982727
0.009098353795707226
-0.03922640532255173
-0.21175312995910645
-0.12931528687477112
1.6936466693878174
1.8873412609100342
1.5332505702972412
2.437527656555176
3.362727403640747
2.3102738857269287
2.4875380992889404
4.2359299659729
4.00545597076416
4.441845893859863
5.217332363128662
4.7746782302856445
5.339111328125
6.264466285705566
5.0428147315979
7.078365325927734
6.7723870277404785
6.815561771392822
8.00922679901123
9.03053092956543
9.003591537475586
9.417065620422363
9.453603744506836
8.923471450805664
9.10318660736084
9.816679954528809
10.07913589477539
11.275846481323242
11.049802780151367
11.701766014099121
12.482644081115723
13.047096252441406
13.152795791625977
14.067689895629883
14.520419120788574
13.942384719848633
14.64007568359375
15.844660758972168
16.077259063720703
16.1481876373291
17.20243263244629
16.793922424316406
16.28488540649414
17.240083694458008
18.45195960998535
18.61905288696289
19.24100112915039
19.72482681274414
19.331241607666016
19.519906997680664
20.53510284423828
20.52500343322754
21.12251091003418
21.893451690673828
22.650287628173828
22.600317001342773
23.462099075317383
22.575105667114258
15.8355712890625
-27.8525390625
-38.54931640625
-0.007054307963699102
-0.009646737948060036
-0.008521689102053642
-0.010249054059386253
-0.009826881811022758
-0.008439408615231514
-0.008447878062725067
-0.008490466512739658
-0.008151501417160034
-0.007845224812626839
-0.007688176818192005
-0.006870024837553501
-0.006661107297986746
-0.006531389895826578
-0.005839576479047537
-0.005764472298324108
-0.005175289697945118
-0.005083204247057438
-0.004685615189373493
-0.0043430025689303875
-0.0036341578233987093
-0.0037419807631522417
-0.002746040467172861
-0.0027140986640006304
-0.0020193527452647686
-0.0018361590337008238
-0.0012175197480246425
-0.0012249330757185817
-0.0006080822786316276
-0.00018180577899329364
0.0001039469862007536
0.0007210662588477135
0.0008234523120336235
0.0011590169742703438
0.0020620778668671846
0.001678762724623084
0.0024896604008972645
0.0030913439113646746
0.003336601424962282
0.0029685022309422493
0.003965312149375677
0.004298677202314138
0.004477720707654953
0.004561713896691799
0.004962279461324215
0.005640571471303701
0.005492870695888996
0.006368485279381275
0.0062681930139660835
0.006263796240091324
0.0070492723025381565
0.007300380617380142
0.007206636480987072
0.007776734419167042
0.007476197089999914
0.008060880936682224
0.0077307685278356075
0.008578570559620857
0.00821865163743496
0.00830878596752882
0.008578499779105186
0.008852538652718067
0.008958330377936363
0.009190471842885017
0.00897134281694889
0.00928551610559225
0.009063868783414364
0.00931035540997982
0.009038714691996574
0.00952201895415783
0.00935720931738615
0.009584246203303337
0.009045258164405823
0.009180665947496891
0.00938600767403841
0.009014148265123367
0.009262322448194027
0.009106981568038464
0.008760040625929832
0.009005939587950706
0.008695447817444801
0.008679389953613281
0.008510025218129158
0.008224486373364925
0.008361684158444405
0.008371217176318169
0.007441418711096048
0.00802763644605875
0.00770578533411026
0.007456068880856037
0.00736752524971962
0.006965483073145151
0.0071465023793280125
0.006523153744637966
0.006395197007805109
0.006348779890686274
21.047941207885742
92.7873306274414
110.66703796386719
61.59917449951172
35.15242385864258
22.906278610229492
19.9849853515625
8.562307357788086
8.75300407409668
6.085541725158691
2.184532642364502
1.562518835067749
0.0715930312871933
-1.2858232259750366
-2.351409912109375
-2.4008069038391113
-3.3662943840026855
-3.610619068145752
-3.900688648223877
-3.901498317718506
-4.3968658447265625
-3.6659131050109863
-3.9303596019744873
-4.113321781158447
-3.6512839794158936
-3.8109893798828125
-3.758868455886841
-3.207144260406494
-3.5979645252227783
-2.9465394020080566
-2.985835313796997
-2.1758668422698975
-2.1836397647857666
-2.5297293663024902
-1.3560062646865845
-1.336723804473877
-1.1053590774536133
-0.6580723524093628
-0.8256416320800781
-0.2334967851638794
0.4748922288417816
0.288502961397171
0.2567766606807709
1.4004151821136475
1.9161360263824463
1.1763700246810913
2.0734705924987793
2.2542598247528076
2.654031276702881
3.240884304046631
3.61753511428833
2.625661849975586
4.300046920776367
5.2375030517578125
4.432201862335205
5.308660984039307
5.742873191833496
6.224176406860352
7.154753684997559
7.1338677406311035
7.1522650718688965
7.709726810455322
8.440282821655273
8.220144271850586
8.88873291015625
9.168596267700195
9.620512008666992
10.104736328125
10.639101028442383
9.76685905456543
10.167912483215332
11.187973976135254
11.938613891601562
12.225740432739258
13.420633316040039
13.430216789245605
13.022122383117676
14.178863525390625
14.080877304077148
14.083635330200195
15.023229598999023
15.374835014343262
16.335186004638672
16.68893051147461
16.936094284057617
17.291908264160156
17.150062561035156
17.20578956604004
18.93083381652832
18.906808853149414
18.861316680908203
20.04323959350586
20.557334899902344
21.13248062133789
21.22171974182129
21.924854278564453
22.801685333251953
22.239673614501953
22.126394271850586
23.394670486450195
22.392078399658203
15.845184326171875
-33.191017150878906
-29.524433135986328
-0.0071525112725794315
-0.009455266408622265
-0.008165049366652966
-0.010436003096401691
-0.009746167808771133
-0.00814916007220745
-0.00869007594883442
-0.00845739059150219
-0.007800576277077198
-0.007595264818519354
-0.00745967635884881
-0.006912530865520239
-0.006778561510145664
-0.0065054623410105705
-0.005968003533780575
-0.005666378885507584
-0.005160088185220957
-0.005054986570030451
-0.004443435464054346
-0.0042219324968755245
-0.0037928775418549776
-0.0032221071887761354
-0.003081080038100481
-0.002753776265308261
-0.002432526322081685
-0.0015427910257130861
-0.0011697167064994574
-0.000952278554905206
-0.0007438321481458843
-0.00022584183898288757
-2.8406595447449945e-05
0.0005679632304236293
0.000890144903678447
0.001425846479833126
0.0017311850097030401
0.002143716672435403
0.002245004056021571
0.0030713737942278385
0.0033585638739168644
0.0034749223850667477
0.003777541220188141
0.004080566577613354
0.004423926584422588
0.0051484061405062675
0.004836542531847954
0.005590028129518032
0.005712086334824562
0.0063880374655127525
0.006243760697543621
0.0065895430743694305
0.0069895414635539055
0.006761610507965088
0.007704403251409531
0.007400968112051487
0.007329876068979502
0.008268010802567005
0.008030945435166359
0.008124997839331627
0.008294926024973392
0.008729667402803898
0.008418861776590347
0.00902426615357399
0.00853647105395794
0.009210905060172081
0.008953157812356949
0.008989728055894375
0.009481084533035755
0.008814288303256035
0.009526881389319897
0.009160884656012058
0.009425101801753044
0.009233876131474972
0.00907036941498518
0.009371815249323845
0.009035621769726276
0.009291308932006359
0.008885590359568596
0.008660784922540188
0.009522232227027416
0.008494912646710873
0.009015366435050964
0.008662933483719826
0.008424302563071251
0.00862664170563221
0.007983332499861717
0.008131787180900574
0.00822959840297699
0.007654275745153427
0.007641379721462727
0.00755523145198822
0.00722931232303381
0.006918392144143581
0.007279084529727697
0.006616332568228245
0.006355075631290674
0.006129710469394922
21.142362594604492
94.04645538330078
111.28608703613281
61.63648223876953
37.75127410888672
23.976943969726562
20.093830108642578
8.486090660095215
8.169088363647461
5.442399978637695
1.382022738456726
1.3765310049057007
-0.26079779863357544
-2.409346103668213
-1.9754518270492554
-2.8725714683532715
-3.3854739665985107
-2.9705891609191895
-3.7653446197509766
-4.433804988861084
-4.486459732055664
-3.7434959411621094
-3.7104251384735107
-3.8525898456573486
-3.4637176990509033
-3.9976494312286377
-3.4550833702087402
-3.8798160552978516
-3.477053165435791
-3.2239933013916016
-2.7477095127105713
-2.559908866882324
-2.3378446102142334
-2.290419101715088
-1.0880610942840576
-1.8373466730117798
-1.7709099054336548
-1.2996183633804321
-0.501152515411377
0.10340465605258942
0.5347683429718018
0.08879093825817108
0.7796404957771301
0.585119903087616
0.7276042103767395
2.366593837738037
3.1089770793914795
2.037548065185547
2.6467440128326416
3.015873432159424
3.000927209854126
3.573364734649658
5.00217342376709
4.519679069519043
4.227319240570068
5.542309761047363
6.0203118324279785
5.724704265594482
6.397884845733643
6.423710823059082
7.338304042816162
7.3713860511779785
7.432774543762207
8.111747741699219
7.988032341003418
8.39000129699707
9.310532569885254
9.842584609985352
10.026960372924805
10.947957038879395
11.495889663696289
11.238027572631836
11.390192985534668
11.984610557556152
12.735159873962402
13.38581371307373
13.3649263381958
13.320899963378906
14.541570663452148
14.952512741088867
15.050758361816406
15.0491361618042
15.029748916625977
14.801460266113281
15.802569389343262
16.889389038085938
17.556127548217773
18.254228591918945
18.344261169433594
18.36398696899414
19.285602569580078
19.559345245361328
19.17694664001465
18.717859268188477
20.203369140625
20.950021743774414
21.57809066772461
21.3460636138916
22.035728454589844
22.526775360107422
21.440168380737305
16.284666061401367
-28.1061954498291
-36.62298583984375
-0.006901289336383343
-0.009596657939255238
-0.008436569944024086
-0.010353708639740944
-0.009456771425902843
-0.008482810109853745
-0.00832892581820488
-0.008557280525565147
-0.00797445047646761
-0.0074923159554600716
-0.00754648819565773
-0.00701711792498827
-0.006814523600041866
-0.006120083853602409
-0.005901081021875143
-0.005414728540927172
-0.005216385703533888
-0.005171547643840313
-0.004747310187667608
-0.003745419904589653
-0.003609009785577655
-0.003483743639662862
-0.0031725000590085983
-0.002351352944970131
-0.0017716644797474146
-0.0017776635941118002
-0.0015828057657927275
-0.0007536589400842786
-0.0010648436145856977
-8.977115794550627e-05
0.00020129831682424992
0.00036010489566251636
0.0012498419964686036
0.0007947237463667989
0.0023011837620288134
0.001738394028507173
0.001985379960387945
0.003094429848715663
0.0033281065989285707
0.003691079095005989
0.0037905822973698378
0.004244156647473574
0.004413709044456482
0.004921001847833395
0.005150455050170422
0.005692339036613703
0.005920642055571079
0.006310095079243183
0.005797668360173702
0.00652792165055871
0.007084876298904419
0.006821831222623587
0.007239118218421936
0.007558914367109537
0.007922732271254063
0.007963609881699085
0.008155090734362602
0.008063629269599915
0.00842431653290987
0.008617257699370384
0.008958817459642887
0.008671831339597702
0.008771935477852821
0.009062282741069794
0.009074198082089424
0.009335516951978207
0.009039022959768772
0.009701007977128029
0.009172564372420311
0.009314833208918571
0.009058353491127491
0.00947337131947279
0.009446272626519203
0.009045330807566643
0.009606280364096165
0.00887448899447918
0.009085151366889477
0.008855076506733894
0.009135013446211815
0.008701926097273827
0.008733237162232399
0.008745131082832813
0.008122878149151802
0.008550584316253662
0.00820943247526884
0.008330373093485832
0.008024631068110466
0.007757814135402441
0.007427309639751911
0.007332558277994394
0.007558328565210104
0.006898931227624416
0.006945811212062836
0.006461030803620815
0.006376322358846664
0.006266160402446985
39.64232635498047
111.54276275634766
123.97123718261719
69.66204071044922
40.18574142456055
26.472949981689453
23.441024780273438
9.3362455368042
6.318902015686035
6.531740665435791
1.8218967914581299
1.033779501914978
0.16531120240688324
-2.0231845378875732
-2.294102191925049
-2.3481924533843994
-3.6748459339141846
-3.130241870880127
-3.3728690147399902
-4.316910743713379
-4.245253562927246
-3.8411617279052734
-4.472407341003418
-3.9265732765197754
-3.7552199363708496
-3.3498458862304688
-3.579019069671631
-3.739044189453125
-3.6606502532958984
-2.915313720703125
-2.815760374069214
-2.945972442626953
-2.2814269065856934
-2.5336055755615234
-1.7178150415420532
-0.7234853506088257
-0.9931663274765015
-1.0803558826446533
-0.746441125869751
-0.5689329504966736
0.3135228753089905
0.22292137145996094
1.3648264408111572
1.4270188808441162
1.2928640842437744
1.5503668785095215
1.1726678609848022
2.1339588165283203
3.7106010913848877
4.018160820007324
3.232116222381592
4.601159572601318
4.132289409637451
4.746781826019287
4.396791458129883
5.870703220367432
5.736104965209961
6.30930233001709
7.082552433013916
7.074285984039307
7.368075370788574
7.869777679443359
7.530797481536865
7.923232078552246
7.599037170410156
8.760272026062012
9.22095012664795
9.395185470581055
10.584077835083008
10.315221786499023
10.575281143188477
10.916971206665039
11.589245796203613
11.926074981689453
12.857481002807617
13.051920890808105
13.41430950164795
14.061955451965332
14.57677173614502
14.749638557434082
14.381192207336426
14.043658256530762
15.437273979187012
15.669622421264648
15.8795166015625
16.797225952148438
16.680051803588867
17.998226165771484
17.43217658996582
18.507484436035156
18.134300231933594
19.032785415649414
19.427785873413086
19.667118072509766
20.64249038696289
21.173696517944336
22.01608657836914
22.249778747558594
23.15213966369629
22.887401580810547
21.800180435180664
16.019535064697266
-34.180091857910156
-30.132709503173828
-0.007102601230144501
-0.009358225390315056
-0.0080107431858778
-0.010600131005048752
-0.009336492046713829
-0.008364563807845116
-0.008742029778659344
-0.008011789992451668
-0.007874634116888046
-0.007935089990496635
-0.007433631923049688
-0.006672754883766174
-0.007050539366900921
-0.006335503421723843
-0.005917511414736509
-0.0055499086156487465
-0.0053279283456504345
-0.004900316707789898
-0.004286936484277248
-0.004047821741551161
-0.003967201802879572
-0.003410708624869585
-0.003032523673027754
-0.002532568760216236
-0.0021633743308484554
-0.001822686055675149
-0.001727746450342238
-0.0008035387727431953
-0.0006114329444244504
-0.00024513801326975226
-0.00024593863054178655
0.0010265196906402707
0.0008671744726598263
0.0012031941441819072
0.0019353237003087997
0.0019100882345810533
0.002652482595294714
0.003020796226337552
0.0032497539650648832
0.003497833851724863
0.0037541065830737352
0.004146080929785967
0.004432779736816883
0.005155343562364578
0.005026860162615776
0.005338513292372227
0.005824225023388863
0.006214861758053303
0.006855834275484085
0.0063601597212255
0.006878894753754139
0.007003706879913807
0.007028231862932444
0.007824594154953957
0.007787037640810013
0.007711205631494522
0.008158921264111996
0.008068474009633064
0.008055029436945915
0.008724546059966087
0.008813927881419659
0.009074604138731956
0.008638075552880764
0.009101328440010548
0.009177605621516705
0.00905516091734171
0.008845356293022633
0.00961710512638092
0.00914326123893261
0.009201232343912125
0.009402903728187084
0.008966648019850254
0.009275371208786964
0.008752787485718727
0.009353283792734146
0.00936377327889204
0.009227478876709938
0.009305582381784916
0.008563078939914703
0.00938903633505106
0.008914696052670479
0.00859740935266018
0.008826864883303642
0.008283538743853569
0.00829725805670023
0.008487251587212086
0.007683734409511089
0.007813328877091408
0.00820801593363285
0.00738988583907485
0.007376956753432751
0.007533243857324123
0.006280499044805765
0.007083418313413858
0.006198409479111433
0.005973627790808678
21.05484390258789
93.93519592285156
110.27250671386719
60.3095703125
33.561065673828125
19.343515396118164
18.774995803833008
6.990142822265625
6.6070990562438965
5.845345497131348
1.6583436727523804
1.106676459312439
0.31321629881858826
-2.146979331970215
-2.373596429824829
-3.0835623741149902
-3.8864288330078125
-3.840515613555908
-4.23608922958374
-4.151458740234375
-3.7618446350097656
-4.074886322021484
-3.821802854537964
-3.836491107940674
-3.8577828407287598
-4.072025299072266
-3.44238018989563
-3.4307498931884766
-3.476047992706299
-3.4256203174591064
-3.2305641174316406
-2.507584571838379
-2.1433141231536865
-2.2901954650878906
-1.9602714776992798
-1.9193115234375
-1.5076186656951904
-0.4191303849220276
-0.31344014406204224
-0.7778666615486145
0.10946422815322876
0.6321290135383606
0.2881544530391693
1.1389409303665161
1.1193915605545044
1.4658095836639404
2.273325204849243
2.5192761421203613
2.987046241760254
2.8996689319610596
4.519164085388184
4.707026481628418
3.6480460166931152
4.916045188903809
5.355350494384766
5.1803436279296875
5.464476585388184
6.1837544441223145
6.208291530609131
6.643057346343994
6.180956840515137
7.4550676345825195
8.354348182678223
8.506183624267578
8.888421058654785
9.237011909484863
9.582418441772461
10.337638854980469
9.521700859069824
10.140639305114746
11.416748046875
11.126962661743164
11.932416915893555
12.131455421447754
13.45982551574707
13.9314546585083
14.574376106262207
13.936843872070312
14.569961547851562
14.144155502319336
14.518463134765625
15.4705810546875
16.191503524780273
16.657697677612305
16.730514526367188
17.17110252380371
17.184640884399414
18.357221603393555
18.735275268554688
19.21854591369629
19.1944522857666
19.600109100341797
21.011608123779297
20.965930938720703
21.215421676635742
21.561609268188477
21.64313316345215
21.91559600830078
22.794200897216797
23.655202865600586
23.127609252929688
16.246517181396484
-32.546783447265625
-28.69240951538086
-0.007148058153688908
-0.009320709854364395
-0.008400289341807365
-0.010618840344250202
-0.009364512749016285
-0.008185485377907753
-0.009019342251121998
-0.008611747995018959
-0.007618078030645847
-0.007745828479528427
-0.007556658238172531
-0.0068851313553750515
-0.007139462046325207
-0.006338870618492365
-0.005810911767184734
-0.00585570652037859
-0.00539273489266634
-0.004674531519412994
-0.004641787149012089
-0.004109854344278574
-0.0038284328766167164
-0.003556337673217058
-0.002664148574694991
-0.00292979902587831
-0.0019060270860791206
-0.001908751204609871
-0.0009938247967511415
-0.001134108635596931
-0.0008091603522188962
-0.00014163677406031638
0.00019429382518865168
0.0005281363846734166
0.0011120900744572282
0.0015157272573560476
0.0017203048337250948
0.0021885938476771116
0.0025153153110295534
0.002403607591986656
0.0033374715130776167
0.0034702562261372805
0.004195823334157467
0.003800857812166214
0.004641695413738489
0.004769518040120602
0.005181124899536371
0.005372678395360708
0.006056747864931822
0.005648317746818066
0.006528760306537151
0.00625793868675828
0.007268843241035938
0.007025872822850943
0.007046755403280258
0.007599248085170984
0.007342983968555927
0.008095546625554562
0.008181429468095303
0.008161092177033424
0.008112730458378792
0.00853131152689457
0.00861162506043911
0.00882062129676342
0.00859491154551506
0.009058741852641106
0.009344096295535564
0.008976838551461697
0.009336533956229687
0.008914794772863388
0.009272152557969093
0.009543645195662975
0.008790896274149418
0.00916821788996458
0.0095051359385252
0.008788480423390865
0.00976872444152832
0.008763300254940987
0.008978363126516342
0.009578712284564972
0.008566910400986671
0.008816594257950783
0.008705836720764637
0.00841731671243906
0.008708997629582882
0.008780675940215588
0.00810275413095951
0.008202793076634407
0.007743430323898792
0.008040360175073147
0.007801000960171223
0.00736334640532732
0.0073721581138670444
0.007095024921000004
0.006772131659090519
0.006422834005206823
0.00656074658036232
0.0060050711035728455
39.32410430908203
111.80683898925781
124.63035583496094
71.06974792480469
44.011234283447266
24.328784942626953
21.311660766601562
11.422103881835938
9.836797714233398
7.046994209289551
2.618093490600586
2.000345230102539
0.3919875919818878
-1.5991179943084717
-1.5571315288543701
-2.2935690879821777
-2.996068000793457
-3.0971550941467285
-3.6153125762939453
-3.8943591117858887
-4.138056755065918
-3.8346076011657715
-3.4953887462615967
-4.124108791351318
-3.928666591644287
-3.71913480758667
-2.795836925506592
-3.279932737350464
-3.364060878753662
-2.933034896850586
-2.8370614051818848
-2.8097779750823975
-2.3067548274993896
-2.0437283515930176
-1.6591984033584595
-1.2349599599838257
-1.6164687871932983
-0.4867474436759949
-0.964306652545929
-0.25147077441215515
0.32420438528060913
-0.136906236410141
0.5564712285995483
0.8922775983810425
1.9608173370361328
1.6728522777557373
2.1520254611968994
2.9310405254364014
2.520071506500244
2.907029628753662
4.224198818206787
4.597911357879639
4.041264533996582
4.713020324707031
5.170533657073975
4.910846710205078
5.933228969573975
5.696819305419922
6.090760231018066
6.403982639312744
6.924631595611572
7.145737648010254
7.7604265213012695
8.243576049804688
8.976216316223145
8.691244125366211
9.730062484741211
9.307991027832031
10.076142311096191
10.55296516418457
11.059263229370117
11.929572105407715
12.391633033752441
13.079095840454102
12.81982421875
13.412826538085938
13.326974868774414
14.475092887878418
14.235960006713867
14.816123962402344
15.434321403503418
16.325830459594727
16.635726928710938
16.776636123657227
17.15342140197754
17.94007110595703
17.891132354736328
18.61594009399414
19.379436492919922
19.284805297851562
19.984516143798828
20.733068466186523
21.14047622680664
20.675079345703125
21.781658172607422
23.29174041748047
23.503929138183594
22.583187103271484
22.529048919677734
23.72979164123535
21.860868453979492
16.466880798339844
-36.81352996826172
-21.94990348815918
-0.007926871068775654
-0.009962326847016811
-0.00801103562116623
-0.010431398637592793
-0.00950643327087164
-0.008308859542012215
-0.008969170041382313
-0.008404356427490711
-0.007493196986615658
-0.008199488744139671
-0.007059699855744839
-0.006923653185367584
-0.006926544010639191
-0.006220393348485231
-0.006137622520327568
-0.005653862841427326
-0.00527335936203599
-0.004739726893603802
-0.004196049179881811
-0.004203255753964186
-0.003949739038944244
-0.0034403919707983732
-0.0028417184948921204
-0.0024225455708801746
-0.002300491789355874
-0.0018234066665172577
-0.0012701709056273103
-0.001181406551040709
-0.0004980533849447966
-0.0003083842166233808
0.00020290527027100325
0.00033889967016875744
0.0012322148540988564
0.000986966653726995
0.0018855886301025748
0.002124546095728874
0.0023834886960685253
0.003171052085235715
0.0029836345929652452
0.0038128141313791275
0.004043708089739084
0.0038153748027980328
0.0045589059591293335
0.005304552614688873
0.004587489180266857
0.005909702740609646
0.0057974266819655895
0.0058028604835271835
0.006284588016569614
0.00663334596902132
0.007114779204130173
0.006815243512392044
0.006951374001801014
0.007770708296447992
0.00741736451163888
0.008167277090251446
0.008132130838930607
0.008050380274653435
0.00820357259362936
0.008563228882849216
0.008232075721025467
0.009192251600325108
0.0086634187027812
0.008822007104754448
0.009468506090342999
0.008757250383496284
0.00913081131875515
0.009000562131404877
0.00938986986875534
0.009289033710956573
0.009487174451351166
0.009210611693561077
0.009129000827670097
0.009417778812348843
0.009156090207397938
0.009161015041172504
0.009511219337582588
0.008935835212469101
0.009181543253362179
0.009041430428624153
0.00862736813724041
0.008660675957798958
0.008359228260815144
0.008846146985888481
0.008233307860791683
0.0077767521142959595
0.008180631324648857
0.008058607578277588
0.007188636809587479
0.00754959974437952
0.007341020740568638
0.0070762597024440765
0.006957304663956165
0.00655756751075387
0.0065623074769973755
0.005953877232968807
13.08764362335205
83.2575912475586
102.9236068725586
55.55712127685547
29.701953887939453
20.74081802368164
17.74674415588379
5.420684337615967
4.308056354522705
4.0225605964660645
0.22886255383491516
-0.3808145225048065
-1.074508786201477
-2.6908841133117676
-3.2064757347106934
-2.9641928672790527
-3.727978229522705
-3.682558059692383
-4.312894344329834
-4.16917085647583
-4.137632369995117
-4.040395259857178
-4.008620738983154
-4.1533403396606445
-3.723900556564331
-4.078024864196777
-3.7720870971679688
-3.9406580924987793
-3.067099094390869
-3.3247036933898926
-2.6219570636749268
-2.71628999710083
-2.5399627685546875
-2.6292691230773926
-1.7546718120574951
-1.2897236347198486
-1.7906770706176758
-1.531202793121338
-0.8448481559753418
-1.2087557315826416
-0.5536142587661743
0.2259596884250641
0.9503602981567383
1.2915594577789307
1.937523603439331
1.8749555349349976
2.0441689491271973
3.084876537322998
2.521113634109497
2.299180030822754
3.8596580028533936
4.893211364746094
3.951111316680908
5.042604446411133
5.3092756271362305
4.964291572570801
6.232198238372803
6.629660606384277
6.162810325622559
6.9066009521484375
7.576245307922363
8.62482738494873
9.227422714233398
9.193955421447754
8.775995254516602
9.011825561523438
9.39826488494873
9.289129257202148
10.138659477233887
11.214414596557617
12.170561790466309
12.229381561279297
12.51353645324707
12.723673820495605
12.143471717834473
13.66650390625
13.989522933959961
14.270312309265137
14.740857124328613
14.534319877624512
15.85185432434082
15.755206108093262
16.1552677154541
16.366313934326172
16.608612060546875
17.401599884033203
16.81467628479004
17.735637664794922
18.276622772216797
18.851743698120117
19.147993087768555
19.286903381347656
19.525768280029297
20.254854202270508
20.61098861694336
22.236801147460938
21.97800064086914
22.532135009765625
22.50973892211914
23.111509323120117
21.992000579833984
14.918020248413086
-28.194488525390625
-35.9372673034668
-0.007056099828332663
-0.00973995216190815
-0.008450081571936607
-0.010417859070003033
-0.009568437933921814
-0.008754453621804714
-0.008344867266714573
-0.008617970161139965
-0.007784274406731129
-0.008039286360144615
-0.007503650151193142
-0.006853090133517981
-0.006765119731426239
-0.00635529076680541
-0.005995212588459253
-0.005704701412469149
-0.005093191284686327
-0.005175644066184759
-0.0043303826823830605
-0.004585028626024723
-0.0034213184844702482
-0.003590293927118182
-0.0030492041260004044
-0.0024224831722676754
-0.002295237733051181
-0.001984593691304326
-0.0011775080347433686
-0.0013380630407482386
-0.0005939953844062984
-3.2525604183319956e-05
8.299718319904059e-05
0.0005696712760254741
0.0012032105587422848
0.00132994563318789
0.0015735432971268892
0.0022300127893686295
0.002387495944276452
0.003027386963367462
0.0023386378306895494
0.003796455916017294
0.0037946992088109255
0.004049175884574652
0.005107172764837742
0.004830908961594105
0.004834088496863842
0.005567932967096567
0.005682011134922504
0.005927116144448519
0.006548655219376087
0.006139817181974649
0.007154802791774273
0.006713846232742071
0.007735944353044033
0.007316662464290857
0.007310934364795685
0.008038321509957314
0.007924535311758518
0.008132848888635635
0.0084263626486063
0.008510185405611992
0.008469011634588242
0.009081894531846046
0.008643528446555138
0.009034460410475731
0.008935829624533653
0.009640843607485294
0.008948801085352898
0.008961903862655163
0.009382200427353382
0.009035548195242882
0.009228121489286423
0.009237015619874
0.009367568418383598
0.009218292310833931
0.00926115084439516
0.0093348054215312
0.009142950177192688
0.00884825736284256
0.008786845952272415
0.009351340122520924
0.008372196927666664
0.008845536969602108
0.008921921253204346
0.008079847320914268
0.008362919092178345
0.008306765928864479
0.008138593286275864
0.007481812033802271
0.00792311318218708
0.007475171238183975
0.0072922310791909695
0.007291675545275211
0.0072360411286354065
0.00667446618899703
0.006233339197933674
0.005982249975204468
39.641326904296875
111.93978118896484
124.7747573852539
70.55348205566406
42.409461975097656
27.495006561279297
23.13698387145996
10.04468059539795
7.340226173400879
5.943273067474365
0.9296070337295532
0.5899261236190796
-0.15874095261096954
-2.528635025024414
-2.1876769065856934
-2.8667070865631104
-3.1684818267822266
-3.0713143348693848
-4.063475608825684
-4.309271335601807
-3.8425192832946777
-3.9805121421813965
-4.229989528656006
-3.643845796585083
-4.229357719421387
-4.084836006164551
-3.5174217224121094
-3.418600559234619
-3.2246124744415283
-3.018634080886841
-2.987548351287842
-2.5065383911132812
-1.6830343008041382
-1.986968994140625
-2.076432704925537
-1.3369358777999878
-1.2970365285873413
-1.007086157798767
-0.6918028593063354
-0.5276384353637695
0.3634088635444641
1.0731489658355713
1.4018808603286743
0.8915449380874634
1.4078919887542725
2.067246198654175
2.2017812728881836
2.9543871879577637
3.285606861114502
2.6323447227478027
4.198578834533691
4.688503742218018
3.9169325828552246
4.789957046508789
4.964682579040527
5.24221134185791
6.558590888977051
6.137160301208496
6.672776699066162
6.591920375823975
7.628513336181641
7.919206142425537
8.000925064086914
8.589749336242676
8.920587539672852
9.700668334960938
9.50584602355957
8.840018272399902
10.132390022277832
10.289931297302246
11.13675308227539
11.568254470825195
12.733831405639648
13.269597053527832
13.028172492980957
13.232165336608887
12.826684951782227
13.16703987121582
14.72627067565918
14.239709854125977
14.062759399414062
15.780604362487793
15.697105407714844
16.272130966186523
16.44738006591797
16.664295196533203
17.479516983032227
18.296977996826172
17.912317276000977
19.611865997314453
18.77927589416504
19.284343719482422
19.68307113647461
20.30879020690918
20.315704345703125
20.87544822692871
20.798076629638672
22.017333984375
22.418642044067383
22.86302947998047
21.065845489501953
15.376629829406738
-33.906795501708984
-40.68582534790039
-0.006251397542655468
-0.009459178894758224
-0.008717038668692112
-0.010464205406606197
-0.009727290831506252
-0.008277438580989838
-0.00837360043078661
-0.008711254224181175
-0.008153604343533516
-0.007656702306121588
-0.00723149161785841
-0.006763084325939417
-0.006938181817531586
-0.006432428024709225
-0.005814998410642147
-0.00633847713470459
-0.004856200888752937
-0.005094435065984726
-0.004485711455345154
-0.004067390225827694
-0.003837723284959793
-0.003529034089297056
-0.0030588568188250065
-0.002871242118999362
-0.0018789212917909026
-0.0017707571387290955
-0.0017020751256495714
-0.0010855215368792415
-0.0005724551156163216
8.463835911243223e-06
2.9298709705471992e-05
0.0008940904517658055
0.0007161197136156261
0.001589478924870491
0.0018687881529331207
0.0020811432041227818
0.002510732738301158
0.0028710237238556147
0.0031159475911408663
0.0038441182114183903
0.0037505999207496643
0.004144401289522648
0.00513245165348053
0.004833897575736046
0.004731515422463417
0.005659132264554501
0.005766222253441811
0.006098009645938873
0.006313145160675049
0.006592951714992523
0.006826324854046106
0.0069455234333872795
0.007589486427605152
0.0074235848151147366
0.007575622294098139
0.008379694074392319
0.0076504661701619625
0.008654342032968998
0.009021627716720104
0.008210591971874237
0.008656144142150879
0.008793582208454609
0.008943168446421623
0.008977971971035004
0.009305497631430626
0.009135326370596886
0.00886468030512333
0.009397415444254875
0.009293249808251858
0.008796348236501217
0.009611451998353004
0.009483993984758854
0.00917193852365017
0.009185748174786568
0.00958793330937624
0.0085514010861516
0.009373690001666546
0.009221765212714672
0.008942468091845512
0.008565688505768776
0.008999506011605263
0.008728042244911194
0.008516781963407993
0.008509653620421886
0.007942382246255875
0.008516724221408367
0.008239527232944965
0.007772885262966156
0.007501631043851376
0.007794600911438465
0.007124863564968109
0.00704331835731864
0.006764702498912811
0.006519706454128027
0.006670487113296986
0.006334162317216396
39.43959426879883
112.1903305053711
123.9691162109375
69.82618713378906
41.52687072753906
25.037874221801758
22.229177474975586
9.77609920501709
6.030806541442871
6.00182580947876
1.2660925388336182
0.07210470736026764
0.10440675169229507
-2.4411187171936035
-2.1535086631774902
-2.6342992782592773
-4.066206455230713
-3.594538450241089
-4.059380054473877
-4.483728885650635
-4.2393317222595215
-3.9528489112854004
-4.161340713500977
-4.015412330627441
-3.976547956466675
-4.006307601928711
-3.806936264038086
-3.9784088134765625
-3.1136364936828613
-3.715564250946045
-2.712589740753174
-3.0097975730895996
-2.7728114128112793
-2.279475212097168
-1.725768804550171
-2.1022696495056152
-1.5803282260894775
-0.8100373148918152
-0.7114211916923523
-0.06071746349334717
-0.32101917266845703
1.163179636001587
0.9297491908073425
1.208957314491272
1.6377204656600952
1.710353136062622
1.2861229181289673
3.3606479167938232
3.7339625358581543
4.182521343231201
3.6307926177978516
4.116524696350098
5.255971908569336
3.664318799972534
5.302547454833984
4.600592613220215
4.900063991546631
7.356581687927246
7.752938270568848
7.016404151916504
7.7301459312438965
7.894056797027588
7.830844879150391
8.549192428588867
8.98702335357666
8.803333282470703
8.898859024047852
9.261263847351074
9.412430763244629
10.65516471862793
11.270031929016113
12.65400505065918
12.574934005737305
13.054740905761719
12.75780963897705
13.47485065460205
14.021817207336426
14.90790843963623
14.278088569641113
14.4949951171875
15.288427352905273
15.028935432434082
16.099292755126953
16.03680419921875
16.384103775024414
16.713520050048828
18.51712989807129
17.489301681518555
17.19955062866211
18.865535736083984
18.985166549682617
19.303516387939453
20.16461944580078
20.092212677001953
20.13372802734375
21.079795837402344
21.490015029907227
22.235240936279297
23.287927627563477
22.976192474365234
22.187084197998047
15.491432189941406
-32.11225128173828
-27.490365982055664
-0.0072931572794914246
-0.009506268426775932
-0.008211424574255943
-0.0103452792391181
-0.009678568691015244
-0.00813525915145874
-0.008893067948520184
-0.008869637735188007
-0.0075538186356425285
-0.007733382284641266
-0.00758805125951767
-0.006749160587787628
-0.007172636687755585
-0.006193018518388271
-0.005916626658290625
-0.005786300636827946
-0.005364642478525639
-0.004971673246473074
-0.004733721725642681
-0.004059053957462311
-0.003656454849988222
-0.003558468073606491
-0.0031228738371282816
-0.002850807039067149
-0.0022346442565321922
-0.0017265372443944216
-0.0008903268026188016
-0.0012718412326648831
-0.0007475333986803889
8.889855962479487e-05
-0.00031738184043206275
0.0008351128781214356
0.0009449080680496991
0.0011941267875954509
0.001849519438110292
0.0020042252726852894
0.002603683155030012
0.0029722247272729874
0.0034166451077908278
0.003370859194546938
0.00392162287607789
0.004128117114305496
0.004523451905697584
0.005347504746168852
0.0049757035449147224
0.005323631688952446
0.005627515725791454
0.006027511321008205
0.006707143038511276
0.006248033605515957
0.006618618033826351
0.006955355405807495
0.007258800324052572
0.007682473864406347
0.00762342382222414
0.007931437343358994
0.008207383565604687
0.008000562898814678
0.008502410724759102
0.008813074789941311
0.00866398960351944
0.00882224552333355
0.008776878006756306
0.009526563808321953
0.008620205335319042
0.009237987920641899
0.0087221534922719
0.009307732805609703
0.009469006210565567
0.009559907019138336
0.00916486419737339
0.009650913998484612
0.00913170538842678
0.009580781683325768
0.009316982701420784
0.008688706904649734
0.008800370618700981
0.009326592087745667
0.008947332389652729
0.008702011778950691
0.008691792376339436
0.008910140953958035
0.008531157858669758
0.008622044697403908
0.00841590203344822
0.008025775663554668
0.007937701418995857
0.007704171352088451
0.007493123412132263
0.0077325934544205666
0.007592184003442526
0.007031827233731747
0.006719472352415323
0.006752644665539265
0.006440158933401108
0.005821227561682463
12.743184089660645
82.99101257324219
103.2228775024414
55.88416290283203
32.96749496459961
22.53212547302246
18.225940704345703
5.069519996643066
4.75901985168457
2.6583235263824463
-0.5249826312065125
-0.0520361065864563
-1.5228959321975708
-3.208474636077881
-2.2988855838775635
-3.3552772998809814
-4.376805305480957
-3.4201736450195312
-3.7659354209899902
-3.8816590309143066
-4.294277667999268
-4.044986248016357
-4.285862445831299
-3.8636765480041504
-3.47459077835083
-3.819859266281128
-3.1275787353515625
-3.57377290725708
-3.078641176223755
-2.92033052444458
-3.015317440032959
-2.837001085281372
-2.757096529006958
-2.0919883251190186
-1.892094373703003
-1.5607366561889648
-1.0766222476959229
-0.7585127949714661
-0.9006721377372742
0.5704576373100281
0.12976983189582825
0.051437925547361374
0.5805972814559937
1.1839439868927002
1.0720137357711792
1.3603485822677612
2.6001992225646973
2.5546257495880127
3.0303916931152344
3.417900562286377
3.5054728984832764
3.486210584640503
4.517827033996582
5.998963832855225
5.264726638793945
5.785668849945068
6.164525985717773
6.046180248260498
7.005793571472168
7.03302001953125
6.238487243652344
7.631922245025635
8.376180648803711
8.565264701843262
9.090314865112305
9.481165885925293
9.975126266479492
9.611021041870117
10.098068237304688
10.98061466217041
11.16118049621582
11.627939224243164
11.589348793029785
11.147500038146973
11.841835021972656
12.250696182250977
13.287144660949707
13.72203254699707
14.430181503295898
14.840161323547363
15.10754680633545
15.079455375671387
16.169565200805664
15.96765422821045
15.988390922546387
16.888887405395508
17.729700088500977
18.76603889465332
19.37276840209961
20.027523040771484
19.656272888183594
21.22377586364746
21.262359619140625
20.8588809967041
20.41571044921875
21.098491668701172
22.741474151611328
22.883119583129883
23.23017120361328
23.53384780883789
23.120458602905273
17.771564483642578
-31.070270538330078
-30.486495971679688
-0.007468205876648426
-0.00917868409305811
-0.00847139023244381
-0.010410692542791367
-0.00981572549790144
-0.008167004212737083
-0.008939624764025211
-0.008442139253020287
-0.00775099266320467
-0.00824708677828312
-0.007358172442764044
-0.007022486533969641
-0.006842778529971838
-0.006355278193950653
-0.005971599370241165
-0.0056849392130970955
-0.005467868410050869
-0.004991770721971989
-0.004401535727083683
-0.004221263341605663
-0.0037682317197322845
-0.0032328676898032427
-0.0031287323217839003
-0.0026896055787801743
-0.0021703513339161873
-0.0017824576934799552
-0.0016513902228325605
-0.0010889451950788498
-0.00028998046764172614
-0.0005183729226700962
0.00027824111748486757
0.0006628994597122073
0.0011577714467421174
0.0007194163044914603
0.002071420196443796
0.0019071357091888785
0.0024602324701845646
0.0029363844078034163
0.003456703620031476
0.004003562964498997
0.0034638517536222935
0.004161357879638672
0.004504094365984201
0.005008453968912363
0.005124296061694622
0.005756833590567112
0.005617886781692505
0.005951126106083393
0.006415672600269318
0.00642270827665925
0.00660531735047698
0.007843815721571445
0.007090398576110601
0.0076990509405732155
0.007750406861305237
0.007819319143891335
0.008017877116799355
0.008277157321572304
0.008791020140051842
0.008402434177696705
0.00857619196176529
0.009050775319337845
0.008574604988098145
0.009042032063007355
0.008964648470282555
0.009443188086152077
0.009034601971507072
0.009212869219481945
0.009083826094865799
0.009398899041116238
0.009309518150985241
0.009279055520892143
0.009698843583464622
0.008729439228773117
0.009444321505725384
0.009310017339885235
0.008871397003531456
0.009163166396319866
0.008969844318926334
0.008752298541367054
0.00893730390816927
0.008502482436597347
0.00869029201567173
0.008847799152135849
0.007995827123522758
0.008039094507694244
0.00792172085493803
0.008243847638368607
0.0076061696745455265
0.0073172361589968204
0.007330198772251606
0.007012057118117809
0.007001639809459448
0.006566056050360203
0.00648860726505518
0.006478399038314819
39.102745056152344
111.00398254394531
123.7879409790039
69.85285949707031
41.11199188232422
21.060237884521484
20.125852584838867
8.286142349243164
8.782422065734863
8.1910400390625
3.1857783794403076
1.5117257833480835
0.9344188570976257
-1.614417314529419
-1.9530766010284424
-2.4358654022216797
-3.75421142578125
-3.2761757373809814
-3.5503649711608887
-3.780118227005005
-3.7661807537078857
-4.005648136138916
-4.260557174682617
-4.343533515930176
-3.998734951019287
-3.831820249557495
-3.782580852508545
-3.927361011505127
-3.0435919761657715
-2.904581308364868
-2.483081340789795
-2.8018250465393066
-1.78719162940979
-2.1440653800964355
-1.768315315246582
-0.9757953882217407
-1.4138180017471313
-0.7617664933204651
-0.36461108922958374
-0.8834127187728882
-0.15265968441963196
0.8921610116958618
1.5468499660491943
1.0771055221557617
1.1898685693740845
2.2094674110412598
1.402359127998352
1.4675281047821045
2.8161473274230957
2.9456684589385986
3.488640546798706
3.734898090362549
3.5940089225769043
3.7598743438720703
3.924227237701416
6.03814697265625
6.712944984436035
5.8230133056640625
6.672290802001953
7.104430198669434
6.902270317077637
6.834062099456787
8.321749687194824
8.192800521850586
7.93026065826416
8.999414443969727
9.40550708770752
10.543951034545898
10.096089363098145
11.240341186523438
10.953875541687012
11.14985466003418
11.427764892578125
11.900578498840332
13.024192810058594
12.853861808776855
13.654263496398926
13.438314437866211
14.216897964477539
14.413732528686523
15.436277389526367
15.971933364868164
15.472575187683105
15.547802925109863
16.838563919067383
17.678203582763672
18.003215789794922
17.320323944091797
17.937620162963867
18.391483306884766
19.07074737548828
19.70504379272461
20.440336227416992
21.083751678466797
21.626556396484375
21.914581298828125
21.692848205566406
22.537113189697266
22.82434844970703
23.033884048461914
23.09028434753418
16.12386703491211
-39.5169563293457
-29.211544036865234
-0.00643696915358305
-0.009713077917695045
-0.00854380615055561
-0.010327357798814774
-0.009675433859229088
-0.00830302108079195
-0.008848422206938267
-0.008338402025401592
-0.007673909422010183
-0.008174006827175617
-0.007526705972850323
-0.006785896606743336
-0.006940735038369894
-0.006201147101819515
-0.006235106848180294
-0.0054910206235945225
-0.005474995821714401
-0.004659625701606274
-0.00447069201618433
-0.0038002238143235445
-0.0037617285270243883
-0.003458213759586215
-0.002778962953016162
-0.002446854952722788
-0.0021345135755836964
-0.001808744273148477
-0.0018634560983628035
-0.0009014237439259887
-0.0005126020987518132
-0.0004099130746908486
0.0003143801004625857
0.0006364078726619482
0.0005876485374756157
0.0017579242121428251
0.0017386093968525529
0.002165282843634486
0.002424486679956317
0.002961165038868785
0.0030363549012690783
0.0033231948036700487
0.004217977169901133
0.004141808021813631
0.0049950615502893925
0.004419025033712387
0.005071557592600584
0.005635268986225128
0.005848838482052088
0.006024638656526804
0.00628889724612236
0.00655085314065218
0.00694334227591753
0.006977804005146027
0.0079219751060009
0.007406838238239288
0.007736220024526119
0.0078911567106843
0.008454554714262486
0.008345982991158962
0.008401154540479183
0.008192114531993866
0.008877956308424473
0.008547325618565083
0.009204096160829067
0.008702997118234634
0.009165296331048012
0.009552264586091042
0.009281853213906288
0.009444175288081169
0.009492391720414162
0.009311437606811523
0.008948516100645065
0.009372417815029621
0.0093094352632761
0.009168969467282295
0.009470367804169655
0.009127677418291569
0.009329873137176037
0.008724941872060299
0.009099399670958519
0.009470535442233086
0.008836477994918823
0.008948592469096184
0.008573057129979134
0.008129527792334557
0.008305521681904793
0.008094467222690582
0.007996906526386738
0.00774755422025919
0.007343214936554432
0.007072325795888901
0.0076140970923006535
0.007181224413216114
0.006566938944160938
0.006534176878631115
0.006804432719945908
0.00632418692111969
39.27956008911133
112.4205322265625
124.4884262084961
70.34791564941406
40.37590026855469
19.969335556030273
20.032421112060547
8.466070175170898
7.136855125427246
7.612408638000488
3.661299467086792
2.3643741607666016
1.432677984237671
-1.324209451675415
-1.5437899827957153
-2.287389039993286
-3.2851169109344482
-3.211195707321167
-3.716510772705078
-4.277493476867676
-3.455975294113159
-4.120408058166504
-3.996729612350464
-4.1220221519470215
-4.475928783416748
-3.7681171894073486
-3.7362868785858154
-3.61057710647583
-3.328144073486328
-3.27178955078125
-3.049816608428955
-2.747445583343506
-2.6499412059783936
-2.5389416217803955
-1.951215386390686
-0.9671347737312317
-1.4103885889053345
-1.061962366104126
-0.3959595263004303
-0.8399124145507812
-0.3069522976875305
0.4819985032081604
1.6749598979949951
0.619331419467926
0.7789779901504517
1.6496732234954834
1.8819726705551147
2.095925807952881
3.078456401824951
3.2568435668945312
3.2501652240753174
4.101517200469971
4.414680004119873
4.279664993286133
4.406057834625244
5.821815013885498
5.784994125366211
5.9453020095825195
6.249981880187988
6.241148948669434
7.420337677001953
8.084866523742676
8.494170188903809
9.104411125183105
8.579887390136719
8.030163764953613
8.906824111938477
8.590202331542969
9.446937561035156
10.820616722106934
10.692959785461426
11.071977615356445
11.297990798950195
12.706230163574219
13.02319622039795
13.19977855682373
13.366857528686523
13.76606273651123
14.790278434753418
15.227460861206055
14.738977432250977
15.654498100280762
15.090995788574219
15.80126667022705
16.794004440307617
17.076007843017578
18.27216148376465
19.05031967163086
18.681812286376953
18.3621768951416
18.859121322631836
19.11874771118164
20.394420623779297
21.10464859008789
21.427032470703125
21.20199966430664
22.543882369995117
22.20961570739746
23.432048797607422
24.104137420654297
23.146312713623047
16.459217071533203
-28.108606338500977
-37.76054382324219
-0.0074886130169034
-0.009278963319957256
-0.008830663748085499
-0.010565764270722866
-0.009413889609277248
-0.008732820861041546
-0.008538086898624897
-0.008575579151511192
-0.008030367083847523
-0.007929832674562931
-0.007469695992767811
-0.006939568556845188
-0.007075848523527384
-0.006070069503039122
-0.006087109912186861
-0.0056630345061421394
-0.0055119856260716915
-0.00506626209244132
-0.00463051488623023
-0.003751588985323906
-0.003802488325163722
-0.0034620165824890137
-0.0033417940139770508
-0.002477736910805106
-0.002131630899384618
-0.0017706509679555893
-0.0013207632582634687
-0.0010788224171847105
-0.0007721508736722171
-0.00020708018564619124
-0.0003314746427349746
0.001167467562481761
0.0007599235395900905
0.0013963939854875207
0.001897771842777729
0.0018491375958546996
0.002507020253688097
0.0031932636629790068
0.0032173297367990017
0.003828657092526555
0.00402251398190856
0.0038557848893105984
0.0049927858635783195
0.004661838989704847
0.0052279019728302956
0.005613366607576609
0.005707768257707357
0.006027622148394585
0.006066497415304184
0.006599529180675745
0.0070480890572071075
0.00685902452096343
0.007223133929073811
0.007450091186910868
0.007453157566487789
0.008297910913825035
0.00777570391073823
0.008199548348784447
0.008120330050587654
0.008734841831028461
0.00841488316655159
0.008748513646423817
0.008900959976017475
0.009110964834690094
0.008844447322189808
0.009667925536632538
0.009156894870102406
0.009016783908009529
0.009348919615149498
0.009197071194648743
0.009198878891766071
0.009224663488566875
0.009386646561324596
0.009329264052212238
0.009076489135622978
0.009264135733246803
0.009004512801766396
0.008809970691800117
0.00905193854123354
0.008852747268974781
0.00882059894502163
0.008789122104644775
0.008223958313465118
0.008444367907941341
0.00814073346555233
0.007722602225840092
0.007871604524552822
0.007406326942145824
0.007637875620275736
0.007661704905331135
0.007125412579625845
0.007099313195794821
0.0070256926119327545
0.006381150335073471
0.006332732737064362
0.0059033907018601894
30.226573944091797
104.15516662597656
117.78076171875
66.57349395751953
38.568580627441406
21.546398162841797
19.719924926757812
7.652854919433594
7.086054801940918
6.452491760253906
2.236093282699585
1.1977758407592773
-0.1886124610900879
-2.367804527282715
-2.1251323223114014
-2.4799118041992188
-3.914599657058716
-3.8013625144958496
-3.7837576866149902
-4.102944850921631
-4.0150628089904785
-4.025521278381348
-4.488802909851074
-4.287758827209473
-4.269536018371582
-3.7910473346710205
-3.7045669555664062
-3.32721209526062
-3.783684253692627
-3.156435489654541
-2.8454203605651855
-2.997853994369507
-2.126553535461426
-2.1212830543518066
-1.8606789112091064
-1.1165883541107178
-1.4816465377807617
-1.0728341341018677
-0.37643226981163025
-0.22275814414024353
0.19408902525901794
1.0653769969940186
1.0478286743164062
0.38306254148483276
1.2934045791625977
1.2369166612625122
1.890263319015503
3.198310613632202
2.902155637741089
2.8920207023620605
3.3650803565979004
4.148082256317139
3.752805233001709
4.644578456878662
4.340451240539551
4.386785984039307
5.965875148773193
6.695853233337402
7.205507755279541
7.136446475982666
7.397546291351318
8.018921852111816
8.355849266052246
7.949753761291504
8.62704086303711
8.962383270263672
9.201696395874023
10.120224952697754
9.841127395629883
10.49351692199707
10.32857608795166
10.870461463928223
11.773237228393555
11.259026527404785
12.230506896972656
13.812200546264648
14.360987663269043
14.789143562316895
15.125198364257812
15.268159866333008
15.096890449523926
15.636640548706055
15.241134643554688
15.87035846710205
16.20046615600586
16.24934959411621
16.435413360595703
17.422222137451172
18.476919174194336
18.02707862854004
18.270978927612305
18.30358123779297
20.027250289916992
20.796552658081055
20.242380142211914
21.55165672302246
21.352272033691406
21.21821403503418
22.347293853759766
22.258859634399414
21.725879669189453
16.354564666748047
-31.82048988342285
-29.382076263427734
-0.007207782473415136
-0.009219932369887829
-0.008004797622561455
-0.010661325417459011
-0.00952285435050726
-0.008204394020140171
-0.008762176148593426
-0.008521636947989464
-0.0074132331646978855
-0.008171584457159042
-0.007073820568621159
-0.006815310567617416
-0.007002419326454401
-0.0064025260508060455
-0.0059797680005431175
-0.005732592195272446
-0.005544416606426239
-0.0047735488042235374
-0.00467888405546546
-0.003885856596753001
-0.003561506513506174
-0.0036583957262337208
-0.0029807835817337036
-0.0025550988502800465
-0.002403354737907648
-0.0017441225936636329
-0.0012515265261754394
-0.001033544191159308
-0.0005641688476316631
-6.723140540998429e-05
-0.00015512030222453177
0.0006639291532337666
0.0013274364173412323
0.0011175241088494658
0.001792535767890513
0.002170753199607134
0.0025209428276866674
0.0024966364726424217
0.0037084617651998997
0.0032880655489861965
0.004279293119907379
0.004243751056492329
0.004258532077074051
0.005198978818953037
0.00540591636672616
0.005349388811737299
0.005602891556918621
0.00575410109013319
0.006430798675864935
0.006696695927530527
0.006732117384672165
0.006818459369242191
0.007280533201992512
0.007590032182633877
0.007456785533577204
0.007809972856193781
0.00829106755554676
0.008163840509951115
0.008533034473657608
0.008497129194438457
0.008419353514909744
0.008782407268881798
0.008891906589269638
0.009112161584198475
0.008903399109840393
0.009107188321650028
0.009349470026791096
0.009083020500838757
0.009121722541749477
0.009473459795117378
0.009496806189417839
0.009155377745628357
0.009175876155495644
0.009493052959442139
0.009348985739052296
0.009390204213559628
0.008992468938231468
0.008977399207651615
0.008981926366686821
0.00849936343729496
0.00900801457464695
0.009032247588038445
0.008529912680387497
0.008068213239312172
0.008307965472340584
0.008082554675638676
0.007485532201826572
0.007694377563893795
0.007901228033006191
0.007319031748920679
0.007243522442877293
0.00710636842995882
0.0069622560404241085
0.006701833102852106
0.0063097430393099785
0.005972979124635458
20.5557918548584
93.12936401367188
110.64990234375
61.2459716796875
33.479034423828125
19.517282485961914
18.65634536743164
6.660469055175781
6.456716060638428
5.717462062835693
1.451980471611023
0.7614213824272156
-0.1793089061975479
-2.9601664543151855
-2.184765338897705
-3.0671863555908203
-3.743114948272705
-3.541914701461792
-4.21842622756958
-4.73229455947876
-4.561403274536133
-4.382227420806885
-4.683274269104004
-4.377871036529541
-4.209887504577637
-4.058650493621826
-3.8425114154815674
-3.7957139015197754
-3.3306655883789062
-3.2213759422302246
-3.082432270050049
-2.82202410697937
-2.797469139099121
-2.103066921234131
-2.2854740619659424
-1.3861198425292969
-1.7172505855560303
-1.2472867965698242
-0.9340179562568665
-0.8327455520629883
0.4959257245063782
0.20721781253814697
0.5565382242202759
1.6729230880737305
1.714236855506897
2.1812055110931396
2.11586332321167
3.1052913665771484
3.1202008724212646
2.8000974655151367
4.192127704620361
3.64894437789917
3.782125949859619
5.170516014099121
5.064656734466553
5.362895488739014
5.958445072174072
5.650973320007324
6.768885612487793
6.877420902252197
6.910714626312256
8.121796607971191
7.963981628417969
8.281518936157227
9.304999351501465
9.353815078735352
9.28579044342041
10.121580123901367
10.282136917114258
10.554693222045898
10.723587989807129
11.620338439941406
11.311773300170898
11.632773399353027
13.069366455078125
13.615740776062012
12.933804512023926
13.727777481079102
13.79313850402832
14.539840698242188
15.24907112121582
15.772287368774414
16.533565521240234
16.005451202392578
16.985347747802734
17.586267471313477
17.928163528442383
18.458532333374023
19.051570892333984
19.6866397857666
18.906475067138672
20.05509376525879
19.76898193359375
21.05280303955078
21.247554779052734
22.88301658630371
21.997499465942383
22.188518524169922
22.729772567749023
23.305423736572266
21.734603881835938
15.309745788574219
-30.4534854888916
-33.31095886230469
-0.0072991386987268925
-0.009025899693369865
-0.008719302713871002
-0.010202543810009956
-0.009772656485438347
-0.008348981849849224
-0.008295446634292603
-0.008443489670753479
-0.007802552077919245
-0.007719860412180424
-0.007347945123910904
-0.006857768632471561
-0.006949222646653652
-0.0065050930716097355
-0.005758817307651043
-0.005912178196012974
-0.004924780689179897
-0.005087564699351788
-0.004303282126784325
-0.004332760814577341
-0.0038845681119710207
-0.0030171903781592846
-0.0031817988492548466
-0.002798010129481554
-0.001846973435021937
-0.0020407442934811115
-0.0012129767565056682
-0.0008917011437006295
-0.0009141850168816745
0.00018928255303762853
-0.00014388459385372698
0.0002571354270912707
0.0011813156306743622
0.0016263611614704132
0.0016206316649913788
0.0020918843802064657
0.0024176333099603653
0.0029806443490087986
0.003229305613785982
0.004056082572788
0.0034952647984027863
0.004397439304739237
0.004100498743355274
0.005222882144153118
0.0053984299302101135
0.005334264598786831
0.005654902197420597
0.006165166385471821
0.006484647281467915
0.00654995534569025
0.006601972971111536
0.007034285459667444
0.007206334266811609
0.007638823240995407
0.007647506892681122
0.008134952746331692
0.007975329644978046
0.008610735647380352
0.008230181410908699
0.008608033880591393
0.009014724753797054
0.008879449218511581
0.008887413889169693
0.00893395859748125
0.008921417407691479
0.009232107549905777
0.009173138067126274
0.00951520074158907
0.00942673347890377
0.00906504224985838
0.009846990928053856
0.00887751393020153
0.00954238697886467
0.00909576565027237
0.009147556498646736
0.009504171088337898
0.0091615105047822
0.00866774469614029
0.009026328101754189
0.009088175371289253
0.008969340473413467
0.008834464475512505
0.008670933544635773
0.008481607772409916
0.00814756564795971
0.008249764330685139
0.00785514060407877
0.007810297422111034
0.007684213109314442
0.007299990393221378
0.007699723355472088
0.006788393948227167
0.0069454265758395195
0.006821849383413792
0.006724400911480188
0.006081329192966223
39.204689025878906
111.22117614746094
123.84892272949219
69.42936706542969
40.715492248535156
19.520000457763672
20.03871726989746
8.395071983337402
8.723865509033203
8.548805236816406
3.297934055328369
1.7584943771362305
1.1099882125854492
-1.0789625644683838
-1.6464067697525024
-2.231849431991577
-3.386690855026245
-3.241389751434326
-3.524839401245117
-4.305807590484619
-4.24592399597168
-4.044180870056152
-4.492239952087402
-4.219137668609619
-3.9887938499450684
-3.953437089920044
-3.8837924003601074
-3.5620028972625732
-3.7941818237304688
-3.676628828048706
-3.870368480682373
-3.329724073410034
-3.041238307952881
-1.6338441371917725
-1.794950246810913
-1.9477018117904663
-1.665914535522461
-0.5744439363479614
-0.08852723985910416
-0.6228057146072388
0.22689931094646454
0.22396358847618103
0.8174728155136108
1.5856115818023682
1.8929452896118164
1.8017164468765259
2.3158950805664062
2.956892728805542
2.5874745845794678
3.309823989868164
4.106967449188232
4.5673089027404785
4.151473522186279
5.338270664215088
4.974758625030518
4.537971019744873
5.788571357727051
5.930463790893555
6.326639652252197
6.887104034423828
6.850773811340332
8.034418106079102
8.234240531921387
7.8044023513793945
9.528287887573242
8.81724739074707
9.260616302490234
9.873431205749512
10.719831466674805
11.079303741455078
11.597856521606445
11.19578742980957
12.218541145324707
11.760796546936035
12.15994930267334
13.348615646362305
13.503149032592773
13.854771614074707
14.529332160949707
14.32879638671875
15.583803176879883
16.067790985107422
15.47496223449707
15.897723197937012
16.742273330688477
17.523149490356445
18.40862464904785
17.771663665771484
19.108203887939453
19.574399948120117
19.573894500732422
19.819286346435547
19.847225189208984
20.185535430908203
20.895742416381836
21.151287078857422
22.050960540771484
22.425426483154297
23.258739471435547
23.082666397094727
22.83246612548828
15.682519912719727
-32.70728302001953
-30.10701560974121
-0.006614180747419596
-0.009443571791052818
-0.008417150005698204
-0.010415900498628616
-0.009227687492966652
-0.00829076487571001
-0.00888658594340086
-0.008367766626179218
-0.007490376941859722
-0.008184971287846565
-0.007517270743846893
-0.0067556388676166534
-0.0070932479575276375
-0.006348598748445511
-0.006022912450134754
-0.005948490928858519
-0.005243220366537571
-0.004873014986515045
-0.004765680525451899
-0.0042023612186312675
-0.0037524246145039797
-0.0031185797415673733
-0.003354706335812807
-0.002733261324465275
-0.002200568560510874
-0.0016119098290801048
-0.0012639276683330536
-0.0010446292581036687
-0.00045373430475592613
-0.0005392575403675437
0.00040149729466065764
0.0007055802852846682
0.00103608681820333
0.0011997621040791273
0.001859775511547923
0.00224061356857419
0.0024356874637305737
0.0025244546122848988
0.0033552520908415318
0.003791582304984331
0.0035541572142392397
0.004441003780812025
0.004833212587982416
0.00470036780461669
0.004934865515679121
0.0056974319741129875
0.005874223075807095
0.005860207602381706
0.006271285004913807
0.006465306039899588
0.0071153342723846436
0.007461801171302795
0.007322858087718487
0.007720164954662323
0.007310186978429556
0.008258220739662647
0.007729404605925083
0.008463019505143166
0.00881663803011179
0.008249850943684578
0.008534500375390053
0.008816281333565712
0.009026706218719482
0.008962265215814114
0.009191600605845451
0.009235631674528122
0.00931534729897976
0.00931495614349842
0.009827932342886925
0.00895883608609438
0.00950565654784441
0.009008055552840233
0.009286860004067421
0.009054449386894703
0.009329970926046371
0.009412290528416634
0.009063552133738995
0.008998009376227856
0.008797909133136272
0.00920992624014616
0.00901478249579668
0.008640388026833534
0.008107179775834084
0.008590263314545155
0.008393576368689537
0.008210915140807629
0.007938545197248459
0.007820422761142254
0.007872402667999268
0.007101202849298716
0.007653961423784494
0.0071146548725664616
0.007044491358101368
0.006866254843771458
0.006421350874006748
0.0064195292070508
29.504161834716797
