-7.667698860168457
-7.667698860168457
-11.582671165466309
-24.273178100585938
-1.303669810295105
0.00684740673750639
0.007219033781439066
0.007064073346555233
0.006926289293915033
0.006663431879132986
0.006905837915837765
0.007160423789173365
0.00716377655044198
0.006568328943103552
0.0067556737922132015
0.006771630607545376
0.006256831344217062
0.007011102046817541
0.006397164426743984
0.0063723549246788025
0.006191388238221407
0.0062823789194226265
0.006249786354601383
0.005530087277293205
0.005958766210824251
0.006137268152087927
0.005659699905663729
0.0050913686864078045
0.005684078671038151
0.005088880192488432
0.005052380729466677
0.005514147691428661
0.0046705701388418674
0.005196330137550831
0.00537413265556097
0.004004583694040775
0.005098470486700535
0.004953994415700436
0.004130472429096699
0.00467920396476984
0.0036814934574067593
0.004387778230011463
0.004003113601356745
0.004047557711601257
0.0034863098990172148
0.003780203405767679
0.0037012225948274136
0.003480361308902502
0.0033611361868679523
0.0030591499526053667
0.0032333482522517443
0.0025577470660209656
0.0032224003225564957
0.0029437595512717962
0.0026753083802759647
0.0027547194622457027
0.002274454105645418
0.002817878033965826
0.0020156106911599636
0.0025610707234591246
0.0021949405781924725
0.002003784291446209
0.00172553735319525
0.002188336569815874
0.001742111286148429
0.001713532255962491
0.0012959442101418972
0.0019510339479893446
0.0013150270096957684
0.0018792033661156893
0.001954047940671444
0.0010996630880981684
0.0011750084813684225
0.0016339914873242378
0.0010515883332118392
0.0014778024051338434
0.0014922615373507142
0.0011678956216201186
0.001356205204501748
0.0011183960596099496
0.0012065403861925006
0.0010180672397837043
0.0010137803619727492
0.0008624155889265239
0.0012297827051952481
0.000497618515510112
0.000970721070189029
0.0012408692855387926
0.0007888295804150403
0.0009605352533981204
0.0007549553993158042
0.0011205602204427123
0.0009166478412225842
0.000502288225106895
0.001276206923648715
0.0014619947178289294
0.0010042221983894706
0.0010605758288875222
0.0012167992535978556
0.7183127403259277
12.730340957641602
12.44567584991455
21.941856384277344
-5.471029281616211
-1.6331955194473267
-2.267132043838501
-2.8257265090942383
0.15832334756851196
-0.601671040058136
-1.5695774555206299
-1.7207720279693604
-1.4020167589187622
-2.0653023719787598
-2.6987786293029785
-2.5259945392608643
-2.3668465614318848
-1.7537345886230469
-2.5976510047912598
-3.097168445587158
-2.833059072494507
-3.163313865661621
-3.6834194660186768
-3.8033504486083984
-3.2095351219177246
-3.2714507579803467
-3.8124070167541504
-4.005921840667725
-4.189711570739746
-4.62603235244751
-4.838586330413818
-5.26677942276001
-5.281863212585449
-5.246185302734375
-5.071484565734863
-5.299381256103516
-6.692530155181885
-5.868304252624512
-6.651324272155762
-6.2175068855285645
-6.2895894050598145
-6.066586494445801
-7.660849571228027
-8.285849571228027
-7.20278787612915
-7.5769829750061035
-7.525249481201172
-8.556071281433105
-7.828606605529785
-8.284826278686523
-8.521698951721191
-8.398646354675293
-8.958702087402344
-8.10185432434082
-9.16372013092041
-8.856470108032227
-9.282888412475586
-9.896413803100586
-9.359304428100586
-8.558670997619629
-9.482413291931152
-9.559022903442383
-10.590278625488281
-10.580953598022461
-10.00102424621582
-11.839515686035156
-10.366896629333496
-11.088939666748047
-10.676753044128418
-11.969419479370117
-11.631913185119629
-11.912858963012695
-12.842938423156738
-12.461372375488281
-11.154650688171387
-12.736058235168457
-12.00638484954834
-12.774065971374512
-13.522171020507812
-12.96415901184082
-12.761467933654785
-13.40980052947998
-14.04182243347168
-13.4030122756958
-13.164102554321289
-14.14081859588623
-13.957124710083008
-14.341160774230957
-14.13365650177002
-14.042984008789062
-14.751886367797852
-14.570292472839355
-15.878028869628906
-15.13807487487793
-15.3618803024292
-15.857040405273438
-15.620678901672363
-16.373273849487305
-15.649986267089844
-16.53714942932129
-17.088102340698242
-16.21999168395996
-3.9667370319366455
-4.43252420425415
0.005957224406301975
0.005923817399889231
0.006728015840053558
0.0076980902813375
0.0074645341373980045
0.0065844180062413216
0.006639022380113602
0.006918380968272686
0.0070035262033343315
0.006658525671809912
0.006732397712767124
0.006393966265022755
0.006625358015298843
0.0064681232906877995
0.006445206701755524
0.0065556117333471775
0.0062798247672617435
0.006090536247938871
0.005761817563325167
0.006393396761268377
0.005991730839014053
0.005560913123190403
0.005506831221282482
0.005886330269277096
0.0050794086419045925
0.005780455656349659
0.005307159386575222
0.004924649838358164
0.0057001374661922455
0.004566031042486429
0.004840499721467495
0.004948469810187817
0.004856432788074017
0.003993547055870295
0.004976185504347086
0.00419207476079464
0.004293038975447416
0.0038638138212263584
0.004321376793086529
0.003911360166966915
0.004195818677544594
0.002483030315488577
0.004145307932049036
0.0036473877262324095
0.003527705790475011
0.0031607341952621937
0.0029388940893113613
0.0032173346262425184
0.0027260645292699337
0.0030104066245257854
0.002955883741378784
0.0026808176189661026
0.0020980467088520527
0.002624930115416646
0.0022761698346585035
0.0021648306865245104
0.0026749998796731234
0.0016546770930290222
0.0022650843020528555
0.0021195742301642895
0.0017142880242317915
0.0014855805784463882
0.001895558787509799
0.0012263871030882
0.0016752308001741767
0.0015571670373901725
0.001752828829921782
0.0012074831174686551
0.0012231979053467512
0.0016980025684460998
0.0013006988447159529
0.0010551345767453313
0.0009230300784111023
0.0013660585973411798
0.0010432295966893435
0.0011177962878718972
0.0005180493462830782
0.0011863328982144594
0.0011432177852839231
0.0009170362027361989
0.0008248984813690186
0.000927548564504832
0.0010109702125191689
0.0010226586600765586
0.0012518672738224268
-0.00020613214292097837
0.001296314294449985
0.0009396344539709389
0.0009587717358954251
0.0012810641201213002
0.0011466944124549627
0.0012949175434187055
0.0002913461939897388
0.0006464339676313102
0.0013993758475407958
0.000897637743037194
-2.7511532306671143
-14.174479484558105
-16.905044555664062
-10.27522087097168
-9.573029518127441
-16.34153938293457
-6.845854759216309
-7.912977695465088
-4.5649919509887695
-2.011955499649048
-2.2518439292907715
-1.6636772155761719
-2.347092390060425
-2.206186294555664
-1.7176494598388672
-2.7569704055786133
-2.403550386428833
-2.2908968925476074
-3.500206470489502
-3.3645076751708984
-3.2757911682128906
-3.604867935180664
-4.0677995681762695
-3.8903415203094482
-3.792966365814209
-4.205078125
-3.547548770904541
-4.207046985626221
-5.103501319885254
-5.663112163543701
-6.0906877517700195
-5.238564491271973
-5.6974358558654785
-5.2448225021362305
-6.203417778015137
-5.969726085662842
-6.509829044342041
-6.758904457092285
-6.520540714263916
-6.418820858001709
-8.02900505065918
-7.406872749328613
-7.327309608459473
-7.311626434326172
-8.10024356842041
-8.962848663330078
-7.44870138168335
-8.227743148803711
-7.419729709625244
-8.656041145324707
-8.82216739654541
-8.732954025268555
-9.004007339477539
-8.582460403442383
-8.850049018859863
-7.976155757904053
-8.689615249633789
-9.453611373901367
-10.650403022766113
-10.10539436340332
-9.950002670288086
-9.449241638183594
-9.683741569519043
-9.973569869995117
-10.023953437805176
-11.072343826293945
-12.097319602966309
-11.911023139953613
-11.305649757385254
-11.889725685119629
-12.089113235473633
-11.248995780944824
-11.013397216796875
-11.86631965637207
-11.724282264709473
-11.875009536743164
-12.52050495147705
-12.489737510681152
-12.47871208190918
-11.882168769836426
-12.743474006652832
-13.61462116241455
-12.282639503479004
-13.360074043273926
-13.758398056030273
-13.375032424926758
-14.999124526977539
-14.672762870788574
-14.92108154296875
-14.670536994934082
-14.61030101776123
-14.197985649108887
-15.614227294921875
-15.591720581054688
-15.643404006958008
-16.372438430786133
-17.269710540771484
-16.174388885498047
-17.571819305419922
-16.97774887084961
-16.319156646728516
-16.003889083862305
-4.298572540283203
-4.474819660186768
0.005932494066655636
0.006255496293306351
0.0066976360976696014
0.007159840315580368
0.007497231010347605
0.006706856191158295
0.006992763839662075
0.006914542056620121
0.006578803062438965
0.006760507822036743
0.0068976120091974735
0.006531023886054754
0.006777391768991947
0.0058713010512292385
0.006149321794509888
0.006579579319804907
0.006192467175424099
0.00637355912476778
0.005445952992886305
0.006101930048316717
0.005914189387112856
0.006056434474885464
0.005721851717680693
0.005573363974690437
0.00548339169472456
0.005447900854051113
0.005095062777400017
0.005592403933405876
0.0051220618188381195
0.004923257976770401
0.0048623839393258095
0.004640321712940931
0.00435577193275094
0.004775392357259989
0.00419715465977788
0.004560810513794422
0.004358224105089903
0.0037727435119450092
0.004152189940214157
0.0037216730415821075
0.0038866735994815826
0.0034607804846018553
0.0038989465683698654
0.0031607430428266525
0.003305563237518072
0.00314560835249722
0.002981993369758129
0.003203514264896512
0.0026207822374999523
0.0026525179855525494
0.0030425956938415766
0.0028294275980442762
0.0022059250622987747
0.0021863277070224285
0.002564935712143779
0.0021446715109050274
0.002076781587675214
0.0019052367424592376
0.002304180758073926
0.0017927602166309953
0.001965135335922241
0.0021472482476383448
0.001379340304993093
0.001813753740862012
0.0016688387840986252
0.001082090544514358
0.0014138786355033517
0.001527291489765048
0.0007627274608239532
0.0018219705671072006
0.001440074061974883
0.0009145590593107045
0.0008583261515013874
0.0014815659960731864
0.0009094223496504128
0.0009290318703278899
0.0009180324268527329
0.0008432348258793354
0.0009249382419511676
0.0011316111776977777
0.0011026628781110048
0.00047062733210623264
0.0006170343840494752
0.0013478748733177781
0.0011391714215278625
0.0005556094693019986
0.0006650844588875771
0.0010498700430616736
0.0014396902406588197
0.0008536935783922672
0.0004850590485148132
0.00148015096783638
0.0006208995473571122
0.0005513267242349684
0.0011935570510104299
0.0010436801239848137
-2.7972114086151123
-14.094146728515625
-17.123512268066406
-11.386636734008789
-15.743497848510742
-15.696560859680176
-4.735559940338135
-8.029854774475098
-4.246486186981201
-1.4364279508590698
-1.5146353244781494
-0.8574493527412415
-1.7689831256866455
-2.0160369873046875
-1.27931809425354
-2.5001635551452637
-2.936713933944702
-3.033504009246826
-3.3108296394348145
-2.9341824054718018
-3.2652640342712402
-3.4491467475891113
-3.5105392932891846
-3.547959089279175
-4.225249767303467
-3.6733665466308594
-4.044949531555176
-4.173498630523682
-6.162765026092529
-5.280546188354492
-5.718987464904785
-5.910295009613037
-6.321710109710693
-6.627004146575928
-6.496415138244629
-6.366883754730225
-6.420685768127441
-6.039244651794434
-6.164853572845459
-6.727793216705322
-6.384142875671387
-7.2781195640563965
-7.326377868652344
-7.2347517013549805
-7.553631782531738
-7.510349273681641
-7.7382941246032715
-7.453978538513184
-7.892182350158691
-8.235958099365234
-7.959710597991943
-8.076691627502441
-9.180548667907715
-8.56202220916748
-8.514430046081543
-8.290611267089844
-9.118181228637695
-9.072641372680664
-9.095464706420898
-9.551498413085938
-9.876813888549805
-9.744306564331055
-10.496789932250977
-10.152831077575684
-10.839254379272461
-10.8381986618042
-10.627967834472656
-10.113179206848145
-10.54576301574707
-11.12908935546875
-11.243317604064941
-10.836061477661133
-11.644142150878906
-11.357098579406738
-12.248779296875
-11.591550827026367
-12.374628067016602
-12.46395492553711
-13.893472671508789
-12.476940155029297
-13.892807006835938
-13.706318855285645
-14.379216194152832
-14.203752517700195
-14.301960945129395
-14.00544548034668
-13.714694023132324
-13.665425300598145
-13.838284492492676
-15.217663764953613
-15.111865043640137
-15.911964416503906
-15.355072021484375
-15.10766887664795
-16.211559295654297
-15.296468734741211
-16.773067474365234
-16.121309280395508
-15.481412887573242
-16.305919647216797
-16.792247772216797
-16.618532180786133
-4.672141075134277
-4.69765567779541
0.005822973791509867
0.006221716292202473
0.006601163651794195
0.0073537626303732395
0.007359814830124378
0.006402588449418545
0.006801101379096508
0.00730398204177618
0.006792119704186916
0.006684060208499432
0.006603694520890713
0.006558865308761597
0.006557044573128223
0.006591944955289364
0.006525753531605005
0.006100589409470558
0.006226222030818462
0.005649969447404146
0.006595965474843979
0.0061887893825769424
0.005575847811996937
0.006115187890827656
0.005385572090744972
0.0055360328406095505
0.006089523434638977
0.005263977684080601
0.005566655658185482
0.005238736979663372
0.005182655528187752
0.005041282624006271
0.005030142143368721
0.004614030476659536
0.0049169668927788734
0.004733881447464228
0.0043852673843503
0.004036637023091316
0.004715378396213055
0.0039933291263878345
0.00397116132080555
0.0038463487289845943
0.00429012905806303
0.0036203700583428144
0.003666918259114027
0.0034817992709577084
0.003504069522023201
0.0032263200264424086
0.0029950086027383804
0.0025934537407010794
0.0032687708735466003
0.003024197882041335
0.0021736077032983303
0.0032747462391853333
0.0022837938740849495
0.0026202229782938957
0.0024779338855296373
0.0025533935986459255
0.0016626568976789713
0.002451937412843108
0.0026710776146501303
0.0014260394964367151
0.0014620914589613676
0.00174732506275177
0.0019475152948871255
0.0019641027320176363
0.0014036423526704311
0.0015970019157975912
0.001884270692244172
0.0008288735407404602
0.0014395524049177766
0.0011442942777648568
0.001350094797089696
0.0016706660389900208
0.0005315369926393032
0.0011681850301101804
0.0008189037325792015
0.0014505920698866248
0.0011348709231242537
0.0010563849937170744
0.0008014492923393846
0.0009865493047982454
0.001485413871705532
0.0004905144451186061
0.0011879606172442436
0.0007087318226695061
0.0013117475900799036
0.0008409183355979621
0.0009945754427462816
0.0012303645489737391
0.001340009388513863
0.0003420022258069366
0.0013254921650514007
0.0014743863139301538
0.0003437394625507295
0.0013664357829838991
0.0011414525797590613
0.001256418414413929
-4.803691387176514
-16.244142532348633
-19.05169677734375
-12.020709037780762
-15.850735664367676
-9.89207935333252
-5.815663814544678
-5.281311988830566
-5.120601654052734
-2.754636287689209
-2.935350179672241
-2.7603659629821777
-2.6823880672454834
-2.7268500328063965
-2.8778738975524902
-2.744203805923462
-1.9862169027328491
-3.384986400604248
-3.410266160964966
-4.161494255065918
-3.6267707347869873
-3.3476402759552
-3.470895290374756
-3.538569927215576
-4.155062198638916
-3.7185146808624268
-4.802756309509277
-4.398632049560547
-4.28290319442749
-5.459338188171387
-5.214658260345459
-5.9556169509887695
-5.3938307762146
-5.829985618591309
-6.2671732902526855
-5.993659019470215
-7.085202217102051
-7.8220319747924805
-6.9513702392578125
-6.656487464904785
-7.037347316741943
-6.703782558441162
-7.063150882720947
-7.3463134765625
-7.407295227050781
-8.160479545593262
-8.449621200561523
-7.625941276550293
-8.78826904296875
-7.87229061126709
-8.59861946105957
-8.562978744506836
-8.691009521484375
-9.544754028320312
-8.92564582824707
-9.117463111877441
-8.857573509216309
-10.47244644165039
-10.249356269836426
-10.754922866821289
-9.685953140258789
-9.725252151489258
-9.738019943237305
-10.13172435760498
-9.885958671569824
-10.489717483520508
-9.63525390625
-11.652109146118164
-11.450034141540527
-11.878064155578613
-11.708076477050781
-11.529556274414062
-11.94854736328125
-11.523271560668945
-12.275426864624023
-11.394665718078613
-12.098124504089355
-12.84827709197998
-13.117874145507812
-13.632464408874512
-13.079795837402344
-12.257006645202637
-13.446128845214844
-13.136019706726074
-14.119836807250977
-14.1265287399292
-13.87250804901123
-15.3641939163208
-13.883642196655273
-14.862956047058105
-14.73454761505127
-14.806658744812012
-14.900161743164062
-15.520467758178711
-15.782064437866211
-15.476435661315918
-15.54443359375
-15.39043140411377
-16.376258850097656
-16.68740463256836
-16.070266723632812
-15.465046882629395
-3.791208267211914
-4.460503101348877
0.005949697457253933
0.006513568572700024
0.00644847983494401
0.0068946657702326775
0.006995442323386669
0.007024562451988459
0.006639253348112106
0.00675682257860899
0.006395173724740744
0.0066820355132222176
0.007008187472820282
0.0066144512966275215
0.006510523147881031
0.005904938094317913
0.006720497272908688
0.006252343766391277
0.006158128380775452
0.005936027504503727
0.005923809949308634
0.006052793003618717
0.006296731531620026
0.0056043085642158985
0.005850364454090595
0.0054776594042778015
0.005663550458848476
0.005414681043475866
0.005366257391870022
0.005403884686529636
0.005391573999077082
0.004886000417172909
0.004594361409544945
0.0047425515949726105
0.004929238464683294
0.004638846963644028
0.00423418777063489
0.004089715424925089
0.004925993271172047
0.003744686720892787
0.003907582722604275
0.004064810927957296
0.0037636500783264637
0.004087170120328665
0.003443589434027672
0.002936597215011716
0.00335941044613719
0.003777603153139353
0.0029195707757025957
0.00272716605104506
0.003351690247654915
0.0028040213510394096
0.002748859114944935
0.0022804602049291134
0.002424679696559906
0.0021725427359342575
0.0026602926664054394
0.002234484301880002
0.002771031577140093
0.0017505217110738158
0.0018636708846315742
0.0018602783093228936
0.0023287790827453136
0.0014014572370797396
0.0021512580569833517
0.00138201960362494
0.0016341444570571184
0.0014185169711709023
0.0014779159100726247
0.0015972970286384225
0.001549406792037189
0.0012579323956742883
0.000772282830439508
0.0013199200620874763
0.002014363883063197
0.0012971520191058517
0.0010655957739800215
0.0008789127459749579
0.0009777186205610633
0.0013710709754377604
0.0008518882095813751
0.000803760252892971
0.0011260795872658491
0.0006286558927968144
0.001742840395309031
0.0005826803389936686
0.0009940911550074816
0.0005557283875532448
0.0013169811572879553
0.0008385811233893037
0.0005643420736305416
0.0014162342995405197
0.0010809657396748662
0.000924189283978194
0.0010029139230027795
0.00042390840826556087
0.001527423970401287
0.0008851634338498116
-3.6673531532287598
-15.826311111450195
-18.809661865234375
-11.379871368408203
-14.227577209472656
-16.008588790893555
-5.033875465393066
-10.308379173278809
-6.729454040527344
-3.2078146934509277
-2.4831879138946533
-1.5606294870376587
-1.7257730960845947
-1.9958775043487549
-1.4300421476364136
-1.796352744102478
-2.2768445014953613
-1.7271581888198853
-2.980708122253418
-2.489170789718628
-3.027036666870117
-2.8448712825775146
-4.249741554260254
-3.5466933250427246
-4.571978569030762
-4.3964948654174805
-4.800143241882324
-4.589752674102783
-5.267881393432617
-4.187478542327881
-5.210573673248291
-5.324967384338379
-6.154752254486084
-6.77447509765625
-6.3125505447387695
-6.3329596519470215
-7.2551727294921875
-6.086678504943848
-7.35874080657959
-7.354456901550293
-7.26470422744751
-6.5060553550720215
-7.074021816253662
-6.48804235458374
-7.138442039489746
-7.600337028503418
-7.519041538238525
-7.635871887207031
-8.082365036010742
-8.478507995605469
-8.576865196228027
-8.54483413696289
-8.276165962219238
-9.084053039550781
-9.173845291137695
-8.732451438903809
-8.634129524230957
-8.748868942260742
-10.22938346862793
-9.532305717468262
-9.830341339111328
-9.668340682983398
-9.638675689697266
-9.938889503479004
-10.343168258666992
-11.16865062713623
-10.575662612915039
-10.303509712219238
-10.894909858703613
-11.081377983093262
-12.029619216918945
-11.878793716430664
-12.225515365600586
-13.119028091430664
-12.690709114074707
-13.06330680847168
-12.895586013793945
-13.27165699005127
-12.340083122253418
-12.831680297851562
-13.38000202178955
-12.75360107421875
-13.04308795928955
-12.666078567504883
-13.399450302124023
-14.90339183807373
-14.26445198059082
-14.117236137390137
-14.118664741516113
-14.045214653015137
-15.115018844604492
-14.688176155090332
-14.788963317871094
-14.436755180358887
-15.379748344421387
-14.998191833496094
-16.58722496032715
-16.553150177001953
-16.688995361328125
-15.983238220214844
-16.912059783935547
-15.45942211151123
-5.6326117515563965
-4.966858386993408
0.005824831314384937
0.006044105160981417
0.007012778427451849
0.007243436761200428
0.007193179335445166
0.006520771887153387
0.006950520910322666
0.007103484123945236
0.006619678344577551
0.006669937167316675
0.006718241609632969
0.006208856124430895
0.006375201046466827
0.006013530306518078
0.0064666420221328735
0.006215010769665241
0.006501669529825449
0.006033612415194511
0.006022007204592228
0.006101985462009907
0.0058745695278048515
0.006250825710594654
0.005263494793325663
0.0055293431505560875
0.005842343904078007
0.005178550723940134
0.005582541227340698
0.005259218625724316
0.004947790410369635
0.005070255137979984
0.004775459412485361
0.004682635888457298
0.0049688927829265594
0.00464886799454689
0.004358154721558094
0.004121112637221813
0.0044748904183506966
0.004088413901627064
0.0037058088928461075
0.003924096934497356
0.004018700215965509
0.003910020925104618
0.0033023767173290253
0.0034356103278696537
0.0032017026096582413
0.0034513422288000584
0.0029789612162858248
0.0034566062968224287
0.003122233087196946
0.002253633690997958
0.003297391114756465
0.002500563859939575
0.0025683946441859007
0.002369124908000231
0.0021494938991963863
0.0025181844830513
0.002370814559981227
0.0014843569369986653
0.0021640020422637463
0.0019802674651145935
0.002118502277880907
0.001619710586965084
0.0018609414109960198
0.001543898368254304
0.0010364537592977285
0.0017784631345421076
0.001421739929355681
0.0012501156888902187
0.0010137783829122782
0.0016593163600191474
0.0012119760503992438
0.0013178607914596796
0.0012945834314450622
0.00036275116144679487
0.0015352158807218075
0.0012277356581762433
0.0008153863018378615
0.0004162628320045769
0.0017928311135619879
0.0005666491342708468
0.0012039627181366086
0.0010358454892411828
0.0014299312606453896
0.0004955923068337142
0.000760112889111042
0.001641476876102388
0.0003141004708595574
0.0012905880575999618
0.0006982769700698555
0.0015129911480471492
0.0011996848043054342
0.0005320321070030332
0.0009438611450605094
0.0008066823938861489
0.0012667651753872633
0.001215223572216928
-3.93267560005188
-16.20968246459961
-18.043193817138672
-10.012388229370117
-9.243501663208008
-17.41526985168457
-6.946732521057129
-7.504942417144775
-3.9709420204162598
-2.3075733184814453
-2.2763819694519043
-1.340533971786499
-2.397439479827881
-2.7598764896392822
-2.350646734237671
-2.895817756652832
-2.2179579734802246
-2.1901183128356934
-2.1507186889648438
-2.562119483947754
-2.518650770187378
-3.2923130989074707
-3.6246063709259033
-3.5080018043518066
-3.7614047527313232
-4.394213676452637
-4.372270107269287
-4.499218463897705
-4.0989909172058105
-4.565573692321777
-5.923554420471191
-5.124352931976318
-6.1824445724487305
-6.558116912841797
-5.667952537536621
-6.031105995178223
-5.599342346191406
-6.557530403137207
-6.628418922424316
-7.0133562088012695
-6.026811599731445
-6.6336565017700195
-7.103579521179199
-7.398166656494141
-7.953660488128662
-8.442410469055176
-6.999275207519531
-7.299874305725098
-7.1756415367126465
-8.277944564819336
-8.238686561584473
-8.805524826049805
-8.911554336547852
-8.341742515563965
-9.161049842834473
-8.561602592468262
-8.706304550170898
-9.33371639251709
-9.517146110534668
-9.462099075317383
-9.110068321228027
-9.863408088684082
-9.72886848449707
-10.422991752624512
-10.530841827392578
-11.468159675598145
-10.521836280822754
-10.049592018127441
-11.050971984863281
-10.50703239440918
-11.824066162109375
-11.706475257873535
-11.713945388793945
-11.226287841796875
-11.379112243652344
-11.8113374710083
-11.802216529846191
-12.395333290100098
-13.422101974487305
-13.384496688842773
-13.9088773727417
-13.824397087097168
-13.916681289672852
-13.428977966308594
-13.684854507446289
-14.263437271118164
-14.289655685424805
-12.661541938781738
-14.115344047546387
-14.134344100952148
-14.10668659210205
-14.873481750488281
-15.6123685836792
-15.43744945526123
-16.05957794189453
-15.93071460723877
-16.017189025878906
-16.6346435546875
-15.511236190795898
-16.45353126525879
-16.511945724487305
-15.225370407104492
-4.217422962188721
-4.601211071014404
0.005994376726448536
0.006134748924523592
0.0065452358685433865
0.007367617450654507
0.007482990622520447
0.006822221912443638
0.006775752641260624
0.007197474595159292
0.006513667292892933
0.006837694905698299
0.00665611308068037
0.006501608993858099
0.0064839511178433895
0.006476207170635462
0.0062453728169202805
0.006246264558285475
0.006271768361330032
0.005972686223685741
0.006058845203369856
0.006128197535872459
0.005741877015680075
0.006132448557764292
0.00530128413811326
0.006009521894156933
0.005808551795780659
0.0052649397403001785
0.005047620739787817
0.0055270567536354065
0.005045313388109207
0.004879795480519533
0.005204020533710718
0.0040766168385744095
0.005223453976213932
0.004238808993250132
0.00452376576140523
0.00497350562363863
0.004053147509694099
0.0038853492587804794
0.004448996856808662
0.0036167013458907604
0.0036755851469933987
0.003625014331191778
0.0034412373788654804
0.004081718623638153
0.003147703129798174
0.0030633308924734592
0.003001419361680746
0.003157723229378462
0.0028921791817992926
0.003090915037319064
0.002363052451983094
0.002684861421585083
0.0032011971343308687
0.001986070303246379
0.0023649954237043858
0.0025733213406056166
0.002127158921211958
0.0018645571544766426
0.0021976151037961245
0.002077000681310892
0.0015915378462523222
0.002047040034085512
0.0016658678650856018
0.0016419105231761932
0.0015649512642994523
0.0014536349335685372
0.0013960835058242083
0.0014861985109746456
0.0015574661083519459
0.0011659108567982912
0.0019020566251128912
0.0008181046578101814
0.0006581500638276339
0.0014199637807905674
0.0013228897005319595
0.0009496064158156514
0.0008463278645649552
0.0017381977522745728
0.00022799332509748638
0.001526029547676444
0.0008973561343736947
0.0005863402620889246
0.0012175129959359765
0.00045572937233373523
0.0012180914636701345
0.0005858377553522587
0.0010193489724770188
0.0004446543753147125
0.0016921950737014413
0.00039848926826380193
0.0010571622988209128
0.0010847635567188263
0.0007106857956387103
0.0007200863328762352
0.0011155244428664446
0.0007214251672849059
-3.2630867958068848
-15.169355392456055
-18.204824447631836
-11.08000373840332
-10.412496566772461
-17.505361557006836
-6.810244560241699
-6.212643623352051
-2.5067782402038574
-1.0393224954605103
-1.2884719371795654
-1.5327399969100952
-2.7208094596862793
-2.879887580871582
-1.9831520318984985
-2.0812363624572754
-1.9524104595184326
-1.7926000356674194
-1.9537198543548584
-3.3129119873046875
-2.291271448135376
-3.033996820449829
-2.8793046474456787
-4.209147930145264
-3.613927125930786
-4.763622760772705
-4.720376968383789
-4.999647617340088
-5.693666458129883
-5.165072441101074
-5.276987075805664
-5.5237202644348145
-5.391103267669678
-6.172969818115234
-5.812358379364014
-6.016387939453125
-7.429728031158447
-6.381937503814697
-6.999670505523682
-6.399113655090332
-6.982415199279785
-7.334927558898926
-7.64819860458374
-8.129670143127441
-7.592552185058594
-7.0594940185546875
-7.858944892883301
-7.823997497558594
-8.410261154174805
-7.861772060394287
-8.157145500183105
-8.998285293579102
-9.063035011291504
-9.207948684692383
-9.139654159545898
-9.331892013549805
-9.795076370239258
-9.079330444335938
-9.93676471710205
-8.988910675048828
-9.516018867492676
-9.78534984588623
-9.79804515838623
-11.185606002807617
-11.43620491027832
-10.665349006652832
-10.751665115356445
-11.5431547164917
-11.273102760314941
-10.408679008483887
-10.84150218963623
-10.62001895904541
-10.825124740600586
-11.951322555541992
-12.982617378234863
-12.366525650024414
-12.316648483276367
-12.757783889770508
-12.587043762207031
-13.300180435180664
-13.412591934204102
-13.250514030456543
-13.617154121398926
-13.58379077911377
-13.301267623901367
-14.478017807006836
-14.006750106811523
-14.499460220336914
-14.160122871398926
-14.151117324829102
-14.60539722442627
-14.893155097961426
-15.185214042663574
-14.97553539276123
-15.712989807128906
-16.291105270385742
-16.32756996154785
-15.210783004760742
-16.74896812438965
-16.693218231201172
-16.418804168701172
-15.068368911743164
-4.122279644012451
-4.1203789710998535
0.005574449896812439
0.00701188575476408
0.0067906067706644535
0.006772828754037619
0.007384801749140024
0.006785288453102112
0.0068946098908782005
0.006949259899556637
0.006653442978858948
0.006442024372518063
0.006966897286474705
0.006310180760920048
0.0062737069092690945
0.00631168857216835
0.006217204965651035
0.006305214017629623
0.006169327534735203
0.006259406916797161
0.005743271671235561
0.006074466276913881
0.005750769283622503
0.006044098641723394
0.00594109483063221
0.005754014477133751
0.005378200672566891
0.00572618842124939
0.005457952618598938
0.00475186575204134
0.005311946850270033
0.004904932342469692
0.0046332529745996
0.00456578703597188
0.004696266259998083
0.00417617242783308
0.004624422639608383
0.0047142948023974895
0.003882892429828644
0.0042290352284908295
0.004355796612799168
0.0034998697228729725
0.0037220516242086887
0.0038942755199968815
0.003558250144124031
0.0039015288930386305
0.0028570531867444515
0.003023277036845684
0.0032314262352883816
0.0030966668855398893
0.002730750013142824
0.002875787438824773
0.002928822534158826
0.00264471722766757
0.0021548084914684296
0.0026831997092813253
0.0024814854841679335
0.0022142159286886454
0.001996898790821433
0.001549309934489429
0.002546720439568162
0.0018416683888062835
0.001703322515822947
0.001812042435631156
0.001640405273064971
0.0017541233683004975
0.0011691695544868708
0.0017061333637684584
0.0014289725804701447
0.0016041614580899477
0.0013020917540416121
0.0010459157638251781
0.0015534552512690425
0.0011455952189862728
0.0009682340314611793
0.0015748419100418687
0.0007266898755915463
0.0013335932744666934
0.0005571447545662522
0.0014420881634578109
0.0006317417719401419
0.001005476457066834
0.0009337094379588962
0.0010819524759426713
0.0008011370664462447
0.0010090714786201715
0.001011177315376699
0.0009339116513729095
0.00040593798621557653
0.0010009993566200137
0.0007552459719590843
0.0009375134250149131
0.000829006195999682
0.0015410913620144129
0.000608322094194591
0.0008123058942146599
0.000863036431837827
0.0012916967971250415
-2.472764015197754
-14.02411937713623
-18.44717788696289
-11.379698753356934
-9.530409812927246
-12.414609909057617
-8.221095085144043
-7.064073085784912
-5.1815972328186035
-3.369187116622925
-3.0012879371643066
-2.5756773948669434
-3.149843692779541
-2.76033091545105
-2.903331995010376
-2.9050843715667725
-2.7454397678375244
-2.219801425933838
-3.1454529762268066
-3.5385348796844482
-3.547273635864258
-3.0122551918029785
-3.0396101474761963
-3.9094078540802
-4.3980183601379395
-4.247708320617676
-3.5753674507141113
-4.722076892852783
-5.006979942321777
-5.544174671173096
-5.365994453430176
-6.033435344696045
-6.092981815338135
-6.390597343444824
-5.5842437744140625
-7.123345375061035
-6.4842329025268555
-7.351487159729004
-6.96450662612915
-7.059898376464844
-7.703492164611816
-6.687412261962891
-7.513418674468994
-8.029545783996582
-7.453028678894043
-7.663758277893066
-8.144271850585938
-8.033700942993164
-8.135404586791992
-8.371191024780273
-8.258349418640137
-7.997264862060547
-8.543506622314453
-8.576645851135254
-8.965561866760254
-9.67457389831543
-8.858917236328125
-9.612025260925293
-8.714526176452637
-8.832060813903809
-9.750605583190918
-9.746248245239258
-10.194117546081543
-10.134084701538086
-10.766424179077148
-10.370706558227539
-10.571369171142578
-10.850802421569824
-11.132773399353027
-10.95201301574707
-11.322805404663086
-12.465365409851074
-11.871320724487305
-12.451109886169434
-11.88129997253418
-12.399368286132812
-12.845857620239258
-13.055269241333008
-13.713396072387695
-13.306158065795898
-14.009251594543457
-13.878684997558594
-13.992950439453125
-14.797616958618164
-14.854049682617188
-14.882614135742188
-15.508379936218262
-15.330476760864258
-15.726869583129883
-15.336209297180176
-16.79375648498535
-16.455242156982422
-16.952293395996094
-16.59349250793457
-16.96574592590332
-16.32052993774414
-17.463603973388672
-17.49541473388672
-17.9530086517334
-18.726831436157227
-18.33973503112793
-16.213274002075195
-7.232523441314697
-3.969322919845581
0.0064136795699596405
0.006355872843414545
0.006752452347427607
0.007365673780441284
0.007603126112371683
0.00680376123636961
0.006940972059965134
0.007207789458334446
0.006314160767942667
0.007162194699048996
0.006362228188663721
0.006506328471004963
0.006574063096195459
0.006656556390225887
0.0062685394659638405
0.006754501257091761
0.005780601408332586
0.006082083098590374
0.00643853610381484
0.0058930618688464165
0.005914608482271433
0.005588592030107975
0.0057263923808932304
0.005958530120551586
0.005757286678999662
0.005637848749756813
0.005700082518160343
0.004713102709501982
0.005239975638687611
0.005533257033675909
0.0048624007031321526
0.0042313262820243835
0.005024592392146587
0.004913005046546459
0.004613880999386311
0.004539438057690859
0.00394004350528121
0.004107599146664143
0.0036296136677265167
0.004201263654977083
0.004413318820297718
0.003412264632061124
0.003736990736797452
0.0037221491802483797
0.0031391549855470657
0.0032519218511879444
0.0028469967655837536
0.0031079649925231934
0.0029052351601421833
0.003113550366833806
0.0029754287097603083
0.002226256299763918
0.002521504182368517
0.001984233735129237
0.0029593834187835455
0.0018639981281012297
0.002172148320823908
0.0019447744125500321
0.002298248466104269
0.0014080937253311276
0.0024793294724076986
0.0013584984699264169
0.0014481093967333436
0.001693907892331481
0.0016873299609869719
0.001294845947995782
0.001362368930131197
0.001707694143988192
0.0010468479013070464
0.0008642198517918587
0.001574877416715026
0.0008806384867057204
0.0011451945174485445
0.0010241457493975759
0.0009230790892615914
0.001053151674568653
0.0007446006638929248
0.0011475075734779239
0.0013633237686008215
0.00030774666811339557
0.0014234775444492698
0.0003289871965534985
0.0007091732113622129
0.0009172976715490222
0.0005019476520828903
0.0015209593111649156
0.0014089022297412157
0.0005053355707786977
0.0007778260041959584
0.001389309880323708
0.0008038599044084549
0.000979027827270329
0.000706231570802629
0.0007093261810950935
0.000934832904022187
0.001655091531574726
-2.7958290576934814
-15.472661972045898
-17.443557739257812
-10.20378303527832
-6.305335521697998
-14.41026496887207
-5.921141624450684
-6.058707237243652
-4.204878807067871
-2.5845816135406494
-3.025465726852417
-1.7865705490112305
-2.572124481201172
-2.1061811447143555
-2.774509906768799
-2.852762222290039
-2.464341640472412
-2.68182373046875
-2.2161381244659424
-2.4035511016845703
-4.044041156768799
-3.5912985801696777
-4.090232849121094
-2.996967315673828
-3.186885356903076
-4.053839683532715
-4.14847469329834
-3.784036159515381
-4.456902503967285
-5.415467262268066
-5.249697208404541
-5.442904949188232
-5.761472225189209
-5.460430145263672
-5.897480010986328
-6.494207859039307
-6.652596473693848
-6.289681434631348
-6.917462348937988
-6.356472015380859
-7.215203285217285
-6.7034406661987305
-6.161060810089111
-7.160853385925293
-6.586470127105713
-7.177468776702881
-7.195799350738525
-7.316838264465332
-7.7124834060668945
-7.544186592102051
-7.322742462158203
-8.397321701049805
-8.243502616882324
-8.742490768432617
-8.741296768188477
-8.895689010620117
-8.104804039001465
-9.27012825012207
-8.975729942321777
-9.31587028503418
-9.610509872436523
-9.856344223022461
-9.432424545288086
-10.110458374023438
-10.196351051330566
-10.278505325317383
-10.779752731323242
-10.543952941894531
-10.425756454467773
-10.790721893310547
-10.64765739440918
-11.04361343383789
-11.988471984863281
-11.363069534301758
-11.992072105407715
-11.790914535522461
-12.427251815795898
-13.007589340209961
-12.930583000183105
-13.458267211914062
-12.971013069152832
-14.025230407714844
-13.848901748657227
-13.89631175994873
-14.080838203430176
-13.936258316040039
-14.364852905273438
-15.815136909484863
-14.871694564819336
-15.643434524536133
-15.967519760131836
-16.218406677246094
-16.389263153076172
-15.768056869506836
-16.70051383972168
-16.997982025146484
-17.15225601196289
-16.603885650634766
-16.853328704833984
-16.94919776916504
-17.095748901367188
-15.969512939453125
-4.282670974731445
-4.358599662780762
0.006122319959104061
0.006352808326482773
0.006763036362826824
0.0076020038686692715
0.007255985401570797
0.006693772040307522
0.006986977998167276
0.006880792789161205
0.0069906460121273994
0.006999762263149023
0.00631284061819315
0.006639095954596996
0.006688013672828674
0.006298144347965717
0.006303803063929081
0.0062517947517335415
0.0064798807725310326
0.006011432968080044
0.0066809505224227905
0.005835966672748327
0.005732046440243721
0.005646643228828907
0.005653129890561104
0.005902114324271679
0.005331052001565695
0.00533833634108305
0.005749595817178488
0.005425131879746914
0.005039005074650049
0.005226300098001957
0.004732530564069748
0.004859971813857555
0.00463742483407259
0.004910706076771021
0.004337152000516653
0.0046594412997365
0.004034864716231823
0.00426762830466032
0.004063392989337444
0.004344701301306486
0.00379743380472064
0.003353932872414589
0.003557476680725813
0.0034698904491961002
0.0036299643106758595
0.003525343956425786
0.003088798373937607
0.0029721346218138933
0.0028279994148761034
0.0030013946816325188
0.0026414368767291307
0.0026351679116487503
0.00270578870549798
0.002141372999176383
0.00262142950668931
0.0021457490511238575
0.002182751428335905
0.0021606236696243286
0.001880254945717752
0.0015695735346525908
0.0021554147824645042
0.0014187163906171918
0.0021456838585436344
0.0019911681301891804
0.0015698261559009552
0.0016211466863751411
0.0013198851374909282
0.0016182397957891226
0.0011694540735334158
0.0012409748742356896
0.0012556568253785372
0.0013236859813332558
0.000799805682618171
0.0015270746080204844
0.0005374063621275127
0.001430510194040835
0.0009176206076517701
0.0013535970356315374
0.0005981542053632438
0.0009483072790317237
0.000760413589887321
0.001263005775399506
0.0010741982841864228
0.0006364117143675685
0.0005703357164748013
0.0009929642546921968
0.0006968168308958411
0.001312833628617227
0.0007235508528538048
0.0013609392335638404
0.0012415028177201748
0.00027743857936002314
0.0013321966398507357
0.0008186564082279801
0.0008278127643279731
0.0013101908843964338
-3.3405303955078125
-15.957883834838867
-18.23151206970215
-10.623579025268555
-9.378532409667969
-13.797048568725586
-5.475556373596191
-6.051117897033691
-3.251438856124878
-2.039778709411621
-2.1962063312530518
-1.7751562595367432
-1.8702857494354248
-2.4348411560058594
-2.164628267288208
-2.900719404220581
-3.012589931488037
-2.598146915435791
-2.6082358360290527
-3.168471097946167
-3.576488971710205
-3.4581971168518066
-3.144212484359741
-2.7711734771728516
-3.7812836170196533
-3.7074882984161377
-4.5871782302856445
-4.191805362701416
-5.039754867553711
-5.0632429122924805
-5.150784015655518
-5.308213233947754
-5.518244743347168
-5.501407146453857
-7.582181453704834
-5.8169989585876465
-5.843600749969482
-7.004922389984131
-6.606142997741699
-6.961075782775879
-7.568621635437012
-7.162477970123291
-7.536122798919678
-7.212895393371582
-6.550650596618652
-7.8770952224731445
-7.8474836349487305
-8.447614669799805
-7.114558219909668
-7.820428371429443
-8.995146751403809
-8.898368835449219
-9.840627670288086
-9.243395805358887
-8.762041091918945
-8.715481758117676
-8.755179405212402
-9.22425651550293
-9.321439743041992
-10.660348892211914
-10.10030746459961
-10.312124252319336
-10.462320327758789
-10.385061264038086
-9.477988243103027
-10.731995582580566
-10.029279708862305
-10.978182792663574
-11.461014747619629
-11.419563293457031
-11.659585952758789
-11.609278678894043
-11.853606224060059
-13.039013862609863
-12.699975967407227
-12.920475959777832
-12.384336471557617
-12.627425193786621
-13.4385347366333
-12.688385009765625
-12.43244743347168
-12.437044143676758
-13.211875915527344
-13.4905424118042
-14.175381660461426
-15.562477111816406
-14.039106369018555
-14.240823745727539
-15.2382173538208
-15.405035018920898
-16.182510375976562
-15.881187438964844
-15.438693046569824
-15.925555229187012
-15.219433784484863
-15.825845718383789
-16.673521041870117
-16.522123336791992
-16.75989532470703
-16.916545867919922
-16.996158599853516
-16.26517105102539
-5.058967113494873
-5.314792156219482
0.005329567939043045
0.00640201335772872
0.006935727782547474
0.007288630120456219
0.006978784687817097
0.006855939514935017
0.006761362310498953
0.006886685732752085
0.006510554347187281
0.006751527078449726
0.006780394818633795
0.0061340038664639
0.006902571767568588
0.006501060910522938
0.006287470459938049
0.006270292215049267
0.0061712367460131645
0.006239174399524927
0.006297470536082983
0.0057201380841434
0.006118221208453178
0.0060562132857739925
0.00597334373742342
0.005432975012809038
0.005281631834805012
0.005723726935684681
0.0052683730609714985
0.005376159213483334
0.005342765711247921
0.00493496423587203
0.004875683691352606
0.004801369272172451
0.004529519472271204
0.004322511609643698
0.004981357138603926
0.004433757625520229
0.004346693400293589
0.003975612111389637
0.004038958344608545
0.003924514167010784
0.004060977138578892
0.0033384966664016247
0.003861827775835991
0.0035792277194559574
0.0028362167067825794
0.003447097260504961
0.0032510291785001755
0.002798594068735838
0.0027018175460398197
0.003279340686276555
0.0023882202804088593
0.0032404051162302494
0.0024386639706790447
0.0021434880327433348
0.0029082349501550198
0.002299025421962142
0.002091203350573778
0.001968185883015394
0.002301908563822508
0.0016871312400326133
0.002176417736336589
0.001673643128015101
0.0017250586533918977
0.0012727181892842054
0.0017527861054986715
0.0012474516406655312
0.0013316513504832983
0.0020636809058487415
0.0008442760445177555
0.001243831473402679
0.0015866045141592622
0.0009570439578965306
0.001515028066933155
0.0007432832499034703
0.0011034467024728656
0.001195387332700193
0.0014406787231564522
0.0004605415160767734
0.0008627939969301224
0.0010109302820637822
0.00028984888922423124
0.001458129147067666
0.0009373912471346557
0.0010748710483312607
0.0006451095687225461
0.0008648459916003048
0.0005925282603129745
0.001327674021013081
0.0009361814009025693
0.0008597619598731399
0.0012265413533896208
0.0008883262053132057
0.0007926615071482956
0.0007923938101157546
0.0010360399028286338
0.0013383983168751001
-5.525716304779053
-18.064273834228516
-22.113332748413086
-12.23477840423584
-11.529544830322266
-10.446840286254883
-6.805633544921875
-4.826482772827148
-3.9725565910339355
-3.0881266593933105
-2.796295404434204
-2.785320281982422
-2.840914487838745
-1.5710299015045166
-2.634350299835205
-2.2981746196746826
-3.568582057952881
-3.4094338417053223
-2.2231788635253906
-3.0368123054504395
-2.5988736152648926
-3.1994338035583496
-3.5714027881622314
-3.900979518890381
-3.8234543800354004
-5.179715633392334
-5.615381240844727
-5.0807318687438965
-4.1628947257995605
-4.183277606964111
-4.586912631988525
-5.1987457275390625
-5.849390506744385
-5.240141868591309
-5.961524963378906
-7.10766077041626
-6.174931526184082
-6.2205119132995605
-6.8731255531311035
-6.948007106781006
-7.276885986328125
-8.007658958435059
-7.829507350921631
-6.915191650390625
-8.209856986999512
-8.267852783203125
-8.831687927246094
-8.646810531616211
-8.178055763244629
-8.026117324829102
-8.497167587280273
-8.576123237609863
-9.096240043640137
-9.175963401794434
-10.615599632263184
-9.955292701721191
-10.162577629089355
-10.558280944824219
-9.732276916503906
-9.490269660949707
-10.249421119689941
-9.418715476989746
-9.972831726074219
-9.514312744140625
-10.892831802368164
-10.546233177185059
-10.987632751464844
-11.347127914428711
-11.013570785522461
-10.91124153137207
-10.627496719360352
-11.792098045349121
-11.614891052246094
-11.977279663085938
-11.928552627563477
-11.660134315490723
-11.580451011657715
-11.825309753417969
-12.577407836914062
-12.172107696533203
-12.814733505249023
-13.398811340332031
-12.805590629577637
-12.955329895019531
-13.54076099395752
-13.537851333618164
-13.53101921081543
-14.36981201171875
-14.664172172546387
-13.855775833129883
-14.578753471374512
-14.816462516784668
-15.710586547851562
-15.625955581665039
-16.018001556396484
-15.891095161437988
-15.46954345703125
-17.120441436767578
-16.668811798095703
-16.397220611572266
-15.730049133300781
-15.299097061157227
-3.1809449195861816
-4.130853652954102
0.005729020573198795
0.006248766090720892
0.006940735969692469
0.006899701897054911
0.007479791529476643
0.00703911017626524
0.006683375686407089
0.00672611128538847
0.006795431487262249
0.00660363957285881
0.0065725380554795265
0.006523994263261557
0.006773927714675665
0.006163978949189186
0.006344017572700977
0.006655270699411631
0.005933935754001141
0.006014569662511349
0.006007006391882896
0.006134562194347382
0.006155750248581171
0.005087786354124546
0.005925407633185387
0.0061754947528243065
0.005434028338640928
0.005404511466622353
0.0047127134166657925
0.0050360290333628654
0.005079786293208599
0.005361861549317837
0.004677805118262768
0.0049587432295084
0.004658177029341459
0.004284163471311331
0.004295315593481064
0.004568764474242926
0.004492068197578192
0.0036564182955771685
0.00378925958648324
0.004086048807948828
0.004134065937250853
0.0036186538636684418
0.0034573667217046022
0.0036808208096772432
0.003010401502251625
0.0032685622572898865
0.0031384124886244535
0.0029069120064377785
0.0031835392583161592
0.0027105985209345818
0.002651053946465254
0.0028754849918186665
0.002636608434841037
0.002028645947575569
0.0026238770224153996
0.0019528599223122
0.0020500062964856625
0.002627879846841097
0.0016664874274283648
0.001811283640563488
0.001504704705439508
0.0022694426588714123
0.0018317925278097391
0.0013598405057564378
0.001389124896377325
0.001913675107061863
0.0013909231638535857
0.001363757997751236
0.001081370166502893
0.0011965276207774878
0.001471480238251388
0.0013386162463575602
0.0008957767859101295
0.001627229736186564
0.0008330228738486767
0.001211990020237863
0.0008054630598053336
0.0010903835063800216
0.0008792695589363575
0.0008660684106871486
0.000684603292029351
0.0012197396717965603
0.0012542480835691094
0.0007449561962857842
0.0006308495649136603
0.000743724696803838
0.001337594585493207
0.00047159689711406827
0.0008940697880461812
0.0007664044387638569
0.00128848641179502
0.0011046751169487834
0.00040840619476512074
0.0012710995506495237
0.0007869519176892936
0.0010760866571217775
-4.965926170349121
-17.883914947509766
-18.85276985168457
-11.390904426574707
-8.316347122192383
-9.2418851852417
-5.83505392074585
-7.246959686279297
-7.647711277008057
-4.518177032470703
-4.19785737991333
-2.2510223388671875
-2.354325532913208
-2.884204626083374
-2.229536294937134
-3.127089738845825
-2.0701377391815186
-2.918835163116455
-3.542259693145752
-3.1150941848754883
-3.680959701538086
-3.8663406372070312
-3.864943742752075
-2.928825616836548
-2.802426815032959
-4.020349025726318
-4.412729263305664
-5.090843200683594
-5.617291450500488
-4.98281717300415
-4.896618366241455
-5.115878105163574
-5.477837562561035
-6.387468338012695
-6.113696575164795
-5.766228199005127
-5.673741340637207
-6.458464622497559
-6.709773063659668
-7.058979034423828
-6.779109954833984
-6.878556251525879
-7.9552001953125
-8.237524032592773
-7.51488733291626
-7.4475297927856445
-7.671988487243652
-7.6131720542907715
-7.227550506591797
-7.889318943023682
-8.518243789672852
-7.758184909820557
-8.319940567016602
-8.828476905822754
-8.903882026672363
-8.37338638305664
-8.727415084838867
-9.412692070007324
-9.867968559265137
-10.680351257324219
-9.812079429626465
-9.664838790893555
-9.713016510009766
-9.598426818847656
-10.137967109680176
-11.30612850189209
-10.618204116821289
-10.852334976196289
-10.460844039916992
-10.66278076171875
-10.679510116577148
-11.354593276977539
-12.767416000366211
-11.681002616882324
-11.516939163208008
-12.264094352722168
-12.22794246673584
-12.6416015625
-13.047922134399414
-12.806734085083008
-13.915559768676758
-13.455781936645508
-14.0413818359375
-13.196270942687988
-12.884572982788086
-12.939191818237305
-15.008990287780762
-14.733410835266113
-15.290763854980469
-14.392382621765137
-14.442068099975586
-14.687861442565918
-15.391984939575195
-15.887486457824707
-15.595622062683105
-16.177030563354492
-15.981425285339355
-16.164094924926758
-15.573895454406738
-15.922243118286133
-17.138092041015625
-15.869657516479492
-4.793463230133057
-6.087080478668213
0.005809198133647442
0.005713969934731722
0.007394557353109121
0.007319062948226929
0.007287224289029837
0.006726326886564493
0.0069306232035160065
0.006820414215326309
0.006693705916404724
0.006710944231599569
0.007015103939920664
0.006096880882978439
0.006824962794780731
0.006125509273260832
0.006339162588119507
0.006066610105335712
0.006428764201700687
0.006381564773619175
0.005697780288755894
0.006462813355028629
0.0053816852159798145
0.005886244587600231
0.005541457328945398
0.005889136344194412
0.005608980543911457
0.005308068357408047
0.004897414240986109
0.005501045845448971
0.004850900266319513
0.005113938357681036
0.005051314365118742
0.004453367553651333
0.005063979420810938
0.004885668866336346
0.004398723598569632
0.0043047452345490456
0.004421266261488199
0.004299792926758528
0.003547330154106021
0.004087743349373341
0.004447851330041885
0.003270690096542239
0.0036267992109060287
0.0034809347707778215
0.003005008213222027
0.0031730022747069597
0.003513649106025696
0.002402573823928833
0.003137437626719475
0.0030533387325704098
0.00234690448269248
0.002846001647412777
0.0026600242126733065
0.002064146101474762
0.002726103411987424
0.0018261406803503633
0.0017444624099880457
0.0023890454322099686
0.0015961471945047379
0.0022367245983332396
0.0020953179337084293
0.0018766990397125483
0.0014009049627929926
0.001400538720190525
0.00146234140265733
0.0015548458322882652
0.0012094301637262106
0.0013602485414594412
0.0016317160334438086
0.0015488998033106327
0.0006605398957617581
0.0016506928950548172
0.0011074533686041832
0.0010864201467484236
0.0010180531535297632
0.001231352100148797
0.0013682767748832703
0.0007809664239175618
0.001190349692478776
0.0006804325385019183
0.0006867983611300588
0.0016811288660392165
0.0007216691737994552
0.0007953940657898784
0.0009302180260419846
0.0012126646470278502
0.0006626262911595404
0.0008274398860521615
0.0011938151437789202
0.0007203343557193875
0.0011571687646210194
0.0006285355775617063
0.0010396158322691917
0.0016174446791410446
0.0003650210564956069
0.0009864014573395252
-1.7629671096801758
-13.192828178405762
-17.137062072753906
-10.021053314208984
-9.650873184204102
-17.157176971435547
-7.203422546386719
-6.825408935546875
-3.157608985900879
-1.6013762950897217
-2.5390536785125732
-1.3931657075881958
-2.5513081550598145
-2.8356969356536865
-2.2383687496185303
-1.7375552654266357
-2.0657663345336914
-2.223764419555664
-2.564084053039551
-2.235987424850464
-3.5561606884002686
-3.197070598602295
-3.6091511249542236
-4.0002593994140625
-4.524334907531738
-4.251347541809082
-3.8890984058380127
-4.165331840515137
-5.315424919128418
-4.502781867980957
-4.954530239105225
-4.802541255950928
-5.127798557281494
-5.723056316375732
-6.140925407409668
-6.565133571624756
-6.401637077331543
-6.895071983337402
-6.554747104644775
-7.394824981689453
-6.306366920471191
-7.4815545082092285
-8.382997512817383
-7.128747463226318
-7.260788917541504
-7.543826103210449
-7.55179500579834
-8.265278816223145
-7.41323709487915
-8.218366622924805
-7.858201503753662
-8.51801586151123
-9.098246574401855
-9.600096702575684
-9.024999618530273
-9.16828441619873
-9.166136741638184
-9.404670715332031
-8.587369918823242
-9.15755558013916
-9.430920600891113
-10.678558349609375
-11.069281578063965
-10.586125373840332
-10.416780471801758
-11.176624298095703
-11.144028663635254
-11.180868148803711
-11.626619338989258
-11.402429580688477
-11.276379585266113
-10.639753341674805
-11.133301734924316
-12.035744667053223
-12.779742240905762
-11.915684700012207
-12.003996849060059
-12.739020347595215
-12.770196914672852
-13.203608512878418
-13.732583999633789
-13.383188247680664
-13.996928215026855
-13.20295524597168
-13.65667724609375
-13.127828598022461
-14.13377857208252
-14.727373123168945
-15.34166145324707
-15.06750202178955
-15.824623107910156
-15.662019729614258
-15.0053129196167
-15.228642463684082
-15.823100090026855
-15.729949951171875
-16.68399429321289
-15.803861618041992
-16.8183536529541
-16.723581314086914
-17.282194137573242
-16.16240882873535
-4.293606281280518
-4.591675758361816
0.005819690879434347
0.006174610927700996
0.006634541787207127
0.007256037555634975
0.007619434501975775
0.006489603314548731
0.00694675650447607
0.007013439200818539
0.006591332145035267
0.006917058490216732
0.006541886366903782
0.00682866433635354
0.006392629351466894
0.006589801516383886
0.006095738150179386
0.006068218033760786
0.006034103222191334
0.005991462618112564
0.006340573076158762
0.005555223673582077
0.006282207556068897
0.00587597768753767
0.005908678285777569
0.005547272972762585
0.00585456658154726
0.004888060037046671
0.005162857938557863
0.00505470484495163
0.005656029563397169
0.004553062841296196
0.004924590699374676
0.004886853042989969
0.00423937663435936
0.004565870855003595
0.004731473978608847
0.00412397924810648
0.00442037358880043
0.004202630836516619
0.003911161795258522
0.004000444430857897
0.004271548241376877
0.0035871558357030153
0.0030332887545228004
0.003537838812917471
0.003584548830986023
0.002895168960094452
0.003177957609295845
0.0029176264069974422
0.0032271952368319035
0.0026840525679290295
0.0030282021034508944
0.0027619185857474804
0.0024363778065890074
0.0023022685199975967
0.002492880215868354
0.0022037301678210497
0.0023108082823455334
0.0018636813620105386
0.0028514773584902287
0.0013206558069214225
0.002349723596125841
0.001571017550304532
0.0016118219355121255
0.0020680923480540514
0.0019368019420653582
0.0015490410150960088
0.0016589376609772444
0.0011836952762678266
0.0014489846071228385
0.0016079783672466874
0.0014485479332506657
0.0007050870917737484
0.0011171929072588682
0.0012612093705683947
0.001267463667318225
0.0016513053560629487
0.0007854324067011476
0.0009715610067360103
0.0009939972078427672
0.0008036959916353226
0.0013633925700560212
0.0008026061696000397
0.0008941635605879128
0.001006163889542222
0.0006287351134233177
0.001082840608432889
0.0009170944103971124
0.0010275545064359903
0.0008765205857343972
0.0006097820587456226
0.0013406823854893446
0.0015861274441704154
0.0008050732431001961
0.0007542138337157667
0.0015588109381496906
0.00016269207117147744
-3.018042802810669
-14.761297225952148
-17.58233642578125
-11.278543472290039
-8.003374099731445
-9.63904094696045
-6.183297157287598
-5.046465873718262
-4.571880340576172
-3.5729026794433594
-4.028399467468262
-3.2261719703674316
-2.6308817863464355
-2.2320754528045654
-2.234482526779175
-2.5822336673736572
-3.0237202644348145
-2.8692688941955566
-2.355576992034912
-3.7043967247009277
-2.947084903717041
-3.2999110221862793
-3.999124050140381
-3.921090602874756
-3.160203456878662
-4.236355781555176
-3.97916841506958
-4.741878986358643
-4.9870195388793945
-5.276879787445068
-5.0067596435546875
-5.445798397064209
-6.292840003967285
-6.277652740478516
-6.236286640167236
-6.669929504394531
-6.095954895019531
-5.827297687530518
-5.957851409912109
-6.003795146942139
-7.252798557281494
-6.568080902099609
-6.296629428863525
-6.705174446105957
-7.3428144454956055
-7.906731605529785
-8.184961318969727
-8.152921676635742
-8.156194686889648
-8.728464126586914
-7.981016635894775
-8.317822456359863
-8.198431015014648
-8.677751541137695
-9.670613288879395
-10.071769714355469
-9.229155540466309
-9.475539207458496
-9.656911849975586
-10.046554565429688
-10.64464282989502
-9.769983291625977
-10.443212509155273
-10.127143859863281
-10.116352081298828
-9.3423490524292
-9.918025016784668
-11.894205093383789
-10.704957962036133
-11.7010498046875
-12.138769149780273
-12.292362213134766
-12.074783325195312
-11.926297187805176
-12.950780868530273
-13.19189167022705
-12.377355575561523
-12.861432075500488
-13.387655258178711
-12.84772777557373
-13.53777027130127
-12.988897323608398
-12.439059257507324
-13.572713851928711
-12.881629943847656
-14.787897109985352
-14.045156478881836
-14.130796432495117
-14.495816230773926
-13.610107421875
-14.688499450683594
-14.490397453308105
-14.774438858032227
-15.113935470581055
-14.658961296081543
-15.294062614440918
-14.898256301879883
-15.737861633300781
-16.86686134338379
-16.619935989379883
-17.25632667541504
-15.234563827514648
-1.600759506225586
-5.0420966148376465
0.006720921956002712
0.0054696351289749146
0.00724916672334075
0.007219427265226841
0.007205924950540066
0.007338474504649639
0.006663070060312748
0.007293583359569311
0.0066060870885849
0.006639155559241772
0.006653395481407642
0.006642067339271307
0.006486090365797281
0.006301915738731623
0.006642093416303396
0.006305298767983913
0.00638666981831193
0.0059918868355453014
0.006271223071962595
0.0062422603368759155
0.005645453929901123
0.00610637292265892
0.005662121810019016
0.006009778939187527
0.00517680961638689
0.005521613173186779
0.005756293423473835
0.0048427702859044075
0.005115802399814129
0.005631056614220142
0.004636045545339584
0.004755003843456507
0.004665071610361338
0.004528976511210203
0.004448200110346079
0.003904677927494049
0.0046351030468940735
0.003932268358767033
0.00404284056276083
0.003946283832192421
0.0036984223406761885
0.003692441387102008
0.003859166754409671
0.0033569256775081158
0.0031456463038921356
0.0033210720866918564
0.0035130209289491177
0.0027988676447421312
0.0027464230079203844
0.003032554406672716
0.002841498237103224
0.002810139674693346
0.002315108897164464
0.0022444799542427063
0.0023103361018002033
0.002787852194160223
0.0023605343885719776
0.0019542756490409374
0.0016686574090272188
0.0021208482794463634
0.002009417163208127
0.0021842338610440493
0.0008844930562190711
0.0024536866694688797
0.001202976331114769
0.0015273606404662132
0.001799210673198104
0.0012361006811261177
0.0015471770893782377
0.0012983829947188497
0.0013231808552518487
0.001062516588717699
0.001240138546563685
0.0009801607811823487
0.001240719691850245
0.0008058476960286498
0.0014902543043717742
0.0008619317668490112
0.0007312657544389367
0.0008879915694706142
0.0012144692009314895
0.0009602530626580119
0.0012369153555482626
0.0006828958867117763
0.00046763551654294133
0.0008696417207829654
0.0011179387802258134
0.001052789855748415
0.0010790427913889289
0.00044026272371411324
0.0010476800380274653
0.0011587010230869055
0.0014294509310275316
0.0009276651544496417
0.0009922340977936983
0.0009479989530518651
-5.977936744689941
-18.337688446044922
-20.250341415405273
-10.803916931152344
-9.387837409973145
-8.5010986328125
-5.178993225097656
-4.2862324714660645
-2.8390581607818604
-2.367083787918091
-2.4139928817749023
-1.976011037826538
-1.7859210968017578
-1.9283403158187866
-1.9898169040679932
-2.5417792797088623
-2.6783645153045654
-2.1319358348846436
-2.7954132556915283
-2.433171033859253
-2.286961078643799
-2.7841904163360596
-3.9251513481140137
-3.5369467735290527
-3.744097948074341
-3.8932642936706543
-3.5628890991210938
-4.780567169189453
-4.178743839263916
-5.5572710037231445
-4.411774158477783
-5.456519603729248
-5.207074165344238
-4.521456718444824
-5.803086280822754
-5.6989850997924805
-6.044444561004639
-7.120182037353516
-6.91094970703125
-6.884912014007568
-7.8981614112854
-7.9666290283203125
-7.464974880218506
-8.392568588256836
-7.1880693435668945
-6.740469932556152
-8.235956192016602
-8.077600479125977
-8.328042984008789
-8.039630889892578
-7.790989875793457
-8.055204391479492
-8.202995300292969
-8.260061264038086
-9.011085510253906
-8.984246253967285
-9.02418041229248
-8.63611125946045
-8.942903518676758
-9.121145248413086
-9.998611450195312
-10.568100929260254
-9.701016426086426
-10.793821334838867
-11.562871932983398
-10.258694648742676
-10.683218002319336
-10.76830005645752
-10.553956985473633
-10.51702880859375
-10.827436447143555
-11.263337135314941
-12.354829788208008
-11.603493690490723
-11.757411003112793
-11.855571746826172
-12.700543403625488
-12.074627876281738
-13.042193412780762
-12.956576347351074
-13.337664604187012
-12.969438552856445
-13.098884582519531
-14.000898361206055
-13.829811096191406
-13.874860763549805
-14.428060531616211
-13.99363899230957
-15.406381607055664
-14.918072700500488
-15.5118408203125
-14.670031547546387
-14.747881889343262
-15.6766357421875
-15.558578491210938
-16.349199295043945
-17.241601943969727
-16.523208618164062
-16.170635223388672
-16.10126304626465
-16.27391242980957
-16.575485229492188
-3.9275295734405518
-4.263083457946777
0.005883372854441404
0.006307038478553295
0.0068302638828754425
0.0072069307789206505
0.0073681967332959175
0.006849377416074276
0.006673262920230627
0.006940849125385284
0.006435899995267391
0.006913055665791035
0.006729861255735159
0.006194917485117912
0.006958035286515951
0.006594670005142689
0.006010065320879221
0.0064800507389009
0.006009671371430159
0.006511896848678589
0.0055997734889388084
0.006312466226518154
0.005830186419188976
0.005898372735828161
0.005453054793179035
0.0057967836037278175
0.005604077130556107
0.005409856326878071
0.005272363778203726
0.005527688190340996
0.004901351407170296
0.005266084801405668
0.00484031205996871
0.004614128265529871
0.0048971595242619514
0.004540192894637585
0.004918981343507767
0.0040285238064825535
0.003922570962458849
0.004421762190759182
0.0038046054542064667
0.0035801385529339314
0.004383605904877186
0.003459695726633072
0.0036194813437759876
0.003306917380541563
0.0034801859874278307
0.0032989406026899815
0.0030960652511566877
0.0026350831612944603
0.003390656318515539
0.0028614127077162266
0.002533934311941266
0.0027453217189759016
0.0021723650861531496
0.0025905959773808718
0.002332119271159172
0.0018378548556938767
0.00249101547524333
0.002356634009629488
0.002037902595475316
0.0017620647558942437
0.0014336381573230028
0.0021558471489697695
0.0017047729343175888
0.002274278085678816
0.0010787572246044874
0.0011230717645958066
0.002064390806481242
0.0015390447806566954
0.0011784837115556002
0.0015523999463766813
0.001436154474504292
0.0012086121132597327
0.000990985194221139
0.00048579013673588634
0.00173000933136791
0.001273159054107964
0.00044747459469363093
0.0007396154687739909
0.0015262712258845568
0.0010602554539218545
0.0005049457540735602
0.0006090641254559159
0.0014205024344846606
0.0007675611414015293
0.000635024975053966
0.0009325010469183326
0.0010239920811727643
0.0011094051878899336
0.00017161104187835008
0.001377028995193541
0.0009551356779411435
0.0014438956277444959
0.0007777676801197231
0.00028456171276047826
0.0018425027374178171
0.0011685305507853627
-7.6439104080200195
-20.253646850585938
-21.565105438232422
-12.931863784790039
-9.478242874145508
-17.62689781188965
-5.80349063873291
-7.537777900695801
-4.0296311378479
-1.4809011220932007
-1.3405474424362183
-1.4085564613342285
-2.4896621704101562
-2.7338826656341553
-2.5730106830596924
-2.6708602905273438
-1.9059295654296875
-2.4639878273010254
-3.0561726093292236
-2.8625423908233643
-2.1753742694854736
-2.6697335243225098
-3.218052625656128
-3.218093156814575
-3.5839035511016846
-3.580670118331909
-3.88934588432312
-4.094217777252197
-5.435366153717041
-4.348079204559326
-4.816632270812988
-4.758022308349609
-5.540403842926025
-5.61599063873291
-5.4808149337768555
-5.920008659362793
-7.19252872467041
-6.33937931060791
-7.096444606781006
-6.634076118469238
-7.308899879455566
-7.476546287536621
-7.21639347076416
-8.002042770385742
-7.928774356842041
-8.322244644165039
-8.161538124084473
-7.328421592712402
-7.608961582183838
-8.035451889038086
-8.503494262695312
-9.165486335754395
-8.86320686340332
-9.076260566711426
-8.911266326904297
-9.04802131652832
-8.276209831237793
-8.803476333618164
-10.143216133117676
-11.01417350769043
-10.507817268371582
-10.565047264099121
-10.18786334991455
-10.802339553833008
-10.300981521606445
-10.327103614807129
-10.386765480041504
-10.03162670135498
-11.200544357299805
-10.86205768585205
-11.452138900756836
-11.738565444946289
-12.234785079956055
-12.66841983795166
-11.527120590209961
-12.312226295471191
-12.39853572845459
-12.515054702758789
-13.057668685913086
-12.580945014953613
-12.790205001831055
-12.662179946899414
-12.921528816223145
-12.599979400634766
-13.510953903198242
-14.298612594604492
-13.555270195007324
-13.614977836608887
-13.856756210327148
-14.642539978027344
-14.140348434448242
-15.442570686340332
-15.016317367553711
-14.462634086608887
-14.78248119354248
-15.436017036437988
-15.288983345031738
-16.380294799804688
-16.591203689575195
-16.353069305419922
-16.711345672607422
-15.432528495788574
-3.9660403728485107
-4.577089786529541
0.0057501522824168205
0.006571164820343256
0.006848522927612066
0.007448539137840271
0.007272533141076565
0.006713650189340115
0.006648741662502289
0.006918647326529026
0.006728605832904577
0.006826458033174276
0.006816939916461706
0.006295994855463505
0.0063707260414958
0.006375414784997702
0.006942339241504669
0.0058161597698926926
0.006530226208269596
0.0060800230130553246
0.005967503413558006
0.0059045348316431046
0.005947991274297237
0.005378991365432739
0.006068037357181311
0.005961715243756771
0.005255500786006451
0.005016012582927942
0.00558105856180191
0.00478609511628747
0.00518487673252821
0.00514111015945673
0.004911365453153849
0.004354288335889578
0.004840952344238758
0.004843350499868393
0.00406681327149272
0.004815635271370411
0.003753058612346649
0.004562419839203358
0.003496382385492325
0.00385461188852787
0.004059409257024527
0.00357956369407475
0.0037108759861439466
0.003162720473483205
0.0032345212530344725
0.003303517820313573
0.0030779773369431496
0.003108945908024907
0.0031158628407865763
0.0022493088617920876
0.0035282247699797153
0.002688719192519784
0.002462441800162196
0.002707813400775194
0.0019130564760416746
0.0023382920771837234
0.002415185561403632
0.0020306145306676626
0.0017615609103813767
0.0022671078331768513
0.0013924527447670698
0.00196222891099751
0.0022810124792158604
0.0012369411997497082
0.0016138593200594187
0.001650725258514285
0.0013917959295213223
0.001615624874830246
0.0011770569253712893
0.0014465462882071733
0.0013255398953333497
0.0007492274744436145
0.0015335867647081614
0.00126134161837399
0.0009979007299989462
0.0010550532024353743
0.0013591162860393524
0.0012310224119573832
0.0007263378938660026
0.000914473261218518
0.0011705098440870643
0.001375861233100295
0.0005674435524269938
0.0010999293299391866
0.0010363929904997349
0.0011453550541773438
0.0006894323159940541
0.001032504835166037
0.0010338311549276114
0.001104898052290082
0.0009902402525767684
0.000803997740149498
0.001374202431179583
0.0009439410641789436
0.0014036120846867561
0.0008067337912507355
-6.711867332458496
-18.389057159423828
-23.359346389770508
-13.546257019042969
-13.29231071472168
-11.285293579101562
-8.040377616882324
-5.867316246032715
-4.071425914764404
-2.878877878189087
-2.247368812561035
-3.268268585205078
-2.840378761291504
-2.4535515308380127
-2.2975142002105713
-2.0862746238708496
-3.1674585342407227
-3.7299182415008545
-2.2155816555023193
-2.6611456871032715
-2.8100693225860596
-3.6759350299835205
-4.509303569793701
-3.484922409057617
-3.269909381866455
-3.490471601486206
-3.37962007522583
-4.50010347366333
-4.337296962738037
-5.197403907775879
-5.319188594818115
-4.7662835121154785
-5.672507286071777
-5.805754661560059
-6.2183942794799805
-6.4134979248046875
-6.7181596755981445
-7.305159568786621
-6.488994598388672
-6.849413871765137
-6.8181562423706055
-7.641406059265137
-6.587534427642822
-7.808401584625244
-8.317120552062988
-7.754866123199463
-7.456929683685303
-7.886334419250488
-8.267791748046875
-7.800625801086426
-8.840323448181152
-8.67851448059082
-8.223177909851074
-8.92097282409668
-9.290456771850586
-8.625707626342773
-10.34626579284668
-9.551040649414062
-9.818219184875488
-10.13309383392334
-10.107870101928711
-10.191882133483887
-9.849700927734375
-10.620442390441895
-10.047176361083984
-11.2008638381958
-10.128886222839355
-10.639681816101074
-11.891167640686035
-11.291852951049805
-10.780590057373047
-12.369482040405273
-11.469622611999512
-11.305803298950195
-12.290277481079102
-11.962910652160645
-12.26451587677002
-12.314531326293945
-12.839853286743164
-12.689037322998047
-13.042388916015625
-13.5518217086792
-12.440423965454102
-13.431843757629395
-14.466171264648438
-13.603309631347656
-13.491131782531738
-13.643850326538086
-14.814021110534668
-14.949831008911133
-15.305506706237793
-14.616086959838867
-15.360185623168945
-15.208361625671387
-14.808969497680664
-16.013935089111328
-16.200572967529297
-16.414531707763672
-16.52117919921875
-16.7630672454834
-16.878658294677734
-16.103008270263672
-4.690776824951172
-5.172695636749268
0.005607695784419775
0.006309391465038061
0.0069947331212460995
0.007113934960216284
0.0073189884424209595
0.006593489088118076
0.006733404938131571
0.007271517999470234
0.006391098257154226
0.006792028434574604
0.006773991975933313
0.00662255147472024
0.006455852650105953
0.00617769593372941
0.006815052125602961
0.006238834001123905
0.006219641771167517
0.0057187555357813835
0.006063056644052267
0.0062208292074501514
0.005673651583492756
0.005613162647932768
0.006054956931620836
0.005486981011927128
0.005726643837988377
0.005261304322630167
0.005549524910748005
0.005474663805216551
0.005087337456643581
0.005296879913657904
0.004916662350296974
0.00498626846820116
0.0042172567918896675
0.00442917738109827
0.0049926540814340115
0.004391873721033335
0.00415047537535429
0.004331633914262056
0.0033596486318856478
0.0043919021263718605
0.003948564641177654
0.0036249395925551653
0.0032582865096628666
0.0038405531086027622
0.0025729790795594454
0.0036856424994766712
0.0032747704535722733
0.0032492291647940874
0.002967484062537551
0.0024566762149333954
0.003065087366849184
0.0026469130534678698
0.0027506996411830187
0.002828212920576334
0.0020942548289895058
0.0019577122293412685
0.00255381828173995
0.0012861746363341808
0.00259174732491374
0.0018734082113951445
0.0015410755295306444
0.0018843772122636437
0.0018307644641026855
0.0016927473479881883
0.0015858355909585953
0.0012016550172120333
0.0011919884709641337
0.0023842272348701954
0.0010236932430416346
0.0009704933618195355
0.0013545086840167642
0.0013073731679469347
0.0006602694047614932
0.0012977432925254107
0.001412200159393251
0.001728613511659205
0.00043257157085463405
0.0007552754832431674
0.001198080601170659
0.0008380991639569402
0.0010157530196011066
0.0007250572089105844
0.0011789558921009302
0.0005835777265019715
0.0009594735456630588
0.0010253636864945292
8.295958105009049e-05
0.0015965534839779139
0.0015893944073468447
0.00018860310956370085
0.000881277781445533
0.001013358822092414
0.0011464530834928155
0.00023509238963015378
0.001100064953789115
0.0014602203154936433
-1.7935909032821655
-12.632536888122559
-16.675947189331055
-9.9034423828125
-11.135342597961426
-16.92129135131836
-6.785109043121338
-6.969933986663818
-3.462317943572998
-1.1245768070220947
-1.752375602722168
-1.1937847137451172
-1.8389203548431396
-2.519491195678711
-2.035318613052368
-2.4573302268981934
-2.5387349128723145
-1.7666022777557373
-2.731855869293213
-2.850282669067383
-3.756645679473877
-3.642634868621826
-3.5922539234161377
-3.5659523010253906
-3.2707982063293457
-3.7307822704315186
-4.770764350891113
-3.959700345993042
-5.204170227050781
-4.4100141525268555
-5.5441741943359375
-5.295159816741943
-5.929042816162109
-6.860270023345947
-6.787928581237793
-6.440506935119629
-5.976651191711426
-6.992927551269531
-7.238219261169434
-6.828207969665527
-6.427848815917969
-6.644887447357178
-6.868686676025391
-7.299932956695557
-8.191804885864258
-8.308938980102539
-7.853472709655762
-8.029125213623047
-8.516313552856445
-8.827543258666992
-8.833002090454102
-8.987825393676758
-8.647348403930664
-8.291179656982422
-8.683073997497559
-9.76828670501709
-10.63806438446045
-10.32190990447998
-9.713894844055176
-9.256702423095703
-10.00732421875
-9.44482707977295
-9.647014617919922
-10.04694652557373
-10.581000328063965
-11.900995254516602
-9.995657920837402
-11.055028915405273
-10.705212593078613
-11.585808753967285
-11.357993125915527
-11.918107986450195
-12.416104316711426
-12.40068244934082
-12.123092651367188
-12.992996215820312
-11.993990898132324
-11.636789321899414
-11.832230567932129
-12.364360809326172
-12.58785343170166
-12.955784797668457
-12.614851951599121
-13.63617992401123
-12.612387657165527
-13.17609691619873
-13.825666427612305
-14.293525695800781
-13.54936408996582
-14.206056594848633
-14.159990310668945
-14.99622631072998
-15.865321159362793
-15.4783296585083
-15.557108879089355
-15.154194831848145
-15.399581909179688
-16.003751754760742
-14.989850997924805
-15.531085014343262
-16.024675369262695
-15.330984115600586
-3.730259656906128
-4.521851539611816
0.005952219013124704
0.006174538284540176
0.006597422994673252
0.00682324031367898
0.007325275335460901
0.006796711124479771
0.007113505154848099
0.006524817552417517
0.006993822753429413
0.006686504930257797
0.006574664264917374
0.00664287805557251
0.0066123404540121555
0.006152026820927858
0.006423573940992355
0.006232590414583683
0.005930971819907427
0.006246183067560196
0.006207757629454136
0.0062089478597044945
0.005584879778325558
0.0062699830159544945
0.005707745440304279
0.005194880999624729
0.006004686467349529
0.00590248079970479
0.0049570901319384575
0.005345892161130905
0.005389299709349871
0.004561033099889755
0.005067556165158749
0.0047147078439593315
0.004934133030474186
0.004615992307662964
0.004167047329246998
0.004843312315642834
0.004209139849990606
0.0038572989869862795
0.003903314471244812
0.004023613873869181
0.0036620437167584896
0.003953767009079456
0.0037958030588924885
0.003831094829365611
0.003240589750930667
0.0032899677753448486
0.0033017094247043133
0.0031878710724413395
0.002469134284183383
0.002959227655082941
0.00282488064840436
0.0025185770355165005
0.0023667493369430304
0.0026227179914712906
0.0016575794434174895
0.0026594907976686954
0.0024154684506356716
0.0017621449660509825
0.001712221303023398
0.002306277398020029
0.0016030179103836417
0.002047180663794279
0.0014157970435917377
0.0020911134779453278
0.0014868988655507565
0.0012164463987573981
0.0016596453497186303
0.001547115738503635
0.0012025326723232865
0.001433430821634829
0.001480832346715033
0.0008803092059679329
0.001132062985561788
0.0008954402874223888
0.0012803322169929743
0.0013584294356405735
0.000928400200791657
0.0010867764940485358
0.00042179497540928423
0.001510647707618773
0.00043049166561104357
0.0010192033369094133
0.0011996758403256536
0.000818379339762032
0.0010446148226037621
0.0006226573023013771
0.0007363185286521912
0.0007569380104541779
0.0012693024473264813
0.00031778105767443776
0.0012808560859411955
0.0010586214484646916
0.0003561386256478727
0.0013488498516380787
0.0005509367329068482
0.0018928686622530222
-7.989677429199219
-20.49593734741211
-24.946025848388672
-13.971211433410645
-13.735254287719727
-12.656454086303711
-7.644991874694824
-5.748484134674072
-3.955479145050049
-3.37147855758667
-2.4715518951416016
-3.108680486679077
-2.556189775466919
-2.3149173259735107
-2.802156448364258
-2.5286476612091064
-2.6502950191497803
-2.514594793319702
-2.6846206188201904
-2.636636257171631
-2.8871448040008545
-3.350581407546997
-3.684386730194092
-3.297971725463867
-4.172268867492676
-4.598512172698975
-4.818057060241699
-4.228674411773682
-4.068901538848877
-5.332841873168945
-5.148728370666504
-4.9828386306762695
-6.153704643249512
-5.239938259124756
-5.271615982055664
-5.503019332885742
-5.8315887451171875
-7.1174798011779785
-6.8945465087890625
-6.939321041107178
-7.021354675292969
-7.234335899353027
-7.306159973144531
-6.373804569244385
-7.802195072174072
-7.861283302307129
-8.661571502685547
-7.838830471038818
-8.148869514465332
-8.484694480895996
-8.45744514465332
-7.944464206695557
-8.60937786102295
-9.161288261413574
-9.16292667388916
-8.337224006652832
-9.028597831726074
-8.906119346618652
-9.480971336364746
-10.426066398620605
-10.82558536529541
-9.649020195007324
-10.6049165725708
-9.885971069335938
-10.470170021057129
-11.181772232055664
-11.037851333618164
-10.653411865234375
-10.547017097473145
-11.205190658569336
-11.284481048583984
-11.142391204833984
-11.140975952148438
-12.330201148986816
-11.6551513671875
-11.874677658081055
-12.574000358581543
-12.292455673217773
-12.447654724121094
-12.839727401733398
-12.815223693847656
-13.054437637329102
-13.845705032348633
-13.840490341186523
-13.403447151184082
-14.650903701782227
-14.282663345336914
-14.024310111999512
-13.556805610656738
-14.299497604370117
-15.361480712890625
-14.33948040008545
-14.789738655090332
-15.619450569152832
-15.031438827514648
-15.832082748413086
-15.822680473327637
-15.632659912109375
-16.423765182495117
-15.734431266784668
-16.4166316986084
-16.22170639038086
-2.1935558319091797
-5.366864204406738
0.0068346476182341576
0.005029985681176186
0.007348638027906418
0.007003955543041229
0.007204903755337
0.006954676005989313
0.006839772220700979
0.0068381354212760925
0.006629530340433121
0.00701070437207818
0.0067993467673659325
0.006526575423777103
0.00614030659198761
0.006708989851176739
0.006295923143625259
0.006268304772675037
0.006133284419775009
0.0062025077641010284
0.006346953567117453
0.005940412636846304
0.005613530986011028
0.006202546879649162
0.005407450720667839
0.005741538945585489
0.0057500810362398624
0.0052027530036866665
0.005333826877176762
0.0053105135448277
0.004991155117750168
0.005262184422463179
0.004466786049306393
0.004783143755048513
0.004516684450209141
0.004669571295380592
0.0047326465137302876
0.004443696700036526
0.004219225607812405
0.004105748608708382
0.0038721226155757904
0.004199349787086248
0.0036194324493408203
0.0034528530668467283
0.004037785809487104
0.0032832459546625614
0.0031541488133370876
0.0030911643989384174
0.0034494511783123016
0.002777614165097475
0.003335127141326666
0.002421832177788019
0.003143367823213339
0.0025777278933674097
0.0020424206741154194
0.0027244198136031628
0.001903739059343934
0.002650307025760412
0.0020113831851631403
0.0018305983394384384
0.002404260914772749
0.0018750589806586504
0.0018759366357699037
0.0013166858116164804
0.0022176627535372972
0.0015756126958876848
0.0018696615006774664
0.0012023277813568711
0.001827914617024362
0.001211850787512958
0.0014475327916443348
0.0014206540072336793
0.0013503603404387832
0.0017982261488214135
0.0008954113582149148
0.0011388164712116122
0.0009664288954809308
0.0008615738479420543
0.0013865602668374777
0.000997921684756875
0.001248238142579794
0.0007487350958399475
0.00048378732753917575
0.0010811005486175418
0.0006184493540786207
0.0008334143785759807
0.0012816786766052246
0.0005903773126192391
0.0012879112036898732
0.0009441959555260837
0.0003037896822206676
0.0009003931772895157
0.001385762239806354
0.0009394452208653092
0.0010502407094463706
0.0010293591767549515
0.0006874378304928541
0.0011306267697364092
-4.667509078979492
-18.257320404052734
-19.327890396118164
-11.392708778381348
-7.007521629333496
-15.283960342407227
-5.307369232177734
-7.994210720062256
-5.944160461425781
-2.5464608669281006
-2.7295024394989014
-1.290814757347107
-1.809618592262268
-2.8584673404693604
-1.7651593685150146
-2.7415788173675537
-2.8511669635772705
-1.9338855743408203
-2.7640106678009033
-2.6151890754699707
-1.9782750606536865
-3.4846153259277344
-3.7949085235595703
-3.2804901599884033
-3.2617650032043457
-3.988635301589966
-3.9426536560058594
-4.672684192657471
-4.341752529144287
-4.685416221618652
-5.336330890655518
-5.786897659301758
-6.19833517074585
-5.849740982055664
-6.5662689208984375
-5.643657684326172
-6.62332820892334
-6.837206840515137
-6.7766242027282715
-7.468350887298584
-7.473570346832275
-7.529097557067871
-7.1023993492126465
-7.125059604644775
-7.841462135314941
-7.604395389556885
-7.422464847564697
-8.28522777557373
-8.160378456115723
-9.4168119430542
-9.813074111938477
-8.794718742370605
-8.498064041137695
-8.82584285736084
-8.360626220703125
-9.499776840209961
-9.216684341430664
-8.985445976257324
-9.752946853637695
-9.7696533203125
-10.191340446472168
-10.396312713623047
-11.194805145263672
-10.68421745300293
-11.545448303222656
-11.045012474060059
-11.189581871032715
-10.408918380737305
-11.427385330200195
-11.870187759399414
-11.031621932983398
-12.191428184509277
-12.272416114807129
-12.786163330078125
-12.198843002319336
-12.845817565917969
-12.1798677444458
-11.669057846069336
-11.886991500854492
-12.042703628540039
-12.797916412353516
-12.974955558776855
-13.627771377563477
-13.412368774414062
-13.248802185058594
-13.101654052734375
-14.279220581054688
-13.557744026184082
-14.37775993347168
-13.96320915222168
-14.443740844726562
-15.297937393188477
-14.363012313842773
-14.96165943145752
-14.981114387512207
-16.371492385864258
-14.968485832214355
-15.489285469055176
-16.09949493408203
-15.549351692199707
-16.429271697998047
-14.872665405273438
-4.062524318695068
-4.581313133239746
0.005949215032160282
0.006051169708371162
0.006498795934021473
0.007626581937074661
0.007193834986537695
0.006663481704890728
0.00681117782369256
0.006940457038581371
0.006838573608547449
0.006650194525718689
0.006620056927204132
0.006615872029215097
0.006845635361969471
0.006036403123289347
0.006610211916267872
0.006165663246065378
0.0063523417338728905
0.005999547895044088
0.005945626646280289
0.0063225626945495605
0.005887763109058142
0.0057241772301495075
0.005712499842047691
0.0058866869658231735
0.005560704041272402
0.00549391470849514
0.004858266096562147
0.005712687037885189
0.005258085671812296
0.0045155612751841545
0.004744876641780138
0.005028968211263418
0.004554674960672855
0.004566368646919727
0.004422100260853767
0.00425515603274107
0.004173500929027796
0.004050375893712044
0.004140693694353104
0.003996211104094982
0.004129934590309858
0.0033261713106185198
0.004147646948695183
0.0032456484623253345
0.0033924151211977005
0.003218234982341528
0.003010121174156666
0.003168731229379773
0.0027934694662690163
0.0032173432409763336
0.0022905594669282436
0.002529469085857272
0.002651222748681903
0.0024310986045747995
0.00248525058850646
0.0021922625601291656
0.0022468273527920246
0.0015936916461214423
0.0022837594151496887
0.0018725220579653978
0.0019455840811133385
0.002057273406535387
0.0015502519672736526
0.001788581139408052
0.001922129886224866
0.0008215358247980475
0.001368377124890685
0.0017161574214696884
0.001389733632095158
0.0013868430396541953
0.0009233251330442727
0.001553229638375342
0.0009989476529881358
0.0008735358715057373
0.0014739499893039465
0.001067645032890141
0.001363022136501968
0.00026656268164515495
0.001492571784183383
0.001090369070880115
0.0007409217651002109
0.0011618498247116804
0.0010233042994514108
0.0010734384413808584
0.0005873370682820678
0.0011189437936991453
0.0009382021380588412
0.0007839581230655313
0.0007641281699761748
0.0007683151634410024
0.000928814522922039
0.0009199760970659554
0.0014734017895534635
0.0005364950629882514
0.0011400090297684073
0.001064045587554574
-6.829799652099609
