185.71975708007812
185.71975708007812
151.59132385253906
50.04875183105469
0.22779574990272522
-0.09805478155612946
-0.09862014651298523
-0.09767760336399078
-0.09701414406299591
-0.09737484157085419
-0.0972089096903801
-0.09797453135251999
-0.09767098724842072
-0.09768278151750565
-0.09770923107862473
-0.09770374000072479
-0.09720900654792786
-0.0980551689863205
-0.09754417091608047
-0.09705628454685211
-0.09737828373908997
-0.09838144481182098
-0.09738031774759293
-0.09770496189594269
-0.09812276065349579
-0.09843958914279938
-0.09756216406822205
-0.09768886864185333
-0.09792055934667587
-0.0977468267083168
-0.09797976911067963
-0.09807540476322174
-0.09872771054506302
-0.0974186435341835
-0.09777937084436417
-0.0977114588022232
-0.0977809876203537
-0.09811337292194366
-0.09702672809362411
-0.0973765030503273
-0.09809402376413345
-0.09760984778404236
-0.09765934199094772
-0.09821315854787827
-0.09768887609243393
-0.09695284813642502
-0.09809914976358414
-0.09724020212888718
-0.09795157611370087
-0.09801629930734634
-0.09872409701347351
-0.09673549234867096
-0.09795250743627548
-0.09802038222551346
-0.0974339097738266
-0.0982547178864479
-0.09758476912975311
-0.09687254577875137
-0.09675267338752747
-0.09747913479804993
-0.0977533832192421
-0.09776569157838821
-0.09756185114383698
-0.09757958352565765
-0.09742897003889084
-0.09748532623052597
-0.09739717096090317
-0.09624074399471283
-0.09846508502960205
-0.09716004133224487
-0.09766088426113129
-0.09885795414447784
-0.0977388322353363
-0.09620649367570877
-0.0981215387582779
-0.09786887466907501
-0.09725363552570343
-0.09659036993980408
-0.09691343456506729
-0.09816472232341766
-0.09812469035387039
-0.09712888300418854
-0.09778814017772675
-0.09782759845256805
-0.09757819771766663
-0.09770454466342926
-0.09734345972537994
-0.09781847894191742
-0.09745293855667114
-0.09675143659114838
-0.09955750405788422
-0.097621388733387
-0.09761752188205719
-0.09769214689731598
-0.0978722870349884
-0.09868986159563065
-0.09678635746240616
-0.09785344451665878
-0.09818542748689651
69.11510467529297
176.82266235351562
206.5111083984375
146.48526000976562
124.9903793334961
126.72442626953125
111.85374450683594
109.2772445678711
109.68058776855469
103.94059753417969
105.09352111816406
107.23392486572266
109.4681625366211
113.20631408691406
117.33785247802734
119.66029357910156
124.82350158691406
129.89749145507812
133.793701171875
138.8293914794922
140.65359497070312
146.51419067382812
153.02499389648438
157.83558654785156
163.3573455810547
167.39784240722656
171.1795654296875
175.63241577148438
180.84371948242188
186.32089233398438
192.26876831054688
199.01724243164062
203.69088745117188
207.02517700195312
211.71994018554688
215.78665161132812
219.32418823242188
223.56784057617188
220.966064453125
221.2925262451172
223.02047729492188
221.5090789794922
225.11062622070312
229.92813110351562
229.1382598876953
226.59390258789062
227.41580200195312
226.03512573242188
224.8155059814453
228.9472198486328
233.56216430664062
232.3292694091797
228.5260772705078
230.13528442382812
228.3242645263672
227.2716064453125
228.7353057861328
226.99880981445312
231.0193634033203
236.946533203125
234.8044891357422
231.16860961914062
231.75244140625
231.1981658935547
229.77505493164062
230.95346069335938
229.8556671142578
229.7871856689453
229.83297729492188
230.1664276123047
229.788818359375
230.6702880859375
230.7331085205078
231.0962677001953
231.00259399414062
231.3014678955078
231.5478057861328
231.7790985107422
232.12539672851562
231.9882354736328
232.80667114257812
232.609619140625
232.8311309814453
233.08938598632812
233.13070678710938
233.2094268798828
233.66293334960938
233.53173828125
234.2618408203125
234.40713500976562
234.3826446533203
234.4205322265625
234.5586395263672
234.8629608154297
234.96041870117188
235.4853515625
235.3838348388672
235.6293487548828
236.2513427734375
235.5496368408203
235.8060302734375
228.89956665039062
186.25534057617188
32.93136215209961
-0.09495216608047485
-0.09935235977172852
-0.09552787989377975
-0.0990353599190712
-0.0977485328912735
-0.09687267243862152
-0.0972224622964859
-0.09746517241001129
-0.09747428447008133
-0.09750346839427948
-0.09746576100587845
-0.09719560295343399
-0.0981106385588646
-0.097506582736969
-0.09770410507917404
-0.09764629602432251
-0.09725061804056168
-0.09796330332756042
-0.09775121510028839
-0.09753004461526871
-0.09787708520889282
-0.09721355885267258
-0.09800446778535843
-0.09817337989807129
-0.0978516936302185
-0.0981743112206459
-0.09755311906337738
-0.09784366190433502
-0.0979619175195694
-0.0978863388299942
-0.09739013761281967
-0.09764134883880615
-0.0982813909649849
-0.09793989360332489
-0.09795784205198288
-0.097744420170784
-0.09806191176176071
-0.09734302014112473
-0.09784327447414398
-0.09797830879688263
-0.09762424975633621
-0.09798099845647812
-0.09761017560958862
-0.0978187769651413
-0.09753616899251938
-0.0978298932313919
-0.09765489399433136
-0.09776719659566879
-0.09777785837650299
-0.09793494641780853
-0.09707222878932953
-0.0973602756857872
-0.0976085439324379
-0.09725666791200638
-0.0977870300412178
-0.09796818345785141
-0.09700442850589752
-0.09783998876810074
-0.09748861938714981
-0.0976296216249466
-0.09768638759851456
-0.09727280586957932
-0.09750743210315704
-0.09761329740285873
-0.09751491248607635
-0.09741462767124176
-0.09774494916200638
-0.09719341993331909
-0.09760011732578278
-0.09793519973754883
-0.09740890562534332
-0.09776618331670761
-0.09751693159341812
-0.097023606300354
-0.0976966843008995
-0.09767884761095047
-0.09766051173210144
-0.09729288518428802
-0.09767621010541916
-0.09772365540266037
-0.0977407693862915
-0.09786178171634674
-0.09764815866947174
-0.0974235087633133
-0.09769275039434433
-0.09754762798547745
-0.09749351441860199
-0.09801368415355682
-0.09792210161685944
-0.09788112342357635
-0.09793347865343094
-0.09748004376888275
-0.09801632910966873
-0.09813592582941055
-0.09724056720733643
-0.09810342639684677
54.49139404296875
168.63058471679688
226.68179321289062
153.55686950683594
96.8534164428711
148.38870239257812
159.1897430419922
120.56687927246094
121.23111724853516
127.4771728515625
119.75984191894531
122.92730712890625
128.7025604248047
127.8967514038086
131.99545288085938
134.99607849121094
135.18748474121094
139.31857299804688
145.8097686767578
148.85250854492188
152.6332244873047
155.64096069335938
159.82421875
164.68104553222656
170.49270629882812
177.01998901367188
182.12228393554688
185.49630737304688
188.9564666748047
193.91734313964844
198.2741241455078
204.53831481933594
211.04318237304688
216.3510284423828
222.3473663330078
223.6627655029297
222.74551391601562
221.60903930664062
219.0404052734375
218.7909393310547
225.5221710205078
232.6636505126953
232.00949096679688
227.484375
225.091064453125
223.78622436523438
222.3472137451172
230.37026977539062
238.15890502929688
234.47726440429688
232.25234985351562
231.49514770507812
228.0126953125
225.62344360351562
225.3518524169922
225.38247680664062
229.0908966064453
233.1949005126953
234.3443145751953
234.612060546875
234.6957550048828
231.8180389404297
228.94448852539062
226.32180786132812
224.3045196533203
225.54031372070312
226.46743774414062
229.0332489013672
232.05062866210938
233.4304962158203
235.3653564453125
236.9503173828125
237.85714721679688
237.7576141357422
236.803466796875
235.30349731445312
234.03564453125
232.20761108398438
230.1680908203125
228.80068969726562
227.7001190185547
226.85971069335938
226.33383178710938
226.8576202392578
228.06704711914062
228.04989624023438
229.84341430664062
230.8062286376953
231.30801391601562
230.98263549804688
232.08901977539062
231.819091796875
232.4036407470703
233.1231689453125
232.9805450439453
233.14431762695312
233.60818481445312
233.5746307373047
233.3486785888672
232.5697479248047
231.4989013671875
223.41287231445312
181.0925750732422
29.913339614868164
-0.0950729250907898
-0.09943614155054092
-0.0953366681933403
-0.09878350794315338
-0.09821303188800812
-0.09638149291276932
-0.0977025032043457
-0.09710551798343658
-0.0975787490606308
-0.09811464697122574
-0.09755311906337738
-0.09708982706069946
-0.09813590347766876
-0.097628153860569
-0.09745553135871887
-0.09762640297412872
-0.09805943816900253
-0.09772144258022308
-0.09774000942707062
-0.09769897162914276
-0.097659632563591
-0.09770829230546951
-0.09808693826198578
-0.09778158366680145
-0.09776989370584488
-0.09747328609228134
-0.09789761155843735
-0.09806126356124878
-0.09831316769123077
-0.09748123586177826
-0.09771446883678436
-0.09815612435340881
-0.09748968482017517
-0.09760293364524841
-0.09791507571935654
-0.09833139181137085
-0.09766842424869537
-0.09677721560001373
-0.09795381128787994
-0.09869326651096344
-0.09733696281909943
-0.09803096950054169
-0.09821511059999466
-0.09728461503982544
-0.09762545675039291
-0.09777863323688507
-0.09728427976369858
-0.09822092205286026
-0.09728001058101654
-0.0976090356707573
-0.09751097857952118
-0.09787467867136002
-0.0975959450006485
-0.0975600928068161
-0.0975489467382431
-0.09724608063697815
-0.09755763411521912
-0.09750597923994064
-0.09770892560482025
-0.09774649143218994
-0.09731826186180115
-0.09740829467773438
-0.09765070676803589
-0.0973849967122078
-0.09743324667215347
-0.09775137901306152
-0.0977698341012001
-0.09760568290948868
-0.09710264205932617
-0.09721921384334564
-0.09734861552715302
-0.09777791798114777
-0.0969783142209053
-0.09717445075511932
-0.09805910289287567
-0.09775318205356598
-0.09751927107572556
-0.09694504737854004
-0.09771484136581421
-0.0974443331360817
-0.09786753356456757
-0.09736375510692596
-0.09796769171953201
-0.09779103845357895
-0.09712765365839005
-0.09802205115556717
-0.09752269089221954
-0.09766840934753418
-0.0975126177072525
-0.09774088859558105
-0.09844319522380829
-0.09759852290153503
-0.09760616719722748
-0.09754931926727295
-0.09771118313074112
-0.09863238036632538
23.021631240844727
137.24598693847656
201.544921875
136.97866821289062
93.32150268554688
136.73141479492188
130.48109436035156
110.4785385131836
118.00848388671875
118.79508209228516
115.85548400878906
121.46722412109375
123.9442138671875
124.18263244628906
129.76060485839844
131.03778076171875
132.08938598632812
138.2103729248047
142.22059631347656
146.9690399169922
152.1150665283203
155.6660614013672
159.88185119628906
163.62588500976562
169.0708770751953
175.56918334960938
181.02467346191406
186.24636840820312
190.8584747314453
194.6090850830078
198.5760040283203
203.68621826171875
210.0245819091797
215.23483276367188
222.09695434570312
226.43118286132812
230.1758575439453
229.3597869873047
226.1920166015625
224.5874481201172
223.82254028320312
223.05960083007812
226.38180541992188
228.5883331298828
227.41531372070312
226.90994262695312
225.75668334960938
223.4806671142578
223.9067840576172
223.88461303710938
224.6829071044922
230.8661651611328
236.3228759765625
233.53353881835938
229.29074096679688
229.2746124267578
227.79541015625
226.91134643554688
227.93576049804688
227.2141571044922
228.0808563232422
228.9334259033203
228.78195190429688
230.0693817138672
229.70443725585938
228.48471069335938
229.369140625
228.55667114257812
229.1428985595703
229.51455688476562
229.15780639648438
229.1221160888672
229.91464233398438
230.02474975585938
230.37277221679688
231.1866455078125
231.3929901123047
231.62686157226562
232.2935028076172
232.0525665283203
232.5441131591797
233.6177215576172
234.29150390625
234.9490966796875
235.24728393554688
235.6429443359375
236.1205596923828
236.23062133789062
235.9598388671875
237.1524200439453
237.52084350585938
237.6660919189453
237.08248901367188
237.3828887939453
237.64578247070312
237.71676635742188
237.6534881591797
237.81979370117188
237.13906860351562
237.97073364257812
236.75405883789062
228.11129760742188
185.18408203125
31.09479331970215
-0.09514491260051727
-0.0993364155292511
-0.09571261703968048
-0.0988803505897522
-0.09760017693042755
-0.09675804525613785
-0.09764683991670609
-0.09741219133138657
-0.09715244174003601
-0.09777593612670898
-0.09780652076005936
-0.09754914045333862
-0.0981433168053627
-0.09766241908073425
-0.09737295657396317
-0.09802444279193878
-0.09770127385854721
-0.09752978384494781
-0.09790437668561935
-0.09723275899887085
-0.09811930358409882
-0.09772385656833649
-0.09753082692623138
-0.09845830500125885
-0.09806236624717712
-0.09709635376930237
-0.09783782809972763
-0.09819252789020538
-0.09812425076961517
-0.09773432463407516
-0.09809518605470657
-0.09786970913410187
-0.0975322276353836
-0.0978676974773407
-0.09758883714675903
-0.09836054593324661
-0.09760592132806778
-0.09677048027515411
-0.0984366312623024
-0.09826482087373734
-0.097712941467762
-0.097275011241436
-0.09820512682199478
-0.09743303060531616
-0.09724625200033188
-0.09787286818027496
-0.0978153795003891
-0.09718389809131622
-0.09800843894481659
-0.09767897427082062
-0.09717404842376709
-0.09793184697628021
-0.0975198820233345
-0.09706919640302658
-0.09816543757915497
-0.09731121361255646
-0.09738887846469879
-0.09756673872470856
-0.09724921733140945
-0.09765549749135971
-0.09785495698451996
-0.0974714607000351
-0.09718215465545654
-0.0971078872680664
-0.09789984673261642
-0.09698840230703354
-0.09760092198848724
-0.09798036515712738
-0.0972263514995575
-0.09791877120733261
-0.0967894047498703
-0.09772437065839767
-0.097880519926548
-0.09771149605512619
-0.0972878634929657
-0.09744320809841156
-0.09776236116886139
-0.09723707288503647
-0.09762757271528244
-0.09780647605657578
-0.09752032905817032
-0.09797564893960953
-0.09776066243648529
-0.09774729609489441
-0.09735851734876633
-0.09822887182235718
-0.09763352572917938
-0.09749038517475128
-0.09766768664121628
-0.09815042465925217
-0.09799513220787048
-0.09747153520584106
-0.09773896634578705
-0.09790083765983582
-0.097841277718544
-0.09789993613958359
22.616403579711914
137.6663055419922
202.62692260742188
136.2936553955078
89.44406127929688
136.34181213378906
131.44818115234375
107.05900573730469
114.51237487792969
115.13116455078125
109.5767593383789
116.65201568603516
119.88471984863281
120.30863952636719
126.73960876464844
127.37296295166016
131.9592742919922
139.46029663085938
142.7746124267578
146.67747497558594
150.1143798828125
154.87136840820312
159.5886993408203
166.4428253173828
171.6905517578125
177.20614624023438
181.11911010742188
183.92501831054688
189.5167999267578
193.89553833007812
200.2372589111328
206.8778839111328
211.8525848388672
215.9188232421875
219.17489624023438
217.69247436523438
215.7185821533203
221.71676635742188
229.03659057617188
231.20120239257812
227.50460815429688
226.3577117919922
232.4286651611328
236.7480010986328
234.2408447265625
232.4403076171875
231.5188751220703
229.681884765625
228.4062042236328
226.572021484375
223.85739135742188
225.6781768798828
229.1947479248047
231.4633026123047
230.97543334960938
232.314697265625
229.41567993164062
227.61685180664062
225.3079833984375
223.63070678710938
226.0526580810547
231.0609130859375
232.4285430908203
233.58010864257812
235.67886352539062
235.0948486328125
235.3406982421875
235.2354278564453
233.54898071289062
230.9826202392578
229.59268188476562
226.6085968017578
226.03317260742188
224.64425659179688
224.2770233154297
225.96902465820312
226.8383331298828
229.0284881591797
230.9022674560547
233.6441650390625
235.2064208984375
237.0339813232422
237.6230926513672
238.5942840576172
239.5784912109375
239.4171905517578
239.18997192382812
238.99038696289062
240.22244262695312
240.4417724609375
240.16317749023438
240.9363250732422
240.8785400390625
240.052734375
240.3272247314453
240.28524780273438
240.0293426513672
239.38720703125
238.99105834960938
239.465576171875
239.03970336914062
230.43264770507812
187.63079833984375
33.31808090209961
-0.09552372992038727
-0.09901705384254456
-0.09579581767320633
-0.09919386357069016
-0.09765119850635529
-0.09653905034065247
-0.09784524142742157
-0.09755457937717438
-0.09730453789234161
-0.09801646322011948
-0.09744419902563095
-0.0977131649851799
-0.098285973072052
-0.09751150012016296
-0.09762130677700043
-0.09816151857376099
-0.0975901260972023
-0.0973256379365921
-0.09781306236982346
-0.09784941375255585
-0.09780459105968475
-0.09783954173326492
-0.09796540439128876
-0.09799063950777054
-0.09840536117553711
-0.09732362627983093
-0.0978645458817482
-0.09775417298078537
-0.09828173369169235
-0.09752979129552841
-0.09739746898412704
-0.0979117602109909
-0.09833173453807831
-0.09770897030830383
-0.09787780791521072
-0.0981501042842865
-0.09771203994750977
-0.09702252596616745
-0.09816780686378479
-0.09769022464752197
-0.0976225882768631
-0.09822577983140945
-0.09755606204271317
-0.09760358929634094
-0.09769413620233536
-0.09767277538776398
-0.09786295890808105
-0.09754426032304764
-0.09739331156015396
-0.09795890748500824
-0.09773994982242584
-0.09754686802625656
-0.09751002490520477
-0.09742017090320587
-0.09788203984498978
-0.09773965924978256
-0.09722509235143661
-0.09767574816942215
-0.09739832580089569
-0.09718910604715347
-0.09817421436309814
-0.09735763072967529
-0.09735052287578583
-0.09722105413675308
-0.09736881405115128
-0.09758315235376358
-0.0972297266125679
-0.09770312905311584
-0.09747137874364853
-0.09728822857141495
-0.09773214906454086
-0.09733074903488159
-0.09762217104434967
-0.097575344145298
-0.09787333756685257
-0.0973648875951767
-0.0975128561258316
-0.09782381355762482
-0.0976094976067543
-0.09783963859081268
-0.09749649465084076
-0.09770984202623367
-0.09784957021474838
-0.09736241400241852
-0.09773334860801697
-0.09760159999132156
-0.09731261432170868
-0.09802912175655365
-0.09833596646785736
-0.09745097905397415
-0.0979880765080452
-0.09720766544342041
-0.09797798097133636
-0.09842046350240707
-0.09784936159849167
-0.09782637655735016
31.257862091064453
147.23583984375
207.71676635742188
136.8313751220703
91.30768585205078
141.43319702148438
141.4375
119.95819091796875
127.8189697265625
131.05862426757812
125.44288635253906
129.68490600585938
133.06295776367188
133.01443481445312
139.52188110351562
140.78057861328125
141.92245483398438
147.21826171875
151.1845703125
156.07911682128906
159.7358856201172
161.70594787597656
166.61839294433594
172.66456604003906
177.6001434326172
183.6908721923828
188.73812866210938
191.7009735107422
194.9737091064453
200.36831665039062
205.2459716796875
211.23471069335938
217.31295776367188
221.84713745117188
225.19424438476562
224.7526397705078
222.79660034179688
224.4844207763672
223.4623565673828
222.9230499267578
227.17721557617188
228.17654418945312
227.29049682617188
227.8865509033203
227.54605102539062
226.93496704101562
226.3549346923828
227.0616455078125
223.9420166015625
227.3019561767578
235.50131225585938
235.2208709716797
230.95175170898438
233.51699829101562
231.24203491210938
228.60531616210938
226.85107421875
224.30508422851562
222.93930053710938
224.6673126220703
226.7288360595703
231.7970428466797
233.4397735595703
233.485107421875
234.37240600585938
233.4786834716797
232.59725952148438
230.9959259033203
228.55368041992188
225.65390014648438
225.0659942626953
224.54116821289062
225.7296142578125
226.5533905029297
229.13418579101562
231.54501342773438
233.0358123779297
234.8771209716797
236.4289093017578
236.21572875976562
237.4267120361328
238.75357055664062
239.1187286376953
239.81771850585938
240.49874877929688
241.3411865234375
241.13424682617188
241.7369842529297
241.60818481445312
242.0982666015625
241.9283447265625
242.8663330078125
241.9359588623047
242.563232421875
243.04275512695312
242.6011962890625
242.73129272460938
242.30630493164062
242.5370635986328
243.110107421875
241.9018096923828
233.63516235351562
188.89407348632812
33.28662872314453
-0.09547889232635498
-0.09916043281555176
-0.09539917856454849
-0.09938688576221466
-0.09741351008415222
-0.0965094119310379
-0.09779089689254761
-0.09737154096364975
-0.09726554900407791
-0.09776021540164948
-0.09741896390914917
-0.09762914478778839
-0.09833313524723053
-0.09744170308113098
-0.09777756035327911
-0.09780000150203705
-0.09749599546194077
-0.09745535999536514
-0.0980537086725235
-0.09797041863203049
-0.09741242974996567
-0.09799142181873322
-0.09804679453372955
-0.09768326580524445
-0.09828957170248032
-0.09764957427978516
-0.09754428267478943
-0.0980527251958847
-0.09824395924806595
-0.09792714565992355
-0.09712730348110199
-0.09827512502670288
-0.09781713038682938
-0.09756544232368469
-0.0977960079908371
-0.09830552339553833
-0.09784460812807083
-0.09679505974054337
-0.09865505993366241
-0.09795793890953064
-0.09715096652507782
-0.09807044267654419
-0.09791658073663712
-0.09802427887916565
-0.09729455411434174
-0.09753395617008209
-0.09792820364236832
-0.09760316461324692
-0.09739069640636444
-0.09836694598197937
-0.09757383912801743
-0.09747568517923355
-0.09800782054662704
-0.09679415076971054
-0.09768353402614594
-0.09801686555147171
-0.0975005105137825
-0.09731529653072357
-0.09737753868103027
-0.09755074232816696
-0.09759265184402466
-0.0974404364824295
-0.09744694828987122
-0.09734023362398148
-0.0976812094449997
-0.09774935245513916
-0.0968201607465744
-0.0976681336760521
-0.09751980006694794
-0.0973772183060646
-0.0977359265089035
-0.0972796082496643
-0.09750537574291229
-0.09794575721025467
-0.09709929674863815
-0.09719526767730713
-0.0977049246430397
-0.09780984371900558
-0.0973973274230957
-0.09760387986898422
-0.09795369952917099
-0.09761430323123932
-0.09714726358652115
-0.09783635288476944
-0.09772531688213348
-0.09766825288534164
-0.09779053926467896
-0.09810251742601395
-0.09766688197851181
-0.0979783907532692
-0.09745842218399048
-0.09752850234508514
-0.09794235229492188
-0.09764186292886734
-0.09820963442325592
-0.09781959652900696
31.45583724975586
146.54852294921875
207.3123016357422
137.1708526611328
91.26964569091797
138.68142700195312
140.4722900390625
105.3106689453125
111.90409088134766
115.60128021240234
109.31233215332031
116.68109130859375
121.60847473144531
121.19449615478516
127.53846740722656
128.87185668945312
133.21763610839844
140.9895782470703
144.5148162841797
149.31777954101562
153.3702850341797
157.94468688964844
162.7021484375
169.3443603515625
174.7904052734375
180.06784057617188
184.305908203125
186.251708984375
192.580810546875
196.22457885742188
202.23367309570312
209.66836547851562
214.8018035888672
219.06289672851562
222.29006958007812
224.35513305664062
222.93673706054688
224.8560028076172
223.19619750976562
222.70828247070312
228.4715118408203
232.1968231201172
230.6533966064453
227.8284149169922
227.8373565673828
226.21713256835938
225.2866668701172
225.67919921875
225.76708984375
225.31912231445312
227.57589721679688
228.5077667236328
226.17153930664062
226.97714233398438
226.92202758789062
226.61044311523438
230.01828002929688
236.3480987548828
233.81533813476562
230.1814422607422
231.8249969482422
229.9370574951172
229.42037963867188
230.8544158935547
229.0294189453125
228.5787353515625
229.5687255859375
229.5149688720703
229.7084197998047
230.56503295898438
229.69314575195312
230.46435546875
230.84622192382812
231.24417114257812
231.52694702148438
230.76705932617188
231.8470001220703
231.6987762451172
232.25137329101562
232.16018676757812
231.7066650390625
232.78524780273438
232.81832885742188
232.43844604492188
233.88436889648438
233.3892059326172
233.40591430664062
234.04238891601562
233.9955291748047
233.91879272460938
234.53585815429688
234.10476684570312
234.89794921875
235.0572509765625
235.22042846679688
235.41812133789062
235.92214965820312
235.2512664794922
235.86611938476562
236.04232788085938
235.48348999023438
229.0618438720703
186.2370147705078
32.25770950317383
-0.09563874453306198
-0.09918113052845001
-0.09559615701436996
-0.09896336495876312
-0.09799215942621231
-0.09681464731693268
-0.09766961634159088
-0.09741270542144775
-0.09748022258281708
-0.09795128554105759
-0.09744136035442352
-0.0973188728094101
-0.09856054186820984
-0.09731318056583405
-0.09777749329805374
-0.0979270488023758
-0.09786411374807358
-0.09762127697467804
-0.09814552962779999
-0.09731245785951614
-0.09735222905874252
-0.098033607006073
-0.09807892143726349
-0.09805582463741302
-0.09788016974925995
-0.09732704609632492
-0.09764211624860764
-0.098305843770504
-0.09823808073997498
-0.0974106416106224
-0.09779336303472519
-0.09766896814107895
-0.09775087982416153
-0.09810689091682434
-0.09783702343702316
-0.09772883355617523
-0.09771288931369781
-0.09737397730350494
-0.09845420718193054
-0.0974474623799324
-0.09771565347909927
-0.0976165309548378
-0.09782800823450089
-0.09788600355386734
-0.09775678813457489
-0.09725400060415268
-0.09780412912368774
-0.09754239022731781
-0.0975976437330246
-0.0977519154548645
-0.09757252037525177
-0.09780854731798172
-0.09771175682544708
-0.0968145877122879
-0.0979001373052597
-0.0974874421954155
-0.09691782295703888
-0.0984143391251564
-0.09763728082180023
-0.09725160896778107
-0.09798385202884674
-0.09760589152574539
-0.09741683304309845
-0.09692263603210449
-0.09771188348531723
-0.0979497954249382
-0.09719815105199814
-0.09701921045780182
-0.09763509780168533
-0.09742345660924911
-0.09757959842681885
-0.09765033423900604
-0.09771563857793808
-0.09751026332378387
-0.09780875593423843
-0.09727935492992401
-0.09763289988040924
-0.09738735854625702
-0.09770449995994568
-0.09775115549564362
-0.09765633940696716
-0.09775665402412415
-0.09762895107269287
-0.09759797900915146
-0.09772558510303497
-0.09771201759576797
-0.0975494235754013
-0.09780426323413849
-0.09787122160196304
-0.09757083654403687
-0.09744210541248322
-0.09788135439157486
-0.09822870045900345
-0.09807351976633072
-0.09760363399982452
-0.09831361472606659
22.943140029907227
137.57232666015625
202.87246704101562
138.67398071289062
94.54411315917969
141.42608642578125
144.5118865966797
113.6755142211914
120.23805236816406
125.07518005371094
119.50193786621094
125.52628326416016
129.013427734375
127.60627746582031
133.20758056640625
134.79678344726562
135.1345672607422
141.35488891601562
144.97555541992188
148.7123260498047
155.0336456298828
158.36163330078125
162.2987823486328
166.435302734375
171.57028198242188
178.1810760498047
184.0157012939453
189.19090270996094
193.33578491210938
197.41944885253906
200.41529846191406
206.27456665039062
212.02987670898438
217.0652618408203
223.8955078125
225.29708862304688
222.8780975341797
223.09201049804688
220.68930053710938
219.28173828125
225.8862762451172
233.0553741455078
233.6157989501953
230.1160888671875
229.9388427734375
227.5143585205078
224.5316619873047
231.89022827148438
239.0084228515625
236.2232208251953
235.1424102783203
236.1060028076172
232.0011444091797
229.53762817382812
226.4842987060547
224.7858428955078
226.18630981445312
225.9297637939453
230.6435089111328
234.83419799804688
235.4853515625
235.2362060546875
235.74172973632812
232.6033477783203
230.4521942138672
228.5575714111328
226.0585479736328
225.4073944091797
225.17538452148438
224.31759643554688
225.6719512939453
227.7908935546875
230.42044067382812
233.0470733642578
235.1663818359375
237.48995971679688
238.2422332763672
238.42843627929688
238.7661590576172
237.3071746826172
236.9484100341797
234.603515625
233.6287078857422
234.2742462158203
234.08511352539062
234.2046661376953
234.4320526123047
233.47607421875
234.1861572265625
233.90682983398438
234.38339233398438
234.54251098632812
235.014404296875
235.3814697265625
235.31228637695312
236.53933715820312
236.3502960205078
237.37106323242188
237.45077514648438
237.9339141845703
238.6013946533203
231.459716796875
188.32508850097656
34.467140197753906
-0.09552459418773651
-0.09939708560705185
-0.09565512835979462
-0.09893704205751419
-0.0976523756980896
-0.09675028920173645
-0.09818609803915024
-0.09730447828769684
-0.09734420478343964
-0.0978405624628067
-0.097511887550354
-0.09784099459648132
-0.09801628440618515
-0.09734991937875748
-0.09763874858617783
-0.09775616228580475
-0.09779796749353409
-0.09790916740894318
-0.09776930510997772
-0.09772864729166031
-0.09738753736019135
-0.0981675237417221
-0.09769000858068466
-0.09824632108211517
-0.09757830947637558
-0.09785640239715576
-0.09767428040504456
-0.09792687743902206
-0.09765125811100006
-0.09770477563142776
-0.09786462783813477
-0.0973598062992096
-0.0981491357088089
-0.0982794314622879
-0.09751055389642715
-0.09782223403453827
-0.0976102203130722
-0.09733476489782333
-0.09839290380477905
-0.0975244864821434
-0.0973062738776207
-0.0982762798666954
-0.09805440157651901
-0.0974745824933052
-0.09769409894943237
-0.09745458513498306
-0.09780477732419968
-0.09754429757595062
-0.09763963520526886
-0.09821280092000961
-0.09717527776956558
-0.09753088653087616
-0.09787715971469879
-0.09701287746429443
-0.09795334190130234
-0.09732609242200851
-0.09753303229808807
-0.09787572920322418
-0.09696552902460098
-0.09733949601650238
-0.09788023680448532
-0.09729742258787155
-0.09757698327302933
-0.09713578969240189
-0.09773197025060654
-0.0972440093755722
-0.0973256379365921
-0.09764648973941803
-0.09739323705434799
-0.09764128923416138
-0.09687613695859909
-0.09776336699724197
-0.09757602214813232
-0.09751171618700027
-0.09715798497200012
-0.09727664291858673
-0.09753112494945526
-0.09762489795684814
-0.09772101789712906
-0.0974898636341095
-0.09772557765245438
-0.09755685925483704
-0.09712652117013931
-0.09774351119995117
-0.09778417646884918
-0.09792725741863251
-0.09754309803247452
-0.09786282479763031
-0.09770916402339935
-0.09818930923938751
-0.09796550124883652
-0.09787511080503464
-0.09743323177099228
-0.0978921428322792
-0.09795864671468735
-0.09749835729598999
22.261497497558594
137.56588745117188
203.05502319335938
136.7833709716797
92.89768981933594
140.50784301757812
142.84458923339844
110.07137298583984
115.7076416015625
118.13775634765625
111.72560119628906
117.76045989990234
122.3316650390625
122.4762191772461
129.48153686523438
132.06838989257812
135.37423706054688
142.71072387695312
146.4540557861328
149.83206176757812
154.79446411132812
159.59255981445312
165.41055297851562
171.7461700439453
175.86093139648438
179.50735473632812
184.76812744140625
186.97262573242188
193.0125274658203
199.21340942382812
204.3970489501953
210.9223175048828
215.56332397460938
218.5355224609375
222.05856323242188
223.06283569335938
223.14627075195312
225.56137084960938
223.6053466796875
224.39096069335938
228.2072296142578
231.6283721923828
230.866455078125
227.85104370117188
228.67074584960938
227.51220703125
225.9480743408203
224.83047485351562
223.2714080810547
223.105712890625
227.3195343017578
228.2088623046875
226.6450958251953
228.2294921875
226.75048828125
225.6013641357422
231.0220489501953
235.2882080078125
232.81112670898438
229.63510131835938
231.8590545654297
229.0354461669922
229.4607696533203
229.91738891601562
228.57327270507812
229.37155151367188
229.7529296875
229.0981903076172
230.25686645507812
229.6934356689453
230.2106170654297
230.3003387451172
230.883056640625
231.0681915283203
230.9159698486328
231.5922088623047
231.07470703125
231.805908203125
232.010009765625
231.8217010498047
232.58352661132812
232.3063507080078
232.956787109375
232.7736053466797
233.1494598388672
233.35275268554688
233.63754272460938
233.61483764648438
234.311279296875
234.4755859375
234.18679809570312
234.8115234375
234.6318817138672
234.90603637695312
235.0360107421875
235.1841583251953
235.7595672607422
235.5854949951172
235.9951629638672
235.95388793945312
235.5795440673828
229.11593627929688
186.46481323242188
32.67967224121094
-0.09518783539533615
-0.09945113956928253
-0.09549994021654129
-0.09906671941280365
-0.09770548343658447
-0.0966985896229744
-0.09783878177404404
-0.09772859513759613
-0.09666775166988373
-0.09805930405855179
-0.09753988683223724
-0.09739226847887039
-0.09827961772680283
-0.0976320132613182
-0.09757747501134872
-0.09766051918268204
-0.09768486022949219
-0.09753863513469696
-0.09770777076482773
-0.09799405932426453
-0.09740154445171356
-0.09791714698076248
-0.09775766730308533
-0.09836290776729584
-0.09784073382616043
-0.09734043478965759
-0.09753783047199249
-0.09845662862062454
-0.09779459238052368
-0.09749945998191833
-0.09780105203390121
-0.09845700114965439
-0.09792228043079376
-0.09754732251167297
-0.09707634150981903
-0.0985763818025589
-0.09792839735746384
-0.09647523611783981
-0.09812960028648376
-0.09825729578733444
-0.09790637344121933
-0.09738321602344513
-0.09777437150478363
-0.09762701392173767
-0.09771288931369781
-0.09795866906642914
-0.09714427590370178
-0.09780685603618622
-0.09748784452676773
-0.09771277755498886
-0.09749680012464523
-0.09806911647319794
-0.09701397269964218
-0.09758041799068451
-0.09801178425550461
-0.09722985327243805
-0.09734910726547241
-0.0977928638458252
-0.09748805314302444
-0.09778150171041489
-0.09779264777898788
-0.09730540215969086
-0.09748400747776031
-0.09719894081354141
-0.09765877574682236
-0.09767608344554901
-0.09743501991033554
-0.09754215180873871
-0.09762026369571686
-0.09776026010513306
-0.09690753370523453
-0.09696008265018463
-0.0981578603386879
-0.09751327335834503
-0.09716496616601944
-0.09732294082641602
-0.09781487286090851
-0.09724422544240952
-0.09768791496753693
-0.0975860059261322
-0.0975145474076271
-0.09770027548074722
-0.09714498370885849
-0.09752754867076874
-0.09781839698553085
-0.09752018749713898
-0.09752450883388519
-0.09759129583835602
-0.09786270558834076
-0.09771028906106949
-0.0979718565940857
-0.09794507175683975
-0.09711132943630219
-0.09817080199718475
-0.09815268218517303
-0.09751863777637482
31.438167572021484
148.193359375
208.03219604492188
136.82928466796875
91.32136535644531
138.31556701660156
139.86827087402344
104.7467041015625
111.6427993774414
115.15667724609375
108.81966400146484
116.21885681152344
120.93741607666016
120.58857727050781
127.1383056640625
128.43577575683594
132.2672119140625
140.75816345214844
144.04098510742188
148.84979248046875
153.36927795410156
157.43431091308594
162.7935028076172
168.66390991210938
174.6549835205078
179.87939453125
183.54592895507812
186.50021362304688
191.4678192138672
196.33045959472656
202.3954620361328
208.75778198242188
214.92160034179688
220.5443115234375
224.7391815185547
228.7777862548828
230.8207244873047
230.96145629882812
227.02291870117188
225.6603546142578
225.76821899414062
224.23556518554688
226.68728637695312
232.38369750976562
231.7615203857422
227.8539581298828
227.67813110351562
227.053955078125
226.13217163085938
230.008544921875
235.7386474609375
233.1920928955078
228.88241577148438
230.4730987548828
228.61306762695312
228.03622436523438
228.32882690429688
226.7979736328125
227.7693328857422
228.1475830078125
227.5773468017578
228.3210906982422
228.44094848632812
228.5435791015625
229.0437774658203
229.01876831054688
229.07418823242188
229.84457397460938
229.71798706054688
229.4720001220703
230.14553833007812
230.2574005126953
230.4442901611328
230.57568359375
230.96865844726562
231.0489959716797
231.53677368164062
231.7552032470703
232.0130157470703
232.30966186523438
232.21084594726562
232.72341918945312
232.8532257080078
232.67440795898438
233.4339141845703
233.14242553710938
233.8863067626953
233.843017578125
233.98208618164062
234.74337768554688
234.3935546875
234.7853546142578
234.74072265625
234.7594451904297
234.7578887939453
235.15908813476562
235.6828155517578
235.9202423095703
235.8536834716797
236.041259765625
235.3719482421875
227.5201416015625
184.45541381835938
31.43377113342285
-0.09530691802501678
-0.09936993569135666
-0.09557568281888962
-0.09912559390068054
-0.09748402237892151
-0.09686683118343353
-0.09732911735773087
-0.09759319573640823
-0.09741850942373276
-0.0981212928891182
-0.09756776690483093
-0.09718438237905502
-0.09831950813531876
-0.0977131724357605
-0.09777209162712097
-0.09793349355459213
-0.09772031009197235
-0.09752027690410614
-0.09779387712478638
-0.0977998673915863
-0.09757988154888153
-0.0981224775314331
-0.0974850133061409
-0.09829290956258774
-0.09786425530910492
-0.0973261222243309
-0.09753945469856262
-0.09786126017570496
-0.09819737821817398
-0.09772604703903198
-0.09826073795557022
-0.0975271612405777
-0.0977955088019371
-0.09785017371177673
-0.09789131581783295
-0.09781055152416229
-0.0974857360124588
-0.09743322432041168
-0.09804854542016983
-0.09811761230230331
-0.09754268079996109
-0.09784872829914093
-0.09802152216434479
-0.0970505028963089
-0.09786956012248993
-0.09759251028299332
-0.09761284291744232
-0.09735511243343353
-0.09771816432476044
-0.09823022782802582
-0.0975726991891861
-0.09735940396785736
-0.09749233722686768
-0.09707522392272949
-0.09790445864200592
-0.0971945971250534
-0.09770456701517105
-0.09740900248289108
-0.09733809530735016
-0.09784054011106491
-0.09754485636949539
-0.09689299762248993
-0.09774306416511536
-0.09727773815393448
-0.09756214916706085
-0.09755882620811462
-0.09742081165313721
-0.09733625501394272
-0.09736306220293045
-0.0976722240447998
-0.09721709042787552
-0.09749620407819748
-0.09797248989343643
-0.09730537235736847
-0.09732890129089355
-0.09752105176448822
-0.09791586548089981
-0.09734408557415009
-0.09765610098838806
-0.09768186509609222
-0.09763435274362564
-0.09743421524763107
-0.09770341217517853
-0.09798993915319443
-0.09747317433357239
-0.09795940667390823
-0.09763260930776596
-0.09752566367387772
-0.09756156802177429
-0.09816335886716843
-0.09792149066925049
-0.09749584645032883
-0.09818166494369507
-0.09790875017642975
-0.09746883809566498
-0.09830282628536224
22.52765464782715
137.087158203125
220.64523315429688
181.83969116210938
139.04579162597656
131.6028289794922
125.4451904296875
117.15916442871094
116.75239562988281
115.9164047241211
115.23182678222656
119.49642181396484
121.20355224609375
122.9504165649414
126.6711196899414
129.489501953125
135.40530395507812
140.45806884765625
143.744873046875
145.90512084960938
152.02798461914062
156.6275634765625
162.12045288085938
169.18637084960938
172.0590057373047
175.91262817382812
179.93521118164062
183.6244354248047
189.17970275878906
195.8021240234375
201.37454223632812
206.1276397705078
211.9310760498047
214.3597869873047
219.25650024414062
219.65133666992188
219.41018676757812
220.8091583251953
221.0612335205078
220.7363739013672
227.02371215820312
233.616943359375
229.35800170898438
225.4670867919922
226.1902618408203
225.42086791992188
223.9934539794922
231.12887573242188
236.3231658935547
232.4189910888672
229.0204315185547
229.1068878173828
226.58401489257812
226.529296875
227.51736450195312
226.6757049560547
233.27420043945312
239.6360626220703
235.3194580078125
230.8270263671875
231.19149780273438
230.40231323242188
229.02761840820312
228.6279296875
228.29745483398438
228.66549682617188
229.1526641845703
230.3612060546875
231.2652130126953
230.5030975341797
230.88662719726562
231.3315887451172
231.60855102539062
231.35342407226562
231.4186553955078
230.982666015625
230.5600128173828
231.13760375976562
230.7998809814453
231.2025909423828
231.65982055664062
231.53915405273438
232.14901733398438
231.44961547851562
230.967041015625
232.546142578125
232.24560546875
233.03707885742188
233.66885375976562
233.81680297851562
233.67111206054688
234.2462158203125
234.8267059326172
234.9486846923828
235.67025756835938
235.70913696289062
235.331787109375
235.7875213623047
235.5074005126953
235.6533203125
235.99072265625
228.7352752685547
185.79544067382812
31.7026309967041
-0.09537889063358307
-0.09913485497236252
-0.09559233486652374
-0.09890097379684448
-0.09793020039796829
-0.09660600870847702
-0.09797981381416321
-0.0974116176366806
-0.09692688286304474
-0.09756186604499817
-0.09765181690454483
-0.09796647727489471
-0.0977107584476471
-0.09737245738506317
-0.09781850874423981
-0.09759071469306946
-0.09785125404596329
-0.09754203259944916
-0.09777159988880157
-0.09794727712869644
-0.09757214039564133
-0.0980289950966835
-0.09765331447124481
-0.09814534336328506
-0.09807746112346649
-0.09731428325176239
-0.09736448526382446
-0.09844840317964554
-0.09806397557258606
-0.09710361063480377
-0.09844084084033966
-0.09800582379102707
-0.09768360108137131
-0.09788863360881805
-0.09714920073747635
-0.09827624261379242
-0.0978209376335144
-0.09714588522911072
-0.0978691428899765
-0.09852201491594315
-0.09769783914089203
-0.09779118746519089
-0.09713563323020935
-0.09823223203420639
-0.09776969254016876
-0.09750576317310333
-0.09732898324728012
-0.09726770222187042
-0.0978432223200798
-0.09804287552833557
-0.09781473129987717
-0.09753279387950897
-0.09730734676122665
-0.09767775237560272
-0.09734545648097992
-0.0976715087890625
-0.09732041507959366
-0.09769288450479507
-0.09745178371667862
-0.09736992418766022
-0.09784404933452606
-0.09723573923110962
-0.09757883846759796
-0.09753130376338959
-0.09785853326320648
-0.09660038352012634
-0.09819112718105316
-0.097691610455513
-0.09678299725055695
-0.0978463739156723
-0.09718919545412064
-0.09739071130752563
-0.09784489125013351
-0.09723127633333206
-0.09759989380836487
-0.09784157574176788
-0.09749282151460648
-0.09757770597934723
-0.09757120907306671
-0.09759344905614853
-0.09788268804550171
-0.09793320298194885
-0.09749987721443176
-0.09808237105607986
-0.09747062623500824
-0.09741905331611633
-0.09790508449077606
-0.09779980033636093
-0.09767534583806992
-0.09769051522016525
-0.09819978475570679
-0.09773923456668854
-0.09778977930545807
-0.09771336615085602
-0.09765972197055817
-0.09797947108745575
22.099849700927734
135.9597930908203
201.36849975585938
136.29217529296875
90.06453704833984
135.23812866210938
129.68881225585938
109.66493225097656
118.4659423828125
119.1996841430664
115.95792388916016
121.64559173583984
123.6708984375
122.98648834228516
128.3564910888672
130.03240966796875
130.4739532470703
136.27630615234375
140.62655639648438
144.50535583496094
151.48748779296875
155.41531372070312
158.8208465576172
161.9871063232422
167.2838592529297
172.9765167236328
179.21563720703125
184.89828491210938
189.7534942626953
194.10292053222656
195.98265075683594
201.45401000976562
206.41650390625
212.3294219970703
219.38088989257812
224.29812622070312
230.60910034179688
230.72189331054688
226.93344116210938
225.210205078125
223.0337677001953
221.71395874023438
226.83316040039062
229.1144561767578
229.2876739501953
228.4147491455078
225.8691864013672
222.7442169189453
222.69287109375
223.05831909179688
223.7239990234375
230.2202606201172
236.9398956298828
234.07052612304688
229.04916381835938
229.28848266601562
228.2493896484375
226.0549774169922
226.7849578857422
227.12655639648438
227.1192169189453
228.80685424804688
229.87283325195312
232.1864471435547
232.135986328125
230.71701049804688
230.1302947998047
229.4029541015625
228.69155883789062
228.5442352294922
227.9407196044922
228.29574584960938
228.1208038330078
227.6754608154297
229.0390625
229.00039672851562
230.1685028076172
231.58535766601562
232.4486541748047
233.3184051513672
234.82763671875
233.6734161376953
234.50827026367188
234.582763671875
235.2349395751953
235.5888214111328
236.0916290283203
236.0226593017578
236.5916748046875
236.58145141601562
236.52993774414062
237.43624877929688
237.2555389404297
236.18527221679688
236.08584594726562
235.6229248046875
236.6715545654297
236.28671264648438
236.9730987548828
236.7159423828125
237.4427947998047
229.6527862548828
187.0184783935547
33.36946487426758
-0.09559057652950287
-0.09929186850786209
-0.09549568593502045
-0.0989055186510086
-0.09806003421545029
-0.09643366932868958
-0.09826821833848953
-0.09711869060993195
-0.0974704772233963
-0.09779748320579529
-0.09741158783435822
-0.097437284886837
-0.09868966042995453
-0.09723735600709915
-0.09761273860931396
-0.09779493510723114
-0.098023921251297
-0.09733104705810547
-0.09785100817680359
-0.09767678380012512
-0.09767468273639679
-0.09798530489206314
-0.09795881062746048
-0.09765560925006866
-0.09814070165157318
-0.09784335643053055
-0.09806057065725327
-0.09782896935939789
-0.0976179987192154
-0.09753423184156418
-0.09789616614580154
-0.09799020737409592
-0.09780824929475784
-0.09791829437017441
-0.09787468612194061
-0.09796993434429169
-0.09804699569940567
-0.09716007113456726
-0.09777931123971939
-0.09797308593988419
-0.09775612503290176
-0.09820995479822159
-0.0975491926074028
-0.09774170815944672
-0.0971115380525589
-0.09771732985973358
-0.09828929603099823
-0.09777151793241501
-0.09714977443218231
-0.09805632382631302
-0.09725545346736908
-0.09757008403539658
-0.09766075015068054
-0.09684372693300247
-0.09789693355560303
-0.09740258008241653
-0.09748981148004532
-0.09750775992870331
-0.09769479185342789
-0.09735868126153946
-0.09724928438663483
-0.09785618633031845
-0.09750852733850479
-0.09740744531154633
-0.09784390777349472
-0.09751755744218826
-0.09709623456001282
-0.09759171307086945
-0.0977514237165451
-0.09721497446298599
-0.09718722850084305
-0.09764289855957031
-0.09759319573640823
-0.09759829938411713
-0.09724275767803192
-0.09707766026258469
-0.09807060658931732
-0.09733246266841888
-0.09774474799633026
-0.09743119031190872
-0.09721329808235168
-0.09797649085521698
-0.09811534732580185
-0.09756595641374588
-0.09785968065261841
-0.09699572622776031
-0.09769411385059357
-0.09812930226325989
-0.09768722951412201
-0.09760405123233795
-0.09822644293308258
-0.0977880135178566
-0.09807772189378738
-0.09751065075397491
-0.09824428707361221
-0.09777503460645676
31.166255950927734
146.88980102539062
206.93222045898438
135.2755126953125
87.22114562988281
131.0693817138672
126.87461853027344
98.03570556640625
107.20465087890625
109.00813293457031
102.73637390136719
111.76692962646484
114.13481140136719
114.03120422363281
121.79542541503906
122.8022232055664
127.8799057006836
135.13613891601562
138.99014282226562
145.69009399414062
151.2782745361328
154.1507110595703
158.70164489746094
164.2128448486328
170.05125427246094
176.08323669433594
181.19900512695312
185.00094604492188
189.73094177246094
192.70211791992188
197.82180786132812
203.8248748779297
209.8867950439453
215.88015747070312
219.4790496826172
218.7417449951172
216.64736938476562
222.1544952392578
226.9541778564453
228.0061492919922
225.97384643554688
225.7120819091797
224.5320587158203
223.20468139648438
226.5767364501953
233.5655975341797
232.8837127685547
230.3747100830078
230.3755340576172
228.40689086914062
227.03842163085938
232.0184783935547
236.51138305664062
234.1677703857422
232.1347198486328
233.6101531982422
231.92465209960938
230.9988250732422
229.27865600585938
226.4063720703125
225.7146453857422
225.33218383789062
225.7356414794922
228.3748779296875
228.98501586914062
231.172119140625
232.68472290039062
232.81881713867188
232.99661254882812
233.7401580810547
233.60885620117188
232.62942504882812
232.27169799804688
231.23165893554688
228.81100463867188
228.05245971679688
227.0428009033203
226.473876953125
226.86386108398438
227.519775390625
227.8304443359375
229.27450561523438
229.03671264648438
229.8524627685547
229.8326873779297
229.94308471679688
230.8031005859375
231.0605010986328
230.8834686279297
231.4173126220703
231.9568634033203
231.3484649658203
232.38668823242188
232.12814331054688
232.13656616210938
232.7830352783203
232.91494750976562
232.8856201171875
233.23446655273438
233.27517700195312
233.0727996826172
225.6790771484375
183.10238647460938
30.944360733032227
-0.09524531662464142
-0.09941854327917099
-0.09553495794534683
-0.09924035519361496
-0.09774447232484818
-0.0965622290968895
-0.09749279916286469
-0.09756285697221756
-0.09734693169593811
-0.0976782813668251
-0.09776521474123001
-0.0972943976521492
-0.09831614047288895
-0.09775111824274063
-0.09763437509536743
-0.09751138091087341
-0.09799247980117798
-0.09802097827196121
-0.09731604158878326
-0.09774382412433624
-0.09792423248291016
-0.09763166308403015
-0.09796743094921112
-0.09805518388748169
-0.097438745200634
-0.09778822958469391
-0.09820239990949631
-0.09788306057453156
-0.09810367971658707
-0.09764067828655243
-0.09832848608493805
-0.0975479781627655
-0.09759511053562164
-0.09806523472070694
-0.09753450006246567
-0.09790734201669693
-0.09778482466936111
-0.09736969321966171
-0.09819310158491135
-0.09802494198083878
-0.09753090888261795
-0.09776705503463745
-0.09776931256055832
-0.09767326712608337
-0.09781728684902191
-0.09734903275966644
-0.09770963340997696
-0.09778313338756561
-0.09739672392606735
-0.09801825135946274
-0.09765063226222992
-0.09730301797389984
-0.09791103005409241
-0.09680460393428802
-0.09755357354879379
-0.09786418825387955
-0.09754243493080139
-0.09754858911037445
-0.09751895070075989
-0.09741059690713882
-0.097734734416008
-0.09738801419734955
-0.09745869040489197
-0.09727773070335388
-0.09754620492458344
-0.09763477742671967
-0.09729937463998795
-0.09771118313074112
-0.0969228520989418
-0.09738863259553909
-0.09798061102628708
-0.09754171222448349
-0.0973033607006073
-0.09766019880771637
-0.0978725403547287
-0.09765047580003738
-0.09781493991613388
-0.09742901474237442
-0.09783913195133209
-0.09722782671451569
-0.09802628308534622
-0.09732931107282639
-0.09738098084926605
-0.0979040116071701
-0.09751459956169128
-0.09798233956098557
-0.09778495132923126
-0.09759603440761566
-0.09790201485157013
-0.0979761853814125
-0.09740206599235535
-0.09785948693752289
-0.09865383803844452
-0.09789161384105682
-0.09744058549404144
-0.0980338603258133
22.38462257385254
136.7365264892578
218.1921844482422
174.45021057128906
132.17550659179688
126.91566467285156
118.39620208740234
109.2215347290039
110.49349212646484
108.61952209472656
108.09950256347656
112.80155944824219
114.51422119140625
118.73951721191406
127.1291275024414
130.26046752929688
133.82095336914062
137.44049072265625
142.67098999023438
147.878662109375
153.76382446289062
159.78378295898438
163.67770385742188
168.23980712890625
171.5718231201172
176.48092651367188
183.4326934814453
187.9235076904297
193.4439697265625
198.2462921142578
201.6779327392578
205.75027465820312
210.8633270263672
217.2895965576172
223.5040283203125
225.58731079101562
222.7127227783203
220.50173950195312
220.17599487304688
219.42074584960938
223.53518676757812
232.1579132080078
232.9084014892578
228.8849334716797
229.1276397705078
228.00546264648438
224.01589965820312
228.9952392578125
236.59616088867188
234.4508819580078
232.6514129638672
233.537109375
231.1316680908203
228.02194213867188
224.7997589111328
223.82186889648438
228.70751953125
238.32681274414062
237.0257110595703
232.3772735595703
234.75729370117188
234.174560546875
231.5423126220703
231.825439453125
227.5794219970703
226.7989044189453
227.79135131835938
228.03817749023438
230.44296264648438
232.39193725585938
233.92672729492188
235.3893585205078
235.7628936767578
236.8325653076172
236.9504852294922
236.5503692626953
235.902587890625
234.33291625976562
233.49179077148438
231.5732421875
230.6595458984375
229.2711944580078
227.16836547851562
226.69033813476562
226.1315460205078
225.8089599609375
226.4021453857422
226.7825469970703
226.81588745117188
226.76138305664062
227.1674041748047
227.6829376220703
227.345703125
228.4005889892578
227.6870574951172
228.47769165039062
229.1640625
229.3562469482422
230.04098510742188
230.24557495117188
230.41311645507812
224.82968139648438
183.35537719726562
31.198833465576172
-0.0954875722527504
-0.09903581440448761
-0.09582637250423431
-0.09906954318284988
-0.09779281914234161
-0.09684533625841141
-0.09747858345508575
-0.0971423089504242
-0.09734295308589935
-0.09824744611978531
-0.09764167666435242
-0.09720779955387115
-0.09815596789121628
-0.09758185595273972
-0.09772290289402008
-0.09785069525241852
-0.09791877120733261
-0.09747762233018875
-0.09782203286886215
-0.09796832501888275
-0.09778553992509842
-0.09799157083034515
-0.09736321866512299
-0.09804290533065796
-0.09770480543375015
-0.09770078957080841
-0.09768538177013397
-0.09779489785432816
-0.09796102344989777
-0.09802252054214478
-0.09730052202939987
-0.0977453738451004
-0.09831935912370682
-0.09815184772014618
-0.09733732789754868
-0.09798933565616608
-0.0981023758649826
-0.09716743975877762
-0.09794451296329498
-0.09747987240552902
-0.09755364805459976
-0.09860362112522125
-0.09754548966884613
-0.09757686406373978
-0.09730060398578644
-0.09769510477781296
-0.09778278321027756
-0.09772202372550964
-0.09734457731246948
-0.09846587479114532
-0.09744492173194885
-0.0974934846162796
-0.09771072864532471
-0.09710774570703506
-0.09743475914001465
-0.09773866087198257
-0.09749142825603485
-0.09736242145299911
-0.09681697189807892
-0.0978112742304802
-0.09810127317905426
-0.09679105132818222
-0.09744703769683838
-0.09745843708515167
-0.09775064885616302
-0.09749920666217804
-0.09732411801815033
-0.09753240644931793
-0.09753549098968506
-0.09754379093647003
-0.09677048772573471
-0.0975174754858017
-0.09788000583648682
-0.09791544824838638
-0.09734594821929932
-0.09763835370540619
-0.09769166260957718
-0.09747093915939331
-0.09738052636384964
-0.09777331352233887
-0.0979519635438919
-0.0977335125207901
-0.09712765365839005
-0.09795330464839935
-0.09765186160802841
-0.097490094602108
-0.09800602495670319
-0.0980876237154007
-0.09742648899555206
-0.09736670553684235
-0.09805985540151596
-0.0977955311536789
-0.09848487377166748
-0.09820789843797684
-0.09728215634822845
-0.09762881696224213
53.621795654296875
167.90184020996094
213.8275909423828
128.3206024169922
74.82456970214844
126.07023620605469
124.43917083740234
103.21922302246094
109.08158111572266
112.43739318847656
107.6845474243164
109.67744445800781
114.07808685302734
115.95709228515625
120.1650390625
123.48988342285156
123.99761962890625
129.2373809814453
134.75616455078125
139.30567932128906
143.10403442382812
145.37628173828125
151.43576049804688
156.23617553710938
162.30625915527344
168.25137329101562
173.4178924560547
177.10740661621094
179.35964965820312
185.3998565673828
191.07427978515625
196.38153076171875
203.88351440429688
208.5308380126953
212.67849731445312
217.49148559570312
220.9622039794922
224.95291137695312
231.2003631591797
231.560546875
227.2099609375
225.4820556640625
228.2672882080078
225.271728515625
227.6979217529297
236.38888549804688
234.61911010742188
229.0226593017578
230.6680450439453
229.18350219726562
225.3203582763672
232.1621551513672
237.9801788330078
234.15872192382812
231.043701171875
232.68130493164062
232.36044311523438
231.68441772460938
232.3961181640625
228.6977081298828
227.45504760742188
226.1145477294922
226.6158447265625
229.0869598388672
229.96762084960938
230.2679901123047
231.670654296875
232.82730102539062
233.1516571044922
232.6475830078125
232.5889434814453
231.74136352539062
231.96044921875
230.81640625
230.51388549804688
230.43612670898438
229.29110717773438
230.0287628173828
229.04446411132812
230.22073364257812
230.95364379882812
230.4824676513672
230.6212615966797
231.26132202148438
231.1844940185547
231.05203247070312
231.58273315429688
231.15652465820312
231.4565887451172
232.84689331054688
233.142578125
234.0434112548828
234.4259490966797
234.04769897460938
235.10098266601562
234.3869171142578
234.1989288330078
234.77761840820312
234.1728057861328
234.0809326171875
233.9998321533203
225.4995880126953
184.83258056640625
33.6413459777832
-0.09462561458349228
-0.09908128529787064
-0.09643641859292984
-0.09802533686161041
-0.0984102115035057
-0.0970103070139885
-0.09717506170272827
-0.09775125980377197
-0.0975816547870636
-0.09767463058233261
-0.09732602536678314
-0.09776720404624939
-0.09809309244155884
-0.09769614785909653
-0.09706327319145203
-0.09800014644861221
-0.09797894209623337
-0.09760313481092453
-0.09767059981822968
-0.09768334031105042
-0.09785729646682739
-0.09778790175914764
-0.09752804040908813
-0.09761147201061249
-0.09825247526168823
-0.09800008684396744
-0.09744615852832794
-0.09802992641925812
-0.09755776822566986
-0.09709684550762177
-0.09807024896144867
-0.0977235734462738
-0.09816150367259979
-0.09793314337730408
-0.09760235995054245
-0.09788881242275238
-0.0972769483923912
-0.09838847815990448
-0.09755338728427887
-0.0975119099020958
-0.09814442694187164
-0.0979035347700119
-0.09757497161626816
-0.09712855517864227
-0.09824810177087784
-0.09801790118217468
-0.0971255749464035
-0.09739316999912262
-0.09778565913438797
-0.0977327823638916
-0.09766962379217148
-0.09727808833122253
-0.09688711911439896
-0.09794659912586212
-0.0975748747587204
-0.09730090200901031
-0.09760331362485886
-0.09748990833759308
-0.09755320847034454
-0.09733639657497406
-0.09777451306581497
-0.09735886752605438
-0.09731604158878326
-0.09777006506919861
-0.09762252867221832
-0.09745969623327255
-0.09708309173583984
-0.09754468500614166
-0.0975131019949913
-0.09760439395904541
-0.09744787216186523
-0.09719394147396088
-0.09786229580640793
-0.09706392139196396
-0.09750358015298843
-0.09773840755224228
-0.09709592908620834
-0.09782808274030685
-0.09751836210489273
-0.09728261083364487
-0.09796334058046341
-0.0981493592262268
-0.09765860438346863
-0.09728212654590607
-0.09774105250835419
-0.09761177003383636
-0.09824397414922714
-0.0974525660276413
-0.09752544015645981
-0.09824538230895996
-0.09748781472444534
-0.09828303754329681
-0.09783636033535004
-0.09741300344467163
-0.09806614369153976
-0.09817353636026382
53.9136962890625
168.3925323486328
225.4445037841797
151.528076171875
96.49259185791016
149.94049072265625
151.34075927734375
121.96260070800781
122.82148742675781
124.3148422241211
115.97454833984375
118.74281311035156
122.49788665771484
121.5538330078125
128.32363891601562
133.02835083007812
135.52590942382812
142.5760498046875
145.0640869140625
149.77328491210938
154.94009399414062
159.64157104492188
166.4636688232422
170.93104553222656
175.15353393554688
177.25100708007812
182.97610473632812
187.25625610351562
193.30580139160156
200.1394805908203
204.9905548095703
209.67105102539062
213.48355102539062
216.9652862548828
221.89627075195312
223.13644409179688
223.7159423828125
224.99087524414062
224.2103271484375
223.43289184570312
228.93551635742188
231.71340942382812
230.52951049804688
229.2563934326172
229.29843139648438
228.7321319580078
227.5484619140625
225.1217803955078
222.7764892578125
226.30416870117188
233.81082153320312
233.19143676757812
231.21383666992188
232.7747344970703
231.44558715820312
230.22396850585938
228.10897827148438
224.4702911376953
226.68502807617188
229.7360076904297
230.5125274658203
231.39602661132812
233.15512084960938
233.51217651367188
233.20687866210938
232.36148071289062
229.8572998046875
228.09915161132812
226.0727996826172
224.2053985595703
224.877685546875
225.1195526123047
227.6686248779297
229.7086639404297
232.12600708007812
234.11074829101562
235.9463653564453
236.94931030273438
237.88955688476562
238.1683807373047
237.6786346435547
238.5325927734375
237.56155395507812
237.2166748046875
237.06777954101562
235.5472412109375
235.12185668945312
233.9795684814453
233.4732666015625
233.77001953125
232.9096221923828
233.69979858398438
233.4275665283203
233.672119140625
234.0655059814453
234.41696166992188
235.34677124023438
235.2932586669922
235.1964569091797
236.38180541992188
237.1824493408203
230.0895233154297
187.1278839111328
32.74559783935547
-0.09527012705802917
-0.09942226111888885
-0.09567467123270035
-0.09903427213430405
-0.09738216549158096
-0.09697864949703217
-0.09772828966379166
-0.0976826474070549
-0.09708328545093536
-0.09775720536708832
-0.09736713021993637
-0.09727750718593597
-0.09858902543783188
-0.09764650464057922
-0.09719650447368622
-0.09808479249477386
-0.09766121208667755
-0.09743858128786087
-0.0979413390159607
-0.09790192544460297
-0.09746770560741425
-0.0975145697593689
-0.09806815534830093
-0.09808068722486496
-0.0978371798992157
-0.09740686416625977
-0.09824257344007492
-0.09795971214771271
-0.09774675220251083
-0.09795758873224258
-0.0981021597981453
-0.09751924872398376
-0.09720662236213684
-0.09812705218791962
-0.09803815931081772
-0.09807083755731583
-0.09769568592309952
-0.09701674431562424
-0.09821997582912445
-0.09817004948854446
-0.09726881980895996
-0.09785934537649155
-0.0979541763663292
-0.09737741947174072
-0.09776441007852554
-0.09744920581579208
-0.09766529500484467
-0.09729588031768799
-0.09765143692493439
-0.09818438440561295
-0.0973554328083992
-0.09748474508523941
-0.09740118682384491
-0.09713684767484665
-0.09794504940509796
-0.09773191809654236
-0.09729425609111786
-0.09771890938282013
-0.09716242551803589
-0.09770755469799042
-0.09757150709629059
-0.09705404937267303
-0.09766218811273575
-0.09740405529737473
-0.09742429852485657
-0.09745658934116364
-0.09723146259784698
-0.09730701148509979
-0.09797205030918121
-0.09712409228086472
-0.09712115675210953
-0.09759607911109924
-0.09770122915506363
-0.0973459929227829
-0.0973091870546341
-0.09731237590312958
-0.09822217375040054
-0.0974053218960762
-0.09780512750148773
-0.0976642519235611
-0.09734512865543365
-0.0976174920797348
-0.0974850282073021
-0.09821142256259918
-0.09741582721471786
-0.09785528481006622
-0.09800536930561066
-0.09730146825313568
-0.09810717403888702
-0.09795154631137848
-0.09755293279886246
-0.09797994792461395
-0.09820203483104706
-0.09792611002922058
-0.09773112833499908
-0.098085917532444
22.904550552368164
137.49307250976562
202.33688354492188
138.69374084472656
95.29448699951172
147.27215576171875
147.27191162109375
120.4540023803711
124.50025939941406
125.9029769897461
118.2271957397461
122.18830871582031
125.96504211425781
125.16072082519531
133.1956329345703
136.88775634765625
140.18310546875
146.4782257080078
149.53648376464844
154.45370483398438
158.70211791992188
164.08676147460938
169.93966674804688
175.17745971679688
179.2787322998047
181.4630126953125
186.61019897460938
191.52902221679688
197.0016326904297
203.96783447265625
208.4608612060547
213.2423858642578
216.6947479248047
220.6986541748047
224.6005401611328
225.68505859375
225.4688720703125
226.18533325195312
225.0851287841797
224.68869018554688
225.6196746826172
226.04501342773438
227.3396453857422
228.28128051757812
228.0849151611328
227.1508026123047
227.12661743164062
224.76950073242188
222.335693359375
227.28408813476562
236.4013671875
235.0729217529297
233.65646362304688
235.20486450195312
229.4468994140625
226.5887908935547
225.8685302734375
224.23828125
228.100830078125
232.8430633544922
233.47671508789062
235.6242218017578
235.25436401367188
234.1974334716797
232.51748657226562
228.822998046875
226.19766235351562
225.44021606445312
224.5582275390625
224.83535766601562
226.12588500976562
227.03640747070312
228.8701629638672
231.4652862548828
232.95925903320312
235.28579711914062
236.3428497314453
237.93777465820312
238.53897094726562
238.4680633544922
238.6254119873047
238.5829620361328
237.80508422851562
237.0867462158203
236.65548706054688
235.1996307373047
235.3644256591797
234.56967163085938
234.4357452392578
234.49600219726562
235.22915649414062
235.925537109375
236.2488555908203
236.55233764648438
235.84274291992188
237.1014862060547
238.12527465820312
237.7879638671875
238.36856079101562
238.8646697998047
238.9247589111328
230.7814483642578
187.4626922607422
32.60460662841797
-0.09528438746929169
-0.09933964163064957
-0.09570015966892242
-0.0988047793507576
-0.09763524681329727
-0.09673359245061874
-0.09794498234987259
-0.0974450558423996
-0.0972391813993454
-0.09791161864995956
-0.09721124172210693
-0.0977153480052948
-0.09817139059305191
-0.0972752645611763
-0.09773533791303635
-0.09794217348098755
-0.097690150141716
-0.09795241057872772
-0.09783254563808441
-0.09766294807195663
-0.09746138751506805
-0.09785448014736176
-0.09827278554439545
-0.0976993590593338
-0.09784602373838425
-0.09770327806472778
-0.09747301042079926
-0.09812293946743011
-0.09799733757972717
-0.09736710786819458
-0.09774615615606308
-0.09791320562362671
-0.0978226438164711
-0.09861936420202255
-0.09752176702022552
-0.09789285063743591
-0.09784488379955292
-0.09719769656658173
-0.0980459675192833
-0.0974801555275917
-0.09793689101934433
-0.09823119640350342
-0.09755418449640274
-0.09724391996860504
-0.09755704551935196
-0.09770314395427704
-0.09811241924762726
-0.09740369021892548
-0.09742043167352676
-0.09825243800878525
-0.09747658669948578
-0.09718699753284454
-0.09786148369312286
-0.09726390242576599
-0.09733662754297256
-0.09778758883476257
-0.09774664789438248
-0.09756200015544891
-0.09788088500499725
-0.0976705253124237
-0.09715569764375687
-0.0976865366101265
-0.09780965745449066
-0.09715647995471954
-0.09748049080371857
-0.0970282033085823
-0.09781313687562943
-0.0979786366224289
-0.09746836125850677
-0.09731417894363403
-0.09713573008775711
-0.0979556292295456
-0.09753412008285522
-0.09747885167598724
-0.09754572808742523
-0.09735424816608429
-0.09789448231458664
-0.09739662706851959
-0.09714064747095108
-0.09753799438476562
-0.09823779761791229
-0.09734073281288147
-0.09758717566728592
-0.09827756881713867
-0.09735634922981262
-0.09746968001127243
-0.09808234125375748
-0.09769938886165619
-0.09807372838258743
-0.09808338433504105
-0.09728755056858063
-0.09815479815006256
-0.09781640768051147
-0.09752754867076874
-0.09814716130495071
-0.09789077192544937
31.367834091186523
148.34011840820312
209.5857391357422
138.77330017089844
92.43724822998047
142.4036102294922
142.24307250976562
121.51983642578125
128.9586639404297
132.5163116455078
126.5145263671875
130.93836975097656
134.05723571777344
134.69918823242188
140.7387237548828
141.98426818847656
143.2976837158203
148.81228637695312
153.3787078857422
157.06436157226562
160.8900604248047
163.12200927734375
167.5063018798828
173.64443969726562
178.1541290283203
184.78421020507812
189.15869140625
192.913330078125
195.2392578125
201.03085327148438
205.1764678955078
210.8939666748047
217.8290252685547
222.1353302001953
227.89773559570312
226.24069213867188
222.6923065185547
223.00680541992188
221.61532592773438
222.1966094970703
226.6698455810547
228.3433380126953
228.76083374023438
228.11495971679688
226.004150390625
224.5170135498047
225.2202606201172
224.7371368408203
223.8774871826172
228.3549041748047
234.8942108154297
233.07217407226562
227.0800018310547
228.0235137939453
226.7509002685547
225.53976440429688
229.81130981445312
231.2218475341797
232.36569213867188
232.2628631591797
230.75827026367188
229.3907928466797
228.9720001220703
228.04885864257812
227.7898712158203
228.0006103515625
228.44509887695312
229.2764129638672
229.25485229492188
231.0467071533203
231.73764038085938
230.94723510742188
231.6464080810547
231.12521362304688
231.2088165283203
231.7164764404297
230.7661895751953
231.7621307373047
230.585205078125
230.79336547851562
231.0196533203125
230.08316040039062
230.5720672607422
230.4627685546875
230.02734375
230.63833618164062
231.2271728515625
230.9398651123047
231.6195068359375
230.91397094726562
230.9698944091797
231.7493133544922
231.7252655029297
231.8670196533203
232.53097534179688
232.871826171875
233.16378784179688
233.2292938232422
233.43655395507812
232.7168731689453
233.3861083984375
225.3428497314453
182.29733276367188
30.82498550415039
-0.09525372087955475
-0.0992393046617508
-0.09583988040685654
-0.09895318746566772
-0.09780484437942505
-0.09665568172931671
-0.09809495508670807
-0.09734930098056793
-0.09702236950397491
-0.0980430394411087
-0.09735630452632904
-0.09751415997743607
-0.09806545078754425
-0.09774002432823181
-0.09755440801382065
-0.09798942506313324
-0.09758494794368744
-0.09792955219745636
-0.09785608947277069
-0.09759343415498734
-0.09770769625902176
-0.09816811978816986
-0.09783171862363815
-0.09818446636199951
-0.09802541136741638
-0.09747524559497833
-0.09763792157173157
-0.09817875921726227
-0.097725048661232
-0.09793492406606674
-0.09732411801815033
-0.09776276350021362
-0.09847667813301086
-0.09773863852024078
-0.09759435802698135
-0.09812990576028824
-0.09772919118404388
-0.09724119305610657
-0.09786142408847809
-0.09795231372117996
-0.09782092273235321
-0.09777034819126129
-0.09760590642690659
-0.09752768278121948
-0.09747152030467987
-0.09766963869333267
-0.09803827852010727
-0.09757784008979797
-0.09756447374820709
-0.09776164591312408
-0.09701590240001678
-0.09812837094068527
-0.09748036414384842
-0.09710372984409332
-0.09799114614725113
-0.09746705740690231
-0.09725020825862885
-0.09781168401241302
-0.09721839427947998
-0.0975775346159935
-0.09753374755382538
-0.09689688682556152
-0.09778667986392975
-0.09725365042686462
-0.09725527465343475
-0.09753134846687317
-0.0971224308013916
-0.0979626327753067
-0.09738992154598236
-0.09711624681949615
-0.09735282510519028
-0.09759506583213806
-0.09795977175235748
-0.09713491797447205
-0.09777766466140747
-0.0975818857550621
-0.0972103700041771
-0.09769336879253387
-0.09768238663673401
-0.09723040461540222
-0.09769423305988312
-0.09805936366319656
-0.09777142107486725
-0.09782063215970993
-0.09745718538761139
-0.09762333333492279
-0.0972571149468422
-0.09773744642734528
-0.09832405298948288
-0.0975751057267189
-0.0978364571928978
-0.09804228693246841
-0.09786689281463623
-0.09750469028949738
-0.09796743094921112
-0.09794555604457855
31.5036678314209
148.52444458007812
209.30282592773438
138.2305145263672
92.22789001464844
142.45704650878906
142.10256958007812
121.60701751708984
129.02940368652344
132.33197021484375
126.6542739868164
130.83636474609375
133.40420532226562
134.53610229492188
140.1032257080078
141.9910888671875
143.08937072753906
147.95767211914062
153.27001953125
157.0926971435547
160.69525146484375
163.1007080078125
167.34275817871094
173.5156707763672
178.96653747558594
184.3963623046875
189.30361938476562
192.71673583984375
195.35000610351562
200.931396484375
206.1006317138672
212.49185180664062
219.0482177734375
222.8996124267578
227.482177734375
226.32968139648438
223.8556671142578
222.8860321044922
221.0181884765625
221.7565460205078
230.4335174560547
235.91845703125
233.3954315185547
228.6640625
227.1138458251953
224.9910430908203
223.21878051757812
225.5857391357422
226.61788940429688
231.3058319091797
237.3774871826172
233.7520294189453
227.0304718017578
226.80239868164062
225.9053955078125
224.90884399414062
229.0283966064453
230.51577758789062
231.2094268798828
233.02688598632812
231.5299072265625
228.7102508544922
227.70687866210938
226.5153045654297
225.13314819335938
226.63369750976562
227.41796875
229.19772338867188
231.9001007080078
233.0946807861328
235.180419921875
236.1869354248047
237.3799591064453
236.83035278320312
236.0660400390625
235.5272674560547
233.49819946289062
232.63302612304688
230.3676300048828
229.08871459960938
228.15670776367188
227.4396209716797
226.802734375
227.3880157470703
227.593017578125
227.8295135498047
228.8018798828125
228.63430786132812
228.7362060546875
228.6587371826172
229.6094512939453
229.18704223632812
230.6373291015625
230.0032958984375
229.8430938720703
230.42123413085938
230.5904998779297
230.7031707763672
230.71530151367188
230.8725128173828
230.5489959716797
223.1332244873047
180.40048217773438
28.747604370117188
-0.09487180411815643
-0.09972179681062698
-0.095230333507061
-0.09931822121143341
-0.09745626896619797
-0.0966857448220253
-0.09737096726894379
-0.09749473631381989
-0.09745202213525772
-0.09782155603170395
-0.09753747284412384
-0.09738343209028244
-0.09798578917980194
-0.09717601537704468
-0.0980590432882309
-0.09746123850345612
-0.09769211709499359
-0.09814070165157318
-0.09741710126399994
-0.09755860269069672
-0.09794243425130844
-0.09781508892774582
-0.09754528105258942
-0.09830911457538605
-0.09761156886816025
-0.09742908179759979
-0.09795951098203659
-0.09774524718523026
-0.0980469286441803
-0.097931869328022
-0.09776732325553894
-0.09804683178663254
-0.09779677540063858
-0.09782744199037552
-0.09760256111621857
-0.09805876016616821
-0.0978228896856308
-0.09700576961040497
-0.09806444495916367
-0.0985584706068039
-0.09750732779502869
-0.09738503396511078
-0.09840147197246552
-0.09787190705537796
-0.0975710079073906
-0.09756670892238617
-0.09777954965829849
-0.09736409038305283
-0.09712980687618256
-0.09843159466981888
-0.09738017618656158
-0.09747316688299179
-0.0976976752281189
-0.09739647060632706
-0.09800849109888077
-0.09781822562217712
-0.09703280031681061
-0.0978364646434784
-0.09755457192659378
-0.0974012166261673
-0.09757991880178452
-0.09690596908330917
-0.09821273386478424
-0.09719239175319672
-0.09695354849100113
-0.09777246415615082
-0.09744764864444733
-0.09777048230171204
-0.09717860072851181
-0.09748018532991409
-0.09761129319667816
-0.09772206842899323
-0.09719845652580261
-0.09777169674634933
-0.0972091406583786
-0.0970463901758194
-0.09772981703281403
-0.0973084345459938
-0.09784460812807083
-0.09736260026693344
-0.09784156084060669
-0.0975767970085144
-0.09766668826341629
-0.09766418486833572
-0.09798362851142883
-0.09706911444664001
-0.09789717942476273
-0.09784351289272308
-0.09794043749570847
-0.09811992198228836
-0.09769664704799652
-0.0978008359670639
-0.09797084331512451
-0.09767599403858185
-0.09793827682733536
-0.09800557047128677
53.64002227783203
168.75001525878906
226.017333984375
151.21786499023438
96.39506530761719
149.16622924804688
149.3050079345703
117.59638977050781
118.95928955078125
122.69881439208984
116.029052734375
120.63436126708984
126.0425796508789
125.87967681884766
131.22259521484375
133.83973693847656
137.23318481445312
144.21505737304688
149.27577209472656
152.78231811523438
155.6392059326172
161.63169860839844
166.7015380859375
172.64088439941406
178.867919921875
182.6231231689453
186.51687622070312
189.62838745117188
194.7164306640625
198.94845581054688
205.5192413330078
211.67514038085938
217.48876953125
221.8888702392578
225.29330444335938
225.4365234375
223.5751495361328
223.55126953125
223.02377319335938
222.58523559570312
224.88870239257812
225.49771118164062
225.3450164794922
225.2552947998047
225.16482543945312
224.82192993164062
224.24276733398438
224.9628143310547
224.772705078125
227.27688598632812
233.4205322265625
231.93948364257812
228.1992950439453
229.2085418701172
228.27005004882812
227.3920135498047
227.64559936523438
227.4955291748047
231.036865234375
237.2604217529297
234.6735382080078
231.18447875976562
232.8719024658203
230.24609375
230.51785278320312
230.479736328125
229.75411987304688
229.8751983642578
229.5084228515625
229.96109008789062
230.99136352539062
229.9320068359375
230.5939483642578
231.2831573486328
231.04641723632812
231.35787963867188
231.9398193359375
231.42544555664062
232.0379180908203
232.307861328125
231.8472442626953
232.7041473388672
232.6354217529297
232.8424530029297
233.90878295898438
233.0221710205078
234.03909301757812
233.9300994873047
233.6693115234375
234.04354858398438
234.2487030029297
234.4730224609375
234.7454376220703
234.8570098876953
235.1196746826172
235.3733673095703
235.43032836914062
235.71884155273438
235.6422119140625
236.2550048828125
235.00418090820312
227.6175079345703
185.88348388671875
31.70188331604004
-0.09546263515949249
-0.09960253536701202
-0.09526055306196213
-0.0992739349603653
-0.09744270890951157
-0.0970429927110672
-0.09719069302082062
-0.09743309020996094
-0.09750452637672424
-0.09757638722658157
-0.09759120643138885
-0.09763669967651367
-0.09800900518894196
-0.09748908877372742
-0.0979759693145752
-0.0975533276796341
-0.09751831740140915
-0.0977713093161583
-0.09781845659017563
-0.097750224173069
-0.09763680398464203
-0.09776470810174942
-0.0981442853808403
-0.0977281779050827
-0.0981755182147026
-0.09724332392215729
-0.09757094085216522
-0.09839262068271637
-0.09788310527801514
-0.09777647256851196
-0.09785608947277069
-0.097775399684906
-0.09802742302417755
-0.09769242256879807
-0.09793629497289658
-0.09821609407663345
-0.09763841331005096
-0.0967240110039711
-0.09812839329242706
-0.0990276113152504
-0.09719467163085938
-0.09748850017786026
-0.09807509183883667
-0.09809328615665436
-0.09738393127918243
-0.09744477272033691
-0.09789857268333435
-0.09708847105503082
-0.0979781299829483
-0.09798772633075714
-0.0970785841345787
-0.09770853072404861
-0.09752484411001205
-0.09730318188667297
-0.09805037081241608
-0.09742008149623871
-0.09715389460325241
-0.09825432300567627
-0.09730405360460281
-0.09723711013793945
-0.0979217141866684
-0.097469761967659
-0.09785708039999008
-0.09754645079374313
-0.09727777540683746
-0.09713727235794067
-0.0973329097032547
-0.09806601703166962
-0.09692420065402985
-0.09762938320636749
-0.09771447628736496
-0.09757167100906372
-0.09786694496870041
-0.09697496891021729
-0.09748528152704239
-0.09766947478055954
-0.09726694971323013
-0.09770999103784561
-0.0976489707827568
-0.0977119728922844
-0.09725820273160934
-0.0975530594587326
-0.09797947108745575
-0.09758841246366501
-0.09759346395730972
-0.09765007346868515
-0.0974387675523758
-0.0980546623468399
-0.09747549146413803
-0.09806933254003525
-0.09758497029542923
-0.09783488512039185
-0.09831573069095612
-0.09752673655748367
-0.09776853024959564
-0.09823641180992126
31.35202980041504
147.15078735351562
206.71298217773438
135.60989379882812
90.64012145996094
140.79637145996094
140.5587615966797
119.5118408203125
127.31121826171875
130.23255920410156
125.02604675292969
128.8021240234375
131.65811157226562
133.11788940429688
138.5127716064453
140.2462921142578
141.6378173828125
146.09768676757812
151.41744995117188
156.03086853027344
159.4248504638672
161.4542236328125
166.9806365966797
172.07498168945312
177.5853729248047
183.25405883789062
187.87124633789062
191.73507690429688
194.06472778320312
199.27024841308594
203.9880828857422
209.73727416992188
216.8324737548828
221.6236114501953
226.6332244873047
225.47238159179688
223.09500122070312
222.3387451171875
221.0113067626953
221.71859741210938
229.7798614501953
235.95602416992188
233.5213623046875
229.3317108154297
227.12704467773438
224.54348754882812
223.2408447265625
225.5337677001953
226.1810302734375
227.43350219726562
229.1142120361328
227.386474609375
224.0113067626953
223.6401824951172
224.78585815429688
224.90689086914062
234.04931640625
241.20950317382812
239.2628631591797
236.0769500732422
237.0934295654297
233.8838348388672
231.07431030273438
229.29150390625
227.19613647460938
227.94320678710938
227.8045654296875
230.3992919921875
233.3167724609375
233.552734375
235.7467041015625
236.5704345703125
237.0717315673828
236.6749267578125
236.1308135986328
234.9933624267578
233.38845825195312
232.25888061523438
230.3542938232422
229.6352996826172
228.25503540039062
227.7430877685547
228.3292236328125
227.47500610351562
228.499755859375
229.3250732421875
229.0002899169922
230.19326782226562
230.04202270507812
231.18624877929688
231.81942749023438
231.67282104492188
231.6728057861328
231.826171875
232.5152587890625
232.9296112060547
233.30361938476562
233.15713500976562
232.28128051757812
233.2611083984375
231.9241485595703
223.9327850341797
181.69825744628906
29.38629722595215
-0.09526139497756958
-0.09929023683071136
-0.09580229967832565
-0.09924352914094925
-0.0976681262254715
-0.09663457423448563
-0.09790654480457306
-0.097460076212883
-0.097222238779068
-0.09830380976200104
-0.09747292846441269
-0.09731008857488632
-0.09814665466547012
-0.09771987050771713
-0.09772948175668716
-0.09786442667245865
-0.09735981374979019
-0.09806974232196808
-0.0977577492594719
-0.09795570373535156
-0.09732802212238312
-0.09782262146472931
-0.09821484982967377
-0.09813425689935684
-0.09800777584314346
-0.09703582525253296
-0.09772089123725891
-0.09844040125608444
-0.09796581417322159
-0.09770036488771439
-0.09807763248682022
-0.09755448997020721
-0.09754681587219238
-0.0978727713227272
-0.09751297533512115
-0.0983569473028183
-0.09773112088441849
-0.09687560796737671
-0.0980963483452797
-0.0984310582280159
-0.09731735289096832
-0.0977008193731308
-0.09826678782701492
-0.09755303710699081
-0.09751782566308975
-0.0974823534488678
-0.09764765202999115
-0.09729766845703125
-0.09766820818185806
-0.09788118302822113
-0.09739704430103302
-0.0978267565369606
-0.09748611599206924
-0.09672664105892181
-0.09809205681085587
-0.09784872829914093
-0.09751040488481522
-0.09738431870937347
-0.09720272570848465
-0.0974760353565216
-0.09764306247234344
-0.09790477156639099
-0.09754182398319244
-0.09675554931163788
-0.09788987040519714
-0.0975443422794342
-0.0974772572517395
-0.09755423665046692
-0.09736347943544388
-0.09761021286249161
-0.09714587032794952
-0.09821592271327972
-0.09741207212209702
-0.09751130640506744
-0.09737832844257355
-0.09753034263849258
-0.09772108495235443
-0.09779646247625351
-0.09751276671886444
-0.09747551381587982
-0.09759499877691269
-0.0976741760969162
-0.09724213182926178
-0.09809918701648712
-0.09769196063280106
-0.09779789298772812
-0.09756084531545639
-0.09754512459039688
-0.0980963259935379
-0.09805140644311905
-0.09797684103250504
-0.09730759263038635
-0.09800231456756592
-0.09780655056238174
-0.09779486060142517
-0.0980166643857956
22.4689884185791
