-0.1329183727502823
-0.1329183727502823
-6.646109580993652
2.4261016845703125
-3.1054577827453613
-0.8846222758293152
0.71330726146698
-1.8923171758651733
0.2503231167793274
-0.1668591946363449
-0.6833440065383911
0.21032972633838654
0.33141201734542847
-0.045777224004268646
-0.5022174119949341
-0.22043895721435547
-0.1958065927028656
0.22870931029319763
-0.31272679567337036
-0.03156251832842827
-0.8535954356193542
-0.6343588829040527
0.6184854507446289
-0.38279104232788086
-0.007689190097153187
-0.7168880701065063
0.23966045677661896
-0.061673689633607864
-0.2118387222290039
1.558142066001892
-0.1752777099609375
-0.82606440782547
0.34641513228416443
0.128489688038826
-0.6281346082687378
0.4098791182041168
0.09951557964086533
-1.029706358909607
-0.00778961181640625
0.5500178337097168
-0.42281466722488403
0.09918804466724396
0.557774007320404
-0.46098536252975464
0.787762463092804
0.4896148145198822
-0.3476962447166443
0.7307499051094055
0.4345038831233978
-0.12066853046417236
0.3590187430381775
0.44439131021499634
0.32444897294044495
-1.0835304260253906
0.9819744229316711
0.5052054524421692
0.21708819270133972
0.5659806728363037
-0.16863496601581573
-0.8559125065803528
0.06904144585132599
1.8840510845184326
-0.9191721081733704
2.539029836654663
0.39248552918434143
-0.7407621145248413
1.4631656408309937
-0.35700613260269165
-1.32515549659729
0.9156665802001953
0.406071275472641
-0.06720481067895889
0.17522668838500977
0.2660624086856842
0.22816991806030273
0.31574028730392456
0.8000987768173218
-0.402552992105484
0.5394337177276611
0.43150433897972107
-0.08410892635583878
0.7639667391777039
0.06593914330005646
-0.3750983774662018
0.025999879464507103
0.4436848759651184
0.6365663409233093
-0.2014615535736084
0.14181223511695862
0.6328467726707458
0.06534738838672638
0.8000562787055969
0.2321849763393402
-0.023483609780669212
0.20192937552928925
0.1466858834028244
0.43660178780555725
0.2897476255893707
0.19507817924022675
-0.7018306851387024
-1.0793397426605225
-1.5583689212799072
2.3531060218811035
-0.47652024030685425
-1.8417472839355469
1.045928716659546
0.11480455100536346
-0.7852212190628052
0.3688487112522125
0.3631729185581207
-0.21742668747901917
0.25982800126075745
0.017750263214111328
0.1636609137058258
-0.11021318286657333
0.15104588866233826
-0.04535503312945366
0.08102407306432724
-0.31735172867774963
0.19680309295654297
0.12269649654626846
-0.7856816649436951
0.08362140506505966
0.23287764191627502
-0.619610607624054
-0.36898908019065857
0.06214256212115288
-0.14310750365257263
-0.015232658013701439
-0.21450909972190857
-0.49057453870773315
0.5342756509780884
-0.0749385803937912
0.2807011604309082
-1.4528582096099854
0.2187400758266449
0.9274755716323853
0.30810603499412537
-1.1689422130584717
-0.47548866271972656
0.34006768465042114
-0.45138436555862427
-0.3467141091823578
-0.7539466619491577
-0.8155827522277832
-0.3702293336391449
0.05930671840906143
-0.8896023035049438
0.13541889190673828
-0.09057331085205078
-0.17120914161205292
-0.3101324141025543
0.29340553283691406
-0.6428579092025757
-0.7362371683120728
0.3310602307319641
-0.6981987953186035
-0.5802313089370728
0.15361003577709198
-1.9755609035491943
-0.9023578763008118
0.5917419195175171
-0.8988003730773926
0.14914321899414062
-1.6253238916397095
0.03610401228070259
0.038689326494932175
-0.9772294759750366
0.42554187774658203
-0.46674680709838867
-0.8152530789375305
-0.4147892892360687
-0.7862095832824707
-0.3647405505180359
0.24552898108959198
-0.6502634882926941
0.05770692974328995
0.014109611511230469
-0.5423812866210938
-0.8491573333740234
0.4163333773612976
-1.5568177700042725
0.3443121016025543
0.13927650451660156
-1.4422320127487183
0.9907108545303345
-0.443228155374527
-0.3531174659729004
-0.10550250858068466
0.06391086429357529
0.6104452013969421
-1.0267736911773682
-0.31267601251602173
-0.12499294430017471
0.094129279255867
-1.0953246355056763
0.4522954821586609
0.5471884608268738
-0.6470223665237427
-0.9912756085395813
0.5545123815536499
-12.55097770690918
10.779916763305664
-2.112840414047241
-8.280580520629883
5.627187728881836
-2.6888699531555176
-0.8897924423217773
3.231027126312256
-1.6818885803222656
-0.41797417402267456
1.1823431253433228
-1.307468056678772
0.06601013988256454
0.3057839274406433
-1.0131566524505615
0.15314941108226776
0.5285527110099792
-0.6902750134468079
0.1972675323486328
-0.11996331065893173
-0.03525242954492569
-0.45131343603134155
0.16224117577075958
-0.16194868087768555
-0.17262864112854004
-0.3394792675971985
-0.6344539523124695
0.8173449635505676
0.41139650344848633
-0.6183072328567505
-0.5067235231399536
0.9600962400436401
-0.374642014503479
0.07935044914484024
1.054283857345581
-0.22698763012886047
-0.3417392671108246
0.43556490540504456
-0.16971422731876373
0.5899401903152466
0.42021679878234863
-0.10724030435085297
-0.16521123051643372
0.30464377999305725
0.2059013396501541
0.7366561889648438
0.20503643155097961
-0.016275787726044655
-0.20085421204566956
0.7931442856788635
-0.037503767758607864
-0.2800419330596924
0.6036089658737183
0.433570921421051
0.12062911689281464
0.23534421622753143
0.2749570310115814
0.03787598758935928
0.6937164068222046
-0.3746384084224701
0.5154547691345215
0.15636567771434784
0.4775632917881012
0.2866373062133789
-0.12975367903709412
0.7878410220146179
0.46432963013648987
0.24584683775901794
-0.09298686683177948
0.3990151286125183
0.6010819673538208
0.6290292739868164
0.33724918961524963
0.3081076741218567
0.23900413513183594
-0.36826276779174805
-0.032999612390995026
0.5761722326278687
-0.4388805031776428
0.6392149925231934
0.22689780592918396
-0.08414717018604279
0.04615802690386772
0.5365932583808899
0.015298652462661266
0.012564754113554955
0.3443213403224945
0.21671637892723083
0.05581674724817276
-0.04742107540369034
0.4482332170009613
-0.07175026088953018
-0.007229995913803577
0.23165616393089294
-0.17554207146167755
0.2782519459724426
0.10518951714038849
-0.31362828612327576
-2.8178420066833496
-3.9708786010742188
-17.48979949951172
4.5129618644714355
3.572800874710083
-3.8557770252227783
-1.6386913061141968
0.35096487402915955
-1.1351085901260376
-0.2682971954345703
0.2684917449951172
-0.43379369378089905
0.24441318213939667
0.26185330748558044
-0.5785204172134399
0.08641042560338974
0.1864331215620041
-0.5436431169509888
0.17857351899147034
0.4647976756095886
-0.6103748083114624
0.20279207825660706
0.3282511830329895
0.002754688262939453
-0.12202634662389755
0.2834898829460144
-0.7060665488243103
-0.05352354049682617
-0.08329887688159943
0.021877575665712357
0.15524569153785706
-0.4232978820800781
0.1566062867641449
0.12069873511791229
-0.45170459151268005
-0.08947601169347763
-0.5638397336006165
-0.0558660514652729
-0.5479575395584106
-1.193014144897461
0.5278865694999695
0.1956356018781662
-0.1538867950439453
-0.04309215396642685
-0.07600059360265732
-0.29829922318458557
0.5216106176376343
0.09867839515209198
0.2747154235839844
-1.4723536968231201
-1.227471113204956
0.2571609616279602
-0.08468122780323029
0.5454047918319702
1.3278261423110962
-0.0136260986328125
-1.7296396493911743
0.14048118889331818
1.887905478477478
-1.2654645442962646
-0.10690803825855255
0.631954550743103
-0.5110193490982056
0.4478685259819031
-0.15654048323631287
0.37573185563087463
-0.3100441098213196
-0.4724166989326477
0.00285682687535882
-1.5231902599334717
0.9245897531509399
0.019259070977568626
-1.0161755084991455
0.6371599435806274
1.1464664936065674
-0.13917407393455505
1.3743808269500732
-0.33376607298851013
0.8447710871696472
-0.8162131309509277
-1.2192909717559814
0.03744335100054741
-0.15326480567455292
-0.4370994567871094
0.6367319822311401
0.2511506974697113
-0.4329719543457031
0.3427327275276184
-0.639630138874054
0.9912437200546265
0.502717912197113
-1.1338862180709839
0.25661802291870117
-1.0215089321136475
0.7111214399337769
0.05271124839782715
-0.9652393460273743
0.704328179359436
-0.7613331079483032
-0.6840276718139648
-0.2505718171596527
-0.7735127210617065
-12.905657768249512
10.532279968261719
-1.9620001316070557
-8.455820083618164
5.1569132804870605
-2.5571138858795166
-0.8109983205795288
2.71783447265625
-1.5513041019439697
-0.010488415136933327
0.9462333917617798
-1.1360588073730469
-0.1374465525150299
0.496823787689209
-0.6398116946220398
-0.2308400571346283
0.022297287359833717
-0.5547000765800476
0.2402721345424652
-0.21973876655101776
-0.47886720299720764
-0.04192781448364258
0.28269118070602417
-0.24824504554271698
-0.247889906167984
0.4207368791103363
-0.7134847044944763
0.19604969024658203
-0.07483883202075958
0.006208276841789484
-0.26894325017929077
0.39753592014312744
-0.018134092912077904
0.504847526550293
-0.23024363815784454
-1.1199489831924438
1.0594346523284912
-0.38545334339141846
-0.11579771339893341
0.9184612035751343
-0.5146374702453613
0.37042590975761414
0.5594510436058044
-0.002617527497932315
0.330707311630249
0.14138224720954895
0.29543763399124146
1.1425256729125977
-0.41734251379966736
-0.03939618915319443
0.7691284418106079
-0.24300651252269745
0.8427802324295044
-0.2553783059120178
0.42039909958839417
0.5342340469360352
-0.3451562523841858
0.2520712912082672
0.28071680665016174
-0.0699923038482666
0.3237070143222809
0.47570809721946716
0.08996858447790146
0.45939570665359497
0.45613613724708557
0.22085408866405487
1.0310235023498535
-0.15971747040748596
0.29689788818359375
0.5967162251472473
-0.16913633048534393
0.39466047286987305
0.9546076655387878
0.6092584729194641
-0.022705744951963425
-0.3187622129917145
0.6027253866195679
-0.041608430445194244
0.2686675190925598
0.8956926465034485
-0.06080427020788193
0.4608883857727051
-0.11947164684534073
0.3984993100166321
0.771694540977478
-0.35008755326271057
0.5864983797073364
0.3731328845024109
0.2705461382865906
0.3133009076118469
0.014588737860321999
0.29748621582984924
-0.243113711476326
0.08708200603723526
0.3587421476840973
0.538205623626709
-0.08061675727367401
0.01776142045855522
-0.6068134307861328
-3.846457004547119
-18.083879470825195
6.608120918273926
9.68693733215332
-3.8138465881347656
-9.669702529907227
4.86286735534668
-0.7147108912467957
-2.1457722187042236
2.0767664909362793
-0.365379273891449
-0.9478768110275269
1.245550513267517
-0.65283203125
-0.0701087936758995
0.36503419280052185
-0.6443273425102234
0.08471155166625977
0.24616698920726776
-0.50858074426651
0.04521923139691353
-0.012218189425766468
0.306509792804718
-0.012581062503159046
-0.06337423622608185
0.24306249618530273
0.43852394819259644
-1.083017349243164
0.8357911109924316
-0.08302278816699982
-0.35753870010375977
0.7656540870666504
-0.33249083161354065
-0.34188756346702576
-1.0209846496582031
0.27881813049316406
-0.9406827092170715
-0.3155917227268219
-0.06317520141601562
-0.12675456702709198
-0.1905917227268219
-0.7736506462097168
0.09241018444299698
0.22390738129615784
-0.6239684224128723
0.5924275517463684
-0.5450876951217651
1.0981992483139038
0.9445667266845703
-2.102921962738037
-0.36951732635498047
0.9550701379776001
-0.16272449493408203
0.24024543166160583
-0.6381977200508118
-0.18104581534862518
-0.17515984177589417
1.098362684249878
-0.656167209148407
-0.4583307206630707
0.7087554931640625
0.32075977325439453
-0.6490480303764343
-0.4157564043998718
-0.2008092850446701
-0.48070794343948364
-0.4779762327671051
-0.2340259552001953
-0.2441011369228363
0.6952604055404663
-0.0768037810921669
-0.7415213584899902
0.14148464798927307
-0.9804626703262329
0.17247676849365234
0.23514977097511292
-1.2263742685317993
0.29599636793136597
0.4678470492362976
0.4543073773384094
-0.9364563822746277
0.39634475111961365
0.2665332853794098
-0.9048859477043152
-0.7579572796821594
0.37177830934524536
0.06898832321166992
-1.3887324333190918
0.38260555267333984
-0.43900489807128906
-1.3038501739501953
0.552754282951355
-0.9806853532791138
1.3223549127578735
-0.7739355564117432
-0.7508705258369446
1.2034631967544556
0.11982593685388565
0.9805078506469727
-0.7236769795417786
0.9120100140571594
-12.604077339172363
10.665085792541504
-2.1405189037323
-8.500042915344238
5.254157066345215
-2.646074056625366
-0.8665527105331421
3.0314528942108154
-1.8278402090072632
-0.42441701889038086
1.2733815908432007
-1.4956762790679932
-0.002729749772697687
-0.08410687744617462
-0.7132198214530945
0.026168156415224075
0.048479318618774414
-0.5986653566360474
-0.019173145294189453
-0.0018792629707604647
-0.5506041049957275
-0.0030618668533861637
-0.0540277473628521
-0.3016853332519531
-0.4002932012081146
0.41188040375709534
-1.1333385705947876
0.49005746841430664
0.5650445818901062
-0.8354880213737488
-0.14224450290203094
0.605848491191864
0.2877888083457947
0.7121392488479614
-0.522720992565155
-0.6238115429878235
0.7956092953681946
-0.038103245198726654
-0.08239948749542236
0.7286611795425415
-0.12028554826974869
0.07705336809158325
0.6495323181152344
-0.41284704208374023
0.17833209037780762
0.45338526368141174
0.6285683512687683
0.834708571434021
-0.027097750455141068
0.14402146637439728
0.3947094976902008
-0.005938887596130371
0.4953892230987549
0.5567260384559631
-0.39103183150291443
1.2621866464614868
0.4598330557346344
-0.20077142119407654
0.25763431191444397
0.5600757598876953
0.45171546936035156
0.0736636146903038
0.1805557757616043
0.22305917739868164
-0.08837590366601944
0.440451443195343
0.467350572347641
-0.06766090542078018
0.8684705495834351
-0.15332822501659393
0.41981878876686096
0.4002212584018707
0.18433837592601776
0.27987203001976013
0.15379400551319122
-0.13165006041526794
0.09513816982507706
0.8888451457023621
0.37663906812667847
0.18008776009082794
0.08152484893798828
-0.019545555114746094
0.1797323226928711
0.4112991392612457
0.4015606939792633
0.3855772018432617
0.11340828239917755
0.34271639585494995
-0.14121751487255096
-0.06982479244470596
0.45363083481788635
0.7079070806503296
0.02064800262451172
-0.17253875732421875
0.2896420359611511
-0.14937277138233185
0.3543950915336609
0.46844586730003357
-2.1059818267822266
-3.651245594024658
-19.1777400970459
7.585524082183838
10.474507331848145
-7.879223823547363
-7.326507568359375
4.014407634735107
-0.5399813055992126
-2.5978751182556152
2.1387555599212646
-0.35565581917762756
-0.9899791479110718
1.338153600692749
-0.7141047716140747
-0.01350946445018053
0.1559067666530609
-0.4820381700992584
-0.49484872817993164
-0.3214302062988281
-0.17350836098194122
-0.09376697242259979
-0.17820826172828674
-0.296225368976593
0.8058459162712097
0.3361438810825348
0.000701904296875
0.08470344543457031
-0.18013830482959747
0.23934069275856018
-0.2868080139160156
0.5131478309631348
-0.3253733515739441
0.1975237876176834
0.38872891664505005
-0.5418674349784851
0.2359151840209961
-0.7142633199691772
-0.6182705760002136
-1.0692164897918701
0.2319660186767578
0.08435659110546112
0.4302827715873718
-0.7928457260131836
0.8200433850288391
-0.9103116989135742
-1.1543089151382446
0.370261013507843
-0.25856876373291016
-0.23683777451515198
0.9510679244995117
0.0629039779305458
-1.4885371923446655
-0.14948682487010956
0.16186828911304474
-0.3380960524082184
-0.7874898910522461
1.008279800415039
-1.3175048828125
0.5145225524902344
-0.6255132555961609
0.23758792877197266
1.09884774684906
-0.7427571415901184
-0.3148173391819
-1.3704923391342163
0.7189754247665405
0.0323091521859169
-1.0059758424758911
0.7781614065170288
-1.0389302968978882
1.2809808254241943
-0.6548420786857605
0.3972935676574707
-0.9692959785461426
1.0197035074234009
0.3247446119785309
-0.4600702226161957
0.6424082517623901
0.10493765026330948
-0.8479257822036743
0.4991331994533539
-0.6994964480400085
-1.1082390546798706
0.4499228596687317
-0.5773741006851196
-1.1909053325653076
-0.06846585124731064
0.3950534462928772
-1.4469152688980103
-0.20380859076976776
0.2731285095214844
0.7469485402107239
-0.049596596509218216
0.4890139698982239
-1.646245002746582
-0.47761884331703186
-0.13085384666919708
-0.021370410919189453
-0.16252107918262482
-1.6957263946533203
-0.3167571425437927
-12.742657661437988
7.809291839599609
0.8208228945732117
-9.301590919494629
4.691859722137451
-1.6983305215835571
-1.9444305896759033
2.8707361221313477
-1.001460313796997
-1.125867247581482
1.0857038497924805
-0.8158602714538574
-0.166606143116951
0.2587813436985016
-1.2087868452072144
-0.18153467774391174
0.3771445155143738
-0.5971472263336182
0.20257338881492615
-0.06388168036937714
-0.3813101649284363
0.16520853340625763
-0.06305374950170517
0.03227486461400986
-0.36458587646484375
-0.14519405364990234
-0.15949416160583496
-0.19751906394958496
-0.06665091216564178
-0.1635897159576416
-0.1525716334581375
0.05727405473589897
0.3768830895423889
0.22905877232551575
-0.1572960615158081
-0.14230485260486603
0.36680179834365845
0.05469973012804985
0.050029195845127106
0.2648279666900635
0.145171657204628
-0.10192644596099854
0.19096532464027405
0.6759508848190308
0.05729334428906441
-0.02314930036664009
0.5876280665397644
0.18881681561470032
0.3210987448692322
0.17655417323112488
0.0630369633436203
0.12460561096668243
0.4042191505432129
-0.08059434592723846
0.026053572073578835
1.3830697536468506
0.2260577231645584
-0.07493124157190323
0.742173969745636
0.10979413986206055
0.4662606120109558
0.3745817244052887
0.28021401166915894
0.6006650924682617
0.3946833610534668
0.6288830637931824
0.12775841355323792
0.36088019609451294
0.46829670667648315
0.5459271669387817
0.3875717222690582
0.22904300689697266
0.24274177849292755
0.20833396911621094
0.39934635162353516
0.26339370012283325
0.5687620043754578
0.45543545484542847
-0.18285465240478516
0.4978465139865875
-0.03033733367919922
0.0858226791024208
0.5114421844482422
-0.31747427582740784
0.5997365117073059
0.03640451282262802
-0.19529780745506287
0.6222974061965942
-0.4827357232570648
0.3661297857761383
0.055194854736328125
0.3186129629611969
0.351235955953598
-0.030430888757109642
-0.11359824985265732
-0.1179661750793457
0.27588385343551636
0.44585829973220825
-2.8236467838287354
-3.9550819396972656
-19.291393280029297
5.477676868438721
9.369152069091797
-3.5438613891601562
-9.312982559204102
3.812474012374878
-0.4791070818901062
-2.211719036102295
2.000378131866455
-0.19129209220409393
-0.6903036832809448
0.8018649816513062
-0.4677925109863281
-0.129765123128891
0.16988582909107208
-0.3960868716239929
0.23790664970874786
-0.20607872307300568
0.3741834759712219
-0.6558112502098083
-0.029175948351621628
-0.320319265127182
-0.3554401397705078
-0.3864150941371918
0.27174776792526245
-0.006383991334587336
-0.6847618818283081
0.29923638701438904
-0.1055702194571495
-1.4072139263153076
0.3511928617954254
0.18322333693504333
-0.17754344642162323
-0.2665543556213379
0.5148560404777527
-1.726744294166565
-0.19921788573265076
0.6827102899551392
-0.25811710953712463
0.7197097539901733
0.45138415694236755
-0.8872731924057007
-1.2169781923294067
0.4925287365913391
-0.20654448866844177
-0.7222937345504761
0.43115234375
0.6363846063613892
-2.2686593532562256
-0.2584940791130066
1.730983018875122
-0.9363800287246704
-0.05697231367230415
1.5961930751800537
-0.9107810854911804
-0.2958812713623047
1.2386335134506226
-1.162137746810913
1.00336492061615
-0.21879997849464417
-1.0998657941818237
1.0167182683944702
-0.8060314059257507
0.5024818181991577
0.8539649844169617
-0.9783841371536255
-0.11494617164134979
0.5645675659179688
-0.08439169079065323
-1.8402001857757568
0.3455497622489929
-0.05309009552001953
-1.0703059434890747
-0.4652792811393738
0.9683486819267273
-1.041080355644226
0.5896747708320618
0.49999865889549255
-1.199131727218628
-0.3158004879951477
0.782034695148468
0.07169361412525177
0.08927536010742188
1.3634103536605835
-0.8361560702323914
0.019012451171875
-1.2029074430465698
0.4664570689201355
-0.5022638440132141
1.2237643003463745
-0.7571437954902649
0.21061429381370544
-1.0365982055664062
-0.5155207514762878
-0.5339503288269043
0.23143883049488068
-0.7491353750228882
0.4685937762260437
-0.9411439895629883
-0.6900961995124817
-13.40800952911377
10.578094482421875
-1.7568531036376953
-9.241090774536133
5.477917671203613
-2.731757402420044
-1.0930553674697876
2.4275524616241455
-1.3052037954330444
-0.4182226061820984
0.627738356590271
-1.0401939153671265
0.08885164558887482
0.007952737621963024
-0.5192806720733643
-0.44290095567703247
0.006534767337143421
-0.46383795142173767
0.4127572178840637
-0.2718839645385742
-0.185313418507576
-0.3146060109138489
0.5843935012817383
-0.48200711607933044
-0.12867121398448944
-0.05212344974279404
-0.2992320954799652
0.20865826308727264
0.45581865310668945
-0.44096866250038147
-0.37457770109176636
0.27277714014053345
0.6719505190849304
0.42632532119750977
-0.8589932322502136
-0.42419424653053284
0.8008329272270203
-0.3335619568824768
-0.27411404252052307
0.9086650609970093
-0.3231675922870636
-0.37421125173568726
0.848787784576416
-0.8981661796569824
0.3619126081466675
0.3734820485115051
0.6045492887496948
0.2838314175605774
-0.16204610466957092
0.12498662620782852
0.9172264337539673
-0.11849484592676163
-0.18024015426635742
0.5954930782318115
0.43739914894104004
0.687566339969635
0.26385921239852905
0.11250247806310654
-0.07270002365112305
0.5022016763687134
0.45868420600891113
0.19841384887695312
-0.09517641365528107
0.2672131657600403
0.5891286134719849
0.635421633720398
0.07616949081420898
0.6046311259269714
0.1692519187927246
-0.06681700050830841
0.9477197527885437
0.22143515944480896
0.4625698924064636
0.3330754339694977
0.07277965545654297
0.7356497049331665
-0.008778286166489124
0.8777692914009094
0.31449946761131287
-0.2692924439907074
0.21686649322509766
-0.007848834618926048
0.6099168658256531
-0.5887497663497925
0.7022536993026733
0.24630260467529297
-0.15532036125659943
0.5565892457962036
-0.03191013261675835
0.24077948927879333
0.6682621240615845
-0.8921674489974976
0.6370934247970581
0.2381630837917328
-0.1735655814409256
0.10224761813879013
-0.016445446759462357
0.07998800277709961
-2.457043409347534
-4.017246246337891
-18.725635528564453
6.3964738845825195
9.131586074829102
-2.9108448028564453
-10.286752700805664
3.506943941116333
0.5881303548812866
-3.1213772296905518
2.263780117034912
-0.2578147351741791
-1.3919214010238647
1.4778095483779907
-0.8981402516365051
-0.5997536778450012
0.8474200963973999
-0.598564863204956
-0.2322881668806076
0.4107148051261902
-0.0998939499258995
-0.33682146668434143
0.24523258209228516
-0.2841799855232239
-0.17048034071922302
0.0208906177431345
-0.3706150949001312
-0.22914180159568787
0.21309499442577362
-0.5481950044631958
-0.2071147859096527
0.7297583818435669
-0.50926274061203
-0.2699836790561676
-0.596453070640564
-0.929661750793457
0.5747736096382141
-0.6343622207641602
0.023142242804169655
0.1900070160627365
0.2753458023071289
-0.39149704575538635
-0.8929459452629089
0.3165365159511566
0.6452800631523132
-0.5207555890083313
1.9653809070587158
0.6881879568099976
-1.6814892292022705
0.6498458981513977
0.4814702868461609
-1.7931007146835327
-0.6305793523788452
0.4976732134819031
-0.2865588068962097
0.2598966658115387
0.14068660140037537
-0.19848231971263885
0.593126118183136
0.7318513989448547
-1.3481802940368652
0.565498948097229
0.10655917972326279
-0.5069658160209656
0.33754920959472656
1.156105399131775
-0.6175240278244019
-0.38456326723098755
0.2917894423007965
0.014388656243681908
-0.3637920320034027
0.5124772787094116
-0.06743421405553818
-1.6707820892333984
1.0551897287368774
-0.4181785583496094
0.08011122047901154
-0.18347854912281036
-0.2075616866350174
0.8106049299240112
-0.46899253129959106
-0.6622723340988159
-0.40384331345558167
1.0726697444915771
0.48638850450515747
-0.4829045832157135
0.2909391522407532
-0.6987813115119934
-0.3126501142978668
0.24650612473487854
0.634234607219696
-1.3632696866989136
-0.5154275894165039
0.8915847539901733
0.4113110601902008
-0.40225210785865784
-0.021732712164521217
0.8263877630233765
-1.6361331939697266
0.927631676197052
-0.8867977261543274
-0.11415205150842667
-11.705728530883789
10.187688827514648
-1.3956222534179688
-8.654590606689453
5.070467948913574
-2.6924667358398438
-1.0537322759628296
2.6522293090820312
-1.4004366397857666
-0.9888437986373901
0.9395378232002258
-1.1400611400604248
0.09467701613903046
-0.023018646985292435
-0.7551895380020142
-0.021718788892030716
-0.14319248497486115
-0.6440886855125427
0.5260651111602783
-0.23153194785118103
-0.7069727182388306
-0.2910001277923584
0.12038736045360565
-0.37572789192199707
-0.037429142743349075
-0.10447754710912704
-0.4347377419471741
0.3568100035190582
0.5694001913070679
-1.157464623451233
-0.7950544953346252
1.2089486122131348
-0.5531782507896423
0.1959386169910431
0.7175832390785217
-0.45437484979629517
0.43196386098861694
-0.37489819526672363
0.514021098613739
0.8353735208511353
0.3330613970756531
-0.6473523378372192
-0.20471790432929993
0.7078284025192261
-0.25780269503593445
0.30500221252441406
1.250779151916504
-0.1117154136300087
-0.48560500144958496
0.8947488069534302
0.18360085785388947
0.035820674151182175
0.6643794775009155
-0.4769175946712494
0.29373472929000854
0.3660258650779724
0.3888055384159088
-0.06697926670312881
0.5226979851722717
0.09823384135961533
0.2989211082458496
0.12911757826805115
0.24498824775218964
0.299625962972641
0.13793134689331055
0.5352991819381714
0.5449141263961792
0.9063937067985535
-0.2703556418418884
0.04109058529138565
0.92198246717453
0.10763005912303925
0.8773859739303589
0.36755743622779846
-0.5117824077606201
0.6016489267349243
-0.23061713576316833
0.21275615692138672
0.7916231155395508
0.4081644117832184
-0.1931498497724533
0.8645440340042114
0.24731779098510742
0.042250730097293854
-0.08799733966588974
0.7256821393966675
0.21289435029029846
0.1323080062866211
0.6048680543899536
0.31988686323165894
0.3935921788215637
-0.18767261505126953
0.6253034472465515
0.01575765572488308
-0.17420291900634766
0.3002943992614746
0.3141532838344574
-0.20497551560401917
-0.5802245140075684
-4.075541973114014
-17.86248016357422
6.7459716796875
9.74905014038086
-5.644178867340088
-8.372369766235352
5.863552093505859
-1.4026457071304321
-2.2956924438476562
2.649707794189453
-1.1502596139907837
-0.278477281332016
1.5532190799713135
-0.8420602679252625
-0.2215895652770996
0.6101676821708679
-0.770053505897522
0.385057270526886
-0.0424620620906353
-0.11722888797521591
-0.21653404831886292
0.07624693214893341
-0.31600627303123474
0.17993001639842987
0.013628100976347923
0.01545019168406725
0.39938241243362427
0.33846959471702576
-0.12366314232349396
-0.15002918243408203
-0.08819093555212021
-0.33311671018600464
0.6282144784927368
-0.525628924369812
0.12140083312988281
-0.3503496050834656
-0.9877709150314331
0.6443160176277161
-0.6484569311141968
0.2632139325141907
-0.5039402842521667
0.08017711341381073
-0.8476772308349609
0.9644876718521118
-0.7046583890914917
-0.7380902171134949
0.5013107061386108
-0.2137412130832672
0.1076139435172081
0.6568304300308228
0.6610708236694336
-1.4308639764785767
-0.7113381624221802
0.7489374279975891
-0.9907748103141785
-0.500994861125946
0.9164188504219055
-0.7784417271614075
0.4079614579677582
-0.17950686812400818
0.5585038065910339
0.7667185664176941
-0.6081950068473816
-1.3026098012924194
0.04307422786951065
0.4205588400363922
-0.8702552914619446
0.7009355425834656
-0.062082480639219284
0.15808144211769104
-0.49065160751342773
-0.4989030957221985
0.8953763246536255
0.4451945424079895
-1.5064499378204346
0.5059798359870911
-0.7321405410766602
0.450212299823761
-0.8739292025566101
-0.2550787925720215
-0.07278309017419815
-0.06350813060998917
-0.05983390659093857
-0.32931917905807495
0.1408061981201172
0.2073557823896408
-0.3840097486972809
0.04808378219604492
-0.30203914642333984
-0.09827127307653427
1.4517161846160889
-0.465632826089859
-0.9015219807624817
0.7578592896461487
-0.964764416217804
-0.7787219882011414
0.26305896043777466
0.3485730290412903
-0.6671286821365356
-1.9714393615722656
0.7751592397689819
-13.484016418457031
10.293926239013672
-1.7848453521728516
-8.793657302856445
5.015370845794678
-2.6951606273651123
-1.282974362373352
3.189122200012207
-2.003512382507324
-0.4400361180305481
1.0835357904434204
-0.8983287811279297
-0.2456342726945877
0.25285154581069946
-0.9520163536071777
-0.11562170833349228
-0.009285211563110352
-0.4641968309879303
-0.23711004853248596
0.18291163444519043
-0.7513024806976318
0.04717745631933212
0.4788716435432434
-0.1966758668422699
-0.05266408994793892
-0.45550546050071716
-0.5011359453201294
0.38319897651672363
0.29370057582855225
-0.9084724187850952
0.06335952132940292
0.4503735601902008
-0.27412742376327515
0.5482369661331177
0.16955789923667908
0.03806636482477188
0.15083904564380646
0.10207958519458771
0.4175623953342438
1.000131368637085
0.017513396218419075
-0.7038339972496033
0.17100898921489716
0.5827963948249817
-0.24209487438201904
0.9087196588516235
-0.3456786274909973
0.33424675464630127
0.16307587921619415
0.27799099683761597
0.5812234878540039
0.4076555669307709
0.4464034140110016
-0.04823555797338486
0.8253362774848938
0.5222758054733276
-0.030407333746552467
-0.1117558479309082
0.6990896463394165
-0.31741419434547424
1.3474109172821045
0.07988719642162323
-0.3161366879940033
0.9185341000556946
0.15277329087257385
0.4292888641357422
0.7208248376846313
-0.03697051852941513
0.5145635604858398
-0.3651936948299408
0.5940110087394714
0.2194734513759613
0.3468915820121765
-0.05418729782104492
0.25708311796188354
-0.01172485388815403
0.05818777158856392
0.7057623863220215
-0.11385955661535263
0.18041133880615234
0.23341044783592224
0.1566862165927887
0.15600308775901794
-0.43411722779273987
0.7197249531745911
0.37338313460350037
0.202290341258049
0.007953452877700329
0.5536902546882629
-0.15409822762012482
0.33878880739212036
0.18836231529712677
0.23426485061645508
0.3163324296474457
-0.42257508635520935
0.8867619633674622
-0.10657825320959091
0.005519771482795477
-0.6530202627182007
-4.568034648895264
-13.675552368164062
4.327099800109863
3.9561562538146973
-5.034721374511719
-1.959316611289978
0.9595168232917786
-1.3432658910751343
-0.18273043632507324
0.8982040286064148
-0.5170896649360657
0.3468340039253235
0.033895015716552734
-0.325934499502182
0.2568332552909851
0.3089722692966461
-0.9123677015304565
-0.09456910938024521
0.35394352674484253
0.0969274491071701
-0.0016714095836505294
0.2756880819797516
-0.12956790626049042
0.09761448204517365
-0.02802753448486328
-0.3023930490016937
0.1789797842502594
0.17009277641773224
-0.7935072183609009
0.3924236297607422
0.2444278746843338
-0.06167774274945259
0.02964344061911106
0.014592933468520641
-0.627832293510437
0.5596432685852051
0.0818624496459961
-0.6940149068832397
1.3404710292816162
0.6452133059501648
-0.6560905575752258
-0.39045971632003784
0.6377521753311157
-0.21253232657909393
0.1058206558227539
0.8146110773086548
0.011476325802505016
-1.452020287513733
-0.020390605553984642
1.4139893054962158
-1.3727614879608154
0.6214044690132141
-0.13796177506446838
-0.2697393298149109
0.5887317657470703
1.162414789199829
-2.0438902378082275
-0.5078538060188293
0.6954917907714844
-0.9682933688163757
0.6919404864311218
-0.3347017168998718
-0.024727439507842064
0.2264162003993988
-0.4666503071784973
-0.7922641634941101
-0.026177024468779564
-0.8117326498031616
1.3333771228790283
-1.5187923908233643
-0.8890325427055359
0.44151878356933594
-0.33708876371383667
-0.20125217735767365
-0.9171426892280579
-0.6004831194877625
-0.6442297697067261
0.5755088925361633
0.6562288999557495
-0.9479648470878601
0.09891519695520401
0.6063213348388672
-0.3286179006099701
0.15620441734790802
-0.15060491859912872
0.486785888671875
0.8032659292221069
0.3513604998588562
-0.18016795814037323
-0.9602971076965332
-0.41991710662841797
-0.06294842064380646
0.24310818314552307
-0.6166613698005676
-0.33997949957847595
0.6880820393562317
-0.8086590766906738
0.6518583297729492
-0.6538457870483398
-0.5447951555252075
-1.7246215343475342
-12.35041618347168
10.209972381591797
-1.681386947631836
-8.542852401733398
5.334504127502441
-2.831124782562256
-1.3329315185546875
3.377133846282959
-1.7208541631698608
-0.44806623458862305
1.1441434621810913
-1.0249265432357788
0.3683605194091797
0.11657238006591797
-1.3226916790008545
0.1173761859536171
-0.36548060178756714
-0.8319054841995239
-0.039852093905210495
0.41752538084983826
-0.47615665197372437
-0.5314345359802246
-0.025855112820863724
-0.015612507238984108
-0.308920294046402
-0.3044168949127197
-0.2529204487800598
0.7390903234481812
0.4506533741950989
-0.7620580792427063
-0.5671650767326355
1.2370773553848267
-0.5670381188392639
-0.08565397560596466
1.1337043046951294
-0.6508439779281616
0.30783259868621826
0.11117646843194962
-0.1726357340812683
0.5284139513969421
-0.07306201756000519
-0.3717710077762604
1.0205824375152588
-0.46575409173965454
0.39821475744247437
0.39350003004074097
0.09356427192687988
0.29576927423477173
0.07365431636571884
0.468163400888443
0.32453468441963196
0.09125351905822754
0.25280386209487915
0.07245192676782608
0.089572474360466
0.8948410153388977
-0.4773554801940918
0.23568172752857208
0.5187031030654907
0.17353296279907227
0.8390766382217407
-0.4867435395717621
0.16049256920814514
0.5366581678390503
0.030869770795106888
0.34160441160202026
-0.1844169646501541
0.43234699964523315
-0.06854848563671112
0.5306910276412964
0.04940824583172798
0.4273809492588043
0.2336479127407074
0.2625312805175781
-0.06943865120410919
0.1425745040178299
0.08877544105052948
0.431969553232193
0.7348284721374512
0.2799838185310364
-0.12966947257518768
0.07145290076732635
0.13282470405101776
-0.09550657123327255
0.24894209206104279
0.3988780975341797
0.7670862078666687
-0.40963229537010193
0.2636212408542633
0.25448018312454224
-0.07280416786670685
-0.07057151943445206
0.1105625182390213
0.5704618692398071
0.2378217726945877
0.13919439911842346
0.3620234429836273
0.21121807396411896
-2.6761069297790527
-3.7413489818573
-19.250091552734375
5.755702018737793
9.600895881652832
-3.9444656372070312
-9.718927383422852
4.053240776062012
-0.5405930280685425
-2.4808356761932373
2.3688244819641113
-0.43125516176223755
-0.8986760377883911
1.3019282817840576
-0.6605814695358276
-0.2760348320007324
0.3598599433898926
-0.6654991507530212
0.4457211494445801
0.07626362144947052
-0.3810691833496094
0.2925013601779938
-0.25165843963623047
0.14452800154685974
-0.4274676442146301
0.20030784606933594
0.31296950578689575
-0.018010426312685013
0.12067737430334091
-0.4615297317504883
0.5025092363357544
-0.48946189880371094
-0.14022740721702576
0.21354103088378906
0.5306299328804016
-0.426286518573761
0.06569118797779083
-1.5072271823883057
0.1260368376970291
0.43427276611328125
-0.27525195479393005
1.1045297384262085
0.9696741104125977
-1.7965867519378662
-0.2632957398891449
0.37046509981155396
0.142918199300766
-0.31944769620895386
1.3727830648422241
0.17849254608154297
-1.255035161972046
-1.5054608583450317
1.3717505931854248
-0.17091408371925354
-0.4991537034511566
0.8399320840835571
-0.6317102313041687
0.4740413725376129
-1.2249999046325684
0.46454161405563354
-0.0340307243168354
0.6053918600082397
-1.322730302810669
0.03843193128705025
-0.5899950265884399
-0.0276915542781353
-0.5635926127433777
0.08229885250329971
-0.7733928561210632
0.2267572432756424
0.3059673309326172
0.16097164154052734
0.32709798216819763
-0.9178579449653625
-1.3983097076416016
0.9412229657173157
-1.2438111305236816
0.5458415746688843
-0.9389543533325195
0.3350451588630676
-0.7204167246818542
0.16250629723072052
0.14168310165405273
-0.8406349420547485
0.05118608474731445
-1.2872560024261475
0.5559390783309937
0.1696733981370926
-0.5706919431686401
-0.8168436884880066
0.7820576429367065
-0.7172471284866333
-0.31897449493408203
0.8648303747177124
-1.3025306463241577
-0.38570070266723633
-0.08985982090234756
-0.25270041823387146
-0.3841228485107422
-0.682654082775116
-1.8659546375274658
1.6634938716888428
-13.3397216796875
10.810029983520508
-2.0287671089172363
-8.518753051757812
5.307847023010254
-2.603160858154297
-0.9315290451049805
2.7156403064727783
-1.3659065961837769
-0.04409990459680557
1.1659084558486938
-1.3850284814834595
0.1650780737400055
-0.12164878845214844
-0.6216609477996826
-0.4319683015346527
0.3905145525932312
-0.571546733379364
0.21211223304271698
0.19347301125526428
-0.05054769665002823
-0.243504136800766
0.4023406505584717
-0.500400185585022
-0.362354576587677
0.15395455062389374
-0.6430016756057739
0.03331165388226509
0.38325443863868713
-0.7183045148849487
-0.24767546355724335
-0.22263260185718536
0.6399017572402954
0.273109495639801
-0.6125005483627319
-0.24194082617759705
1.0911526679992676
-0.9154362678527832
0.5354368686676025
0.7865520715713501
-0.10588657855987549
-0.18667058646678925
0.13662037253379822
0.25857362151145935
-0.19536715745925903
0.026184583082795143
0.7570332288742065
0.6034882068634033
-0.19030889868736267
0.332416832447052
-0.058322809636592865
-0.101873017847538
0.5785123705863953
0.3032955527305603
0.16645093262195587
0.7428234219551086
0.22572465240955353
0.07895555347204208
0.38886451721191406
-0.4038761258125305
0.6882836818695068
0.40729236602783203
0.32509875297546387
0.2904568314552307
0.015030289068818092
0.270887553691864
0.2704440951347351
0.4292137026786804
-0.02607870101928711
0.06848649680614471
0.05870828777551651
0.2959367632865906
0.2605381906032562
0.4264999330043793
0.18017320334911346
0.309007465839386
0.9993249177932739
-0.3154872953891754
0.38602152466773987
0.5470083355903625
0.05012807995080948
-0.09133310616016388
0.43793097138404846
-0.017732620239257812
0.39578303694725037
0.4947264790534973
-0.05506925657391548
0.3897266387939453
0.16620492935180664
0.32194948196411133
0.397667795419693
-0.14345493912696838
0.2882656157016754
0.26733455061912537
-0.40533751249313354
0.9752481579780579
-0.021247481927275658
-0.18896512687206268
-0.9520257711410522
-3.920487880706787
-18.307973861694336
6.339787006378174
10.536750793457031
-5.0478997230529785
-9.547165870666504
4.879859447479248
-0.483487993478775
-2.326794147491455
2.445719003677368
-0.5502601265907288
-0.9210538864135742
1.1580461263656616
-0.633945643901825
-0.4030357897281647
0.15343952178955078
-0.3520995080471039
-0.008333015255630016
0.25497931241989136
-0.018343161791563034
-0.058386705815792084
0.4668352007865906
-0.2739509642124176
-0.04794139787554741
-0.5751746296882629
0.0057163238525390625
-0.12669143080711365
0.18255510926246643
-0.9276523590087891
0.5249069333076477
-0.41744422912597656
-0.16107264161109924
0.1696113646030426
-1.0766725540161133
-0.5231337547302246
-0.16654567420482635
-0.02993793413043022
-0.09638843685388565
0.4664321839809418
-0.4617534577846527
0.6012561917304993
0.6282146573066711
0.3840305209159851
-0.2653883099555969
0.33424338698387146
0.6795737147331238
-0.20439472794532776
-0.18291568756103516
1.0679810047149658
-1.6243774890899658
-0.7557493448257446
0.4879816174507141
-0.8613073229789734
0.01805591583251953
0.1403430998325348
-0.753853440284729
-0.4062570631504059
-0.29777058959007263
-0.1510459929704666
-0.40257129073143005
0.09548797458410263
-0.8174406290054321
-0.045656967908144
1.0943315029144287
-1.5048632621765137
-0.18502788245677948
-0.0934721976518631
-0.5862504839897156
-0.2424720823764801
-0.7071344256401062
0.765570342540741
-0.25817641615867615
0.5329639315605164
-0.4265720248222351
0.4488638937473297
-0.2518461346626282
0.48219186067581177
0.2653736174106598
-0.7043188214302063
-0.12915992736816406
-0.8967102766036987
-0.26691722869873047
0.38599738478660583
-0.22052736580371857
0.28421154618263245
-0.3957834243774414
-1.1261069774627686
1.058841347694397
0.3952202796936035
-0.15892533957958221
-0.16079378128051758
1.6349575519561768
-1.1021078824996948
-0.10463221371173859
-1.4683761596679688
0.8432565927505493
-0.16373157501220703
-0.7635360956192017
-0.7515352964401245
-1.271695852279663
-0.45000705122947693
-10.415258407592773
8.274762153625488
-3.0781102180480957
-7.838033199310303
5.340993404388428
-2.7654855251312256
-1.4346466064453125
2.9261417388916016
-1.8172657489776611
-0.1256861686706543
0.6207640171051025
-1.1871322393417358
0.00827336311340332
0.07633032649755478
-0.6822425723075867
-0.5181992650032043
0.13750514388084412
-0.41595762968063354
-0.15993432700634003
0.04838972166180611
-0.25954943895339966
-0.2632705569267273
-0.09950890392065048
-0.1260448396205902
-0.25427231192588806
0.07219290733337402
-0.4464291036128998
-0.17543593049049377
0.5720920562744141
-0.965174674987793
-0.11634638160467148
0.9721868634223938
-0.6496438980102539
0.18085679411888123
1.0597821474075317
-1.234691858291626
0.3508613109588623
0.33147773146629333
0.14740806818008423
-0.230790376663208
0.19044658541679382
0.12326135486364365
0.8050323724746704
-0.32353031635284424
-0.4047517776489258
0.6891645789146423
-0.013159871101379395
-0.1140061616897583
0.8674947619438171
-0.12282886356115341
0.48399123549461365
0.1742313802242279
0.17008037865161896
0.3296671509742737
0.37610605359077454
0.35280686616897583
0.4153863787651062
0.1418801248073578
0.2414141148328781
0.26297706365585327
0.7239857316017151
-0.37008529901504517
0.5578157305717468
0.7597168684005737
0.06618776172399521
0.5732312798500061
-0.03683795779943466
0.13142919540405273
0.3578973710536957
-0.17268744111061096
0.20647411048412323
-0.23617354035377502
0.6092979311943054
0.394969642162323
-0.08916349709033966
0.6611591577529907
0.36779099702835083
-0.05396566540002823
-0.10450229793787003
0.0032819746993482113
0.5692034959793091
-0.3035908639431
0.5436819195747375
0.058757781982421875
0.2754749357700348
0.1285361349582672
-0.10976648330688477
0.563836932182312
-0.2423851042985916
0.15790681540966034
0.23241443932056427
0.3240719735622406
0.1583736389875412
0.47047585248947144
0.10103502124547958
0.4888351559638977
0.09709157794713974
0.11268901824951172
-2.66123628616333
-3.9684154987335205
-19.055572509765625
5.408144950866699
9.537814140319824
-3.6167988777160645
-9.499300956726074
4.077583312988281
-0.48158302903175354
-2.5117390155792236
2.089486837387085
-0.5585159063339233
-1.063497543334961
1.132460117340088
-0.4115585386753082
-0.1779601126909256
0.14561252295970917
-0.1406174600124359
-0.027275467291474342
-0.2251904457807541
0.24518480896949768
-0.01897563971579075
0.057336997240781784
-0.27174893021583557
0.10069523006677628
-0.2949807047843933
-0.038608647882938385
-0.32856065034866333
-0.14601603150367737
0.2568310797214508
-0.3654419779777527
-0.17460374534130096
-0.32850533723831177
-0.30647993087768555
0.21936464309692383
-0.6870932579040527
-0.16438427567481995
-0.9222537875175476
-0.13554906845092773
-0.16515903174877167
-0.20989446341991425
0.8576384782791138
0.26803702116012573
-1.0785460472106934
-0.9963429570198059
1.2137517929077148
-0.006613445468246937
-0.5358171463012695
1.327878713607788
-0.28550395369529724
-1.8374509811401367
-0.3400820791721344
0.904864490032196
-1.012930989265442
-1.1120840311050415
0.8433418273925781
-0.2250618040561676
-0.007988929748535156
0.4483146667480469
-0.9924615025520325
0.2214113175868988
-0.593920111656189
0.5044641494750977
-0.5119426846504211
1.010165810585022
-1.1879838705062866
-0.3423793911933899
-0.3574349284172058
-0.34059351682662964
0.3164518475532532
0.6254218220710754
-0.454026997089386
0.21314601600170135
-0.3533487319946289
0.34517136216163635
-0.7838686108589172
0.02115192450582981
-0.29313069581985474
-0.7700865864753723
0.1383863389492035
-1.0042917728424072
-1.154752492904663
-0.4492567181587219
0.6879187822341919
0.14373064041137695
0.33050793409347534
0.14916972815990448
0.4384027421474457
-0.29605817794799805
-1.0097503662109375
1.4556812047958374
-0.7829848527908325
1.2604376077651978
-1.3637851476669312
-0.5076185464859009
-0.8940292596817017
1.4027265310287476
-1.745033621788025
-1.8179233074188232
-0.004627036862075329
-2.450329303741455
0.35460489988327026
-11.223024368286133
6.3382673263549805
0.37125223875045776
-6.951112270355225
2.5246968269348145
-1.5419747829437256
-1.0302785634994507
2.030559539794922
-0.5363879799842834
-1.1655197143554688
0.8032253980636597
-0.37024617195129395
-0.5389078855514526
-0.39812833070755005
-0.5598734021186829
0.07983312755823135
-0.12376203387975693
-0.7976081371307373
0.047991178929805756
-0.2099461555480957
-0.3217178285121918
-0.38047629594802856
0.1286698877811432
-0.9960371851921082
0.04647006839513779
0.35442033410072327
0.12902355194091797
-0.6460430026054382
-0.41093873977661133
0.3120477795600891
-0.008045005612075329
-0.43251943588256836
0.0024182319175451994
0.3210795819759369
-0.39181867241859436
-0.0485321506857872
0.8561849594116211
-0.25171440839767456
0.028576690703630447
0.728903591632843
0.18117371201515198
-0.20382289588451385
0.07706362009048462
0.4264235496520996
0.3000236749649048
-0.1471707820892334
0.4770286977291107
0.6623357534408569
-0.4346592426300049
0.36248356103897095
0.7191793918609619
-0.024795055389404297
0.5388342142105103
-0.21201319992542267
0.26737919449806213
1.0939154624938965
-0.09443716704845428
0.05851120874285698
-0.018637895584106445
0.3940947949886322
0.4061039090156555
0.29979148507118225
0.5895243883132935
0.3971777856349945
-0.416181743144989
1.2379817962646484
0.09281301498413086
0.639552891254425
0.17765502631664276
-0.04272003099322319
0.6651382446289062
0.29082927107810974
0.26821964979171753
0.17897692322731018
0.7091638445854187
-0.4692394733428955
0.17880907654762268
0.6865872144699097
0.1348220854997635
0.7155253291130066
-0.03411083295941353
0.8058508038520813
-0.060869503766298294
0.025156211107969284
0.6722504496574402
0.5027343034744263
0.010982990264892578
0.21887560188770294
0.43534812331199646
0.5029191970825195
0.19136647880077362
-0.09363698959350586
-0.13188648223876953
0.04362668842077255
0.26608362793922424
-0.08594264835119247
0.3336557447910309
0.14955835044384003
-2.3484787940979004
-3.964707136154175
-16.413166046142578
3.017993688583374
2.7945685386657715
-2.418534517288208
-2.8708300590515137
0.5310617685317993
-0.5558460354804993
-0.9429262280464172
0.6438959836959839
-0.4410342574119568
-0.13732405006885529
0.4520150125026703
-0.5860401391983032
0.27405232191085815
0.044538021087646484
-0.1503395140171051
-0.2625963091850281
0.20361308753490448
-0.27955523133277893
-0.08127756416797638
0.04278993606567383
-0.16751089692115784
-0.06359310448169708
0.5057002902030945
0.10235929489135742
-0.27265483140945435
0.31737375259399414
-0.28102999925613403
0.23492774367332458
-0.42116889357566833
0.5912739634513855
-0.4943613111972809
0.3433471620082855
-0.17909841239452362
-1.484786033630371
-0.9357554316520691
1.5170364379882812
0.5263215899467468
-1.0477982759475708
-0.9360262155532837
0.2696598172187805
-0.4401130676269531
-0.27132701873779297
0.7756439447402954
0.4322260022163391
-1.1662169694900513
-0.9712125658988953
0.5940440893173218
-0.7669032216072083
-0.023113060742616653
0.7458513379096985
-0.8246577978134155
0.21285304427146912
-0.12977942824363708
-0.5995744466781616
-0.47771701216697693
0.09015636146068573
-1.4794169664382935
0.7960180044174194
-0.2474355697631836
-0.608808696269989
-0.1391942948102951
0.4641284942626953
0.28526943922042847
-0.38890019059181213
-0.9039939641952515
-0.06350383907556534
-1.0575838088989258
0.35005778074264526
0.13759556412696838
-0.14896336197853088
0.26189106702804565
-1.0163997411727905
1.570169448852539
-1.1872731447219849
-0.20107345283031464
-0.41672030091285706
1.1504685878753662
0.1445457488298416
0.11432476341724396
0.35792502760887146
-0.3151037096977234
1.136983871459961
-1.007865309715271
-0.19583454728126526
-0.32874783873558044
-0.1396496742963791
0.13727779686450958
-1.0987898111343384
-0.6305398344993591
1.232296347618103
-1.6901601552963257
-0.29644137620925903
0.2987293303012848
0.3812774121761322
-0.5610078573226929
1.5563994646072388
-0.662938117980957
-0.29985231161117554
-0.7697960734367371
-10.73430061340332
10.313898086547852
-1.6303911209106445
-8.503637313842773
5.281242847442627
-2.1419501304626465
-0.6903843879699707
2.8794400691986084
-1.4015312194824219
-0.5246645212173462
1.108433485031128
-1.0555778741836548
0.04840836673974991
0.41064319014549255
-1.0924088954925537
-0.08229503780603409
0.18480482697486877
-0.7870175242424011
0.015786409378051758
0.09948797523975372
-0.4100479185581207
-0.028293084353208542
0.6237943172454834
-0.28905877470970154
-0.33338993787765503
0.1291097104549408
-0.960213840007782
0.4145231246948242
0.33155831694602966
-0.3748874068260193
-0.35703760385513306
0.579397976398468
0.1631307601928711
0.6938748955726624
-1.1285605430603027
-0.23246626555919647
0.7781193852424622
-0.6235312819480896
0.46534520387649536
1.0610132217407227
-0.5124910473823547
0.301727294921875
0.2884291708469391
0.2956402897834778
0.31285229325294495
0.068076491355896
0.30415043234825134
0.8744291067123413
-0.7492149472236633
0.223922461271286
0.9596046209335327
-0.43533778190612793
0.6460486054420471
0.18446941673755646
0.3085683286190033
0.5582888722419739
0.03182516247034073
0.5286978483200073
0.3308895230293274
-0.024365806952118874
0.5079362988471985
-0.26830434799194336
0.022017383947968483
0.7312737107276917
0.7500361204147339
0.12714138627052307
0.0027773857582360506
0.22143001854419708
0.4176061749458313
0.2284492552280426
0.858555793762207
-0.07213211059570312
0.47557324171066284
0.1384269744157791
-0.24160543084144592
0.2713709771633148
0.7218711972236633
-0.2097921371459961
0.4891882836818695
0.051564790308475494
-0.031638242304325104
-0.015957068651914597
0.46850863099098206
-0.11780033260583878
0.08287830650806427
0.6627241373062134
0.10092143714427948
-0.08939571678638458
0.44041356444358826
0.058846186846494675
0.38896694779396057
-0.2654596269130707
-0.13820762932300568
0.0656949058175087
-0.15585212409496307
0.11114225536584854
0.2639351785182953
-0.24626073241233826
-2.9484875202178955
-3.978508472442627
-18.790374755859375
5.572840213775635
9.17358684539795
-2.5352203845977783
-11.546487808227539
5.742563724517822
-0.8084595799446106
-2.722120523452759
2.4326579570770264
-0.3092994689941406
-0.9176435470581055
0.7064785957336426
-0.13484983146190643
-0.24303102493286133
-0.10477761924266815
0.12647537887096405
-0.20178470015525818
0.532025933265686
-0.683112621307373
-0.17985907196998596
0.3353117108345032
-0.3007265031337738
-0.4315928518772125
-0.07949571311473846
0.12678709626197815
-0.427093505859375
0.2259831428527832
-0.592065155506134
0.38435477018356323
-0.006744289305061102
0.07009010016918182
-0.2791013717651367
0.1690647155046463
-0.5155973434448242
0.15209636092185974
-1.2307647466659546
0.10161285102367401
0.6143922805786133
-0.8136242628097534
0.6927467584609985
0.34971848130226135
-1.371300220489502
-0.22241592407226562
0.6417220830917358
-0.37822359800338745
-0.27375316619873047
0.5687486529350281
0.4866035580635071
-0.9839633107185364
0.2201063185930252
0.6027284860610962
-0.7636880874633789
0.2594955563545227
0.9669330716133118
-0.7137831449508667
-0.2430383712053299
-0.18469151854515076
-0.3832175135612488
1.0546083450317383
-0.27365273237228394
-1.0519121885299683
0.5147781372070312
-0.2168116569519043
-0.6630009412765503
0.019217491149902344
0.30044689774513245
0.08970165252685547
0.38193780183792114
-0.2792413830757141
0.5102227926254272
-0.43206101655960083
-0.42546749114990234
-0.05679645389318466
-0.734152615070343
-0.3655797839164734
0.763274073600769
-1.4828370809555054
0.360029399394989
-0.3377240300178528
0.6161772608757019
-1.1281017065048218
-1.2000287771224976
1.2689441442489624
-0.46873408555984497
0.5386848449707031
-1.227899193763733
-1.5804063081741333
-0.47393402457237244
-0.107836052775383
-0.6714109182357788
-0.7612507343292236
-0.6063349843025208
-0.28240519762039185
-0.5852519273757935
-1.8782097101211548
-0.9934501647949219
0.29253262281417847
-0.6957429647445679
-0.05663952976465225
-0.198134183883667
-12.830671310424805
10.154762268066406
-1.827575922012329
-8.586526870727539
4.933496475219727
-2.1902756690979004
-1.2092196941375732
2.8360419273376465
-1.4989726543426514
-0.3703004717826843
0.8819211721420288
-1.3749182224273682
0.14320841431617737
0.3284422755241394
-0.9446075558662415
-0.5256511569023132
0.21268348395824432
-0.9138557314872742
0.02153778076171875
0.0783722847700119
-0.5393470525741577
-0.018150757998228073
0.3454592823982239
-0.48050132393836975
0.05644583702087402
0.04380059242248535
-0.6602432131767273
0.6290251612663269
0.36339181661605835
-1.0540591478347778
-0.730866551399231
0.9979926943778992
-0.4957759976387024
0.5470370054244995
0.2942686975002289
-0.9053390622138977
0.2261180877685547
-0.2392076998949051
0.16346581280231476
1.1573984622955322
0.2876266539096832
-0.2958690822124481
-0.4304858148097992
0.5866102576255798
0.15305522084236145
-0.08266675472259521
0.41940632462501526
-0.10905437171459198
0.02413306199014187
0.5856969952583313
0.6615180373191833
-0.11438717693090439
0.4071720242500305
0.3647511601448059
-0.16679081320762634
0.7020427584648132
-0.00738944998010993
0.1468781977891922
0.5088772773742676
-0.48924383521080017
0.40609103441238403
0.19694165885448456
0.12850408256053925
0.274289608001709
-0.17346429824829102
0.7672980427742004
-0.024387072771787643
0.09082603454589844
0.46085652709007263
-0.26838913559913635
0.5604769587516785
0.15383386611938477
0.16282358765602112
0.6926862001419067
-0.08331775665283203
0.5735597610473633
0.29293546080589294
0.3327140808105469
0.265165239572525
-0.17744484543800354
0.16124172508716583
0.7778935432434082
-0.14828500151634216
-0.014467621222138405
0.21418742835521698
0.6453486680984497
-0.1431368887424469
0.2196439802646637
-0.04743165895342827
0.45446547865867615
0.23176249861717224
0.060065459460020065
0.36390551924705505
-0.08661651611328125
0.20163670182228088
0.39097005128860474
-0.1831367462873459
0.16951723396778107
-1.3544702529907227
-4.2726359367370605
-18.05267333984375
6.30210018157959
9.586515426635742
-6.497806549072266
-7.087545871734619
4.6277689933776855
-1.5461362600326538
-1.9064571857452393
2.012345790863037
-0.6515060663223267
-0.5870450139045715
0.968722939491272
-0.6827410459518433
0.16123056411743164
0.12899962067604065
-0.3118644654750824
0.11040611565113068
-0.07343845069408417
-0.45332860946655273
0.3548680245876312
0.2240757942199707
-0.5976274013519287
-0.12667016685009003
-0.014344883151352406
-0.44717806577682495
-0.006832218263298273
-0.4119953215122223
0.06907358020544052
0.0021842955611646175
-0.06518974155187607
-0.6294630765914917
-0.14229755103588104
-0.623333752155304
-0.3893791139125824
0.6262826919555664
-0.07661189883947372
-0.050218772143125534
-0.9054826498031616
-0.6359153985977173
1.06540048122406
0.07853469997644424
1.1979005336761475
1.1063865423202515
-2.0273537635803223
-1.4166110754013062
1.6970508098602295
-0.5809364318847656
0.6849079132080078
-0.05241527408361435
0.3277748227119446
-0.9731537699699402
-1.434024691581726
1.0497992038726807
-0.7585340738296509
-1.2987476587295532
0.13053245842456818
-0.6206989288330078
-0.12290076911449432
-0.255257785320282
-0.6595928072929382
0.9714210629463196
-0.38552016019821167
0.30737820267677307
-0.28919410705566406
-1.2155824899673462
-0.14771918952465057
-0.0615382194519043
-0.5532916784286499
-0.0751495361328125
0.3729625642299652
0.2903243899345398
-0.5560811758041382
0.586976170539856
0.2843239903450012
-0.7156922221183777
-0.6361799240112305
-0.565699577331543
-0.09547004848718643
-0.6741148829460144
-0.2819288372993469
1.2962547540664673
-1.3474888801574707
-0.16132450103759766
-0.21694564819335938
-0.18845586478710175
-1.3772244453430176
-0.04215116426348686
-0.1131160706281662
0.256025493144989
-1.7843208312988281
-0.7527643442153931
-0.2632698118686676
0.6960703730583191
-1.9570972919464111
1.5277737379074097
-0.2254926711320877
-0.31467026472091675
-0.6619755029678345
-0.37958669662475586
-0.2826251983642578
-12.958429336547852
10.47166633605957
-2.29866361618042
-8.806306838989258
5.336899757385254
-2.5841517448425293
-1.413283109664917
2.970210313796997
-1.737081527709961
-0.5359477996826172
0.8456968069076538
-0.7475253939628601
-0.39874404668807983
0.026999473571777344
-0.709363579750061
-0.3113963007926941
-0.31626591086387634
-0.3846852779388428
0.21348170936107635
-0.3608860969543457
-0.49150949716567993
0.3113851547241211
0.2956375181674957
-0.607619047164917
-0.18248458206653595
-0.6557050347328186
-0.1709788739681244
0.31102681159973145
-0.034523703157901764
-0.08553957939147949
-0.4367442727088928
0.15509411692619324
0.14736361801624298
0.47228795289993286
-0.3909742832183838
-0.6924594044685364
0.9061316251754761
-0.4557577073574066
0.13151481747627258
1.1177527904510498
-0.48461514711380005
0.31378084421157837
0.20890507102012634
0.06371644884347916
0.08194316923618317
-0.23320969939231873
0.24983946979045868
0.7553417086601257
-0.1681358367204666
0.13699834048748016
0.6786096692085266
-0.4535551071166992
0.3824145197868347
0.747982382774353
0.07379031181335449
0.873696506023407
-0.03072948381304741
0.2776736319065094
0.7095715403556824
0.008224964141845703
0.4111460745334625
0.8763960599899292
0.4356755316257477
-0.1464650183916092
0.4367641508579254
0.5661317110061646
-0.030356502160429955
0.4961209297180176
0.0800623893737793
0.6989902257919312
0.3848617672920227
0.1804320365190506
0.37703531980514526
0.43852919340133667
0.14392538368701935
0.7031571269035339
0.2642146944999695
0.8329447507858276
0.12549170851707458
-0.05854539945721626
0.13699407875537872
0.18345212936401367
-0.21996240317821503
0.6006669998168945
0.5414481163024902
0.587243378162384
0.007814216427505016
-0.18097324669361115
0.5713988542556763
0.22892113029956818
-0.12175188213586807
0.695514976978302
0.02967071533203125
0.11792697757482529
0.6015555262565613
0.2542923092842102
0.5565689206123352
-0.20104189217090607
-1.377079963684082
-3.5895209312438965
-18.057079315185547
7.426573276519775
9.486738204956055
-4.498953342437744
-9.788658142089844
4.240962505340576
0.29273146390914917
-2.3306689262390137
1.8806613683700562
-0.049984075129032135
-0.5436981320381165
0.8000033497810364
-0.3718535304069519
0.06242866441607475
0.37855854630470276
-0.36953645944595337
0.2274009734392166
-0.034764863550662994
-0.263050377368927
0.29191914200782776
0.08132772147655487
-0.3998716473579407
-0.03675651550292969
-0.2677963376045227
-0.1185729056596756
-0.3894418776035309
0.22853660583496094
-0.3090553283691406
-0.6050884127616882
0.6701086163520813
-0.7564079165458679
0.5052136182785034
-0.8240736126899719
-0.40337181091308594
0.8276023864746094
-0.34418153762817383
0.36232995986938477
0.017836475744843483
0.4446330964565277
-0.35977619886398315
-0.8578280210494995
0.44539833068847656
0.015591812320053577
0.13741187751293182
0.19940681755542755
-0.09260883182287216
0.38248521089553833
1.2486598491668701
-0.7768551707267761
-0.16495303809642792
0.29386597871780396
-1.1986987590789795
0.9958959817886353
0.5642232894897461
-0.2873481810092926
-0.16579265892505646
0.05375518649816513
-0.5424205660820007
0.6268216371536255
0.28783732652664185
-0.9573094248771667
0.4036884307861328
-1.3230078220367432
0.8244211077690125
-0.41632166504859924
0.2911710739135742
-1.3104145526885986
0.16826152801513672
0.5419975519180298
0.9085939526557922
0.5575510859489441
-0.3552837371826172
-0.484954833984375
-0.6954471468925476
-0.09022273868322372
-0.21973076462745667
-1.3339532613754272
0.45056039094924927
-0.3278725743293762
-1.2991688251495361
0.804521381855011
0.4360550045967102
0.022533511742949486
-0.26826438307762146
-1.2768912315368652
0.8157885670661926
-0.27708929777145386
-0.47056475281715393
0.6682926416397095
1.1929600238800049
-0.5283299684524536
1.5440826416015625
-0.022312259301543236
-0.9368607401847839
-0.11648817360401154
-0.7027841210365295
1.1327722072601318
-0.04514193534851074
-0.9433428049087524
-1.1819627285003662
-12.602435111999512
10.437036514282227
-1.6213899850845337
-8.856252670288086
5.32200288772583
-2.488752603530884
-0.913676917552948
2.9352245330810547
-1.3190828561782837
-0.7967689633369446
1.1788380146026611
-0.9926403164863586
-0.6437298059463501
0.5009347796440125
-1.1332676410675049
0.06920747458934784
-0.5521329045295715
-0.36234909296035767
-0.1635138988494873
-0.2205919772386551
-0.44944533705711365
-0.08851852267980576
-0.022787809371948242
-0.5476480722427368
-0.03383321687579155
0.2903253138065338
-0.9111107587814331
0.13491077721118927
0.2691287398338318
-0.5884349346160889
-0.0826190933585167
0.4712725579738617
0.39424818754196167
-0.025864839553833008
-0.28098487854003906
-0.6900141835212708
0.4527831971645355
-0.018620502203702927
0.4425789713859558
0.5908228754997253
-0.15406587719917297
0.3099183440208435
-0.08407270908355713
-0.043350350111722946
0.3016330301761627
0.38931986689567566
0.7809832692146301
0.29783350229263306
-0.5829397439956665
0.3950452208518982
0.9632695913314819
-0.25419148802757263
0.4904555380344391
0.5238307118415833
0.03638148307800293
0.5980474352836609
0.23095135390758514
0.1439635306596756
0.8477819561958313
-0.3494349420070648
0.6060649752616882
0.1983165740966797
0.11135683208703995
1.1771974563598633
-0.251011461019516
0.6702774167060852
0.004992485046386719
0.4999081492424011
0.6021626591682434
-0.13800296187400818
0.9360643625259399
0.47124654054641724
0.16326197981834412
0.18592748045921326
-0.11986732482910156
0.4172378480434418
0.6416152119636536
-0.5530553460121155
0.3785143792629242
0.4857378900051117
-0.26296892762184143
0.19596147537231445
0.1676662415266037
0.38414716720581055
0.14489030838012695
0.17215728759765625
0.3177460730075836
0.3661821484565735
0.22423505783081055
0.099761962890625
-0.3323650360107422
0.5388637781143188
0.33377617597579956
-0.01030654925853014
0.4507957398891449
0.2873604893684387
0.01744813844561577
0.3508527874946594
-2.737088918685913
-3.5852293968200684
-20.01646614074707
7.154494285583496
10.065963745117188
-4.148909568786621
-11.77635669708252
6.233531951904297
-0.3306597173213959
-2.776688575744629
2.314392566680908
-0.3430674970149994
-0.805072009563446
1.356285572052002
-0.8098181486129761
-0.4721125662326813
0.7292930483818054
-0.6459702253341675
0.16495342552661896
0.20372438430786133
-0.2161470353603363
0.1781580001115799
0.21529360115528107
0.040068723261356354
-0.1720694601535797
-0.363910973072052
0.30777254700660706
0.07641945034265518
-0.0507776252925396
0.5805472135543823
-1.12346351146698
0.21993112564086914
-0.7238209843635559
0.33926182985305786
-0.2597413957118988
-0.45012933015823364
0.12078361213207245
-1.6125736236572266
0.4381648898124695
-0.5649821162223816
-0.18557433784008026
0.5069056749343872
0.09871616214513779
-0.9300850033760071
-0.039037417620420456
-0.07649402320384979
-0.989090621471405
-0.8413011431694031
1.0259921550750732
0.007431983947753906
-0.851944625377655
-0.9301656484603882
0.5144850015640259
-0.938346266746521
-0.9285891652107239
0.40354806184768677
-1.161182165145874
0.18237915635108948
0.4159572720527649
-0.6343101263046265
-0.5813030004501343
-0.0999917984008789
-1.198007583618164
0.47471123933792114
-0.023149777203798294
-0.334132581949234
-0.7745450735092163
0.28292542695999146
0.26130789518356323
0.7756530046463013
0.049948882311582565
0.6706972122192383
-1.1589629650115967
-0.9012099504470825
-0.005613899324089289
-0.1432863175868988
0.4879985749721527
-1.1170457601547241
0.4082778990268707
0.05886516720056534
0.5115618705749512
-0.22609233856201172
-0.008920478634536266
0.0012319565284997225
-1.5602461099624634
0.02471904829144478
0.8512279391288757
0.11563501507043839
0.31488656997680664
0.942584216594696
0.5028508901596069
-0.1331016570329666
0.670137882232666
0.12353839725255966
-1.2173560857772827
0.10994338989257812
-0.0624048225581646
0.7036930918693542
-0.6386463046073914
-1.2800629138946533
0.530545711517334
-1.3246796131134033
-12.19279956817627
10.429130554199219
-1.8305307626724243
-8.293719291687012
5.602867126464844
-2.678750991821289
-0.9982550740242004
3.0869743824005127
-1.6299442052841187
-0.783971905708313
1.1898584365844727
-0.7211164236068726
0.032840728759765625
-0.17159242928028107
-0.786953866481781
0.3793632388114929
-0.472778856754303
-0.4585816264152527
0.35727643966674805
-0.24410071969032288
-0.6044467687606812
-0.004812574479728937
0.048333216458559036
-0.4544011950492859
0.2497282475233078
-0.4060441851615906
-0.6697903871536255
0.4337107241153717
0.4173959791660309
-0.30026954412460327
0.08175711333751678
0.5163201093673706
0.21664667129516602
0.6263043880462646
-0.3103913366794586
-0.730795681476593
0.9802547693252563
-0.025995373725891113
-0.24051883816719055
1.1958600282669067
-0.01876240409910679
-0.21589353680610657
0.3416129946708679
-0.2761327624320984
0.42315930128097534
0.015505647286772728
0.4660409092903137
0.4881463646888733
-0.04825248569250107
0.17463423311710358
1.3396633863449097
-0.3542307913303375
-0.12716197967529297
0.7181085348129272
0.4323490560054779
0.30907168984413147
0.8776794672012329
0.06220994144678116
0.25480252504348755
0.5777098536491394
0.2180924415588379
0.7359197735786438
-0.31791162490844727
0.49161291122436523
0.2936439514160156
0.5039358139038086
-0.2489701807498932
0.5519537925720215
0.4115874171257019
-0.15783539414405823
1.00202214717865
0.05725803226232529
0.44315069913864136
0.11886463314294815
0.2654856741428375
0.09915552288293839
-0.05930643156170845
0.4682789742946625
0.3301013112068176
-0.11272192001342773
0.44948452711105347
-0.07036466896533966
-0.10354042053222656
0.33801737427711487
0.1242438331246376
-0.0915432944893837
0.3911735415458679
0.5196017026901245
0.5943185091018677
0.19644460082054138
-0.17124882340431213
-0.17489537596702576
0.23456057906150818
0.23901768028736115
0.3053237795829773
0.03947610780596733
0.6995635032653809
-0.23102445900440216
-1.9500678777694702
-4.560256004333496
-19.31529998779297
5.526048183441162
9.456941604614258
-2.6171162128448486
-11.689841270446777
6.021598815917969
-1.013551950454712
-2.7949538230895996
2.799421548843384
-0.6244744062423706
-1.2357075214385986
1.3694674968719482
-0.9256414175033569
-0.16895905137062073
0.5402361750602722
-0.19453081488609314
-0.1656937599182129
0.1800307333469391
-0.3291265368461609
0.18016938865184784
0.07484836876392365
-0.6238802671432495
-0.26352089643478394
0.43020257353782654
-0.43165522813796997
-0.08070039749145508
-0.48622187972068787
-0.07560920715332031
-0.09989671409130096
-0.016918564215302467
-0.2875412106513977
-0.32595595717430115
0.16642999649047852
-0.9377554059028625
0.07689543068408966
-0.9983081817626953
1.0333583354949951
0.5390427708625793
-0.7903143167495728
0.9245487451553345
0.8965827822685242
-0.7273832559585571
-0.8817342519760132
0.4498918652534485
0.0820537582039833
-0.6233347058296204
0.6882286071777344
1.078343152999878
-1.6862713098526
0.15957851707935333
0.42375698685646057
-0.794486403465271
-0.4118059277534485
0.5204208493232727
0.3613441586494446
-0.15105000138282776
0.41653841733932495
-0.8942246437072754
-0.33740177750587463
0.02621173858642578
-0.09736156463623047
-0.17888088524341583
0.0644693374633789
1.2021000385284424
-1.0924208164215088
0.8667780160903931
-0.1936511993408203
0.3276485502719879
-0.2525121569633484
0.9037117958068848
-0.9330589175224304
1.7829777002334595
0.09074592590332031
-1.2499134540557861
0.030004406347870827
-1.0076608657836914
-0.2769800126552582
0.14086417853832245
0.4013693928718567
-0.43485918641090393
-0.22710485756397247
-0.5794561505317688
-0.15487365424633026
-0.1831836700439453
0.9347125887870789
-1.3007564544677734
-1.1554924249649048
0.3531356751918793
-1.1535966396331787
0.12448444217443466
-0.7041546106338501
0.9278273582458496
0.40347450971603394
1.2013410329818726
-0.37552422285079956
-1.127122163772583
2.298041343688965
-0.2027321755886078
-0.22536182403564453
-0.602840781211853
-13.524551391601562
10.55620002746582
-1.367267370223999
-8.809107780456543
5.528569221496582
-2.595221996307373
-1.088335633277893
2.7183709144592285
-1.8811423778533936
-0.34971436858177185
1.3345701694488525
-1.0232665538787842
-0.03365201875567436
0.19235968589782715
-0.6768304705619812
0.1912878006696701
-0.17291760444641113
-0.09676656872034073
-0.4062395989894867
-0.12442006915807724
-0.5759162306785583
0.2977434992790222
-0.024257849901914597
-0.3247724175453186
0.1420164555311203
-0.22641482949256897
-0.2930088937282562
0.8068469762802124
0.20497789978981018
-0.2982390522956848
-0.7352269291877747
0.8612019419670105
-0.16174228489398956
-0.20167884230613708
0.13600389659404755
-0.2601354718208313
0.0022751688957214355
-0.234880730509758
0.27098625898361206
0.8674860000610352
0.16006018221378326
-0.5692256689071655
-0.283950537443161
0.6081457138061523
-0.17467013001441956
0.1384546160697937
0.4369451105594635
0.6515620350837708
-0.6493984460830688
0.6193310022354126
0.46373623609542847
-0.07326612621545792
0.7689123153686523
-0.4434173107147217
0.4968954622745514
0.30035853385925293
-0.38080915808677673
0.6390017867088318
0.8882242441177368
-0.3529849946498871
0.5296236276626587
0.605685830116272
0.2447352409362793
-0.5891814231872559
0.7178210020065308
0.169097900390625
0.32776251435279846
0.3823341429233551
0.05561866611242294
0.6087735891342163
0.6058906316757202
-0.09711828082799911
1.1875406503677368
-0.22055339813232422
0.3788195550441742
0.22622385621070862
0.08687849342823029
1.037549614906311
-0.036731719970703125
-0.10695037990808487
0.7265030145645142
-0.0825033187866211
0.1751614511013031
0.38895130157470703
0.6874070167541504
0.25954684615135193
0.038579560816287994
0.5742756128311157
0.1355298012495041
-0.2165931761264801
-0.027767371386289597
0.8080440759658813
-0.26440802216529846
-0.08350477367639542
0.7855916023254395
-0.3849408030509949
0.4188217222690582
0.27278241515159607
-1.3329522609710693
-3.9618232250213623
-18.13503074645996
6.395566940307617
10.060665130615234
-6.607063293457031
-7.2641425132751465
4.782986164093018
-1.3067889213562012
-2.0106687545776367
2.363607883453369
-0.7329166531562805
-0.6627723574638367
1.3407152891159058
-0.7375012040138245
0.3995375633239746
0.24065962433815002
-0.2584877014160156
0.1752965897321701
0.267798513174057
0.19170579314231873
-0.41544684767723083
0.07460203021764755
-0.15959005057811737
-0.4814209043979645
0.010485172271728516
-0.1527392417192459
-0.287881076335907
0.29524603486061096
0.2140822410583496
-0.5237411260604858
0.475705623626709
-0.8811559677124023
0.48388558626174927
0.00925741158425808
-0.25396957993507385
-0.44945651292800903
-1.2256520986557007
0.39710599184036255
-0.32386255264282227
-0.2416093796491623
1.0183265209197998
-0.5254703760147095
-0.10051536560058594
0.5760661959648132
-1.2704321146011353
0.4270387589931488
-0.030185699462890625
-0.36062222719192505
0.0757284164428711
0.9013668298721313
-0.27339649200439453
0.19592991471290588
-0.5093604326248169
0.2667390704154968
0.7040502429008484
-0.10254325717687607
0.05180034786462784
-0.36974602937698364
0.6136499643325806
-0.3987340033054352
0.021894073113799095
1.1115840673446655
-0.9931885600090027
0.009895706549286842
1.523769736289978
-0.4946318566799164
1.0034478902816772
-0.7387081980705261
-0.846916675567627
-0.2312505692243576
-0.9016841053962708
0.5303261876106262
-1.6638829708099365
1.7626163959503174
-1.0491188764572144
1.103069543838501
-0.6281625032424927
-0.21562424302101135
-0.6224508285522461
-0.30098551511764526
-1.277329921722412
0.40646401047706604
1.5296087265014648
-1.9761779308319092
-0.2860140800476074
-0.4729856848716736
0.7666061520576477
0.7073284983634949
-0.7208043932914734
0.3905630111694336
-1.2975678443908691
0.10901622474193573
-0.4113534092903137
-0.8114067912101746
0.8091772794723511
-0.7732527852058411
-0.8678388595581055
-0.6151182055473328
-0.7980603575706482
-1.2276839017868042
-0.636960506439209
-13.091531753540039
10.406717300415039
-1.9152019023895264
-8.475751876831055
5.6349406242370605
-2.9840574264526367
-1.421170949935913
3.3509268760681152
-1.6412532329559326
-0.5021393895149231
1.0415366888046265
-1.02211594581604
-0.13337621092796326
0.5478041172027588
-0.8241983652114868
-0.42763370275497437
-0.24751529097557068
-0.4160926342010498
0.24922676384449005
-0.13238172233104706
-0.7144221067428589
0.1571534126996994
-0.009845161810517311
-0.4525052011013031
0.0877450481057167
-0.19724789261817932
-0.23594555258750916
0.2731706202030182
0.4681972861289978
-0.3145665228366852
-0.47189635038375854
0.6428316235542297
0.1817108392715454
0.4670921266078949
-1.1877696514129639
0.04789786413311958
1.0097014904022217
-0.17471858859062195
0.17169860005378723
1.176917314529419
-0.2513182461261749
-0.20206031203269958
0.47717833518981934
-0.11871950328350067
0.012617886066436768
0.7260840535163879
0.11867405474185944
0.9644501805305481
-0.4636223316192627
0.3227035403251648
0.6794446706771851
-0.0907534584403038
0.4266135096549988
0.4603880047798157
-0.15602779388427734
0.926505446434021
0.0007220268016681075
-0.18363428115844727
0.8208984136581421
0.46826744079589844
0.3262287974357605
0.44831714034080505
0.13752861320972443
0.5931890606880188
0.5798131227493286
0.42976027727127075
0.038084886968135834
0.6779581308364868
0.15264806151390076
0.237518310546875
0.6753656268119812
0.26417407393455505
0.8158198595046997
-0.18731221556663513
0.5892839431762695
0.5667213201522827
0.15339383482933044
0.3651987910270691
0.30479851365089417
0.4128010869026184
0.426724910736084
0.39233988523483276
-0.09041757881641388
0.5253247022628784
0.36642923951148987
-0.22670802474021912
0.29185038805007935
0.2118517905473709
-0.24359369277954102
0.5482287406921387
-0.1890222579240799
0.634325385093689
0.3491414189338684
0.18473806977272034
-0.10920486599206924
0.24116773903369904
0.037157345563173294
-0.1827944815158844
-2.209280014038086
-4.287742614746094
-19.14339828491211
5.62648868560791
9.483874320983887
-3.4145705699920654
-9.363070487976074
3.9198505878448486
-0.4592653214931488
-2.5594890117645264
2.0247714519500732
-0.3798767030239105
-1.109715223312378
1.6842033863067627
-0.6487087607383728
-0.25567787885665894
0.9691759347915649
-0.6420109868049622
-0.08506593853235245
0.09674777835607529
-0.5993638038635254
0.05598564073443413
0.21068648993968964
-0.47072577476501465
-0.09414730221033096
-0.04589824751019478
0.01999807357788086
0.29964694380760193
-0.07403354346752167
-0.11214637756347656
-0.10114212334156036
0.32761678099632263
0.0012192726135253906
-0.18663319945335388
0.11197910457849503
-0.7323274612426758
-0.1311790496110916
-2.2411084175109863
0.5863555669784546
0.6786355972290039
-0.2301546037197113
1.2071653604507446
0.7015014886856079
-1.1081186532974243
-0.48724156618118286
1.0418790578842163
-0.7832015752792358
0.8316928744316101
0.8032543063163757
0.5329166650772095
-1.8626372814178467
0.16083860397338867
0.9783018231391907
-1.3144797086715698
0.3168390393257141
-0.3425479829311371
-0.8350715637207031
-0.19583626091480255
-0.08349132537841797
-0.2778913378715515
-0.22527694702148438
0.013790702447295189
0.46707209944725037
0.432950884103775
0.6238657236099243
0.49505454301834106
0.2671022415161133
0.31984806060791016
-0.4178737699985504
0.1277233064174652
0.3634157180786133
0.5641366243362427
0.5776830911636353
-0.4690581262111664
0.41725367307662964
-1.1405967473983765
-0.4797597825527191
-0.3797176480293274
-0.024110030382871628
-0.5964905023574829
-0.5562189817428589
1.0041911602020264
-0.7406797409057617
0.5899359583854675
-0.610339343547821
1.2747975587844849
-1.063625454902649
-1.3232263326644897
2.046827554702759
-0.48876723647117615
-0.7469558119773865
-0.008159732446074486
0.49924927949905396
-0.23703965544700623
1.0244859457015991
-0.6144412159919739
0.0385347381234169
-0.22236642241477966
-0.46487027406692505
-1.1318773031234741
-1.7361770868301392
0.6851965188980103
-11.953092575073242
10.696859359741211
-1.7178539037704468
-8.339154243469238
5.390440940856934
-2.4743854999542236
-0.684299111366272
3.0210065841674805
-1.6349704265594482
-0.05190591886639595
1.1654386520385742
-1.006229043006897
-0.024059105664491653
0.11041893810033798
-0.6564309000968933
-0.1277269870042801
-0.18942975997924805
-0.06268291175365448
-0.0672033280134201
0.12630701065063477
-0.4348629415035248
0.10092487186193466
0.0436280257999897
0.11341781914234161
-0.2945726811885834
0.18899312615394592
-0.4669158458709717
0.6984952092170715
0.34074416756629944
-0.41149693727493286
-0.05991008132696152
0.3658196032047272
0.3698023855686188
0.5060688257217407
-0.6925293207168579
-0.2505832612514496
0.7521933317184448
-0.24450132250785828
0.17921893298625946
0.5727208852767944
-0.0950951799750328
0.4455334544181824
0.2281598150730133
-0.4411538243293762
0.4167635440826416
0.6282030344009399
-0.14473438262939453
0.9568163752555847
-0.03728051111102104
0.15048961341381073
0.9548033475875854
-0.5571125149726868
0.4108693599700928
0.5339992642402649
0.38797980546951294
0.5289403200149536
0.0788995772600174
0.01635909080505371
0.5171750783920288
0.39301052689552307
0.393897145986557
0.05852451175451279
-0.3771773874759674
1.086398720741272
-0.002297687577083707
0.33978337049484253
0.38873252272605896
0.10393667221069336
0.47870102524757385
0.23535995185375214
0.17682704329490662
0.8064303398132324
0.1410621702671051
0.516345202922821
-0.00046606065006926656
0.3527389466762543
0.3366839289665222
0.553523063659668
0.026631642132997513
0.3974207937717438
0.07754573971033096
0.4590664803981781
0.2143837958574295
0.5165277719497681
0.21832390129566193
0.2155398428440094
0.30661964416503906
0.36531028151512146
0.1417800933122635
0.041986752301454544
0.14997701346874237
0.36479252576828003
-0.24417224526405334
0.49513959884643555
-0.012429142370820045
0.13606634736061096
0.08877496421337128
0.12978744506835938
-2.577101230621338
-4.228687286376953
-18.671037673950195
6.23681116104126
9.100393295288086
-3.1711742877960205
-10.162640571594238
3.749483585357666
-0.03438587114214897
-2.758340358734131
1.9590771198272705
-0.24882784485816956
-0.8042606115341187
1.1761877536773682
-0.5853726863861084
-0.3103333115577698
0.6251678466796875
-0.1868496835231781
-0.4879356324672699
0.494007408618927
-0.4401775002479553
0.12477779388427734
-0.006495761685073376
-0.079798124730587
0.12905701994895935
-0.18605098128318787
-0.23707714676856995
-0.34243297576904297
0.0029573440551757812
0.4838946461677551
-0.21553316712379456
0.08917436748743057
-0.9604222178459167
0.26724642515182495
-0.5457975268363953
-0.8021333813667297
0.8949893116950989
-0.43627700209617615
0.7954984903335571
0.4460752606391907
-0.3434646725654602
-0.11486931145191193
0.892696738243103
-0.7600100636482239
-1.3698089122772217
0.9739538431167603
0.32988232374191284
-0.16727714240550995
0.47332000732421875
0.7709869146347046
-1.344825267791748
-0.35726338624954224
0.6316521763801575
-0.3082890510559082
-0.26378488540649414
0.5981799960136414
0.2071470320224762
-0.6166507601737976
0.17709827423095703
-0.86445552110672
-0.18016548454761505
0.7713411450386047
-0.06915054470300674
-0.3083813786506653
0.3834365904331207
0.029056549072265625
0.683951735496521
-0.6116164922714233
0.05211029201745987
1.4613515138626099
-1.1430814266204834
1.4253416061401367
0.0946619063615799
-0.8778203129768372
-0.09963073581457138
-0.2503580152988434
1.6472800970077515
-0.1541999876499176
0.36546745896339417
-0.28911933302879333
-0.9886897802352905
-0.8721632957458496
-1.0604512691497803
-0.5280584096908569
0.33932438492774963
-0.5263131260871887
-0.7221187353134155
1.6282507181167603
-0.5297948122024536
0.6983331441879272
0.23947057127952576
-0.46765294671058655
-1.3381706476211548
-0.4534383714199066
-0.5417095422744751
0.4520520269870758
-0.17760810256004333
-1.6100170612335205
1.1120744943618774
-0.5627597570419312
-1.4118455648422241
0.10722465813159943
-12.17951774597168
10.489306449890137
-1.8138048648834229
-9.099405288696289
5.3781256675720215
-2.657423734664917
-1.4758942127227783
2.80656099319458
-1.2570502758026123
-0.7757866978645325
0.8360574841499329
-0.9088371396064758
-0.2539944648742676
0.06110668182373047
-1.2687034606933594
0.11979556083679199
-0.12139163166284561
-0.8726622462272644
0.1671258956193924
-0.3823176324367523
-0.32215675711631775
0.10598158836364746
0.11005787551403046
0.1621403694152832
-0.36128735542297363
-0.693130612373352
0.30256813764572144
0.4448030889034271
0.2711647152900696
-0.5222471952438354
-0.40129536390304565
0.5057724714279175
-0.015529394149780273
-0.2283245325088501
0.8125181198120117
-0.15573552250862122
0.2224859744310379
-0.19703905284404755
0.3152143061161041
0.2740749716758728
-0.30425432324409485
0.4902782440185547
0.21012167632579803
-0.02282705344259739
0.20112785696983337
-0.21507015824317932
0.3263928294181824
0.6340314149856567
0.20347070693969727
0.06449580192565918
-0.1685802936553955
0.4099213182926178
0.37544113397598267
0.050724051892757416
-0.35280662775039673
0.7493728399276733
0.03671212121844292
0.8250262141227722
-0.0648285374045372
0.3987916111946106
0.9408241510391235
-0.15197578072547913
0.28820332884788513
0.3541746139526367
-0.11850719153881073
0.5857146382331848
0.15813188254833221
0.5235804319381714
-0.0978473648428917
0.4223407804965973
0.17706480622291565
-0.09925689548254013
0.5114019513130188
0.2757355570793152
0.6576575040817261
0.3392179608345032
0.1577342003583908
0.3467179238796234
0.00156574253924191
0.5928791165351868
0.1892380714416504
0.4766722619533539
0.12776489555835724
0.6693816184997559
0.7443748712539673
-0.1188650131225586
-0.0871398001909256
0.2813497483730316
0.057700444012880325
0.24008187651634216
0.4408184885978699
-0.3724294602870941
0.06563854217529297
0.7664456367492676
-0.23054198920726776
0.16171321272850037
0.3250357508659363
0.33277004957199097
-2.4990599155426025
