-0.41321682929992676
-0.41321682929992676
-5.659123420715332
-0.23524990677833557
-1.0043866634368896
-1.1000311374664307
-0.2537032961845398
-0.5161261558532715
-0.16125507652759552
-0.030771255493164062
-0.6609242558479309
-1.1938576698303223
0.4769724905490875
-0.5868154764175415
-0.3332771360874176
-0.06809987872838974
-0.4110661447048187
1.5408713817596436
-0.8100197911262512
0.7206567525863647
1.2009084224700928
-1.5107299089431763
0.8836588859558105
-0.8000930547714233
-0.3711140751838684
0.6581310033798218
-1.2650856971740723
-1.4151239395141602
1.4753706455230713
-1.3028974533081055
-0.6200101971626282
1.2322871685028076
-0.36924582719802856
-0.18749657273292542
0.3282245993614197
0.29143303632736206
2.217459201812744
-0.2676674723625183
-0.1973903626203537
0.8464720845222473
-0.13281193375587463
0.16552706062793732
0.5327350497245789
-1.4283452033996582
0.1982053816318512
0.706303596496582
-0.4194506108760834
0.6609445810317993
-0.6123020648956299
0.43246394395828247
0.476290762424469
0.06034419685602188
1.5907121896743774
0.4785967767238617
0.011154266074299812
1.7340682744979858
-0.49487605690956116
0.20100216567516327
-0.10951597988605499
-1.0424222946166992
0.23997321724891663
1.0319902896881104
-0.43612098693847656
0.3410246968269348
0.33655276894569397
0.6428748369216919
0.6537171006202698
0.5483031272888184
0.8465674519538879
-1.2735074758529663
1.3671624660491943
0.10290813446044922
-0.3675246834754944
0.5695804357528687
0.49689140915870667
-0.515961229801178
0.463657945394516
0.4101906716823578
-0.2099028080701828
0.5786582827568054
-0.043329525738954544
0.0218792911618948
-0.006731796078383923
0.6364262104034424
0.8999782800674438
0.6118849515914917
-0.6351062059402466
0.601872444152832
0.5928271412849426
-0.2102079838514328
-0.4880138337612152
0.09298839420080185
-0.871416449546814
-0.30983948707580566
1.147907018661499
-1.0224413871765137
1.0842896699905396
0.29486972093582153
-0.32187414169311523
0.0921299010515213
-0.6564235687255859
-0.9923273921012878
2.2306723594665527
-1.1079232692718506
-2.237668991088867
1.482567548751831
-0.266295850276947
0.2847786545753479
0.4399186968803406
-0.3896770477294922
0.45291414856910706
-0.19023151695728302
0.2041226327419281
0.38623371720314026
-0.6697712540626526
0.5855064392089844
0.18259935081005096
-0.4993743896484375
0.09844303131103516
0.205461785197258
-0.758827805519104
-0.3494388163089752
0.40400704741477966
-0.19399242103099823
-0.5667422413825989
0.5296629071235657
-0.6015217900276184
-0.21575012803077698
0.08163146674633026
-0.35104990005493164
1.0142638683319092
-0.4036216735839844
-0.34024161100387573
0.20652493834495544
-0.11766882240772247
-1.0887129306793213
0.0609525665640831
-0.5146545171737671
-1.8274377584457397
0.7333869934082031
0.1941356658935547
-0.9061201214790344
0.9886754155158997
0.34393519163131714
-1.6987708806991577
-1.1020389795303345
0.4409860670566559
-0.011960220523178577
-0.40579327940940857
1.1352249383926392
0.9708219766616821
-2.4689955711364746
-0.21201077103614807
0.4908590316772461
-1.5043857097625732
0.35927408933639526
-0.778206467628479
-0.43274030089378357
-0.30553168058395386
0.010841941460967064
0.7645718455314636
-1.0407158136367798
-0.47770243883132935
-0.8879208564758301
-0.028190040960907936
0.1294461190700531
-0.8066032528877258
0.2880558967590332
-0.07814636081457138
-0.5035190582275391
-1.2616117000579834
1.0716893672943115
-1.271228313446045
0.21033057570457458
-1.0211031436920166
0.33967772126197815
0.7061942219734192
-1.0489354133605957
0.6316154599189758
-0.14786377549171448
-0.41467180848121643
0.7627055048942566
-0.12583675980567932
-0.5175049901008606
1.1112083196640015
0.023952579125761986
-0.10329599678516388
-0.5054036378860474
0.13986225426197052
-0.5534029006958008
1.181518316268921
-1.2093921899795532
0.22890691459178925
-0.09167023003101349
-0.37924423813819885
0.30341535806655884
0.5880030989646912
-1.9660618305206299
-0.5263758897781372
-0.13668689131736755
-1.2713298797607422
-12.52507209777832
10.299600601196289
-1.8709614276885986
-8.5668306350708
5.217353820800781
-2.21293306350708
-1.2943787574768066
2.864997386932373
-1.8525094985961914
-0.17703743278980255
1.0534918308258057
-1.683519721031189
0.24949292838573456
0.36240869760513306
-1.1435596942901611
-0.19476833939552307
-0.08508987724781036
-0.4398078918457031
0.06754474341869354
-0.4266694188117981
-0.35601407289505005
0.06888489425182343
0.18655018508434296
-0.6559031009674072
0.2865506708621979
0.08634795993566513
-0.7142798900604248
0.1437053680419922
0.3565772473812103
-0.6075504422187805
-0.4714694023132324
0.6983245611190796
-0.3478463292121887
0.2188575267791748
0.10039403289556503
0.1685762107372284
0.5591128468513489
-0.4980493485927582
0.036994170397520065
0.8709059953689575
-0.28458815813064575
0.31468307971954346
0.4028535783290863
-0.02722228690981865
0.16423164308071136
0.9096484184265137
0.17009881138801575
0.06042025238275528
0.2568929195404053
0.3829268515110016
0.5023847818374634
-0.716251015663147
0.48989278078079224
0.7057045102119446
-0.053969524800777435
0.2321963757276535
0.5226420760154724
0.08574485778808594
0.6383479833602905
0.29773274064064026
0.35148972272872925
0.6969490051269531
-0.4316141605377197
0.4106317460536957
0.7391999959945679
0.35411301255226135
-0.09641723334789276
0.22752170264720917
0.2829062342643738
0.24862250685691833
0.6586623191833496
-0.033302973955869675
0.40562543272972107
0.0957757979631424
0.29206982254981995
-0.23444147408008575
0.5927345156669617
0.14936856925487518
0.2169005423784256
0.5547119379043579
-0.29520076513290405
0.34981098771095276
0.2744736671447754
0.06984367221593857
0.09752559661865234
0.415283203125
0.44894465804100037
-0.44892969727516174
0.2145983725786209
-0.08194570243358612
0.1569419801235199
0.5373115539550781
-0.5335122346878052
0.19322042167186737
-0.11359920352697372
0.5894562602043152
0.24452762305736542
0.08276081085205078
-1.4944424629211426
-4.084141731262207
-18.38390350341797
7.3728437423706055
9.411513328552246
-4.47414493560791
-9.663862228393555
4.0103068351745605
0.4494684636592865
-2.7816128730773926
2.038402795791626
-0.39468222856521606
-0.8492168188095093
1.3851028680801392
-0.8550118207931519
-0.07583789527416229
0.6366392970085144
-0.31681790947914124
0.046561527997255325
0.11796064674854279
-0.15016356110572815
0.09209880977869034
0.13887587189674377
-0.4620271623134613
-0.13945770263671875
0.17353782057762146
-0.33954983949661255
-0.2056664526462555
-0.3758276104927063
0.130530446767807
0.28080710768699646
0.09853925555944443
-0.25425976514816284
0.18410463631153107
-0.042801667004823685
-0.8775802850723267
0.7960163950920105
-0.9924618005752563
0.2851085662841797
-0.03901614993810654
-0.12306652218103409
0.25875988602638245
-0.7386897802352905
-0.056845664978027344
-0.0822349563241005
-0.37365037202835083
0.4500293731689453
-0.12938804924488068
-0.27776432037353516
0.4214298129081726
-1.2352195978164673
-1.5165860652923584
1.6234935522079468
-0.872414231300354
-0.007550239562988281
0.6215046048164368
-0.8058270215988159
-0.0693279281258583
-0.4359651505947113
0.10270366817712784
-0.19442729651927948
0.3242151141166687
-1.4943326711654663
0.6211522221565247
0.4517032504081726
0.6304289698600769
-0.4080989956855774
-0.8476943969726562
0.7105131149291992
-0.07678031921386719
-0.44296473264694214
0.8213996887207031
-1.1012823581695557
0.763013482093811
-0.12091436237096786
-0.20703116059303284
0.2581697404384613
-1.3008179664611816
-0.05373687669634819
-1.0708985328674316
-0.6901117563247681
0.3580474853515625
-0.6075519919395447
0.23922137916088104
-0.9065142869949341
-1.0301233530044556
0.8151310086250305
0.3356660008430481
-0.6670244336128235
0.7742254137992859
-0.009015369229018688
0.7549250721931458
-0.15762510895729065
0.41694027185440063
-0.5220998525619507
-0.6751000285148621
-0.17610207200050354
-0.622223973274231
-0.6010239720344543
0.1797797679901123
-1.5648648738861084
-0.47416749596595764
-12.91968059539795
10.266202926635742
-1.7721717357635498
-8.707818984985352
5.520908832550049
-2.9841763973236084
-1.2409601211547852
3.2594432830810547
-1.5189712047576904
-0.7971882820129395
1.1879475116729736
-1.1077910661697388
-0.2437722235918045
0.23071546852588654
-0.5723353624343872
-0.13102826476097107
-0.33739542961120605
-0.6060441136360168
0.3870174288749695
0.26851147413253784
-0.9144147038459778
-0.16375093162059784
-0.05009112507104874
-0.41112035512924194
-0.13567551970481873
-0.1863183081150055
-0.4253247380256653
0.6260361075401306
0.341566801071167
-0.6492825746536255
-0.853648841381073
0.10188326984643936
0.2593924403190613
-0.24484801292419434
0.2796606123447418
-0.13217070698738098
-0.04102981090545654
0.29759135842323303
0.09450962394475937
0.5164868235588074
0.23106956481933594
-0.35741859674453735
0.31923139095306396
0.37511271238327026
-0.4449095129966736
0.4779070317745209
0.15073230862617493
0.5483054518699646
-0.02208573743700981
0.19080090522766113
0.2496403455734253
0.15785947442054749
0.5025970935821533
0.40043210983276367
0.32216471433639526
0.12985172867774963
0.25921502709388733
0.6196227669715881
0.8489717245101929
-0.4577546715736389
0.6893671154975891
0.18704672157764435
0.3062869906425476
0.7279179692268372
-0.2270641326904297
0.45387235283851624
0.30386295914649963
-0.07907561957836151
0.1863085776567459
0.5770633816719055
0.23219585418701172
0.041543006896972656
0.7673004269599915
-0.06983537971973419
0.31976956129074097
0.08551015704870224
0.0792110413312912
0.7610934972763062
-0.007680702023208141
0.44491681456565857
0.7927538156509399
0.34593161940574646
-0.34412288665771484
0.5572191476821899
0.11513471603393555
0.27910271286964417
0.5906888246536255
-0.19260549545288086
-0.17599257826805115
0.16982069611549377
0.5708521604537964
-0.13966818153858185
-0.45291900634765625
0.4284052848815918
-0.08368244022130966
-0.0036760331131517887
0.5288146734237671
0.23117628693580627
-1.4128273725509644
-3.5584239959716797
-17.652660369873047
7.389166355133057
9.271337509155273
-3.376871109008789
-11.572317123413086
5.99398946762085
-0.8384753465652466
-2.446549415588379
2.248875379562378
-0.3676827549934387
-0.7991567254066467
1.5658177137374878
-0.9527746438980103
-0.06460533291101456
0.5769689679145813
-0.06230754777789116
-0.15895862877368927
0.3927879333496094
-0.6599074602127075
0.2591458261013031
-0.02039165422320366
-0.33103257417678833
0.11234722286462784
-0.2946000099182129
0.39978885650634766
-0.6595364809036255
0.22285708785057068
-0.3145090937614441
0.4858088493347168
-0.45777827501296997
-0.12351808696985245
0.3083927035331726
-0.5176140666007996
-0.025101279839873314
0.16735295951366425
-0.22950688004493713
0.4116598069667816
0.4365987777709961
-0.5906664133071899
-0.2212156355381012
-0.8168617486953735
0.30199891328811646
-0.14762839674949646
-0.1143830269575119
0.4589845538139343
-0.9540649652481079
0.1560264527797699
0.8230272531509399
-1.4878009557724
-0.880627453327179
1.303272008895874
0.32442569732666016
0.024138260632753372
0.2261451780796051
0.03410186618566513
-0.3035232424736023
0.5039275884628296
-0.6039131879806519
0.202754408121109
-0.49842968583106995
-0.41071587800979614
0.2655075192451477
-0.22397956252098083
0.43589267134666443
-0.09725751727819443
-0.843041718006134
0.8986032605171204
0.3925003111362457
0.024151992052793503
-0.027417946606874466
-0.10093669593334198
-0.07035350799560547
-0.5716061592102051
-0.7704026103019714
-0.5626381039619446
-1.086986780166626
-0.06438302993774414
0.5301240086555481
-0.3376043438911438
-2.193962574005127
-0.7774160504341125
-0.29691386222839355
-0.20233993232250214
-0.3597925305366516
1.8955364227294922
-0.1006254181265831
-0.3689625859260559
-0.8296900987625122
0.18023404479026794
0.6395233869552612
-1.2295812368392944
-0.08634968101978302
-0.6403358578681946
-0.8233416676521301
-1.544183373451233
-0.664857029914856
1.0032910108566284
-1.9692646265029907
-1.0955947637557983
-0.26692408323287964
-11.857403755187988
8.875895500183105
-1.698735237121582
-8.579629898071289
4.548613548278809
-2.006831169128418
-1.295530080795288
2.7141759395599365
-1.8980052471160889
-0.40596428513526917
1.1204543113708496
-0.7129346132278442
-0.4135264754295349
-0.04533033445477486
-0.6539255976676941
-0.10765962302684784
-0.4067661166191101
-0.4128835201263428
0.43707507848739624
-0.48072367906570435
-0.20204105973243713
-0.0966431125998497
0.057831667363643646
-0.20491738617420197
0.04781346395611763
-0.1250266581773758
-0.38131746649742126
0.3818390965461731
0.07072067260742188
-0.2922356128692627
-0.4080199599266052
0.5289393663406372
0.1453031599521637
0.3817090690135956
-0.43450552225112915
-0.4446592926979065
0.7264231443405151
0.16078297793865204
0.060483671724796295
0.5423902869224548
0.11642517149448395
0.03825365751981735
-0.42611151933670044
1.1006580591201782
0.7097400426864624
-0.3872532546520233
0.4703003466129303
0.5576339960098267
-0.4186388850212097
0.47115176916122437
0.39153584837913513
-0.069055937230587
0.32008010149002075
-0.35309210419654846
0.18185004591941833
1.142713189125061
-0.35304269194602966
0.3488163948059082
0.2866840362548828
0.08290652930736542
-0.20947985351085663
0.6486630439758301
0.4536949098110199
0.0460546500980854
0.06454439461231232
0.3985937237739563
0.7371664047241211
0.37366360425949097
-0.10233001410961151
0.5411001443862915
0.2006630003452301
0.9923540353775024
0.1500931680202484
0.1046874076128006
0.3545052409172058
0.4374774992465973
0.005303001496940851
0.4645420014858246
-0.020087337121367455
0.6074246168136597
0.00574913015589118
0.693730354309082
-0.27144765853881836
0.2754983901977539
0.10304031521081924
0.14485225081443787
0.026640892028808594
-0.1304473876953125
1.1311227083206177
-0.4430130124092102
0.261465847492218
0.40780124068260193
-0.1162230521440506
0.7815537452697754
-0.07355661690235138
-0.36621999740600586
0.4586735665798187
0.1022069901227951
-2.6564793586730957
-4.258434772491455
-19.018911361694336
6.464795112609863
9.338846206665039
-3.586759090423584
-9.991910934448242
3.78779673576355
-0.272012859582901
-2.6333401203155518
1.6844589710235596
0.1618647575378418
-1.3979381322860718
1.1403279304504395
-0.3086680769920349
-0.6229923963546753
0.6296473741531372
0.21405334770679474
-0.6009789705276489
0.44856491684913635
-0.20738649368286133
-0.26911526918411255
0.5493399500846863
0.1775657683610916
-0.5485163331031799
0.25627994537353516
-0.4046129286289215
0.297886461019516
0.02267751656472683
-0.19829082489013672
-0.15382060408592224
-0.019827555865049362
-0.5368202328681946
-0.21002750098705292
-0.816214382648468
-0.9032198786735535
0.2520017623901367
-1.0012438297271729
-0.09010906517505646
0.6496356725692749
0.10052967071533203
-0.37710732221603394
-0.1950080841779709
0.1873008757829666
-0.47965869307518005
-0.39073267579078674
0.3951606750488281
-0.31351929903030396
-0.8631110191345215
0.32784366607666016
0.1551380157470703
-1.6711170673370361
0.6179218292236328
-0.5335577130317688
-0.8851568102836609
0.27737846970558167
0.2458137571811676
-1.0452879667282104
-1.1734168529510498
0.322435200214386
-1.038710594177246
0.14879874885082245
-0.30776578187942505
0.34796008467674255
-0.3180427551269531
0.2037029266357422
0.06280431896448135
-0.2349376678466797
-5.9795380366267636e-05
-0.4421243667602539
0.11348819732666016
-0.14589042961597443
0.40377864241600037
-1.1522438526153564
0.6578584909439087
0.376992404460907
0.08086347579956055
-0.5260695219039917
0.5320680737495422
-1.2755744457244873
0.5336230993270874
-0.10537900775671005
-1.2641279697418213
0.3193998336791992
0.00544815044850111
0.7925883531570435
-0.05579223483800888
0.48796433210372925
0.6167847514152527
-0.6211468577384949
0.8853620290756226
-1.4967888593673706
-0.0500524528324604
0.39094170928001404
-0.2245137244462967
-1.1007736921310425
0.38392600417137146
-0.2081831991672516
1.276698350906372
0.373178094625473
-3.3361525535583496
1.153975248336792
-12.922920227050781
10.352993965148926
-1.8014352321624756
-8.280868530273438
5.6322221755981445
-2.5698065757751465
-1.2504551410675049
3.0849382877349854
-1.2098023891448975
-0.5525256991386414
1.137388825416565
-0.8884377479553223
-0.21897277235984802
0.26306504011154175
-0.8206406831741333
-0.06759157031774521
-0.19034309685230255
-0.48369574546813965
-0.30805468559265137
0.06263890117406845
-0.19622698426246643
-0.0966070145368576
-0.12800554931163788
0.053813934326171875
-0.026961851865053177
-0.8470789194107056
-0.24818506836891174
0.7358845472335815
0.26157790422439575
-0.8859457969665527
-0.41990795731544495
0.7156831622123718
0.2952844202518463
-0.265017032623291
0.6332704424858093
-0.16587914526462555
0.459529310464859
-0.10316891968250275
0.45432883501052856
0.6659226417541504
0.49703526496887207
-0.4385000169277191
0.055099569261074066
0.38090139627456665
0.08293068408966064
0.01100988406687975
0.49590450525283813
0.3983677327632904
0.18501834571361542
0.3765184283256531
0.6488959193229675
-0.5250430107116699
0.9420045614242554
0.09755134582519531
0.2135436087846756
0.926544189453125
0.1817142516374588
0.4938408434391022
0.23056745529174805
0.06963863223791122
0.7858525514602661
-0.04391879960894585
0.09546651691198349
0.9352737665176392
-0.3271764814853668
0.5131264925003052
-0.1608903855085373
0.32892075181007385
0.6285957098007202
-0.045496463775634766
0.6114568710327148
0.820818305015564
-0.26824885606765747
0.5037028193473816
0.5169843435287476
-0.4136280417442322
0.4609650671482086
0.6800959706306458
0.017977524548768997
0.3614714741706848
0.4560782313346863
0.17328748106956482
-0.2978261113166809
0.4388957917690277
-0.04700107499957085
0.4375782907009125
0.7827193140983582
0.017501354217529297
0.6337214708328247
0.4250151515007019
-0.25237101316452026
0.20954637229442596
0.5710893869400024
-0.023499870672822
0.29068756103515625
0.06622838973999023
0.06655683368444443
-0.3011515140533447
-0.5214694738388062
-3.57129168510437
-18.079452514648438
7.449947357177734
9.254008293151855
-3.333054304122925
-11.506295204162598
6.172324180603027
-0.7935894727706909
-2.879685878753662
2.5197768211364746
-0.3933764398097992
-1.4559818506240845
1.7111647129058838
-0.6432238221168518
0.01517629623413086
0.5408098101615906
-0.9245139956474304
0.5595276951789856
0.2164294272661209
-0.44923362135887146
-0.27552691102027893
0.43544691801071167
-0.24700459837913513
-0.07070598751306534
0.00262870779260993
0.5076298713684082
-0.18077078461647034
-0.004556560423225164
-0.3424437642097473
0.6611530184745789
-0.4402283728122711
0.3165254592895508
-0.3870217204093933
-0.47090330719947815
-0.19496488571166992
0.6263163685798645
-1.2487620115280151
0.818537712097168
0.13661594688892365
-0.1258966475725174
0.09750022739171982
0.19366244971752167
-0.9947280883789062
-0.8887559771537781
0.23352012038230896
0.39882850646972656
-0.5910491943359375
0.6401821374893188
0.7595745325088501
-1.3834760189056396
-1.1712454557418823
0.669289767742157
-0.34844931960105896
-1.2265613079071045
0.9942651987075806
-0.47361868619918823
0.8723970651626587
0.7618044018745422
-1.815812349319458
0.38598793745040894
0.09535674750804901
-0.2160985916852951
0.22020158171653748
-0.4015682339668274
-0.41937923431396484
0.7637994885444641
-0.1513160765171051
0.5569614171981812
0.34156912565231323
0.10158157348632812
0.5288244485855103
0.11400909721851349
0.017916202545166016
-0.5735197067260742
0.03763313218951225
-0.22829504311084747
0.6943429708480835
-0.5663150548934937
-0.1745460480451584
-0.4337240159511566
-0.0584590919315815
-1.1615272760391235
-0.17665080726146698
0.040688324719667435
-0.10033158957958221
0.6700617074966431
0.4513627886772156
1.0674241781234741
-0.7470548748970032
-0.2271127700805664
0.6573536992073059
-0.27093306183815
0.040952492505311966
-1.5915807485580444
-0.1045769676566124
0.606866717338562
-1.7887321710586548
0.4115704596042633
0.06154346466064453
1.1296319961547852
-1.5323569774627686
-12.491365432739258
11.003097534179688
-1.9353837966918945
-8.525091171264648
5.487043380737305
-2.858684539794922
-1.1647213697433472
2.9626002311706543
-1.7087810039520264
-0.6908238530158997
1.1980772018432617
-0.9843956232070923
-0.07379293441772461
0.17974571883678436
-1.0497926473617554
-0.00785903912037611
-0.2592940926551819
-0.4775092601776123
0.05113496631383896
-0.5040005445480347
-0.2885165214538574
0.3848983347415924
-0.059627436101436615
-0.7689977884292603
0.5079770684242249
-0.1548769474029541
-0.8897247314453125
0.46096816658973694
0.3290329575538635
-0.6334320902824402
0.1849384754896164
-0.17585337162017822
0.600851833820343
0.5408517122268677
0.15886715054512024
-0.9373335838317871
0.35514533519744873
0.4267032742500305
-0.139165997505188
0.39974066615104675
0.14884662628173828
-0.05860571935772896
0.5510247945785522
0.14408347010612488
0.3505147695541382
-0.22085154056549072
0.253937304019928
0.9564565420150757
-0.5427941083908081
0.10116515308618546
1.1303846836090088
0.012505317106842995
0.4414217472076416
-0.07647518813610077
0.15361762046813965
1.1380894184112549
0.3087669909000397
-0.34296923875808716
0.12485580146312714
0.4656301438808441
0.4105612635612488
-0.30938464403152466
0.5839740633964539
1.0075485706329346
-0.3110033869743347
0.2922572195529938
1.1343820095062256
-0.016722297295928
-0.21692638099193573
0.5687750577926636
0.6217748522758484
0.16857318580150604
-0.26483839750289917
0.03640146180987358
0.2831636369228363
0.2690099775791168
0.13106298446655273
0.8365095257759094
-0.08214845508337021
-0.5948657393455505
0.8305647969245911
0.17032098770141602
0.24847230315208435
0.05274944379925728
0.16252689063549042
0.41556787490844727
0.1332896202802658
0.1230154037475586
0.631669819355011
-0.13514462113380432
0.1973620355129242
0.4403853416442871
0.14878901839256287
0.12967272102832794
-0.27002543210983276
0.24737825989723206
0.6279062032699585
-0.04139433056116104
-2.580467462539673
-3.7664756774902344
-19.280590057373047
6.23929500579834
9.207972526550293
-1.5439808368682861
-12.837060928344727
6.004133224487305
-0.7205086946487427
-3.1189684867858887
2.4118752479553223
0.15004491806030273
-1.3030657768249512
1.3504096269607544
-0.26943960785865784
-0.6830487847328186
0.40097102522850037
-0.04204120486974716
-0.038823794573545456
0.1628369390964508
-0.23719806969165802
-0.13271188735961914
0.18089275062084198
0.305823415517807
0.11213989555835724
-0.16355200111865997
-0.7846480011940002
0.6601399183273315
-0.08845281600952148
-0.13917894661426544
-0.1504368782043457
0.5088598132133484
-0.41021642088890076
0.1391337364912033
-0.10202312469482422
-0.4377121031284332
0.37603235244750977
-0.6667547225952148
0.2963644862174988
-0.34462517499923706
0.948032557964325
-0.9285179376602173
-1.0411897897720337
0.21929816901683807
0.24563483893871307
-0.7829349637031555
1.0465644598007202
0.48667067289352417
-2.117358922958374
1.1688859462738037
-0.11316528171300888
-0.2038160264492035
-0.0189953800290823
0.038454435765743256
-0.3809785842895508
0.4693099856376648
-0.36364078521728516
-0.5452324151992798
-0.9829249382019043
-0.06110267713665962
-0.5302327871322632
-0.6098905801773071
0.08429012447595596
-1.14309823513031
0.286703497171402
-0.23863248527050018
-1.1156047582626343
0.06535778194665909
0.29276981949806213
-1.0691287517547607
-0.44558876752853394
0.29660892486572266
-1.313948631286621
-0.44057780504226685
0.5748401880264282
-0.33584538102149963
-0.74200040102005
0.4440683424472809
-1.1735109090805054
-0.13129539787769318
0.4463687837123871
-0.5148072838783264
-0.41117382049560547
0.020378494635224342
-0.4154795706272125
-0.8832288980484009
-0.16132059693336487
0.9751855731010437
-0.9614740610122681
0.06653270870447159
-0.14173945784568787
-0.9131849408149719
0.8946866989135742
-1.001939058303833
0.5278010368347168
0.6477147936820984
0.30705347657203674
-0.36740636825561523
0.4795244336128235
-0.2614426016807556
0.1781175583600998
-1.5497938394546509
-13.407302856445312
10.697881698608398
-1.4567124843597412
-8.862831115722656
5.0865607261657715
-2.403416395187378
-0.9267999529838562
2.7086246013641357
-1.0357649326324463
-0.5615891218185425
0.5717048048973083
-0.9255914688110352
0.38481682538986206
0.06379981338977814
-0.9060662984848022
-0.010749245062470436
-0.025653744116425514
-0.620538592338562
0.6235455274581909
-0.49471887946128845
-0.09201445430517197
-0.25378602743148804
-0.21375198662281036
-0.4006834924221039
0.34756436944007874
-0.541167140007019
-1.2146124839782715
0.5944324731826782
0.27991196513175964
-0.4337431788444519
-0.2733532786369324
0.5111480951309204
0.041051436215639114
0.5618101358413696
-0.36417800188064575
-0.616040825843811
0.8728905916213989
-0.28495216369628906
-0.027901630848646164
0.49257731437683105
0.03221091628074646
0.41261520981788635
0.46128958463668823
-0.24686355888843536
-0.13331174850463867
0.31754881143569946
0.8369538187980652
-0.24916592240333557
-0.2529433071613312
0.44483643770217896
0.8937979936599731
-0.30602288246154785
0.3906462788581848
0.6391684412956238
-0.10302605479955673
0.8870382308959961
0.04568009451031685
0.12481279671192169
0.54933762550354
0.17172269523143768
0.9070460200309753
0.30739250779151917
0.6346784234046936
0.20528140664100647
-0.0752653107047081
0.7127098441123962
0.3165115416049957
0.7617925405502319
0.03813524171710014
0.3396219313144684
0.7492682337760925
0.07991600036621094
0.4803474545478821
0.7833830118179321
0.17434577643871307
0.17753800749778748
0.42373839020729065
0.30566921830177307
0.3235383927822113
0.37135306000709534
0.5069564580917358
-0.08079242706298828
0.18475809693336487
0.27810993790626526
0.6172752380371094
0.17986497282981873
0.09263058006763458
0.006244182586669922
0.7900802493095398
0.3166500926017761
0.024882888421416283
0.33853253722190857
0.012772560119628906
0.2713221609592438
-0.41988125443458557
-0.17599210143089294
0.5423893928527832
-0.2606039047241211
-1.58134925365448
-3.981030225753784
-18.03824806213379
6.025156497955322
9.856876373291016
-4.3552141189575195
-9.467034339904785
4.379127025604248
-0.22631892561912537
-2.6816349029541016
2.1098146438598633
-0.2088298797607422
-0.868851363658905
1.343113899230957
-0.9886876940727234
-0.2938368320465088
0.20629683136940002
-0.5033699870109558
0.21541833877563477
-0.00116052629891783
-0.16872377693653107
-0.14525671303272247
0.5120909810066223
0.024245452135801315
0.012149333953857422
0.05304889753460884
-0.46099787950515747
0.3773033022880554
0.03901205211877823
-0.6050335168838501
0.42983970046043396
-0.7013565301895142
0.15136738121509552
0.5627654194831848
-1.331486463546753
-0.04846896976232529
0.9753486514091492
-0.8576956987380981
-0.363078773021698
0.33353233337402344
0.5210248231887817
-0.5657474398612976
-0.4716014862060547
0.4611639082431793
0.9913181066513062
-0.4709574580192566
0.29278889298439026
0.7895811200141907
-0.32540377974510193
1.6803455352783203
-0.6249141693115234
-0.6968435049057007
0.2576589584350586
-0.8094354867935181
0.5989557504653931
0.7365180850028992
0.8522764444351196
-1.1312627792358398
0.24262180924415588
0.5683616399765015
-0.42638474702835083
0.1356327086687088
-0.12648925185203552
-1.079977035522461
1.9502646923065186
-0.6191755533218384
0.29193687438964844
0.14133663475513458
-0.6511522531509399
1.3301023244857788
-0.590542197227478
1.8214470148086548
-0.9580520391464233
-0.7384411096572876
-0.16387119889259338
0.5364340543746948
-0.2274009734392166
-0.826880156993866
1.0034542083740234
-0.2731010317802429
-1.4944578409194946
1.035396695137024
-0.3685208261013031
-0.14946117997169495
-0.5118495225906372
-0.38419240713119507
-0.11772403866052628
0.312894731760025
-0.4220503866672516
-0.17974261939525604
-0.03915691375732422
-0.5003860592842102
-0.30025798082351685
-0.37188252806663513
-1.07001793384552
0.084245964884758
-0.7439237236976624
1.5371922254562378
-0.7399235367774963
-0.23562279343605042
-0.7339614033699036
-0.3168988823890686
-10.328168869018555
6.123888969421387
0.776268482208252
-6.485816955566406
3.0781967639923096
-1.2720506191253662
-0.7533294558525085
2.2824878692626953
-0.4079434871673584
-0.7685238122940063
0.7086049914360046
-0.6227058172225952
-0.41512784361839294
0.54534512758255
-0.43953776359558105
-0.37351933121681213
-0.03371153026819229
-0.7254189848899841
0.15907850861549377
0.02779087983071804
-0.4994441568851471
0.45072346925735474
0.3248949944972992
-1.079156517982483
-0.2839764654636383
0.7039052248001099
-0.09369616210460663
-0.40821272134780884
-0.8694926500320435
0.5870434045791626
0.5546566247940063
-0.45614761114120483
0.6106945872306824
0.18711833655834198
-0.2486819326877594
0.1888904571533203
0.21276168525218964
0.8520117998123169
0.3646579384803772
-0.32072535157203674
-0.35510244965553284
1.0406016111373901
0.06504156440496445
-0.24552111327648163
1.0409668684005737
-0.20408372581005096
0.281172513961792
0.7115014791488647
-0.05450553819537163
0.3816995322704315
0.465172678232193
-0.43636518716812134
0.9909036755561829
0.16365261375904083
0.1753932535648346
0.14106611907482147
0.42331066727638245
1.1537787914276123
-0.2641604542732239
0.4852933883666992
0.2223043441772461
0.16529512405395508
0.7703700661659241
-0.24206781387329102
0.6900882720947266
-0.049947164952754974
0.21358223259449005
0.2765886187553406
0.8887909054756165
0.08202419430017471
0.6439471244812012
0.0178357120603323
0.6057572364807129
0.8496273159980774
-0.3881007134914398
0.004016303922981024
0.690258800983429
0.3577807545661926
-0.30357417464256287
0.6348631978034973
0.5526975393295288
0.05821533128619194
0.49248751997947693
-0.3141946792602539
-0.031015682965517044
0.16184473037719727
0.2804637849330902
0.3536764979362488
0.532608687877655
-0.13656330108642578
0.3280673027038574
0.5843865275382996
0.3326016366481781
0.3159109055995941
0.28361931443214417
0.045030783861875534
0.11234121024608612
0.6587125062942505
-1.0057451725006104
-4.2630438804626465
-13.602322578430176
3.453415632247925
4.017979621887207
-4.6808929443359375
-1.9140952825546265
0.8138856887817383
-0.9786113500595093
-0.1471446454524994
0.5377284288406372
-0.4949403703212738
0.3246098458766937
0.1295977532863617
-0.4629538059234619
0.2608370780944824
0.2567387521266937
0.02901477739214897
-0.33270949125289917
0.07346963882446289
-0.3777691721916199
-0.09348325431346893
0.3100505769252777
-0.1192563995718956
-0.0631202682852745
-0.4635947346687317
-0.07088194042444229
-0.16073474287986755
0.42347994446754456
-0.4323274493217468
0.5246585011482239
-0.7566255331039429
-0.2217307984828949
0.25299471616744995
-0.36253947019577026
0.3623703122138977
-0.37160128355026245
-1.507193922996521
-0.017531584948301315
0.8650258779525757
0.6130536794662476
-0.4268394410610199
0.10661526024341583
-0.8918620944023132
-0.0999218001961708
0.21954688429832458
-0.20482425391674042
-0.8396199941635132
0.849212646484375
1.0956449508666992
-0.7650532722473145
-0.7823762893676758
0.6507240533828735
-0.7085615396499634
-0.09019394218921661
-0.3277379870414734
0.5184763073921204
-0.7136871218681335
0.9350740313529968
-0.4920525550842285
-0.24594688415527344
0.6891124844551086
-0.5801326632499695
0.6466228365898132
-0.5976144671440125
-0.27397021651268005
-0.2640857696533203
0.4985012114048004
-0.33767804503440857
-0.4499240815639496
0.039396096020936966
-0.8050996661186218
-0.36386221647262573
0.04737424850463867
-0.6595646142959595
0.537310779094696
0.4456079602241516
-1.6363162994384766
1.3103519678115845
-1.130671739578247
0.7631133794784546
-0.6612132787704468
0.3910121023654938
-0.3744794726371765
-1.1974704265594482
0.7760542035102844
-1.2603431940078735
-0.38290899991989136
-1.046105980873108
0.5250713229179382
0.10041876137256622
-0.05023474618792534
0.6044914126396179
-0.8101932406425476
-0.678304135799408
0.04980411380529404
-0.09769482910633087
-1.4004671573638916
0.3613763451576233
-0.7739434838294983
-0.5410307049751282
-0.2683095335960388
-13.821093559265137
10.295869827270508
-2.2747061252593994
-8.418508529663086
4.906583309173584
-2.6964211463928223
-1.1464574337005615
2.618197202682495
-1.4183788299560547
-0.7934233546257019
0.8520621061325073
-1.020636796951294
-0.31816205382347107
0.3970436155796051
-0.8072123527526855
-0.5881150364875793
-0.23050646483898163
-0.7135341763496399
-0.27196961641311646
-0.19458666443824768
-0.49557703733444214
0.12460527569055557
-0.22792787849903107
-0.6627451777458191
0.09548191726207733
-0.2767251133918762
-0.898199200630188
0.6945299506187439
0.23462161421775818
-1.134913682937622
-0.35206347703933716
0.8692870140075684
-0.596697986125946
-0.0823051929473877
0.6464101672172546
-0.19355455040931702
-0.1310320794582367
0.33565282821655273
0.370757520198822
0.22362740337848663
-0.19267532229423523
0.5532559156417847
0.3454221785068512
-0.20967426896095276
0.14767973124980927
0.06043531745672226
0.18331597745418549
0.5363036394119263
0.6686223745346069
0.6228998899459839
0.2082880437374115
0.47050556540489197
0.320010244846344
-0.03325366973876953
0.061483096331357956
0.5679813027381897
0.34231194853782654
0.25767746567726135
0.020519018173217773
0.5498300194740295
0.5810415744781494
0.18867067992687225
0.3861764073371887
0.3060549795627594
-0.352862685918808
1.0443203449249268
0.374784380197525
0.051059722900390625
-0.06770334392786026
0.16205234825611115
0.9656793475151062
0.003743934677913785
-0.05415811389684677
0.4220687747001648
0.6170748472213745
0.2068956345319748
-0.13406963646411896
0.1557316780090332
0.5882269740104675
0.6980231404304504
-0.23306579887866974
0.08767833560705185
0.13024015724658966
-0.25779008865356445
0.18140439689159393
0.16271467506885529
-0.08838643878698349
0.45280829071998596
0.5197523236274719
0.06656970828771591
0.040679264813661575
-0.285042941570282
0.81797856092453
-0.30795231461524963
0.07733269035816193
0.13809823989868164
0.016893768683075905
0.23449993133544922
-1.0697152614593506
-4.028858184814453
-17.369144439697266
6.521821022033691
9.759565353393555
-6.283538818359375
-7.390952110290527
4.951280117034912
-1.4371278285980225
-1.8287365436553955
2.051421880722046
-0.8663263320922852
-0.41811856627464294
1.3342225551605225
-0.7976213097572327
0.2165495902299881
0.3910430073738098
-0.39065980911254883
0.16333799064159393
0.3196307122707367
-0.330895334482193
0.14986582100391388
0.005067253019660711
-0.11795292049646378
-0.21697969734668732
-0.1646975576877594
-0.39931440353393555
0.0838259682059288
-0.8813695907592773
0.19077453017234802
0.11066436767578125
0.18640117347240448
-0.393932044506073
-0.044762611389160156
-0.8325595855712891
-0.2962455749511719
1.0735948085784912
0.3638332486152649
0.10197601467370987
-1.4195115566253662
-0.15967102348804474
0.3653976321220398
-0.406001478433609
-0.580643355846405
0.6628170013427734
-0.6182971000671387
-1.2919853925704956
0.5623138546943665
-0.5649015307426453
-0.16680964827537537
0.23396988213062286
-0.19485530257225037
-1.462033987045288
0.48620596528053284
0.5464242696762085
-0.1355365812778473
0.46771955490112305
0.27388763427734375
-1.3074634075164795
-0.6897018551826477
0.37315884232521057
-0.2618085741996765
0.3684910833835602
-0.5619269609451294
-0.4263099730014801
0.21334247291088104
-0.4130071699619293
-0.6042755246162415
-0.08152542263269424
-1.53769850730896
-0.5054981112480164
0.3264414668083191
-1.294071912765503
1.5071519613265991
-0.05899610370397568
-0.22669200599193573
-0.7432381510734558
-0.29950323700904846
0.3402470648288727
1.2723047733306885
-0.08506107330322266
-0.1465974748134613
-0.13936558365821838
0.08031825721263885
-0.679195761680603
0.24436740577220917
-0.650070071220398
-0.7344274520874023
-0.12429237365722656
-0.9391409158706665
-0.5037248730659485
0.15592727065086365
-0.48452454805374146
-0.8568874597549438
-0.34854477643966675
-0.07719230651855469
-0.1831655502319336
-0.8762778043746948
0.09326906502246857
0.38092365860939026
-0.31358271837234497
0.5904799699783325
-11.118990898132324
6.1304168701171875
1.0189728736877441
-6.771193027496338
2.8649742603302
-1.276620626449585
-0.7948818206787109
1.5195183753967285
-0.37440404295921326
-0.47902125120162964
0.6264445185661316
-0.7241922616958618
-0.10640497505664825
-0.21817369759082794
-0.6465865969657898
0.052440546452999115
-0.02552161179482937
-0.5090376138687134
0.1430222988128662
-0.37736839056015015
-0.1813494712114334
-0.09341869503259659
-0.305492639541626
-0.8793924450874329
0.23827719688415527
0.5422909259796143
-0.42480817437171936
-0.29880037903785706
-0.6599134206771851
-0.037981223315000534
0.5341123342514038
0.15988898277282715
-0.29309120774269104
0.7302508354187012
-0.14160168170928955
-0.17163753509521484
0.16745159029960632
0.588447630405426
0.34855490922927856
-0.6745634078979492
-0.4686377942562103
1.06036376953125
0.18756350874900818
-0.46520519256591797
0.9107431173324585
0.16886138916015625
0.41962701082229614
0.8490010499954224
-0.20365390181541443
0.0587538480758667
0.7148069143295288
0.015400218777358532
0.2675830125808716
0.29470348358154297
0.9052737355232239
0.5653541684150696
-0.14534921944141388
1.0790650844573975
-0.5232978463172913
0.3078816831111908
0.586330235004425
0.1073235496878624
0.5576778650283813
0.19650354981422424
0.361323744058609
0.47283393144607544
0.07563066482543945
1.311405897140503
-0.4450284540653229
0.03676462173461914
0.40596285462379456
0.28053292632102966
0.8023706674575806
0.2594102919101715
0.23759841918945312
0.38759279251098633
-0.014189625158905983
0.14221926033496857
0.5354399681091309
0.0923730880022049
-0.0510622039437294
0.017767716199159622
0.37881582975387573
0.08276844024658203
0.05080680921673775
0.2542096972465515
0.6599382162094116
0.19519329071044922
0.06267251819372177
0.16041937470436096
0.09590987861156464
0.5256476402282715
-0.6714817881584167
0.6218422651290894
0.212422177195549
-0.09917841106653214
0.2800626754760742
0.30216607451438904
-2.5535871982574463
-3.8574962615966797
-19.116853713989258
6.264622688293457
8.99345588684082
-1.4336286783218384
-12.80548095703125
5.799952030181885
-0.7051470875740051
-3.1373965740203857
2.481637716293335
-0.018225956708192825
-1.3654934167861938
1.4487848281860352
-0.1676657646894455
-0.8575565218925476
0.5644735097885132
-0.18129892647266388
-0.8108144998550415
0.5720065832138062
-0.17157717049121857
-0.5094465017318726
0.4233930706977844
0.06229371950030327
-0.21791133284568787
-0.14594630897045135
-0.17104148864746094
0.0909113883972168
-0.06586742401123047
-0.11330032348632812
-0.3223807215690613
0.4996461868286133
0.15133018791675568
0.004953956697136164
-0.5634002685546875
-0.4392833709716797
0.5956344604492188
0.22869519889354706
-0.8458684682846069
0.5313405990600586
0.5456943511962891
-0.7614958882331848
-0.3387514054775238
-0.280360609292984
0.032947540283203125
-0.14967060089111328
0.520380973815918
0.828765869140625
-1.1925857067108154
-0.17655810713768005
0.12064266204833984
-1.2853902578353882
0.7827402353286743
-0.3033624589443207
0.03729724884033203
-0.09717025607824326
0.4128355085849762
-1.3444678783416748
-0.6071836352348328
0.5114493370056152
-0.413247674703598
-0.2560201585292816
-1.2262462377548218
-0.5893300771713257
0.011548614129424095
0.37017613649368286
-0.354605495929718
-0.5860502123832703
0.9849626421928406
-0.33503085374832153
0.2268865555524826
-1.4753503799438477
-0.3623344302177429
-0.37158480286598206
-0.32062357664108276
0.34078341722488403
0.23395147919654846
-1.766750693321228
0.17475338280200958
0.3550196588039398
-0.6205541491508484
-0.39160099625587463
-1.1681573390960693
1.1879363059997559
-2.5724587440490723
-0.7373733520507812
1.381609320640564
-0.08492660522460938
-0.714623749256134
-0.40526771545410156
1.1620128154754639
-0.7954123020172119
-0.7755889892578125
0.04776038974523544
0.3821602761745453
1.0072968006134033
0.3468804359436035
-0.7175964117050171
0.7074069976806641
-0.2887585759162903
-1.817143201828003
0.40470045804977417
-12.693422317504883
10.309806823730469
-1.5030035972595215
-8.800129890441895
5.192380905151367
-2.628418445587158
-1.4321683645248413
3.1030831336975098
-1.4471783638000488
-0.5752770304679871
0.8810466527938843
-1.1027311086654663
0.01261892355978489
0.48562222719192505
-1.0916705131530762
-0.5596426725387573
0.22772836685180664
-0.48301663994789124
0.040711067616939545
-0.7837268114089966
0.1817333698272705
-0.23553252220153809
0.13423624634742737
0.03324384614825249
-0.355250746011734
-0.3040493130683899
-0.6301718950271606
0.7388049364089966
0.29449471831321716
-1.067851185798645
-0.533312201499939
0.6434497833251953
-0.2232617884874344
0.0580197349190712
0.21051347255706787
0.02077300474047661
0.11791427433490753
0.03504981845617294
0.16816255450248718
0.8187463879585266
0.05581621080636978
-0.33255618810653687
0.07827804237604141
0.2795388102531433
0.2366909235715866
0.7087351083755493
0.37348613142967224
0.6029543876647949
-0.20739832520484924
0.6141141653060913
0.6689826250076294
-0.7446274757385254
1.0921475887298584
0.02556428872048855
0.07759185135364532
1.0632177591323853
-0.09291563183069229
0.30484381318092346
0.5401962399482727
0.19950704276561737
0.3009575307369232
0.31912535429000854
0.21000489592552185
0.22659702599048615
0.09293413162231445
0.9122220873832703
0.2713741362094879
0.006062793545424938
0.3282972276210785
0.07664985954761505
0.4298304617404938
0.7213807106018066
0.44610756635665894
-0.4982132017612457
0.2686205804347992
0.7597762942314148
0.2441854476928711
0.6622439622879028
0.26679182052612305
0.25105324387550354
0.24486923217773438
-0.3160364031791687
5.6934357417048886e-05
0.3158639967441559
0.4829166531562805
0.054897405207157135
0.15773649513721466
0.13101597130298615
0.24534225463867188
-0.4027407765388489
0.16265983879566193
0.02149801328778267
0.7624666094779968
0.27517175674438477
-0.06550216674804688
0.4850896894931793
-0.1999097764492035
-0.2687130868434906
-2.4185843467712402
-4.310484886169434
-19.429805755615234
6.2418389320373535
9.102129936218262
-1.3708245754241943
-13.24445915222168
5.902944087982178
-0.24951505661010742
-3.7158455848693848
2.2530417442321777
0.7248708009719849
-1.6142734289169312
0.6724255084991455
0.18394823372364044
-0.6161298751831055
0.7853215932846069
-0.3661530613899231
-0.5400861501693726
0.48882436752319336
-0.1907922774553299
-0.39533528685569763
0.32248011231422424
-0.09531555324792862
0.08046483993530273
-0.5482257604598999
-0.31018057465553284
-0.027350712567567825
0.020643044263124466
-0.5237924456596375
0.275132954120636
-0.2764574885368347
-0.07415523380041122
-0.8235681653022766
0.16104945540428162
-0.6045898199081421
0.789929211139679
-0.34622231125831604
-0.7888065576553345
0.9363292455673218
0.008489131927490234
-0.3568422198295593
-1.4575350284576416
1.2057111263275146
0.6202743649482727
-1.2979141473770142
1.0598766803741455
0.42324715852737427
-0.5350483655929565
-0.7199068069458008
-0.11578216403722763
-0.4071540832519531
-0.6046169400215149
0.8448694348335266
0.15444698929786682
-0.7781696319580078
0.5924882888793945
-0.69414222240448
-0.40723878145217896
0.2595922350883484
-0.723270058631897
1.4080756902694702
-0.14843615889549255
-0.31706658005714417
0.37663525342941284
0.18381348252296448
-0.13347777724266052
0.4334244728088379
0.5200399160385132
-0.4089009165763855
-0.6460372805595398
0.11800851672887802
-0.8277996778488159
0.0838201493024826
0.10433340072631836
-1.312835931777954
-0.6424770355224609
2.332742214202881
-1.1797196865081787
-0.21792277693748474
-0.9402745366096497
0.6713792681694031
-0.00621719378978014
-0.2002447098493576
0.37706509232521057
2.1537909507751465
-1.002658486366272
-1.1815931797027588
1.0903751850128174
-0.19792509078979492
0.19408932328224182
0.44770604372024536
0.13527384400367737
0.21803036332130432
-0.4920118451118469
0.5994564890861511
-1.4191172122955322
-0.7927600145339966
0.019995689392089844
-0.44366103410720825
-0.5907209515571594
-0.6544475555419922
-10.826324462890625
6.270406246185303
0.4900178015232086
-7.2412214279174805
3.126913547515869
-1.4829295873641968
-1.0128531455993652
2.1201672554016113
-0.7809076309204102
-1.1385047435760498
0.7621825933456421
-0.755673885345459
-0.446611225605011
-0.211470365524292
-0.532656192779541
-0.20984502136707306
0.12103824317455292
-0.6674069166183472
0.2935636639595032
-0.6663459539413452
0.024193620309233665
-0.29744768142700195
-0.1893838346004486
-0.6467814445495605
-0.2236848771572113
0.7004627585411072
-0.312017023563385
-0.4323856830596924
0.04116230085492134
0.0640375167131424
-0.45646172761917114
-0.054029226303100586
0.7254122495651245
-0.11218824237585068
-0.18083283305168152
-0.0480312816798687
0.8751668930053711
-0.4047606587409973
-0.19960550963878632
1.0567078590393066
0.3118763864040375
-0.0012324393028393388
-0.32061782479286194
0.6387345194816589
0.0451357364654541
0.21546439826488495
0.9976612329483032
0.22377359867095947
-0.030886221677064896
0.08803367614746094
0.1751329004764557
-0.03881425783038139
0.6488184928894043
0.4548519551753998
0.17775221168994904
0.36558809876441956
0.8379022479057312
0.4281977713108063
0.01897597312927246
0.6829746961593628
-0.19621920585632324
0.17110776901245117
0.37149104475975037
0.06015300750732422
0.6138229370117188
0.06957750022411346
0.28555506467819214
0.5530707240104675
0.3662906587123871
0.48953312635421753
-0.06661472469568253
0.43162107467651367
0.4928008019924164
-0.17656859755516052
0.5281422734260559
0.5721158981323242
-0.4679284989833832
0.3463360667228699
0.5743755102157593
0.3382827639579773
0.06476402282714844
0.468904584646225
-0.06426525115966797
0.2344728410243988
0.06300602108240128
0.4050911068916321
0.13148155808448792
0.02872486039996147
-0.14940719306468964
0.2912585139274597
0.4250333905220032
0.005572509951889515
0.33096638321876526
0.29621800780296326
0.2617606222629547
-0.13781042397022247
0.3183358311653137
0.01991882361471653
-1.977499008178711
-4.23131799697876
-19.402545928955078
5.262860298156738
9.366462707519531
-1.1728311777114868
-12.502585411071777
5.809937477111816
-0.737026035785675
-3.2289652824401855
2.5676167011260986
0.2813797891139984
-1.28008234500885
1.557226300239563
-0.5398885011672974
-0.1675032675266266
0.5691956281661987
-0.439217746257782
-0.32769450545310974
0.3551821708679199
-0.17067471146583557
-0.1308727264404297
0.15243759751319885
-0.34905940294265747
-0.3381333351135254
0.2331829071044922
-0.7553550004959106
0.1546795815229416
0.4368177354335785
0.2814028859138489
-0.365377813577652
0.012860298156738281
-0.39777928590774536
0.4638832211494446
-0.3217998445034027
-0.34647712111473083
-0.8041130304336548
-0.8494684100151062
-0.2636706233024597
0.562639594078064
-1.6781225204467773
1.0482170581817627
0.22682304680347443
0.022000789642333984
-0.1303091049194336
0.16503334045410156
0.5239711999893188
0.30364951491355896
-1.561086893081665
-0.8546475172042847
0.9498397707939148
-0.6108487844467163
-0.32787856459617615
0.1439146101474762
-0.41110706329345703
-0.05590038374066353
0.544215202331543
-0.2655031085014343
-0.5289637446403503
0.4957761764526367
-0.4507454037666321
-0.27166444063186646
1.2322301864624023
-0.10274162143468857
-0.09479961544275284
0.1937064230442047
-0.09128618240356445
0.8974722027778625
0.22150249779224396
-0.11525134742259979
0.8141101598739624
0.3428560197353363
-0.5458860397338867
0.4202786386013031
0.05025444179773331
-0.8652507662773132
-0.00982961617410183
0.5220338106155396
0.2862960696220398
0.284528911113739
-0.6607475280761719
-0.04209918901324272
-0.09389543533325195
-0.1182376891374588
0.2175370156764984
-0.4268096089363098
0.21250085532665253
0.40868091583251953
-0.7106442451477051
1.2007949352264404
-1.6658827066421509
1.2905163764953613
-1.3481181859970093
0.2715619206428528
-0.4476505219936371
-0.9666166305541992
0.4348893165588379
-1.4590363502502441
0.5977144241333008
-0.2884867787361145
-0.622768223285675
-0.38958740234375
-13.321844100952148
10.974479675292969
-1.8911300897598267
-8.474595069885254
5.200550556182861
-2.690229892730713
-1.3145774602890015
3.294377088546753
-1.7411003112792969
-0.6359609365463257
1.3154637813568115
-1.3236899375915527
-0.3040802478790283
0.5609757304191589
-0.5985809564590454
-0.5118485689163208
0.22275757789611816
-0.5378655195236206
0.04309835284948349
-0.15767765045166016
-0.256309449672699
-0.08360743522644043
-0.18382754921913147
-0.6611207723617554
0.036579180508852005
-0.015926027670502663
-0.3829649090766907
0.8406093716621399
-0.20822033286094666
-0.22404956817626953
0.07541780173778534
0.27665504813194275
0.2267276793718338
0.8645003437995911
-0.6112409830093384
-0.2867131233215332
0.8248986005783081
0.07208311557769775
0.05397162586450577
0.5384758710861206
0.035811733454465866
0.26750829815864563
0.48494356870651245
-0.012583156116306782
0.7317507863044739
0.0861796885728836
0.012491035275161266
0.9619104266166687
-0.11342906951904297
0.014973211102187634
0.7910159826278687
-0.456887423992157
0.34794801473617554
0.35651397705078125
-0.11283311992883682
1.194191336631775
0.28551095724105835
0.6737982034683228
-0.33918437361717224
0.47156602144241333
0.3222455084323883
-0.6182341575622559
0.7516862154006958
0.21097174286842346
-0.22559881210327148
0.7190157175064087
0.5339926481246948
0.5569648742675781
0.08220367133617401
-0.18334408104419708
0.8489885330200195
0.3056548237800598
0.7855821847915649
0.22751674056053162
-0.11115789413452148
0.6684430837631226
0.23390483856201172
0.39767569303512573
0.39400118589401245
0.6509709358215332
-0.10510005801916122
0.28942757844924927
0.6061558723449707
-0.45046892762184143
0.4981355667114258
-0.27449923753738403
0.5969144701957703
0.34126225113868713
0.16523189842700958
0.3748916685581207
0.2143564224243164
-0.0629972442984581
0.06065063551068306
0.0960620865225792
0.14564017951488495
-0.23935146629810333
-0.16251154243946075
0.6247808337211609
-1.995042085647583
-3.8536083698272705
-18.83659553527832
5.982332229614258
9.519214630126953
-2.7725024223327637
-11.278769493103027
6.1999101638793945
-0.8648359179496765
-2.8619112968444824
2.491507053375244
-0.09839973598718643
-1.201698899269104
1.3555492162704468
-0.09592866897583008
-0.4509631097316742
0.7698588371276855
-0.1976039856672287
0.01197738666087389
0.30291861295700073
-0.06154470518231392
-0.6514725685119629
0.14130458235740662
0.0916411429643631
-0.3422517776489258
0.5682706832885742
-0.08294210582971573
0.4271891713142395
-0.13865947723388672
-0.1653127670288086
0.3203175663948059
-0.1221456527709961
0.11050739139318466
0.03654079511761665
0.4778978228569031
-0.7072747945785522
-0.010732841677963734
-0.842890739440918
0.41344815492630005
-0.2802351117134094
-0.44830578565597534
0.41713133454322815
0.7036193609237671
-0.39324912428855896
-1.112897276878357
0.35486316680908203
0.25826016068458557
-0.30993080139160156
0.9992250204086304
1.1631724834442139
-2.2255489826202393
-1.423930287361145
0.8274494409561157
-0.025140952318906784
0.027952004224061966
-0.1716093122959137
-0.38818836212158203
0.07837829738855362
-0.34459131956100464
0.3991239666938782
-0.207209974527359
0.12237243354320526
0.11915178596973419
-0.12121658027172089
0.5066669583320618
-0.33749303221702576
-0.5979009866714478
0.4381348490715027
-0.1955854445695877
1.0071983337402344
-0.24815769493579865
1.2957960367202759
-0.49377670884132385
0.6667647361755371
0.3916727900505066
-0.1769215613603592
-1.2736154794692993
-0.09040899574756622
-0.7140089273452759
0.42945852875709534
-0.7091933488845825
-0.4292657971382141
1.1799888610839844
-0.713578999042511
0.18854713439941406
0.027664948254823685
-0.7295144200325012
0.7261409759521484
-0.763415515422821
-0.16568903625011444
0.050356674939394
-0.372874915599823
-0.4912277162075043
0.23091964423656464
0.2838847041130066
-0.6927415132522583
0.20670437812805176
1.6634927988052368
-1.0934083461761475
0.11185789108276367
-0.35286253690719604
-0.19566258788108826
-13.484663009643555
10.795610427856445
-1.9263025522232056
-8.5365629196167
5.062496185302734
-2.9210286140441895
-1.3583803176879883
3.203693389892578
-1.9996871948242188
-0.6451985239982605
1.095301866531372
-1.2754433155059814
0.05142269283533096
0.06472387164831161
-1.212184190750122
-0.2201336920261383
-0.05254025384783745
-0.06615228950977325
-0.1747904270887375
-0.2584912180900574
-0.07514701038599014
-0.4096464216709137
-0.11744503676891327
-0.24848023056983948
0.07396826893091202
-0.5211527347564697
-0.11663532257080078
0.3808671534061432
0.4450424313545227
-1.1381715536117554
-0.669826865196228
0.8067038655281067
-0.4003804326057434
-0.34645986557006836
0.9479504823684692
-0.44912952184677124
0.046062082052230835
0.26059553027153015
-0.17015814781188965
0.7180672883987427
-0.11130700260400772
0.4644629955291748
0.5748273134231567
-0.2323383390903473
0.11628415435552597
0.48679861426353455
0.41466864943504333
0.3067013621330261
0.7545651197433472
0.24396094679832458
0.35488948225975037
-0.42218250036239624
0.49721378087997437
0.5220667123794556
-0.09310302883386612
0.6333351135253906
-0.06778626143932343
0.8337022662162781
-0.37780284881591797
0.20615115761756897
0.7697799205780029
-0.3218587040901184
0.28953734040260315
0.6443513035774231
-0.06919660419225693
0.2914469838142395
-0.19927319884300232
0.2032434493303299
0.35865163803100586
-0.2423972189426422
0.6545281410217285
0.5705031156539917
0.035881996154785156
0.5842545628547668
0.6892246007919312
0.029299164190888405
-0.22830180823802948
1.1257727146148682
-0.3077678680419922
0.7588019371032715
-0.16081801056861877
0.1682574301958084
0.09392242133617401
0.28585490584373474
0.5632330775260925
0.023103808984160423
0.3348318934440613
-0.12696990370750427
0.49534720182418823
0.21581487357616425
-0.28207701444625854
0.2047715187072754
-0.08785619586706161
0.6019662618637085
0.0824042335152626
0.26465433835983276
-0.13195571303367615
0.21066665649414062
-1.3887989521026611
-4.076056480407715
-17.968984603881836
7.345822811126709
9.100476264953613
-3.2097716331481934
-11.491687774658203
6.643957614898682
-1.1066818237304688
-2.809121608734131
2.983018636703491
-0.7944604158401489
-0.7420536875724792
1.4805291891098022
-0.8025522232055664
0.3669258952140808
0.2836194932460785
-0.2882152199745178
0.43324699997901917
-0.2696467339992523
-0.28022223711013794
0.2455364167690277
0.14805631339550018
0.11874160915613174
-0.005056285765022039
-0.354893296957016
0.1396617889404297
-0.04574928432703018
-0.5450843572616577
0.24762658774852753
0.1322847306728363
-1.188647985458374
-0.004216956906020641
0.2535814344882965
-0.1324022263288498
-0.9839670062065125
-0.06521491706371307
-0.286368191242218
0.30374211072921753
0.5278879404067993
-0.34109991788864136
-0.9492629766464233
-1.1559059619903564
0.4744674563407898
-0.1449144333600998
-0.4283849596977234
0.7288867831230164
0.18703079223632812
-0.2907395362854004
0.8721780776977539
-0.4430476129055023
-0.4390052855014801
1.0449920892715454
-0.9514582753181458
-0.22006186842918396
-0.06599712371826172
-0.96714848279953
1.0269790887832642
1.4444732666015625
-1.5540575981140137
-1.1588709354400635
1.5475404262542725
-0.419032484292984
0.26051807403564453
-0.032317161560058594
-0.8781407475471497
0.06291675567626953
0.3583078384399414
-1.0318702459335327
0.8496789932250977
-1.198290228843689
0.7601369619369507
0.2781578004360199
0.46645182371139526
0.29953011870384216
-1.1244823932647705
0.3909929394721985
-1.999139428138733
1.7255361080169678
-1.1351069211959839
-0.14360323548316956
1.0816247463226318
-0.6577144861221313
0.6663026809692383
-1.1036527156829834
1.3309481143951416
-0.170355886220932
-0.7276753187179565
1.5548423528671265
-1.629113793373108
0.9385014772415161
-0.2593165338039398
1.6157089471817017
-0.520078182220459
-1.026939034461975
-0.37491312623023987
0.004935169126838446
0.14528922736644745
1.498546838760376
-0.5656565427780151
0.08479861915111542
-1.7470003366470337
-11.212976455688477
9.981779098510742
-2.634547233581543
-8.178361892700195
6.628806114196777
-3.390179395675659
-1.270210862159729
4.032151222229004
-2.4389805793762207
-0.23235616087913513
1.546789288520813
-1.436283826828003
-0.01594238355755806
0.10805945098400116
-0.8248773813247681
-0.4180142283439636
0.7916333079338074
-1.0512759685516357
0.07014322280883789
0.34656548500061035
-0.2771373689174652
0.19606514275074005
0.3644067645072937
-0.8681362271308899
0.2765037417411804
0.3524351716041565
-0.6075915098190308
0.39055728912353516
0.31572026014328003
-0.8526737093925476
0.026477312669157982
0.6254226565361023
-0.7658883333206177
0.3940677046775818
0.6513353586196899
-0.06249089911580086
-0.3216017484664917
0.7193670868873596
-0.004018151666969061
-0.020154524594545364
-0.036007195711135864
0.7427094578742981
0.17327456176280975
-0.6872512698173523
0.32814252376556396
0.7400599718093872
-0.4289882779121399
0.5600793957710266
0.30119600892066956
0.1159748062491417
0.08196506649255753
-0.341226190328598
0.5598434209823608
0.4719236493110657
0.4205823540687561
0.11514701694250107
0.2899526059627533
0.2051648199558258
-0.07425995171070099
0.2511008381843567
0.45356327295303345
-0.33524173498153687
0.3140205442905426
1.1808454990386963
-0.547026515007019
0.8208983540534973
0.050450801849365234
-0.2592177391052246
0.9388538599014282
-0.02005939558148384
0.2658456861972809
0.8781874775886536
-0.38564664125442505
-0.12721243500709534
0.4514661729335785
-0.1534804403781891
0.5451226234436035
0.8027294278144836
-0.07584905624389648
-0.14142723381519318
0.4677426218986511
0.4311956465244293
-0.175946906208992
0.44153040647506714
0.47782668471336365
-0.08561563491821289
0.3733442425727844
0.38936853408813477
-0.27954262495040894
0.46102219820022583
-0.14590415358543396
0.9360647201538086
-0.27790507674217224
-0.27780261635780334
0.3965384364128113
-0.06108083575963974
0.05765419080853462
0.09833097457885742
-2.0652527809143066
-3.5346946716308594
-18.93105697631836
5.856637001037598
10.265551567077637
-2.8741626739501953
-11.93292236328125
5.952980995178223
-0.7549459934234619
-2.6755173206329346
2.6236929893493652
-0.7258655428886414
-0.6736243963241577
1.5407779216766357
-0.7457307577133179
-0.004071140196174383
0.26489782333374023
-0.630602240562439
0.09979419410228729
-0.21776238083839417
-0.32382744550704956
-0.008250236511230469
-0.042232513427734375
-0.21806296706199646
0.12611445784568787
-0.3871294856071472
-0.37684670090675354
0.789995014667511
-0.3111441731452942
-0.32368049025535583
0.6500048637390137
0.12957191467285156
-0.6040087938308716
0.3869432508945465
0.29136019945144653
0.04784069210290909
0.1022787094116211
-1.7599834203720093
1.2050981521606445
0.36528071761131287
-0.8273609280586243
0.8557879328727722
-0.6104995608329773
-0.42181435227394104
-0.9314612150192261
0.29417839646339417
0.4310075640678406
-1.2749903202056885
1.1720167398452759
0.1959875077009201
-1.996914267539978
0.43006810545921326
0.45122700929641724
-0.9822608828544617
-0.19706210494041443
-0.26036396622657776
-0.06785173714160919
1.042716383934021
-0.41724061965942383
-0.388223260641098
0.26117247343063354
-0.5583734512329102
-0.29784852266311646
-0.02435130998492241
0.2461099624633789
-0.5859308242797852
0.270160973072052
-1.3755106925964355
0.13563498854637146
-0.18356437981128693
0.12297649681568146
-0.3833026885986328
0.1708419770002365
-0.15216198563575745
0.795606255531311
0.9431493878364563
-0.7126542925834656
0.688873291015625
-0.37408390641212463
0.48939037322998047
-0.5322579741477966
0.4650081694126129
0.2003115713596344
0.3005053400993347
0.4722517132759094
-0.5422873497009277
-0.23575544357299805
0.04773273319005966
-0.8161686062812805
-0.45809394121170044
0.6876788139343262
-0.6776605844497681
0.13945865631103516
-0.02150859870016575
0.07176103442907333
0.5868279337882996
0.0387021079659462
0.12171363830566406
-0.01662283018231392
-0.032282162457704544
0.10946588218212128
-0.4608345925807953
-10.948915481567383
9.750871658325195
-2.4145522117614746
-7.661700248718262
6.241950988769531
-3.070805788040161
-0.986748218536377
3.135760545730591
-1.7536853551864624
-0.2418801337480545
1.3112423419952393
-0.6897522807121277
0.0434628501534462
0.17980046570301056
-0.69143146276474
0.30499058961868286
0.230051189661026
-0.32786256074905396
-0.008890342898666859
0.18732590973377228
-0.45453184843063354
-0.06035561487078667
0.6424590349197388
-0.6420532464981079
0.03001985512673855
0.31516799330711365
-0.22121953964233398
-0.07699127495288849
0.4407079815864563
-0.7973523139953613
-0.6431316137313843
0.3770380914211273
-0.1859937161207199
0.4901522696018219
0.7517048120498657
-0.9162954092025757
0.2670932412147522
0.23201099038124084
-0.3996128439903259
0.7947502136230469
0.418496698141098
-0.01030000764876604
0.4593578279018402
-0.2920023202896118
0.37311863899230957
0.5613444447517395
-0.07736937701702118
-0.19615033268928528
0.4348132014274597
0.18283312022686005
0.29962462186813354
0.09583797305822372
0.6021565198898315
0.036162424832582474
0.32367271184921265
0.9421998858451843
0.13674655556678772
0.42940419912338257
0.5212023258209229
-0.14107760787010193
1.0620681047439575
-0.12225250899791718
0.18061217665672302
0.23839521408081055
0.6723998188972473
0.37691670656204224
-0.15656909346580505
0.570020854473114
0.2888559401035309
-0.4563693106174469
1.577695608139038
-0.22852011024951935
0.02935495413839817
1.2508221864700317
0.05651054531335831
0.04837217181921005
0.29462939500808716
0.09218664467334747
0.5180062055587769
0.18450240790843964
0.6355339884757996
0.16691255569458008
0.17025279998779297
0.009367656894028187
0.40339773893356323
0.31998538970947266
0.36384639143943787
-0.15582780539989471
0.19168958067893982
0.6330476999282837
0.35871562361717224
-0.5086719989776611
0.024416636675596237
0.42604875564575195
0.2246933877468109
0.22973385453224182
0.26270943880081177
0.1728205680847168
-0.7791129350662231
-4.237301826477051
-17.61172866821289
7.158361911773682
9.729212760925293
-4.647365093231201
-9.78225326538086
4.832024574279785
-0.4435877203941345
-2.3442654609680176
2.181617021560669
-0.6282822489738464
-0.47549352049827576
1.156991720199585
-1.0792105197906494
0.0006176948663778603
0.31083106994628906
-0.12159547954797745
0.08171224594116211
-0.20468445122241974
0.3029140532016754
-0.5655050873756409
0.28815728425979614
0.07061109691858292
0.06300459057092667
-0.05158796161413193
-0.06193218380212784
0.3896711468696594
-0.3675076365470886
0.37323856353759766
-0.15894928574562073
-0.33222731947898865
-0.13666334748268127
0.1673717498779297
-0.568844199180603
-0.7950220108032227
1.6158638000488281
-0.6269044876098633
0.3615964949131012
0.8719695806503296
-0.2784198820590973
-0.545864462852478
-0.6527196764945984
0.7878271341323853
0.3741733431816101
-0.2447410523891449
0.9719548225402832
-0.9940506219863892
0.10195179283618927
0.4412178099155426
-0.8345206379890442
-0.31412601470947266
0.2748109698295593
-0.44143086671829224
-0.303231418132782
1.3570265769958496
-0.18149013817310333
-1.4156193733215332
0.5533979535102844
0.49358025193214417
0.632183849811554
-0.8620404005050659
0.6143211126327515
-2.183382511138916
1.8899011611938477
-0.5097293853759766
0.5096063613891602
0.34380245208740234
-1.0852234363555908
0.08261527866125107
0.6759498715400696
-0.9935588836669922
-0.37000808119773865
0.09725876152515411
-0.2704079747200012
-0.18034076690673828
0.011350059881806374
0.44216442108154297
0.9981492161750793
-0.7169035077095032
1.2770719528198242
-1.2475084066390991
2.3955650329589844
-0.13333377242088318
0.19578151404857635
0.37636280059814453
0.24462661147117615
-0.7876251935958862
-0.8880900144577026
0.39049893617630005
0.14957952499389648
-0.11860504001379013
0.10776577144861221
0.18800631165504456
-1.1982355117797852
-1.1214946508407593
0.35508888959884644
-0.3713468909263611
-0.9184732437133789
1.1343930959701538
-0.1345556229352951
-2.3035953044891357
-12.212531089782715
8.195436477661133
0.4042235016822815
-9.172700881958008
5.042149543762207
-1.9072376489639282
-1.9645678997039795
3.3458220958709717
-1.1791212558746338
-0.9618356823921204
1.0998183488845825
-1.0665233135223389
-0.28521615266799927
0.010425043292343616
-0.54413241147995
0.18362006545066833
-0.25191450119018555
-0.8357669711112976
0.35475435853004456
-0.39970293641090393
0.023985767737030983
0.1369154006242752
-0.07967185974121094
-0.4100101888179779
0.3805882930755615
-0.5675662755966187
-0.2005171775817871
0.4364655017852783
0.5747967958450317
-0.48242196440696716
-0.4214877188205719
0.833499550819397
-0.11612372100353241
-0.4510883390903473
0.6161205172538757
-0.27078473567962646
0.23608329892158508
-0.44272947311401367
0.6117583513259888
1.0437688827514648
-0.3844054937362671
-0.6365841031074524
0.7457042932510376
0.3003236651420593
0.04800398275256157
0.44865959882736206
0.03287990018725395
0.19264693558216095
0.11614851653575897
0.4100631773471832
0.5013788938522339
0.010900783352553844
0.5538509488105774
0.4746798574924469
-0.3538978695869446
0.45632776618003845
0.11773228645324707
0.5754808783531189
0.2436724603176117
0.10701541602611542
-0.015958214178681374
0.16432876884937286
0.2634655833244324
0.6435797810554504
-0.5250833034515381
0.6066758036613464
0.11609353870153427
0.15966244041919708
0.5038598775863647
-0.13576221466064453
0.17147645354270935
0.7091144323348999
0.5856706500053406
-0.01822795905172825
0.24226751923561096
0.23395434021949768
0.2281104028224945
0.6995793581008911
-0.3892742991447449
0.949754536151886
0.5936974287033081
-0.2906150817871094
0.7194715738296509
-0.003967571072280407
0.3977475166320801
0.4777073860168457
0.38800325989723206
-0.03181438520550728
0.4950626492500305
0.04905758053064346
-0.4371383786201477
0.5954848527908325
0.3111712336540222
0.097150519490242
-0.1350354254245758
0.3353743553161621
0.29836732149124146
0.14580897986888885
-0.9393709897994995
-3.8023486137390137
-17.884910583496094
7.522973537445068
9.496447563171387
-4.549688816070557
-9.350944519042969
4.5934038162231445
-0.29366055130958557
-2.2476961612701416
2.208662748336792
-0.7039555311203003
-0.6436945199966431
1.358870029449463
-0.6733871698379517
-0.011116599664092064
0.2005404531955719
-0.257439523935318
-0.13487520813941956
0.1721419394016266
-0.2266855239868164
0.03251466900110245
0.06682424247264862
-0.343132883310318
-0.4724784791469574
0.27673569321632385
-0.5190420150756836
0.13687019050121307
-0.16999387741088867
-0.4843328595161438
-0.0011857033241540194
-0.12570571899414062
0.26377972960472107
-0.19352750480175018
-0.9078726768493652
-1.4064810276031494
1.3530635833740234
-0.5359687805175781
-0.356316477060318
0.39236459136009216
0.36137789487838745
-0.48145216703414917
-1.2668027877807617
0.35109463334083557
0.1778968870639801
-0.26293593645095825
0.4164457321166992
0.0510290153324604
0.5481001138687134
-0.8422623872756958
0.6680557131767273
-0.7277425527572632
0.6786779165267944
-0.22852039337158203
-0.19366684556007385
-0.3301008343696594
-0.09699306637048721
-0.2957304120063782
-0.6102571487426758
0.570329487323761
-0.15694084763526917
-0.4071887135505676
0.11300735175609589
-0.21480484306812286
0.17161035537719727
0.5750011205673218
-0.5825715065002441
-0.9121303558349609
0.5321170687675476
0.20970574021339417
-0.008189583197236061
-0.796286404132843
0.5387333035469055
-0.2804887890815735
-0.8083477020263672
1.0379339456558228
-0.4065468907356262
0.11382246017456055
-0.5987970232963562
-0.24654245376586914
-0.11876773834228516
-0.34297505021095276
-1.8186661005020142
1.6225011348724365
1.0993010997772217
-0.05333118513226509
-1.0914077758789062
-0.26383382081985474
0.4470809996128082
-1.2519245147705078
0.46665993332862854
-0.7243615984916687
0.24634428322315216
-1.2081784009933472
0.10852356255054474
0.3843376040458679
0.2877424359321594
0.8368240594863892
-1.0360559225082397
-0.44349002838134766
-0.016247224062681198
-1.3069177865982056
-12.403246879577637
10.563211441040039
-1.4655406475067139
-8.582115173339844
5.786273002624512
-2.656569242477417
-1.0064479112625122
2.870767593383789
-1.2959058284759521
-0.8002876043319702
1.0449864864349365
-1.133737325668335
0.29028406739234924
0.32177215814590454
-1.0375744104385376
0.13226351141929626
-0.2862730920314789
-0.3598315715789795
0.3188912272453308
-0.4523124694824219
0.09436269104480743
-0.19398145377635956
0.02364034578204155
-0.3393886983394623
-0.25648027658462524
0.23802080750465393
-0.812914252281189
0.5264314413070679
1.1194632053375244
-1.1773864030838013
-0.1517743617296219
0.684050440788269
0.058190107345581055
0.11233372986316681
0.5013678073883057
0.029537629336118698
0.1465255469083786
-0.33321818709373474
0.34804806113243103
0.21287497878074646
-0.10383061319589615
0.1271529197692871
0.309897243976593
0.049050889909267426
0.19306263327598572
0.1974126547574997
0.2965697646141052
0.4500425457954407
-0.04489738866686821
0.27404680848121643
0.8267309069633484
-0.40915021300315857
0.3556210994720459
0.4510902464389801
-0.0471590980887413
0.7592018842697144
0.451974481344223
0.10830488055944443
0.4985384941101074
-0.0920446366071701
0.5831344723701477
1.0789577960968018
0.043871305882930756
0.24080237746238708
0.7095257043838501
0.8029000163078308
-0.04389820247888565
0.2647102475166321
0.299198716878891
0.33806857466697693
0.8229921460151672
0.25726041197776794
0.17630691826343536
0.7987071871757507
-0.714535117149353
0.40121936798095703
0.25314396619796753
0.023067664355039597
0.37629756331443787
-0.13405141234397888
0.3480432629585266
0.24703511595726013
0.22221879661083221
-0.1945558488368988
0.6783977746963501
0.2554546296596527
0.2735540270805359
-0.03456096723675728
0.3570196032524109
0.06905965507030487
0.17776603996753693
0.19234371185302734
-0.12482404708862305
0.12430085986852646
0.0641106590628624
0.31699857115745544
0.11588010936975479
0.19843749701976776
-0.6997563242912292
-4.4168806076049805
-18.029691696166992
7.147139549255371
9.352424621582031
-4.255466461181641
-9.410923957824707
4.34370756149292
-0.040424443781375885
-2.091015338897705
2.2000155448913574
-0.38252538442611694
-0.8942266702651978
1.5039546489715576
-0.8345551490783691
0.1696179360151291
0.2085845023393631
-0.25762939453125
0.03482246398925781
0.06833581626415253
-0.28900402784347534
0.3005147874355316
0.02802448347210884
0.2688540518283844
-0.610923171043396
0.5479291677474976
-0.03058643266558647
0.022811030969023705
-0.009136485867202282
-0.26157093048095703
0.29957085847854614
0.23530617356300354
-0.12014694511890411
-0.14848899841308594
-0.49565258622169495
-1.2634356021881104
1.0411256551742554
-0.328042209148407
-0.40950489044189453
1.281153917312622
0.005055618472397327
-0.9076865315437317
-0.8561733365058899
0.6214649081230164
-0.37819862365722656
-0.6580162048339844
0.4909086227416992
-0.6855610013008118
0.25195664167404175
0.5931552648544312
-1.2060911655426025
-0.6255113482475281
0.5482724905014038
-0.8718670606613159
-0.07673654705286026
-0.0835166946053505
-0.7971621751785278
-1.1122772693634033
1.0785186290740967
-1.7349669933319092
0.005289268679916859
0.23163041472434998
-0.16292229294776917
0.11235294491052628
-0.14326973259449005
-0.40231990814208984
0.6224067807197571
-1.0310600996017456
0.38066643476486206
-0.14377613365650177
-0.28850287199020386
1.1133108139038086
-0.18677330017089844
-0.045674704015254974
-0.4952702522277832
-0.2106705605983734
0.5608723759651184
-0.38363781571388245
-1.0254992246627808
-0.5986741185188293
0.3484495282173157
-0.6786185503005981
0.24615535140037537
0.6356526613235474
-1.091172218322754
-0.9689990878105164
0.06623649597167969
0.5208989381790161
-0.31422853469848633
1.0448341369628906
-0.09865035861730576
-0.9186378717422485
-0.01741199567914009
0.518576979637146
-0.19190797209739685
-1.336022138595581
1.5530869960784912
-0.8057346343994141
-1.5564467906951904
0.4169492721557617
-2.5256900787353516
0.05295972898602486
-13.556098937988281
11.014694213867188
-2.126802444458008
-8.276724815368652
4.784613609313965
-2.3238284587860107
-1.0601625442504883
3.1142547130584717
-1.6858365535736084
-0.4581701159477234
1.1080496311187744
-1.2122790813446045
0.30405712127685547
-0.2632257342338562
-0.7589417695999146
-0.1268754005432129
-0.2730187475681305
-0.170597642660141
0.12196435779333115
-0.3254168927669525
-0.11232061684131622
-0.09398827701807022
0.04205722734332085
-0.3495028614997864
-0.2037763148546219
-0.19329623878002167
-0.4806898534297943
0.3168880045413971
0.24533018469810486
-0.41354742646217346
-0.31822121143341064
0.37002643942832947
0.17040352523326874
0.7280201315879822
-0.6324137449264526
-0.5929025411605835
0.8655344247817993
-0.16978831589221954
0.14420558512210846
0.8840508460998535
-0.1902886927127838
0.1238306388258934
-0.08055027574300766
0.05873967334628105
0.6065404415130615
-0.047336794435977936
0.5474960803985596
0.3895946145057678
-0.7198016047477722
0.664840579032898
0.7395113706588745
-0.24486923217773438
0.48388177156448364
-0.17892484366893768
0.26453691720962524
0.7242285013198853
0.026125192642211914
-0.12139439582824707
0.3026138246059418
0.1879362165927887
0.5370968580245972
-0.09906754642724991
0.7189502716064453
-0.007039213087409735
-0.3800972104072571
0.9535629153251648
0.38487309217453003
0.6281039118766785
0.07569541782140732
0.37145987153053284
0.22174091637134552
0.14424677193164825
0.8213122487068176
0.26224660873413086
-0.016933059319853783
0.25496071577072144
0.16804161667823792
0.6265106201171875
0.006440162658691406
0.2588702142238617
0.1388133019208908
0.4420509338378906
-0.030998993664979935
0.42818745970726013
0.016310404986143112
0.28855210542678833
0.3652186393737793
0.34069281816482544
0.12552042305469513
0.01687040366232395
-0.06460399925708771
0.4437216818332672
-0.12290668487548828
-0.1044711098074913
0.027069091796875
0.5370957255363464
-0.42280906438827515
0.787781834602356
-0.951827347278595
-4.561638355255127
-18.297574996948242
6.220752716064453
9.56084156036377
-3.021322727203369
-11.269301414489746
5.997899055480957
-0.7034379839897156
-2.9115304946899414
2.783831834793091
-0.3252928853034973
-1.1967720985412598
1.178388237953186
-0.5846977233886719
-0.021513557061553
0.00813989620655775
-0.12736234068870544
0.13135547935962677
-0.20534534752368927
-0.36951741576194763
-0.2896147668361664
0.3166964650154114
-0.05706491321325302
0.3601555824279785
-0.014999675564467907
-0.2791013717651367
0.08607129752635956
0.17919883131980896
0.08087272942066193
0.6439827680587769
0.004635906312614679
0.010000037960708141
-0.41001367568969727
0.0029230117797851562
0.22899723052978516
-0.010148907080292702
-0.8479248285293579
1.0031850337982178
0.7284380197525024
-0.45284947752952576
0.3101211488246918
0.7964540719985962
-0.9000762104988098
-0.7461210489273071
0.4045129716396332
-0.08150997012853622
-0.046175193041563034
1.7355706691741943
1.37993586063385
-1.5352627038955688
-0.10126113891601562
1.2003415822982788
-0.8690391778945923
0.08818702399730682
0.04485645145177841
-0.7549751996994019
0.7457298040390015
0.5025138854980469
-0.5189355611801147
0.6224943399429321
-0.19446811079978943
-0.38400745391845703
0.40453529357910156
-0.4179677963256836
0.6093452572822571
-0.8183873891830444
1.7344392538070679
-0.2636154294013977
0.6834632754325867
-1.0313199758529663
0.1528041809797287
-1.0138437747955322
0.6543744802474976
0.3143182694911957
1.1267839670181274
-0.1274951994419098
-1.5502116680145264
1.0451138019561768
0.15450993180274963
-0.8065440058708191
-0.44177037477493286
-1.3528505563735962
-0.7760734558105469
1.0482670068740845
-0.9127197265625
0.558306097984314
0.862438976764679
0.013289165683090687
-0.07088527828454971
0.0724559798836708
-0.36785611510276794
-0.18657436966896057
-0.07577648013830185
-0.4634605348110199
1.6043144464492798
0.5200602412223816
-0.3156740665435791
-0.009575843811035156
0.2179337441921234
-1.9929101467132568
0.13132229447364807
-12.225181579589844
10.401433944702148
-1.9693800210952759
-8.457733154296875
5.036673069000244
-2.4861626625061035
-0.8610773086547852
2.8815507888793945
-1.3304229974746704
-0.6057616472244263
1.0087344646453857
-0.7828356027603149
-0.09075870364904404
0.10352549701929092
-0.8036746978759766
0.1350852996110916
-0.12831644713878632
-0.5816793441772461
0.3013280928134918
0.010099316015839577
-0.43032771348953247
0.08562231063842773
-0.2213129997253418
-0.1682148426771164
0.2772342562675476
0.3388978838920593
-0.6229519844055176
0.16623468697071075
0.2444322109222412
-0.2428116798400879
0.18116597831249237
0.14589829742908478
-0.0879242867231369
1.0746132135391235
-0.9352104067802429
-0.05680105835199356
0.7405092120170593
0.0611613392829895
-0.18124185502529144
0.9889837503433228
-0.36340808868408203
0.12990787625312805
0.42114686965942383
-0.1725679337978363
0.523319661617279
0.013745618052780628
0.28287482261657715
0.6570181846618652
-0.5534347891807556
0.1511954367160797
0.698981761932373
0.1601053774356842
0.133316308259964
0.8371404409408569
0.3038753569126129
0.25164994597435
0.6564904451370239
-0.3472604751586914
0.6266220211982727
0.27104878425598145
0.28884536027908325
0.12896728515625
0.12392282485961914
0.8407926559448242
0.010040950961411
0.08868160098791122
0.34208106994628906
0.8208154439926147
-0.12999972701072693
0.4178007245063782
0.5465371012687683
0.20004864037036896
0.6964764595031738
0.271207720041275
-0.16728505492210388
0.4523639678955078
0.31296032667160034
0.42535296082496643
-0.20076140761375427
0.2548724114894867
0.15168476104736328
0.08533487468957901
0.45453301072120667
-0.0880306214094162
0.3595552444458008
-0.19800500571727753
0.296456515789032
0.35140150785446167
-0.06381569057703018
0.5534494519233704
-0.3679305911064148
0.34332704544067383
0.8634154200553894
0.7045204043388367
-0.6922371983528137
0.37651872634887695
0.28499269485473633
0.06879882514476776
-2.1266822814941406
-4.36339807510376
-17.437097549438477
4.964489936828613
3.3275139331817627
-3.691502809524536
-1.8540576696395874
0.5311920642852783
-1.2063108682632446
-0.4945301115512848
0.9284071922302246
-0.4749172329902649
0.18960905075073242
0.318399041891098
-0.5702286958694458
0.15411099791526794
0.06381912529468536
-0.21753540635108948
-0.3325898051261902
0.3028847575187683
-0.48056697845458984
-0.03668642044067383
0.6290495991706848
-0.42075222730636597
0.11788912117481232
-0.40984830260276794
-0.28851214051246643
0.6605467796325684
-0.008022022433578968
-1.0757057666778564
0.36055201292037964
0.16523781418800354
-1.259263038635254
0.6632928848266602
-0.026926230639219284
-1.2465637922286987
0.49341362714767456
0.03278388828039169
-0.7634320259094238
0.17177295684814453
1.2308918237686157
0.6391772031784058
-2.054795503616333
-0.29392680525779724
0.10837821662425995
-0.32686519622802734
-0.37047404050827026
0.1938467025756836
0.49211636185646057
-1.7979789972305298
-0.35451945662498474
0.8130267858505249
-0.20809173583984375
-0.06614436954259872
-0.6358904838562012
-0.07247523963451385
0.15907630324363708
-0.08458957821130753
-0.6868942379951477
-0.9405329823493958
0.6503912210464478
-0.6679701805114746
-0.7235028147697449
0.5767297744750977
-0.9821125268936157
0.47825509309768677
1.0525943040847778
-0.5775928497314453
0.5284937024116516
-1.270089864730835
-0.21754150092601776
0.5760639309883118
0.32221031188964844
0.2438139021396637
-0.676705539226532
-0.11572198569774628
0.5939649343490601
-0.8538284301757812
0.11935720592737198
-0.3064456880092621
0.33790770173072815
0.5821568369865417
1.1462993621826172
-0.9879810214042664
0.2962457537651062
-0.8827943801879883
0.6533406972885132
0.958169162273407
0.2981569170951843
-0.5914663076400757
-0.021523762494325638
-1.263360857963562
0.5614066123962402
-0.8044109344482422
-0.24282899498939514
0.31125718355178833
-0.7989179491996765
-0.39387959241867065
-0.9227975606918335
1.5413744449615479
-1.0778709650039673
-1.1842737197875977
-11.874710083007812
10.35334587097168
-1.5275888442993164
-8.639317512512207
5.82279634475708
-3.1270034313201904
-0.8648580312728882
3.3037197589874268
-1.869911551475525
-0.7346159815788269
1.4104228019714355
-1.421023964881897
-0.0030281066428869963
0.5698086023330688
-1.4259865283966064
0.11707582324743271
-0.03323054313659668
-0.28146249055862427
-0.17963175475597382
0.14100542664527893
-0.2567879557609558
-0.14555993676185608
0.2671203017234802
-0.28214937448501587
-0.29971036314964294
-0.16877731680870056
-0.40472087264060974
0.17108973860740662
-0.12812547385692596
-0.1467231810092926
-0.009386157616972923
0.06760194152593613
0.025620698928833008
0.6762837767601013
-0.2918681204319
-0.5625134110450745
0.8311184048652649
-0.13873963057994843
-0.09510371088981628
1.0597071647644043
0.007108363322913647
-0.34455353021621704
0.4293517470359802
0.14752011001110077
0.8729146122932434
0.2545054852962494
0.32960501313209534
0.6127580404281616
-0.2623082399368286
0.2629076838493347
0.8172115087509155
0.13134169578552246
0.1569543182849884
0.29452696442604065
-0.11257000267505646
0.3847927451133728
-0.029561758041381836
1.1568515300750732
0.0655437484383583
-0.21644549071788788
0.648315966129303
0.25060662627220154
-0.13309545814990997
0.04562025144696236
0.28262990713119507
1.0683661699295044
-0.1426108330488205
-0.1697893589735031
0.9214695692062378
0.4326034486293793
0.35821038484573364
0.8401458859443665
-0.13860034942626953
0.31236639618873596
0.8340180516242981
-0.10038413852453232
-0.20684556663036346
0.8245867490768433
-0.20859546959400177
0.5842481851577759
0.18410654366016388
-0.07665643841028214
0.5520768165588379
-0.22893056273460388
0.34578609466552734
0.4809737205505371
0.09708786010742188
0.164116770029068
0.3499074876308441
0.19487953186035156
0.020628739148378372
0.064508818089962
-0.12617596983909607
0.49639567732810974
-0.11964873969554901
0.3698779046535492
0.27407199144363403
0.0805843323469162
-1.5728237628936768
