-1.408898949623108
-1.408898949623108
-3.1537399291992188
-1.6942031383514404
-1.398780345916748
0.6852628588676453
-0.9939290881156921
-0.0344853401184082
-0.4455830454826355
-0.7924842834472656
0.4597375988960266
-0.5767524838447571
-0.5403569936752319
-0.21680021286010742
-0.3374463617801666
-0.199619859457016
-0.108568474650383
-0.5927901268005371
-0.05839872360229492
0.7561529874801636
0.6799975633621216
-1.201038122177124
0.414844810962677
-0.373587042093277
-0.6675407886505127
-1.170699954032898
0.07750234752893448
0.018785620108246803
-0.46465712785720825
0.2527657449245453
-0.1002560630440712
-0.23971720039844513
-0.6171319484710693
0.08935737609863281
0.332852840423584
-0.2195432186126709
0.22825713455677032
0.25136953592300415
0.4672148823738098
0.7912778258323669
-0.28064340353012085
0.10483221709728241
0.48647886514663696
-0.3688128590583801
1.025242567062378
1.2224011421203613
-0.7660576105117798
0.5631123781204224
0.13769792020320892
-0.20076052844524384
-1.518445372581482
1.323643445968628
0.13419656455516815
-0.09108607470989227
0.45869892835617065
-0.17190733551979065
0.43151798844337463
0.7410836815834045
0.2279295176267624
0.4734039902687073
0.4859255254268646
-0.15501849353313446
0.39445045590400696
0.2779560983181
0.13622646033763885
0.5285588502883911
0.744137704372406
1.4810454845428467
-0.8311254382133484
0.6257153749465942
0.5228082537651062
-0.6221097111701965
-1.0668939352035522
1.1523088216781616
0.014548683539032936
0.42359963059425354
0.525570273399353
0.4465602934360504
1.0206457376480103
-0.10662274062633514
-0.2862091064453125
0.362194687128067
0.17731556296348572
0.1795642375946045
0.07260455936193466
0.2567444443702698
0.42824316024780273
0.08957300335168839
0.9688876867294312
1.1689952611923218
-1.615312933921814
0.8854684829711914
0.6243020296096802
-0.17241239547729492
-0.41082268953323364
-0.5667186379432678
1.6128944158554077
-0.21414156258106232
-0.020479489117860794
-0.7323780059814453
-0.25324782729148865
-1.2238045930862427
2.257672071456909
2.233367443084717
-5.558444023132324
2.141388177871704
0.4595474302768707
-1.506329894065857
1.0664795637130737
0.30974435806274414
0.06228675693273544
0.4506930410861969
0.23452548682689667
-0.12394075095653534
0.3091399073600769
-0.19735069572925568
0.05393381044268608
-0.19588251411914825
-0.17960043251514435
0.444965660572052
0.007873821072280407
-0.03980894014239311
0.06832027435302734
-0.3245057165622711
0.2827393412590027
0.31649312376976013
0.050696276128292084
0.3188052177429199
-0.015019798651337624
0.07310791313648224
0.14764109253883362
0.005872058682143688
-0.0653112381696701
-0.36181917786598206
0.08142614364624023
-0.6453354954719543
-1.0166237354278564
0.19935646653175354
0.032296180725097656
-0.36502885818481445
0.23092135787010193
0.09422264248132706
-1.703401803970337
-0.6119107007980347
0.4191095232963562
-0.4756202697753906
0.08256397396326065
1.386601209640503
0.47418326139450073
-1.5630980730056763
-0.2599372863769531
1.1484929323196411
-1.3144913911819458
-0.18416747450828552
-0.5229487419128418
-0.5541404485702515
0.7176867723464966
0.9496991038322449
0.13398608565330505
0.3915707468986511
-0.6533276438713074
-0.43338584899902344
-0.6091554760932922
0.6122663617134094
-0.8798390626907349
0.6029041409492493
0.07064704596996307
-0.03802452236413956
0.10958538204431534
-0.3291034698486328
0.5218736529350281
-0.5310407876968384
-0.7801615595817566
0.4233101010322571
0.26332512497901917
-1.0740852355957031
0.3913501799106598
1.7037204504013062
0.10232248157262802
-0.20124492049217224
0.4322372376918793
-0.4333668649196625
0.7555793523788452
-1.479483962059021
1.430397868156433
-0.37131768465042114
-0.3993982672691345
-0.8190223574638367
0.20926347374916077
-0.5076219439506531
1.5041306018829346
0.06304226070642471
0.09225501865148544
-0.02963991090655327
-0.19875144958496094
0.6362951993942261
0.194697767496109
-0.4764218330383301
0.9327895045280457
-0.698309063911438
0.16160596907138824
-12.003717422485352
10.565203666687012
-1.5741994380950928
-8.450313568115234
5.542614936828613
-2.666215419769287
-1.0660561323165894
2.6277670860290527
-1.0491362810134888
-0.35735949873924255
1.1662853956222534
-0.783978283405304
0.16724605858325958
0.30940908193588257
-0.6084728240966797
0.18663200736045837
-0.24178986251354218
-0.04335832595825195
0.4580056667327881
-0.6748026609420776
0.11974773555994034
0.45448559522628784
-0.25571972131729126
0.22587236762046814
-0.3570381999015808
0.01138682384043932
-0.5447953343391418
0.11090970039367676
0.018101096153259277
-0.48431235551834106
0.2307066023349762
0.05465579032897949
0.19992418587207794
0.7754091024398804
-0.3483889102935791
-1.0508086681365967
0.6591716408729553
0.11971549689769745
-0.14263437688350677
0.8642352819442749
-0.06733627617359161
-0.27770739793777466
0.4586511254310608
0.0679926723241806
0.09553548693656921
-0.17427381873130798
0.43747368454933167
0.7461956143379211
-0.10861639678478241
-0.18416087329387665
0.6036113500595093
-0.0992613285779953
0.5224716663360596
0.5872906446456909
0.24358133971691132
0.612700343132019
0.4626176357269287
-0.603472113609314
0.8953233957290649
-7.972717139637098e-05
0.2344987839460373
0.02723722532391548
0.31685084104537964
0.29210788011550903
0.4786480963230133
0.21461553871631622
0.004780578427016735
0.48852261900901794
-0.13789328932762146
0.3422818183898926
0.2411426603794098
-0.09608545154333115
0.2544422149658203
0.18431463837623596
0.16884365677833557
0.7116798162460327
0.2530464231967926
-0.01612844504415989
0.19922438263893127
0.7125471234321594
-0.21505765616893768
-0.05727672576904297
0.4609453082084656
-0.29422950744628906
0.6274167895317078
0.4837828576564789
-0.03529186174273491
0.5033772587776184
0.26811209321022034
-0.2218928337097168
0.42676496505737305
0.12988166511058807
-0.390078604221344
0.5581697225570679
0.21758174896240234
-0.21178750693798065
0.9601278305053711
-0.16869373619556427
-3.294036865234375
-3.46110200881958
-19.764934539794922
6.333552360534668
9.202128410339355
-1.2784799337387085
-13.201271057128906
5.829737186431885
-0.31550532579421997
-3.355940341949463
2.2660489082336426
0.3850046992301941
-1.4548418521881104
0.8598467707633972
0.05600891262292862
-0.5450981855392456
0.17106541991233826
0.26978960633277893
-0.13545647263526917
-0.07642956078052521
0.20702524483203888
-0.10959520190954208
0.221306711435318
-0.17437800765037537
-0.2888203561306
0.12820538878440857
-0.4045938551425934
-0.2546829283237457
-0.1784079521894455
-0.23868484795093536
-0.576643168926239
0.23369351029396057
0.04570894315838814
-0.4335967004299164
-0.3644065856933594
0.1786750853061676
-0.6979089975357056
0.564134418964386
-0.4864193797111511
1.622537612915039
0.6738035082817078
-0.6514548063278198
-0.9113625288009644
0.3008298873901367
0.0055328370071947575
-0.1473984718322754
1.6090818643569946
-0.8911248445510864
-1.367720365524292
0.7133676409721375
0.17207565903663635
-0.25267210602760315
-0.4627666473388672
0.6233177185058594
-0.7151265144348145
0.3639408051967621
0.5175193548202515
-0.6503168344497681
0.05907859653234482
-0.5464531779289246
0.018002605065703392
0.7087270021438599
-1.2603167295455933
0.21497344970703125
-0.1722743958234787
0.07726021111011505
-0.37889957427978516
0.7262591123580933
-0.39893072843551636
-0.18286362290382385
-0.8086377382278442
-0.49762409925460815
0.6608049273490906
1.2670338153839111
-0.49067917466163635
0.8142102956771851
-0.5059666633605957
0.35896405577659607
-0.3206016421318054
-0.49604281783103943
1.7483189105987549
-0.9065290689468384
-0.6299284100532532
-0.3153291642665863
-0.9185732007026672
1.0652797222137451
-0.41385945677757263
0.5008348226547241
-1.1158021688461304
-0.9366381764411926
0.5651117563247681
-1.4547587633132935
0.8016101717948914
0.020412445068359375
-0.6755836009979248
0.5456710457801819
-0.8773070573806763
0.2629014849662781
0.17322540283203125
-0.2371642142534256
-0.3432950973510742
-0.3205432593822479
-12.519424438476562
10.676630973815918
-1.6972306966781616
-8.470209121704102
5.52199649810791
-2.3002803325653076
-1.5257737636566162
3.285844326019287
-1.5581066608428955
-0.24559029936790466
0.8945971727371216
-1.0349328517913818
-0.13610820472240448
0.35335177183151245
-0.8130863308906555
0.11216878890991211
-0.01140737533569336
0.03672923892736435
-0.4153602719306946
0.006851243786513805
-0.2395896017551422
-0.18026390671730042
-0.09651084244251251
0.015125179663300514
-0.0381346233189106
0.19947151839733124
-0.48643118143081665
0.09487199783325195
0.43120917677879333
-0.6927511096000671
-0.751594066619873
1.1802619695663452
-0.014688611030578613
-0.47152215242385864
0.3970438838005066
0.43107062578201294
-0.10215959697961807
-0.6934734582901001
0.5646469593048096
1.2151073217391968
0.25023624300956726
-0.8912933468818665
0.2638184428215027
0.04851996898651123
-0.3216507136821747
0.39225801825523376
0.6603861451148987
0.029354190453886986
0.04995884746313095
0.39419952034950256
0.793005108833313
0.23157338798046112
-0.0783543586730957
0.019705677404999733
0.3433828353881836
0.6687672734260559
0.23823685944080353
0.1284063756465912
0.34020233154296875
0.24203824996948242
0.31196123361587524
-0.017469406127929688
0.4458869993686676
0.5886905789375305
-0.16264991462230682
0.7961527705192566
-0.25564709305763245
-0.1451762169599533
0.35877999663352966
0.22424860298633575
0.7232446670532227
0.334524542093277
0.47938984632492065
0.22591343522071838
0.8668710589408875
0.4296368658542633
-0.11703415215015411
-0.12431097030639648
0.6205978393554688
0.8424406051635742
0.22795581817626953
-0.09403600543737411
0.26507920026779175
0.6459218859672546
-0.28451186418533325
0.18304157257080078
0.4101424217224121
0.3014245927333832
0.4947799742221832
0.4269174635410309
0.20576944947242737
0.19193105399608612
-0.1992240846157074
0.2975992262363434
0.42747193574905396
0.4994640350341797
0.24959087371826172
-0.09718885272741318
-1.5937682390213013
-3.585131883621216
-17.43329620361328
6.445453643798828
9.875938415527344
-6.521380424499512
-6.7378435134887695
4.599643707275391
-1.2986842393875122
-1.7661834955215454
2.284182548522949
-0.6803356409072876
-0.7238094210624695
1.1941187381744385
-0.6350249648094177
-0.30007028579711914
0.762270450592041
-0.6791037321090698
0.28928279876708984
0.5491803288459778
-0.3546822667121887
0.01579895056784153
0.07123146206140518
-0.07501153647899628
-0.3292989730834961
-0.2110893279314041
0.20855960249900818
-0.20764990150928497
0.041168976575136185
-0.6519845128059387
0.2095722258090973
-0.5207880139350891
-0.3227287232875824
0.001493263291195035
-0.16371211409568787
0.09379491955041885
-0.5753429532051086
-1.3748975992202759
1.1237380504608154
-0.03335285186767578
0.04011650010943413
0.038248252123594284
0.1705680787563324
-0.23425427079200745
0.37039870023727417
-0.2204141616821289
0.03862304612994194
0.2799481451511383
-0.7060756683349609
0.4546815752983093
0.22907409071922302
-0.20525284111499786
-0.6250766515731812
-0.7697318196296692
0.5535320043563843
-0.11153087764978409
0.6802904009819031
0.2689056396484375
-1.3663215637207031
0.31913548707962036
-0.22859707474708557
-0.5054769515991211
-0.21130427718162537
-0.39152127504348755
-0.5807508230209351
0.6638351678848267
-0.07588768005371094
0.5180700421333313
-0.046311378479003906
0.10608348995447159
0.254713237285614
-1.3739707469940186
-0.13707657158374786
0.0002620696905069053
0.09918022155761719
-0.3708057403564453
0.06619320064783096
0.3573949933052063
-0.9912018775939941
0.3783487379550934
0.33678215742111206
-0.635412335395813
0.07176284492015839
-0.4867127537727356
1.0368881225585938
-0.36443597078323364
0.46305981278419495
-1.818490743637085
0.52386873960495
-0.19575004279613495
-0.5189090967178345
-1.2974529266357422
1.1536228656768799
-1.4568393230438232
0.48431396484375
-0.6831110715866089
-1.7839237451553345
0.7807165384292603
0.6716898083686829
1.1961026191711426
-2.0525689125061035
0.2531290054321289
-13.313092231750488
10.884454727172852
-1.834164023399353
-8.319022178649902
5.183584690093994
-2.4972870349884033
-1.0022547245025635
2.623086452484131
-0.9579803347587585
-0.6981952786445618
1.1533116102218628
-1.0182104110717773
-0.31536024808883667
0.2919312119483948
-0.8519421815872192
-0.21572165191173553
-0.11010613292455673
-0.5892723798751831
0.4760962426662445
-0.2793852388858795
-0.43455153703689575
0.5039266347885132
-0.4137166440486908
-0.2562267780303955
0.2831627428531647
-0.26405563950538635
-0.7502466440200806
0.4521321654319763
0.31651145219802856
-0.5172163844108582
-0.909027099609375
0.812787652015686
-0.4288240373134613
0.030673598870635033
0.433337539434433
-0.0021883726585656404
0.45513075590133667
-0.7961764335632324
0.49835777282714844
0.9995578527450562
-0.48796623945236206
-0.07947973161935806
-0.060376279056072235
0.9868078231811523
-0.16469621658325195
0.05052490159869194
0.7608160376548767
0.1654658019542694
0.07301054149866104
0.8392724990844727
-0.11319732666015625
-0.09584703296422958
1.010170578956604
-0.23427915573120117
0.6012219190597534
0.6551686525344849
-0.211022287607193
0.5885519981384277
0.3385753035545349
0.001839113188907504
0.6425690054893494
0.11507801711559296
0.16638632118701935
0.424508273601532
0.38323307037353516
0.7475482225418091
0.05835409089922905
0.7597213983535767
-0.04371185228228569
-0.42684507369995117
0.9214520454406738
-0.21284332871437073
0.664726734161377
0.46301716566085815
-0.08669185638427734
-0.17042236030101776
0.3141880929470062
0.3174360394477844
0.3304058015346527
0.5630632638931274
0.1837085783481598
-0.02524261549115181
0.24157170951366425
-0.35967111587524414
0.18057003617286682
0.041524410247802734
0.6944514513015747
-0.18197974562644958
-0.02208890952169895
0.5991039276123047
0.683275043964386
-0.5902937054634094
0.11420383304357529
0.8003150224685669
0.1866903305053711
-0.24211902916431427
0.19479703903198242
0.18918561935424805
-0.9411700963973999
-4.257586479187012
-17.39252281188965
6.390860557556152
10.398391723632812
-6.88372278213501
-7.1855645179748535
5.086509704589844
-1.4814690351486206
-1.6729631423950195
2.462312698364258
-0.9811174273490906
-0.2720346450805664
1.355285406112671
-0.9955856204032898
0.2027955949306488
0.13068103790283203
-0.33466529846191406
0.18386229872703552
-0.152552992105484
-0.247179314494133
-0.10718822479248047
-0.2242235243320465
-0.0864262580871582
-0.040199946612119675
-0.07755937427282333
0.2653822898864746
-0.2182357758283615
-0.06408414989709854
0.12818631529808044
-0.027326393872499466
0.014675235375761986
-0.17032746970653534
0.7627853155136108
-0.8900640606880188
-0.4292164742946625
0.608122706413269
-0.08207321166992188
-0.3131052851676941
-1.3724110126495361
-0.1589210480451584
0.9233576059341431
0.7414566278457642
-1.6646671295166016
-0.01936321333050728
0.014561271294951439
0.02923107147216797
-0.8482866287231445
0.4090629518032074
-0.27365055680274963
1.0266273021697998
0.907632052898407
-0.3139878213405609
-0.5031186938285828
0.7301115989685059
-0.7386863827705383
-0.13764333724975586
0.1521427184343338
0.4484024941921234
-0.002670860383659601
0.5833322405815125
-0.07991313934326172
0.11911945044994354
0.8576668500900269
-1.9637702703475952
0.5720818638801575
-0.6073190569877625
0.013633346185088158
-0.16936111450195312
0.11271457374095917
0.2689971923828125
-0.6142297983169556
-0.35684680938720703
-0.1660955399274826
0.4702356457710266
0.45728549361228943
-0.6614810228347778
-1.1978037357330322
-0.5674048662185669
-0.8768118023872375
0.2969955503940582
-0.9312874674797058
0.4702039659023285
-1.0177736282348633
-0.6977920532226562
-1.1863454580307007
-0.5454619526863098
0.7791640758514404
-0.8951129913330078
0.004991435911506414
-1.2191671133041382
0.036652565002441406
0.20417065918445587
-0.3937431275844574
-0.3279626965522766
1.3320550918579102
-1.91451096534729
-0.8320711851119995
0.06108884885907173
0.5935096740722656
-0.1731967031955719
-2.68969988822937
-13.079965591430664
10.352126121520996
-2.2114453315734863
-8.135480880737305
5.017640590667725
-2.9544005393981934
-0.7780413627624512
2.643306016921997
-1.56131112575531
-0.78978431224823
1.0621864795684814
-1.0362212657928467
-0.22488030791282654
-0.22470030188560486
-0.9291765093803406
-0.1843140572309494
0.015288257971405983
-0.7729703187942505
-0.11550392955541611
0.3776114881038666
-0.5748727321624756
0.23652200400829315
0.04156665876507759
-0.7985166311264038
-0.033393003046512604
-0.13217663764953613
-1.010655164718628
0.39549511671066284
-0.09241209179162979
-0.3877691328525543
0.3099277913570404
0.33059653639793396
-0.17347855865955353
0.5197717547416687
-0.6921892762184143
-0.2843790352344513
0.8182209730148315
-0.5885451436042786
0.21128037571907043
1.0724538564682007
-0.48994117975234985
0.23573310673236847
0.4618871212005615
-0.784823477268219
0.49977046251296997
0.5382799506187439
0.23026414215564728
0.2999659478664398
-0.26861733198165894
0.23516535758972168
0.7312567830085754
-0.27314844727516174
0.3043106198310852
-0.09314189106225967
0.5937303304672241
0.5852984189987183
-0.2562733590602875
0.18837466835975647
0.5612724423408508
-0.017526721581816673
0.5598026514053345
0.5299053192138672
-0.6886841058731079
0.6647536158561707
0.6810725331306458
0.6064990758895874
0.2309817373752594
0.1453166902065277
0.7492119669914246
0.04168357700109482
0.27262821793556213
0.4852024018764496
0.06265811622142792
0.596713662147522
-0.1517643928527832
0.18729162216186523
0.006300449371337891
0.3896316587924957
-0.2300024926662445
0.24877500534057617
0.4285506308078766
-0.18580922484397888
0.5784909129142761
-0.020945262163877487
-0.06498070061206818
0.6095446348190308
-0.11113643646240234
0.50971519947052
0.6944098472595215
0.05737190321087837
-0.4804438650608063
0.6231169700622559
-0.18969373404979706
0.5963867902755737
0.1620922088623047
-0.12428130954504013
-0.17088623344898224
0.2906651496887207
-1.118422508239746
-3.860255479812622
-18.459735870361328
7.21060037612915
9.693138122558594
-4.712035179138184
-9.491434097290039
4.6441521644592285
-0.4862510561943054
-2.54345703125
2.2495639324188232
-0.4796477258205414
-0.7305943369865417
1.1699528694152832
-0.8216265439987183
-0.20375461876392365
0.5310370326042175
-0.7038102746009827
0.06905384361743927
0.31153956055641174
-0.669893205165863
-0.07336024940013885
-0.026882171630859375
-0.28075408935546875
-0.2706514298915863
0.3552161157131195
-0.038103580474853516
-0.17483177781105042
-0.8613847494125366
0.10858802497386932
0.04988985136151314
-0.4015730023384094
0.039272405207157135
-0.313864141702652
-0.08239392936229706
-0.6490726470947266
0.7422727346420288
-0.7235593795776367
-0.851622462272644
0.4786081314086914
0.35980090498924255
0.005641269497573376
0.2969680726528168
-0.2394597977399826
0.020378876477479935
-0.35000380873680115
-0.29386091232299805
0.7681563496589661
0.3708082139492035
-0.7235678434371948
-0.8460888862609863
-0.6703068017959595
0.7993936538696289
-0.8482744097709656
-0.20305022597312927
-0.277975857257843
-0.3957090377807617
0.35283517837524414
-0.0973546952009201
0.15259571373462677
-0.49206504225730896
-0.7175436019897461
-0.8903505206108093
0.03200168535113335
0.15123967826366425
-0.7620633244514465
-0.5609200596809387
0.6247447729110718
-1.0401287078857422
0.6296329498291016
-0.8341064453125
-1.5746906995773315
1.3505454063415527
-0.7437968254089355
1.8725814819335938
-0.8317451477050781
-0.05755157396197319
0.30023661255836487
-0.7636274099349976
-0.17805901169776917
0.42611628770828247
-1.1751434803009033
-0.004101944155991077
-0.4888688921928406
-0.45224159955978394
0.8298885226249695
0.9321867227554321
-0.16018304228782654
1.2266151905059814
-0.44098979234695435
-0.1244596466422081
-1.5170621871948242
0.8377103805541992
0.8477797508239746
-0.8183560371398926
-0.4891164302825928
-0.6470473408699036
1.5892128944396973
-0.8367137908935547
-0.20224742591381073
-1.0756375789642334
0.42819744348526
-13.368939399719238
11.15388298034668
-2.124671459197998
-8.514050483703613
5.534941673278809
-2.725093126296997
-1.1860926151275635
3.528033494949341
-1.5395543575286865
-0.5954090356826782
1.2483913898468018
-1.173216462135315
0.20674943923950195
0.07022609561681747
-1.088645577430725
0.06380157172679901
0.08793525397777557
-0.6625471711158752
0.09458895027637482
0.03843998908996582
-0.5516091585159302
-0.12228222191333771
0.26230376958847046
-0.42588964104652405
-0.36247962713241577
0.29311496019363403
-1.0380918979644775
0.07531499862670898
0.4865632653236389
-0.3975253105163574
-0.4587337076663971
0.12204857170581818
0.2661134600639343
0.24784915149211884
-0.01270485483109951
-0.21065402030944824
0.7076417803764343
-0.31665199995040894
-0.06650520116090775
0.9911243319511414
-0.5500561594963074
-0.27043798565864563
1.0853774547576904
-0.36566269397735596
-0.4718472957611084
0.24885444343090057
0.690619170665741
0.5079241991043091
-0.029086757451295853
-0.248429536819458
0.7737423181533813
-0.6036412119865417
0.5130125284194946
0.3971189558506012
-0.5347679257392883
1.1569106578826904
0.11028365790843964
-0.2597224712371826
0.8523901104927063
0.12197995185852051
0.5172601342201233
0.11306095123291016
0.018345260992646217
1.0056332349777222
0.329568475484848
-0.03733177110552788
0.20327024161815643
0.14418582618236542
0.8723931312561035
0.22422170639038086
0.18569079041481018
0.46108055114746094
-0.03839387744665146
0.3677782118320465
-0.04249429702758789
0.16073255240917206
0.8512870073318481
0.3957197070121765
0.06810922920703888
0.2556075155735016
0.4636320173740387
-0.10146589577198029
-0.023227501660585403
0.5860111117362976
0.24159173667430878
0.23188018798828125
0.21422815322875977
0.39674004912376404
-0.14766883850097656
0.13358354568481445
0.2553582191467285
-0.18190470337867737
0.3566971719264984
0.4618774354457855
0.41565054655075073
0.1931861937046051
-0.23894090950489044
0.6429375410079956
-1.820817232131958
-3.9503395557403564
-18.415592193603516
7.168121337890625
9.05565071105957
-3.212738037109375
-11.825078964233398
6.149603843688965
-1.039851427078247
-2.5358901023864746
2.433729410171509
-0.35122448205947876
-0.9811135530471802
1.3887344598770142
-0.7608528733253479
-0.09383554756641388
0.26112642884254456
-0.45352163910865784
-0.08127708733081818
-0.05978260189294815
-0.13639287650585175
0.10492734611034393
0.10111646354198456
-0.029345130547881126
0.534389853477478
-0.14268311858177185
-0.23974713683128357
-0.23809881508350372
0.3133717477321625
-0.2297508269548416
-0.31644001603126526
0.02821941301226616
0.4020741581916809
-0.46734896302223206
-0.35101231932640076
-0.328983873128891
0.08061637729406357
-0.6114444732666016
-0.018473338335752487
0.1102762222290039
-0.26856595277786255
-0.36979731917381287
0.27538567781448364
-0.05062084272503853
-0.3537876009941101
-0.06497631222009659
0.23441429436206818
-0.7646042108535767
0.007069969084113836
0.9692298769950867
-1.6100387573242188
-0.16562041640281677
0.04706211015582085
0.28480225801467896
0.4239932894706726
0.5802229046821594
-0.00915374793112278
-2.5664429664611816
-0.889883816242218
0.6399894952774048
-0.15621605515480042
-0.3158012330532074
-0.22354373335838318
-0.7864887118339539
-0.4455905854701996
0.49960166215896606
-1.4463865756988525
-0.8054752349853516
-0.9367344975471497
-0.7331926226615906
-0.7180572748184204
-0.5603068470954895
-0.49963608384132385
-0.025289153680205345
-0.318642795085907
0.9736927151679993
-0.9697475433349609
0.2789932191371918
-0.39266127347946167
0.6805084347724915
-0.13064727187156677
-1.2023208141326904
-0.19097280502319336
-0.3475164771080017
-1.2547495365142822
-1.0183541774749756
0.8503221273422241
0.005453300662338734
-1.0072985887527466
1.2000162601470947
-0.4221610128879547
0.563029944896698
-1.6312528848648071
0.8308652639389038
-1.4562311172485352
-0.8552913665771484
-0.756949245929718
0.7742409706115723
-0.3900185525417328
-0.6321072578430176
-2.259181261062622
-1.0036052465438843
-12.667880058288574
10.72734546661377
-2.0615296363830566
-8.552885055541992
5.227104663848877
-2.7587904930114746
-1.4985874891281128
2.912285566329956
-1.643975019454956
-0.573611855506897
0.9034724235534668
-1.2018907070159912
-0.22971764206886292
0.467313677072525
-1.264338731765747
0.13543196022510529
-0.16181325912475586
-0.6382323503494263
-0.3316184878349304
-0.16965636610984802
-0.294780433177948
0.3843008577823639
0.2359781712293625
-0.5868597030639648
-0.2757262587547302
0.07310056686401367
-0.6561546325683594
0.521743893623352
0.3446630537509918
-0.6219972968101501
-0.5393537878990173
0.6353820562362671
0.06806673854589462
0.0471968874335289
0.3681710362434387
-0.5063399076461792
0.10607180744409561
0.4693833291530609
0.1983899176120758
0.41310715675354004
-0.4246132969856262
0.5783113241195679
0.0982314795255661
-0.007843464612960815
0.18661658465862274
0.4995984435081482
0.13257405161857605
0.13429343700408936
0.3811960220336914
0.6111194491386414
0.22876930236816406
-0.06626901775598526
0.3551727533340454
0.19143739342689514
0.03144717216491699
1.1127216815948486
-0.20541849732398987
0.536203145980835
0.46023035049438477
-0.34704136848449707
0.45420408248901367
0.1488586962223053
-0.06016940996050835
0.312401682138443
0.027137374505400658
0.7514659762382507
0.2351769506931305
-0.12801218032836914
0.8789517283439636
0.39649486541748047
0.08567476272583008
0.4345749020576477
0.3483757972717285
-0.08559398353099823
-0.009061813354492188
0.24618501961231232
-0.09535093605518341
0.799283504486084
-0.029285620898008347
0.26434439420700073
0.23214110732078552
0.2278212606906891
-0.09055080264806747
0.22533655166625977
0.301001638174057
0.34216994047164917
0.3130406439304352
0.2155851423740387
0.08850803226232529
0.24806423485279083
0.10101480782032013
0.32492637634277344
0.5119836926460266
0.09545345604419708
-0.20340900123119354
0.1673547774553299
0.416665256023407
-0.2758059501647949
-0.5762313008308411
-3.5380139350891113
-17.847557067871094
7.177637577056885
9.311957359313965
-3.242792844772339
-11.615466117858887
6.119668960571289
-0.7938369512557983
-2.6092731952667236
2.6722753047943115
-0.4821499288082123
-0.9526065587997437
1.7126357555389404
-0.6835246682167053
-0.2712995409965515
0.5335348844528198
-0.6654312610626221
-0.11260166019201279
0.24933013319969177
-0.3182555139064789
0.12234048545360565
0.06658935546875
-0.16917677223682404
0.014493083581328392
-0.5094118118286133
-0.1836143434047699
0.20905418694019318
-1.052992582321167
0.07415418326854706
0.6679285168647766
-0.2497621476650238
0.37215155363082886
-0.27378758788108826
-0.6558811068534851
-0.9326766729354858
0.608925461769104
-0.30263909697532654
0.447274774312973
0.4493217468261719
0.5471000671386719
0.12736836075782776
-1.8390467166900635
0.30303439497947693
0.08042468875646591
-0.106310173869133
1.2461105585098267
0.22570399940013885
-0.9454270601272583
0.053118132054805756
0.07891540229320526
-1.1328786611557007
0.5026297569274902
0.5028089284896851
-0.2884468138217926
0.34315282106399536
-0.8151730298995972
0.4669153094291687
0.13254985213279724
-1.6531366109848022
1.3043396472930908
-0.6522270441055298
-1.31887686252594
1.2432618141174316
0.043141938745975494
0.016961192712187767
-0.4776802062988281
1.1333625316619873
-0.7126063108444214
0.2780008316040039
1.7343997955322266
-0.28487271070480347
-0.35639533400535583
0.17977476119995117
0.18254461884498596
0.518182635307312
-0.5801307559013367
-0.1563492715358734
-0.6579368710517883
0.6092416644096375
-0.8571457862854004
-1.2457969188690186
-0.335472971200943
-0.47439002990722656
-0.3032870292663574
0.11716356128454208
0.4521024823188782
-0.22006769478321075
-0.804874062538147
0.8583664894104004
-1.3097774982452393
0.6073376536369324
-0.8054928779602051
-0.8602472543716431
0.4887816309928894
0.27950993180274963
-1.518126130104065
-1.6287133693695068
0.10643863677978516
-0.7144100069999695
-0.9142352938652039
-0.5604019165039062
-12.52773666381836
10.527079582214355
-2.355358839035034
-8.536295890808105
5.018288612365723
-2.43913197517395
-1.1968739032745361
2.664541721343994
-1.7267024517059326
-0.24734601378440857
0.7459896206855774
-1.2863893508911133
-0.1427631378173828
0.11957816779613495
-0.7352051734924316
0.13967128098011017
-0.18937020003795624
-0.45385557413101196
0.03473014757037163
-0.41822299361228943
-0.17319050431251526
-0.24073772132396698
0.3140617311000824
-0.585345447063446
0.25135883688926697
-0.23621869087219238
-0.2903514802455902
0.1649588644504547
0.21895618736743927
-0.585168719291687
0.0908590778708458
0.7152410745620728
-0.30912208557128906
0.8451457023620605
-0.5492766499519348
-0.5570169687271118
0.907833456993103
-0.25155583024024963
0.5075984001159668
1.0197105407714844
-0.820625901222229
0.3824135959148407
0.44155555963516235
-0.2583657503128052
0.2030627280473709
-0.11619732528924942
0.35357820987701416
0.7866841554641724
0.020768189802765846
0.287114679813385
0.3601819574832916
-0.5968793034553528
0.5506469011306763
0.5921481251716614
-0.06356573104858398
0.7941362857818604
-0.06400704383850098
0.4545157849788666
0.4014809727668762
-0.15555186569690704
0.829292893409729
0.7185901403427124
-0.0031635283958166838
0.3166564106941223
0.3563839793205261
0.6945807337760925
0.05650005489587784
0.483742892742157
0.32284432649612427
0.24444159865379333
0.6042383909225464
0.26148930191993713
0.8338115811347961
-0.30958327651023865
0.09482546150684357
0.7654637098312378
0.2768422067165375
0.7070938944816589
0.3482609689235687
0.34356242418289185
0.4283881187438965
0.20247173309326172
-0.12776727974414825
0.1340498924255371
0.991075873374939
-0.10650186240673065
0.23030319809913635
0.13290080428123474
0.5443681478500366
-0.10415925830602646
0.16122980415821075
-0.39999160170555115
0.17280320823192596
0.11252298206090927
0.7037787437438965
0.021512603387236595
0.26846304535865784
0.32673177123069763
-0.6781182289123535
-4.201165199279785
-17.767879486083984
7.476387023925781
9.111838340759277
-3.228783369064331
-11.27549934387207
5.991487503051758
-0.9221917986869812
-2.23829984664917
2.305176258087158
-0.4068787693977356
-1.1588149070739746
1.2684247493743896
-0.37925758957862854
-0.14982394874095917
0.6924618482589722
-0.8150383234024048
0.15638884902000427
0.29885825514793396
-0.5084546804428101
0.03604068607091904
-0.2766820788383484
-0.3276556134223938
0.036644935607910156
-0.2433183640241623
-0.21349763870239258
-0.17991133034229279
0.1532319039106369
-0.2548406720161438
0.30602017045021057
-0.7216521501541138
-0.34204941987991333
0.26248663663864136
-0.585098147392273
-0.062163256108760834
-0.22088976204395294
-1.4442495107650757
0.287545770406723
0.6944633722305298
0.723680317401886
-0.3661104142665863
-0.8865854144096375
1.0902074575424194
-0.07708816230297089
-0.7976657748222351
0.09975185245275497
-0.13445338606834412
-0.15492220222949982
0.582536518573761
-1.4407345056533813
-1.0724462270736694
1.047305703163147
-0.45169582962989807
0.48650532960891724
0.6115436553955078
0.00507698068395257
-1.5386124849319458
-0.4764137268066406
0.9526125192642212
-0.2771589159965515
-0.5284665822982788
0.1920166015625
-0.32940396666526794
1.2453944683074951
-0.5577041506767273
0.12188911437988281
-1.1063998937606812
-0.8089717030525208
-0.14460372924804688
0.3575960099697113
-0.2203916609287262
-0.2032335251569748
-0.310538113117218
0.3547544479370117
-0.8938077688217163
0.3990996479988098
-0.11971378326416016
-0.05989556387066841
-0.7059451937675476
-0.8717736005783081
0.5644895434379578
0.1533454954624176
0.12043847888708115
0.13161487877368927
-0.5492408871650696
-0.21536044776439667
0.29895877838134766
-0.32479363679885864
0.3821225166320801
-1.0234333276748657
-0.15825596451759338
0.9957852363586426
0.15222005546092987
-1.2314337491989136
-0.1848525106906891
-0.5285543203353882
-0.11821603775024414
-0.8472153544425964
0.7986579537391663
-1.0646600723266602
-1.24667489528656
-12.579431533813477
10.274406433105469
-1.7055797576904297
-8.596848487854004
5.302487373352051
-2.682351589202881
-1.3045916557312012
3.0143799781799316
-1.7166303396224976
-0.7406572699546814
1.783628225326538
-0.9402309656143188
-0.54695063829422
0.4198562502861023
-0.9114953875541687
-0.15473279356956482
0.07214794307947159
-0.22537460923194885
-0.3330940306186676
0.2668319344520569
0.002191829727962613
-0.4019826352596283
0.22419938445091248
-0.17496247589588165
-0.24730367958545685
-0.3062279224395752
-0.34600359201431274
0.3638949990272522
0.4355902671813965
-0.6344669461250305
-0.5475575923919678
0.9530696868896484
-0.21275612711906433
-0.4357532560825348
0.16750964522361755
0.7135131359100342
0.5218250155448914
-1.2301297187805176
0.3907325267791748
1.6498057842254639
-0.15428701043128967
-0.30333247780799866
-0.27334558963775635
0.7849077582359314
0.0895426869392395
0.0835752859711647
0.28965383768081665
0.5756444931030273
0.2109205722808838
0.34885454177856445
0.25809723138809204
0.29135429859161377
0.4367472529411316
-0.4985470175743103
0.7830914258956909
0.5014660358428955
-0.2159876823425293
0.9401918649673462
0.2610481381416321
-0.21469683945178986
0.25237417221069336
0.20145025849342346
0.06359072029590607
0.23548278212547302
0.03388471528887749
0.9902922511100769
0.32243451476097107
0.11421718448400497
-0.1776653230190277
0.04266843944787979
0.5507742166519165
-0.006550884339958429
0.8570020794868469
0.5575374364852905
-0.09808091819286346
0.23865385353565216
0.6047357320785522
0.4688341021537781
0.06848535686731339
0.6052027940750122
0.23144502937793732
-0.029132556170225143
0.5681219100952148
0.07967062294483185
0.807479739189148
0.17930516600608826
0.18485307693481445
0.4751107096672058
0.5446231961250305
0.15071754157543182
0.14227943122386932
0.06721267849206924
0.297102153301239
0.07754287868738174
0.8075543642044067
-0.12025757133960724
0.04170351102948189
0.5432198643684387
-1.3032537698745728
-3.838862895965576
-18.5506591796875
7.187001705169678
9.051508903503418
-3.1582493782043457
-11.417603492736816
6.332573890686035
-1.3943921327590942
-2.571734666824341
2.766955852508545
-0.5349011421203613
-0.9926952123641968
1.4212661981582642
-0.9827969670295715
-0.15463724732398987
0.6094814538955688
-0.5998519659042358
0.0859384536743164
-0.10258827358484268
-0.5324441194534302
0.48168689012527466
-0.46086055040359497
-0.5068055987358093
0.34877777099609375
-0.2676888406276703
-0.30282163619995117
-0.3322567045688629
-0.1738262176513672
-0.007684135343879461
-0.3064018189907074
-0.4424249529838562
-0.32066115736961365
-0.18553714454174042
-0.23561926186084747
0.05167818069458008
-0.5218332409858704
-1.3926923274993896
0.8385249972343445
-0.3910497725009918
-0.3893240988254547
0.15475349128246307
0.3952072262763977
-1.1402156352996826
-1.0078600645065308
0.22539997100830078
-0.14026613533496857
-1.1067909002304077
0.5593599081039429
0.6443639993667603
-1.1996691226959229
-0.25684261322021484
0.9515595436096191
-1.0798519849777222
-0.541720986366272
-0.43069419264793396
-1.425891637802124
1.2203693389892578
-0.1302669495344162
-0.32956045866012573
-0.16003265976905823
-1.0115625858306885
0.2954382002353668
-0.04166145250201225
-0.10348577797412872
-0.7179805636405945
-0.5895161628723145
-0.07936134189367294
-0.4574667811393738
-0.587019145488739
0.12434139102697372
-0.463906466960907
-0.7260503768920898
1.1724491119384766
-0.3436117172241211
0.14736051857471466
-0.510722279548645
-0.6443123817443848
0.5668994784355164
-1.3652431964874268
0.13901062309741974
-0.7706235647201538
-1.3149081468582153
0.1932821273803711
1.0186750888824463
-1.0304591655731201
0.7983026504516602
-0.8714026212692261
-0.47896480560302734
-0.8742219805717468
0.1825638711452484
-0.782995879650116
-0.14041976630687714
0.14271612465381622
0.5546386241912842
-0.3001050055027008
0.6901465654373169
-0.7491465210914612
-0.02058086358010769
0.5893389582633972
-2.100346803665161
0.2292623519897461
-12.374767303466797
10.414582252502441
-1.7222468852996826
-8.741690635681152
5.268398284912109
-2.6797127723693848
-0.785007119178772
2.4587879180908203
-0.9395993947982788
-0.7260441780090332
0.7578085660934448
-0.946677565574646
-0.12391014397144318
0.030797291547060013
-0.9032126665115356
-0.14998769760131836
-0.45059284567832947
-0.3155582547187805
-0.10892538726329803
-0.22155947983264923
-0.033176518976688385
-0.1564238965511322
0.11401476711034775
-0.4099118709564209
0.19252018630504608
-0.5445588827133179
-0.49495822191238403
0.7742360830307007
0.48294004797935486
-0.6064408421516418
-0.1370646208524704
0.518178403377533
-0.6451365351676941
0.23561863601207733
0.29010745882987976
-0.37647545337677
0.29973459243774414
0.350860059261322
0.34934407472610474
0.41595810651779175
0.29816561937332153
-0.3615499436855316
0.11753349006175995
0.19161954522132874
-0.054068423807621
0.9610088467597961
0.0446651466190815
0.4395673871040344
0.4235386848449707
0.28148946166038513
0.36354392766952515
-0.6751457452774048
0.5512259006500244
0.41490134596824646
0.5520244240760803
0.5780055522918701
-0.11895003169775009
0.6377960443496704
0.3223632276058197
0.5814234614372253
0.2943022847175598
-0.07679939270019531
0.4387534260749817
0.7969146966934204
-0.02203226089477539
0.5184178352355957
0.5383632779121399
0.11679153144359589
0.3643692135810852
0.09285535663366318
0.5820735096931458
0.34266528487205505
0.3591253161430359
0.21837539970874786
0.15150460600852966
0.09637050330638885
0.6231213808059692
0.0850893035531044
-0.09403695911169052
0.5017983317375183
0.2811521589756012
-0.18150100111961365
0.4403800964355469
0.482816606760025
-0.20561322569847107
0.4316733479499817
0.17056913673877716
0.08572445064783096
0.3434026837348938
0.1611391007900238
0.5085644721984863
-0.04133453220129013
-0.14143618941307068
0.6668663024902344
-0.36626243591308594
0.2582903802394867
0.4305148124694824
-0.3831864297389984
-0.8232830762863159
-3.694918394088745
-14.25768756866455
3.9145126342773438
2.990079879760742
-2.968346118927002
-2.1162445545196533
0.8007375597953796
-0.680908203125
-0.7705857753753662
0.8901998400688171
-0.2771425247192383
0.3772100806236267
-0.0994877815246582
-0.23763051629066467
0.13690900802612305
0.14457187056541443
-0.1486218422651291
0.020084191113710403
0.16533231735229492
-0.5823108553886414
0.45331257581710815
0.23745432496070862
-0.715743899345398
0.08105011284351349
-0.11415787041187286
-0.4011453688144684
0.32933950424194336
-0.2406490296125412
-0.6269798278808594
0.1571197509765625
-0.12964153289794922
-0.18188276886940002
0.30351582169532776
0.11405124515295029
-0.5037165880203247
0.26800745725631714
-0.46565359830856323
-0.6956485509872437
0.5352258682250977
0.6310625076293945
-1.2614601850509644
-0.07115554809570312
-0.7535913586616516
-0.2710653245449066
-0.25603732466697693
1.7268978357315063
0.42364978790283203
-1.6154342889785767
-1.0654469728469849
1.109395980834961
-1.379378318786621
-0.261211097240448
-0.5380827188491821
-1.3928223848342896
0.6266157031059265
0.49547234177589417
-1.8436800241470337
0.6789156794548035
-0.3787629008293152
-0.2690189480781555
-0.8681081533432007
-0.06395816802978516
-0.20785102248191833
-0.27578774094581604
-0.6091716885566711
0.581002414226532
-0.26051026582717896
-1.0035765171051025
-1.9598404169082642
0.35226917266845703
0.36208096146583557
-0.5388501882553101
-0.025680160149931908
0.10255565494298935
-0.24291153252124786
0.17984572052955627
-0.2508865296840668
0.3248356878757477
0.3788885176181793
-0.13801297545433044
-0.22104224562644958
0.5716228485107422
-1.6348469257354736
0.8478885889053345
-0.990801990032196
2.0741543769836426
-1.3756617307662964
1.2594106197357178
-1.495072603225708
1.4709198474884033
-0.27921566367149353
0.329580694437027
-0.7992438673973083
-1.1528898477554321
-0.18441924452781677
-0.7703612446784973
-0.25526610016822815
-0.1928306519985199
-0.2372293919324875
-0.9557837247848511
-1.3819897174835205
-13.120348930358887
10.90037727355957
-1.923902153968811
-8.377734184265137
5.486815452575684
-2.6921844482421875
-1.2742496728897095
2.944876194000244
-1.630226731300354
-0.44924649596214294
1.2447082996368408
-0.6976794004440308
-0.26615914702415466
0.10860304534435272
-0.6309019923210144
-0.025419045239686966
-0.0789494514465332
0.018036270514130592
-0.5261412262916565
0.23658056557178497
-0.47947174310684204
-0.18022385239601135
0.4060515761375427
-0.5563187599182129
0.03275666385889053
-0.22794494032859802
-0.5758777856826782
0.5121663808822632
0.8309086561203003
-1.0645787715911865
-0.40188926458358765
1.0808321237564087
-0.6324008703231812
-0.03442706912755966
0.36096543073654175
-0.5103225111961365
0.6527673602104187
0.31188318133354187
-0.0399734266102314
0.736322820186615
-0.08803047984838486
-0.43422412872314453
0.08201877027750015
0.2101813554763794
0.5589835047721863
-0.3764265477657318
0.608143150806427
0.6015422940254211
0.14222458004951477
0.5216677188873291
0.20704011619091034
-0.004104423336684704
0.11904573440551758
0.2072371542453766
0.37826013565063477
0.45612597465515137
0.44494470953941345
0.19514493644237518
0.3442250192165375
0.27339643239974976
0.29066723585128784
0.2519989013671875
0.1331360787153244
0.6346665024757385
0.0575619712471962
0.386446088552475
-0.15712913870811462
1.0069305896759033
-0.16721554100513458
-0.049245260655879974
1.0159999132156372
0.029303455725312233
0.5890101194381714
0.09406872093677521
-0.11460089683532715
0.6204364895820618
0.27646970748901367
-0.14145660400390625
0.38833102583885193
0.21190938353538513
0.04981708526611328
0.054663658142089844
-0.11747913062572479
0.38499823212623596
0.24481621384620667
-0.3260273039340973
0.6254666447639465
0.47851094603538513
0.03754062578082085
0.015091133303940296
0.17769832909107208
0.16893939673900604
0.17531633377075195
0.28487318754196167
-0.12121839821338654
0.6988282203674316
-0.0014672279357910156
0.4870331883430481
-1.1734920740127563
-3.72973370552063
-17.997310638427734
6.744778633117676
10.191211700439453
-6.9133429527282715
-7.1395111083984375
5.174088954925537
-1.1828994750976562
-1.9181604385375977
2.258328676223755
-0.7522726058959961
-0.808106541633606
1.640352487564087
-1.0617363452911377
-0.04656963422894478
0.8569561243057251
-0.14244480431079865
-0.5478050112724304
0.49101829528808594
-0.060028076171875
-0.11561813205480576
0.05492696911096573
-0.03906364366412163
-0.09417696297168732
-0.06923361122608185
0.1863546371459961
-0.15711498260498047
0.14025267958641052
-0.2530338168144226
0.3095476031303406
-0.3622535765171051
-0.2358725517988205
0.04058132320642471
0.11962337791919708
0.5415085554122925
-0.7252457737922668
-0.9185949563980103
0.5533413887023926
-0.5151945352554321
-0.28254300355911255
0.7190227508544922
0.1786266267299652
-0.7761043310165405
0.5672838091850281
-0.5873842239379883
-0.29410648345947266
0.8741949200630188
0.27077752351760864
-0.9120445251464844
1.0154012441635132
0.9976938366889954
-1.1375296115875244
-0.5857769846916199
1.3561557531356812
-0.032636452466249466
0.3751932978630066
0.2748567461967468
-1.555811882019043
0.1357475221157074
0.8429290652275085
0.2650682330131531
2.0170836448669434
-0.5793672800064087
-0.7150014638900757
-0.2483023703098297
1.072859764099121
0.02052326127886772
-1.3697290420532227
0.10077228397130966
1.0883266925811768
-1.9108253717422485
0.45651665329933167
1.15534245967865
-1.2870168685913086
-0.008715057745575905
0.46042460203170776
-0.9799959063529968
-0.2681327760219574
-0.4569234848022461
-1.4106519222259521
0.3850570619106293
-1.5472230911254883
0.6316512823104858
0.22895947098731995
-0.29883718490600586
1.2170512676239014
0.5709280967712402
-0.5494502186775208
-0.6130150556564331
-0.6687905788421631
-0.6119974851608276
-0.7653242349624634
-0.9630767107009888
0.5768664479255676
-0.4137764871120453
0.09457226097583771
-0.07133712619543076
-0.617584764957428
-0.520571231842041
-1.5072051286697388
-1.0477595329284668
-12.211233139038086
10.137809753417969
-2.261608600616455
-8.358687400817871
5.335414886474609
-2.643871545791626
-1.488539218902588
3.1800754070281982
-1.9085216522216797
-0.4766716957092285
0.9068266153335571
-0.9766184687614441
-0.18058080971240997
0.11283774673938751
-1.031252145767212
0.06939287483692169
0.0334051139652729
-0.7230014204978943
-0.14266538619995117
0.30190128087997437
-0.5042418241500854
0.015218210406601429
0.1911884844303131
-0.293247789144516
-0.48142561316490173
0.17693476378917694
-0.7306134104728699
-0.051901817321777344
-0.019806718453764915
-0.04261889308691025
0.2007642686367035
0.11827804893255234
-0.07847857475280762
0.47288569808006287
-0.23027554154396057
-0.6391933560371399
0.5197386741638184
0.19941207766532898
-0.2334461510181427
0.5508571863174438
0.3490165174007416
-0.526233971118927
0.26534223556518555
0.04558669403195381
0.3055536150932312
-0.036610234528779984
0.74482661485672
0.5940791964530945
-0.6550256013870239
0.06582679599523544
0.8785536885261536
-0.32517823576927185
0.6566721200942993
0.2513551712036133
0.06118445470929146
1.2864705324172974
0.31690526008605957
0.48604172468185425
0.035900067538022995
0.22528061270713806
0.5100695490837097
0.4360574781894684
0.25180235505104065
-0.27037280797958374
0.4391617178916931
0.21269464492797852
0.10941629111766815
0.5055554509162903
0.20886869728565216
0.10313139110803604
0.016946028918027878
0.7596441507339478
0.5781853795051575
0.1858174353837967
0.4688843786716461
0.12266311794519424
0.3206939697265625
0.9012344479560852
-0.7793553471565247
0.872435450553894
0.3196188807487488
0.1509018838405609
0.5420130491256714
-0.17108087241649628
-0.024350453168153763
0.22307662665843964
0.31648188829421997
0.802793025970459
0.10325422137975693
-0.09457883983850479
0.5333482623100281
0.01961488649249077
-0.14022235572338104
0.436427503824234
-0.11682252585887909
0.09971360862255096
0.08716211467981339
0.4070412516593933
-1.615513801574707
-3.936617374420166
-17.95797348022461
6.573890686035156
10.509103775024414
-6.351075649261475
-8.81093978881836
6.083921432495117
-1.4373410940170288
-2.2898526191711426
2.7767550945281982
-1.0263534784317017
-0.3295990824699402
1.370188593864441
-0.8829115629196167
0.19435787200927734
0.19876889884471893
-0.6340497732162476
0.24983052909374237
-0.010976886376738548
-1.2165393829345703
0.5304452180862427
-0.43841466307640076
-0.022559070959687233
0.4313245713710785
-0.6368353962898254
-0.012762260623276234
0.11334667354822159
-0.4656091630458832
-0.37708139419555664
0.08682040870189667
-0.15630321204662323
-0.3375244140625
-0.1839185655117035
-0.463862806558609
-0.9414051175117493
0.8037490844726562
0.01036148052662611
-1.1241462230682373
-1.6284761428833008
-0.03287506103515625
0.002596092177554965
0.21172714233398438
-0.06354618072509766
0.12509460747241974
-0.9637983441352844
-1.635859727859497
1.1182773113250732
-0.9027164578437805
-0.18422603607177734
0.3250654339790344
0.16581325232982635
-1.3921986818313599
-0.03761901706457138
0.5875245928764343
-0.859488844871521
0.026316547766327858
-0.30304259061813354
0.10628338158130646
0.5940225720405579
-0.6965309381484985
0.5212898254394531
0.49507808685302734
0.6910001039505005
0.15516337752342224
-0.5230636596679688
0.34940069913864136
0.32108956575393677
-1.5647008419036865
1.1065664291381836
-0.6580707430839539
-0.306488037109375
-0.33907756209373474
-0.5298779606819153
0.8432701230049133
0.3283809721469879
0.21346434950828552
-1.2046926021575928
0.07051630318164825
-0.5402244329452515
0.9308010935783386
-0.95460045337677
0.5669740438461304
-0.8188689947128296
-0.3160664439201355
-0.24532242119312286
-0.7489216327667236
-0.2843441069126129
-0.4718824326992035
1.1384085416793823
-0.18842129409313202
-0.87293940782547
0.07683487236499786
-0.4779387414455414
-0.2818194329738617
-0.023715782910585403
-0.8511403203010559
0.10571632534265518
-0.7950146794319153
-0.5508617758750916
-1.0074366331100464
0.4895191192626953
-12.574206352233887
10.231110572814941
-1.8817908763885498
-8.565714836120605
5.1708903312683105
-2.7485523223876953
-1.2301537990570068
3.166778087615967
-1.3074398040771484
-0.5873292088508606
0.9821834564208984
-1.0109915733337402
-0.2104567587375641
0.2701578736305237
-0.9163228869438171
-0.1941750943660736
-0.2885891795158386
-0.4172452986240387
0.14571872353553772
-0.49605053663253784
0.3303362727165222
-0.14927873015403748
-0.4236980974674225
0.04976325109601021
-0.0968749076128006
-0.1640838086605072
-0.05491819232702255
0.22197899222373962
-0.22810998558998108
-0.6358553171157837
-0.4852656424045563
0.6013686060905457
-0.48086872696876526
0.5872839689254761
-0.13138940930366516
0.23956897854804993
0.38120394945144653
-0.610049843788147
0.47049179673194885
0.6519260406494141
-0.017194677144289017
-0.5325911641120911
0.41628748178482056
0.44823241233825684
-0.12587133049964905
0.6018069982528687
0.06812222301959991
0.645727276802063
-0.4669261872768402
0.6175001263618469
0.5767964124679565
-0.2574543058872223
0.5374491810798645
0.45243245363235474
-0.3820515275001526
1.183053731918335
0.3493681848049164
-0.17976465821266174
0.2104855477809906
0.2745632529258728
0.5001324415206909
0.6818051338195801
-0.15816879272460938
0.25069981813430786
0.13349561393260956
0.5457574129104614
0.6106492280960083
0.14542055130004883
0.3890571594238281
-0.08818244934082031
0.5302173495292664
0.7711544036865234
-0.1740761697292328
0.006527232937514782
0.6962708234786987
-0.2631303668022156
0.009600544348359108
0.25763827562332153
0.05669355392456055
0.11169328540563583
0.045366574078798294
0.1648973524570465
0.48284149169921875
0.3653576970100403
0.20979690551757812
0.1436077058315277
0.6096683740615845
-0.04261951521039009
0.10955657809972763
0.11578722298145294
-7.152557373046875e-06
-0.04647331312298775
0.50035160779953
0.05798931047320366
-0.0986534133553505
0.2380102127790451
0.09536008536815643
0.07222719490528107
-0.528315544128418
-3.9013962745666504
-14.38786506652832
5.838034629821777
3.590843677520752
-5.394158840179443
-2.037256956100464
1.2537486553192139
-1.376578450202942
0.051184751093387604
0.3305577337741852
0.0008265495416708291
-0.05845661088824272
0.7581659555435181
-0.4304885268211365
-0.03964243084192276
-0.04326372221112251
-0.0362391471862793
-0.37810689210891724
0.5881882905960083
-0.2480912208557129
-0.24899759888648987
0.027721215039491653
0.12791824340820312
0.5201753377914429
0.3443622589111328
-0.4071837365627289
-0.16892795264720917
-0.27963772416114807
-0.1372123658657074
0.461787611246109
-0.3968350291252136
0.07742919772863388
0.05763969570398331
0.1006021499633789
-0.5389814376831055
0.7800515294075012
0.14547958970069885
-0.18151597678661346
0.4054880142211914
0.009919929318130016
-0.6660550832748413
-0.684405505657196
0.6427814364433289
-0.49542826414108276
-0.21236209571361542
1.0434033870697021
-0.37919044494628906
-0.8537722826004028
-0.49682655930519104
0.23166409134864807
-0.7125995755195618
0.8037250638008118
-0.35510197281837463
0.09944133460521698
-0.31732577085494995
0.3827081620693207
-1.0056661367416382
-0.4082687497138977
0.9331228137016296
0.6563650369644165
-0.751303493976593
0.5217134356498718
-0.8199435472488403
0.6254564523696899
0.24127674102783203
0.8202288746833801
-0.5499409437179565
-0.16352157294750214
-0.81743985414505
0.9513649940490723
-0.927324116230011
0.1211341843008995
-0.2859233021736145
-0.6899076700210571
0.2511734068393707
-0.40363940596580505
-0.012990569695830345
0.016650771722197533
0.17727431654930115
0.975699782371521
-1.5855611562728882
-0.7928333282470703
-0.3519563674926758
0.121289923787117
0.5812719464302063
-0.05514869838953018
0.09757041931152344
0.7024797201156616
-0.803063690662384
-0.09481725841760635
-1.2345644235610962
0.4362611770629883
-1.0752066373825073
0.09583644568920135
-0.3176603317260742
-0.12288789451122284
-0.6477361917495728
-0.180561825633049
-0.4604881703853607
-0.8011182546615601
-1.490227460861206
-12.594866752624512
10.825723648071289
-2.2666096687316895
-8.26464557647705
5.123928546905518
-2.7609400749206543
-1.1554428339004517
2.8479461669921875
-1.4837987422943115
-0.30503425002098083
0.9256558418273926
-1.1650390625
-0.2937995493412018
0.41595736145973206
-0.874554455280304
0.06282343715429306
-0.34119242429733276
-0.7331135869026184
0.06861958652734756
-0.18001341819763184
-0.522364616394043
0.18340682983398438
-0.09625063091516495
-0.5023569464683533
0.7745753526687622
-0.3345581591129303
-0.6276911497116089
0.40908709168434143
0.4610685408115387
-0.21045970916748047
-0.3113086223602295
0.07018647342920303
0.5434833765029907
0.27530139684677124
-0.5515154600143433
-0.7443731427192688
1.000810146331787
0.06441664695739746
-0.12553706765174866
0.7683488726615906
-0.07511977851390839
-0.1606886386871338
0.8438981771469116
-0.6171604990959167
0.2092134952545166
0.6382022500038147
0.3973190486431122
0.2380753457546234
-0.0022686957381665707
-0.08995206654071808
1.0299174785614014
-0.6932599544525146
0.45854225754737854
0.5554764866828918
0.06521344184875488
0.5638506412506104
0.23564977943897247
0.32789793610572815
0.6673421263694763
0.18957214057445526
0.8926258087158203
0.36921292543411255
-0.2721734941005707
1.0401617288589478
0.3218790888786316
0.13642339408397675
0.02298259735107422
0.4286385476589203
0.6043238639831543
-0.07004404067993164
0.3762661814689636
0.36548346281051636
0.832008957862854
0.3554469048976898
-0.35937753319740295
-0.0440916046500206
0.48062095046043396
0.3822207450866699
-0.07255325466394424
0.2745910584926605
0.388451486825943
-0.21709242463111877
0.28573304414749146
-0.08068084716796875
0.8387740254402161
-0.07341022789478302
0.2958498001098633
0.6054167747497559
-0.1590728759765625
-0.5028414726257324
0.686341404914856
0.5423790812492371
-0.21848535537719727
0.4353857934474945
-0.0281340591609478
-0.5306602716445923
0.8885332942008972
0.16102905571460724
-2.9736945629119873
-3.8344321250915527
-20.08380699157715
6.786324977874756
10.523172378540039
-5.1682891845703125
-9.888315200805664
3.6051082611083984
0.43506425619125366
-2.7316126823425293
1.2563295364379883
0.658788800239563
-1.4147121906280518
0.7643834948539734
-0.11961869895458221
-0.3864622116088867
0.39024800062179565
-0.5114864110946655
-0.008088874630630016
-0.11781825870275497
-0.190721794962883
-0.20414409041404724
0.15387029945850372
-0.4064105153083801
-0.01733989641070366
0.21583643555641174
-0.0442352294921875
0.012806701473891735
0.6097347140312195
-0.4667603373527527
-0.5670482516288757
0.1914709061384201
-0.9143211245536804
0.8359110951423645
-0.22351761162281036
-1.1094129085540771
0.23512515425682068
-0.39769497513771057
-0.6989377737045288
-1.219961404800415
0.7857780456542969
0.9351930618286133
-0.8054332733154297
0.06316642463207245
1.2322595119476318
-1.0310871601104736
-0.549891471862793
0.17190246284008026
-0.8467596173286438
0.08386287838220596
0.8188625574111938
0.34448766708374023
-1.0692036151885986
-0.3638725280761719
0.6957376599311829
-1.0974682569503784
-0.8621247410774231
0.47593098878860474
-0.3705768585205078
0.39640122652053833
-0.6987593770027161
-0.27747470140457153
0.11919097602367401
-0.3135988116264343
-0.8781499862670898
0.8073911666870117
-0.1697135865688324
0.3631245493888855
-0.9637562036514282
0.7678250074386597
-0.8832639455795288
0.38484707474708557
-1.008131742477417
-0.025658320635557175
-1.3759748935699463
1.404648780822754
-0.5566185712814331
0.7967144250869751
-1.0911933183670044
0.9032793045043945
-0.8492109179496765
-0.0066089630126953125
1.13544762134552
-0.3020908236503601
-0.5301694273948669
0.8951992988586426
0.10432882606983185
0.20650625228881836
-0.9097492098808289
0.044114209711551666
1.7994706630706787
-0.10976676642894745
0.48314809799194336
0.10844860225915909
-0.17083892226219177
0.6034992337226868
0.06002845615148544
0.863054633140564
-0.8565824627876282
1.0817559957504272
-1.797481894493103
0.193743035197258
-11.35325813293457
5.5613884925842285
2.6744322776794434
-9.720024108886719
4.0599493980407715
-1.1579687595367432
-2.3983426094055176
3.3800759315490723
-1.1236469745635986
-1.4457828998565674
1.229173183441162
-0.7702043652534485
-0.22802495956420898
0.3956514298915863
-1.1051552295684814
-0.18359223008155823
0.3903254568576813
-0.5023959875106812
-0.2449963539838791
-0.0635872334241867
-0.05172901228070259
-0.4183622896671295
0.34986186027526855
-0.3395920693874359
0.2309512197971344
0.3889278471469879
-0.9149093627929688
-0.2842875123023987
0.8122085332870483
-0.2593604028224945
0.1396411955356598
0.7899378538131714
-0.014336967840790749
0.3706669509410858
-0.647612452507019
0.1293415129184723
0.4523097574710846
-0.09127743542194366
0.3264610469341278
0.01891808584332466
0.33200159668922424
0.27493220567703247
0.27945059537887573
-0.3877362906932831
0.2089581936597824
0.6236437559127808
-0.01520009059458971
-0.058994077146053314
0.7357248067855835
0.6108899116516113
0.11967673152685165
0.11924824863672256
0.41421109437942505
0.379702091217041
0.9187551736831665
0.26358762383461
0.13916616141796112
0.3890708088874817
0.7163384556770325
0.19628533720970154
0.10309953987598419
0.44132623076438904
0.4292750954627991
0.07426118850708008
0.33181315660476685
0.14061717689037323
0.3013749122619629
0.41003018617630005
0.25128108263015747
0.15376338362693787
0.5851799845695496
-0.05677814409136772
0.17072200775146484
1.1232820749282837
-0.2409505844116211
0.4108765721321106
0.5280801057815552
0.2076452225446701
0.7998471260070801
-0.03092164918780327
0.4668695330619812
0.21596984565258026
0.06585721671581268
-0.4645276963710785
-0.024895286187529564
0.869221568107605
-0.07697830349206924
0.5198898315429688
0.03926591947674751
0.29291945695877075
-0.008822822943329811
0.0948217362165451
0.38043898344039917
-0.30150946974754333
0.08244762569665909
0.7190619707107544
0.04533863067626953
-0.14987821877002716
-2.3831562995910645
-3.802558422088623
-18.973758697509766
6.45358419418335
9.312616348266602
-3.2766807079315186
-10.206567764282227
3.5485987663269043
-0.21742621064186096
-2.3006680011749268
1.7772760391235352
-0.08015451580286026
-1.1909153461456299
1.1226001977920532
-0.46286851167678833
-0.5795639157295227
0.39472198486328125
-0.03507423400878906
0.20661325752735138
0.03110790252685547
0.05892067030072212
-0.33110323548316956
-0.07555828243494034
0.06414022296667099
-0.11831989139318466
0.21533441543579102
0.17657938599586487
0.3268609046936035
-0.3554374575614929
-0.22897911071777344
0.1828380525112152
-0.3882034420967102
0.4469296336174011
-0.18520192801952362
-0.7459253072738647
-0.5403698682785034
0.13911743462085724
0.18327884376049042
0.09035930782556534
0.7846254110336304
0.05195579677820206
-0.48168009519577026
0.1352376937866211
-0.39303627610206604
-0.7946749925613403
-0.24053478240966797
0.3602319657802582
-1.3504188060760498
0.5187511444091797
0.4691997468471527
-0.7590469121932983
-0.4424842894077301
0.7220970392227173
0.014657211489975452
0.20696505904197693
0.5106576085090637
-0.4115591049194336
-0.6189670562744141
-0.12111415714025497
-0.6469722986221313
-0.8142480850219727
0.03529777377843857
-0.4622255265712738
-0.28830116987228394
-1.1150530576705933
0.10883598029613495
-0.0034906386863440275
0.8003898859024048
-0.30527496337890625
-0.4631214141845703
0.08659801632165909
0.9382457733154297
-1.8016517162322998
0.16622582077980042
0.14451436698436737
-0.33856335282325745
0.12536831200122833
0.5700246691703796
-1.1395524740219116
0.462038516998291
-0.43875494599342346
-1.2896074056625366
0.5638377070426941
0.8852208256721497
-0.4400504231452942
-0.056355953216552734
-1.2999606132507324
0.8763009309768677
-0.4352946877479553
0.07930974662303925
-1.2435134649276733
0.4146319329738617
-0.8073626756668091
0.21610617637634277
-1.9180320501327515
0.3728209435939789
-0.3389556407928467
-0.3600342273712158
1.0252079963684082
-1.7695249319076538
-1.841278314590454
-0.300841361284256
-13.188980102539062
10.057516098022461
-1.872991919517517
-8.681684494018555
5.35331392288208
-2.7119762897491455
-0.904229462146759
2.732086658477783
-1.6305038928985596
-0.8039145469665527
1.1690722703933716
-0.8714526891708374
-0.02781238593161106
0.5078856348991394
-1.2164251804351807
-0.17955675721168518
0.22474627196788788
-0.6826397776603699
0.16559581458568573
0.1593819111585617
-0.7767599821090698
-0.021227072924375534
0.307792603969574
0.04516782611608505
-0.00818700809031725
-0.22156743705272675
-0.6668449640274048
0.18738088011741638
0.20419788360595703
-0.5733946561813354
-0.0932466983795166
0.21053087711334229
-0.24596762657165527
0.43991488218307495
0.5521173477172852
-0.39374008774757385
-0.09643261134624481
0.007871699519455433
0.031103407964110374
1.0514599084854126
0.013966101221740246
-0.5079044103622437
0.2854778468608856
0.5588659048080444
0.042786456644535065
0.5533066391944885
0.2554951310157776
0.38269004225730896
0.035209037363529205
0.5324919819831848
0.6110771894454956
-0.35743266344070435
0.5994095802307129
-0.012413501739501953
0.5350884199142456
0.6429258584976196
0.29485511779785156
-0.014487934298813343
0.596942663192749
0.07087864726781845
0.4479302763938904
0.1346396505832672
0.3952786326408386
0.6814164519309998
-0.07627706229686737
0.5971122980117798
0.6708915829658508
0.19660453498363495
0.5871914625167847
0.17471656203269958
0.1362883597612381
0.6577459573745728
0.5240914225578308
0.12496013939380646
0.1887800246477127
0.29202547669410706
0.8256648182868958
0.3334128260612488
-0.5935652852058411
0.28422823548316956
0.35174769163131714
0.22248658537864685
0.3204754889011383
0.360309898853302
0.01148080825805664
0.06931724399328232
0.5072723627090454
0.023514365777373314
-0.2443857192993164
0.5172399282455444
-0.20598936080932617
0.1779564917087555
0.4100564122200012
-0.0793241485953331
-0.1491982489824295
0.1529272049665451
0.5478520393371582
-0.3426966667175293
-1.1893136501312256
-3.630575180053711
-18.071372985839844
7.503079414367676
9.297060012817383
-4.319272994995117
-9.720075607299805
4.447867393493652
0.008924293331801891
-2.4108564853668213
1.9321765899658203
-0.2843300700187683
-0.801710307598114
0.9944957494735718
-0.4588463306427002
-0.08929385989904404
0.036089230328798294
-0.4170829653739929
-0.0031451224349439144
0.12305154651403427
-0.4355093836784363
0.14375963807106018
-0.04665956646203995
-0.5599613189697266
-0.033916376531124115
-0.28320208191871643
0.11796073615550995
-0.17212972044944763
-0.09391393512487411
-0.40749645233154297
0.39439088106155396
-0.23438043892383575
-0.5307925939559937
-0.14101199805736542
-0.009828949347138405
-0.9897655248641968
0.11429929733276367
-0.4263809323310852
-0.15826645493507385
0.4560115933418274
-0.06119070202112198
-0.3582236170768738
-0.2744373381137848
0.26145878434181213
-0.39900320768356323
0.5681001543998718
0.07014312595129013
-0.09486179053783417
0.17115668952465057
1.2965755462646484
-2.2541656494140625
-0.5623639225959778
0.8447782397270203
-1.2626407146453857
0.006619262509047985
0.39166030287742615
-0.6855664253234863
0.2517393231391907
0.12836799025535583
0.16659870743751526
-0.9174364805221558
-0.5673829913139343
-0.45879822969436646
-0.9301542043685913
-0.09196510165929794
-0.4718725085258484
0.15825815498828888
-0.6587913632392883
-0.7872289419174194
0.4239957928657532
-0.5302833318710327
0.898822009563446
-1.3051670789718628
0.04256591945886612
-0.8009136319160461
-0.5009782910346985
0.702807605266571
0.047247983515262604
0.23911848664283752
0.41233617067337036
0.06316299736499786
0.3445749282836914
-0.4325284957885742
-0.16457471251487732
-0.6898579597473145
1.763157606124878
-1.011460542678833
0.707798957824707
-0.6847625970840454
-0.2521316409111023
-1.2372114658355713
-0.15998820960521698
-0.292456716299057
-0.1402386724948883
-0.12633562088012695
0.17500218749046326
-0.5223455429077148
0.13947764039039612
-0.6107013821601868
0.01803436316549778
-0.20386619865894318
0.22197218239307404
-12.511616706848145
10.879720687866211
-1.874677062034607
-8.650125503540039
5.457789421081543
-2.3642115592956543
-1.322347640991211
2.91965913772583
-1.7031002044677734
-0.45291024446487427
0.8659049868583679
-1.0288270711898804
0.4554508328437805
-0.1457785665988922
-0.9664404988288879
0.42581015825271606
-0.2627323269844055
-0.6151591539382935
-0.05289573594927788
-0.08618364483118057
-0.8757316470146179
0.19783306121826172
0.24408340454101562
-0.2194865643978119
-0.35077810287475586
0.03329753875732422
-0.4087402820587158
0.45971664786338806
0.17316675186157227
-0.6408905982971191
0.4002448618412018
0.11409401893615723
-0.02544722519814968
0.6423424482345581
-0.3661741316318512
-1.1989033222198486
0.9987910985946655
-0.03307905048131943
0.046787429600954056
0.7362104654312134
-0.4033869802951813
0.22613048553466797
0.6752185821533203
-0.30935314297676086
0.3785637617111206
0.5204979777336121
0.29372158646583557
0.6408199071884155
-0.7083569765090942
0.20657630264759064
0.7301393151283264
-0.05554976314306259
0.36435094475746155
0.4065012037754059
0.0732630267739296
0.7585304975509644
0.44627174735069275
-0.2628021836280823
0.09254422038793564
0.30677318572998047
-0.09332208335399628
0.4732038378715515
0.44871169328689575
-0.32520467042922974
0.34361496567726135
0.7018163800239563
0.09634313732385635
0.6424852609634399
-0.25420165061950684
0.05018005520105362
0.36685141921043396
0.2605968415737152
0.5964279174804688
-0.29041147232055664
0.33769503235816956
0.38595789670944214
0.1960633248090744
0.393038272857666
0.17874392867088318
0.19652032852172852
0.6627915501594543
0.2517377734184265
-0.4894521236419678
0.316805362701416
0.793052077293396
-0.49664005637168884
0.3859710693359375
0.3524896502494812
-0.24733009934425354
0.6993309259414673
-0.2302928864955902
-0.5863101482391357
1.1545884609222412
-0.24559049308300018
0.18668584525585175
0.2889877259731293
-0.22311410307884216
0.5045293569564819
-1.508419394493103
-3.9211204051971436
-18.251047134399414
7.15384578704834
9.672755241394043
-4.6853790283203125
-9.847284317016602
4.663015365600586
-0.34644246101379395
-2.528999090194702
2.255175828933716
-0.3632540702819824
-0.8862231373786926
1.0876355171203613
-0.7358047962188721
-0.01989765092730522
0.1330248862504959
-0.37595224380493164
0.08735742419958115
0.13638201355934143
-0.02967081032693386
-0.08211421966552734
0.25002631545066833
-0.19635429978370667
0.11277885735034943
0.07159128040075302
-0.18124142289161682
-0.36318883299827576
0.06322641670703888
-0.4520282745361328
0.28177833557128906
-0.0722014456987381
-0.11024408042430878
0.4056272506713867
-0.6715194582939148
-0.7731630802154541
0.8740713000297546
-0.2853376269340515
-0.9422388076782227
0.8387120962142944
-0.8443099856376648
-0.9492219686508179
-0.04607734829187393
-0.47268858551979065
-0.339057058095932
-0.3351692259311676
-0.2639869749546051
-0.6086324453353882
0.11773872375488281
0.7281726598739624
-0.9393417239189148
-1.5262315273284912
1.4575484991073608
-0.8554887771606445
0.25635242462158203
-0.09368133544921875
0.21512870490550995
-0.430788516998291
0.6091628074645996
-1.073126196861267
-0.7271992564201355
0.4163181185722351
-0.37349778413772583
-0.28939199447631836
-0.2454690933227539
-0.3794527053833008
-0.19208049774169922
-0.8216568231582642
-0.5185174942016602
0.9993200302124023
-0.7160051465034485
0.8299928903579712
-2.3977911472320557
0.4710550308227539
-0.24962978065013885
-0.22577199339866638
-0.9806302785873413
0.07640285789966583
1.7056373357772827
-0.2417442351579666
-0.9866358041763306
0.7169981002807617
-1.082176923751831
0.6667194366455078
-0.38932371139526367
1.5510146617889404
-1.2974952459335327
-1.2179046869277954
0.3774915635585785
-0.4294176995754242
-0.41425037384033203
-0.924593448638916
0.24479112029075623
0.16854019463062286
-0.059471797198057175
0.18289518356323242
-0.805206298828125
-1.2685045003890991
-1.2147718667984009
0.3623996376991272
-2.1831507682800293
-0.9098474383354187
-11.972837448120117
9.9602689743042
-1.8281099796295166
-8.702548027038574
5.163398265838623
-2.7244303226470947
-1.1641390323638916
2.997260808944702
-1.8356716632843018
-0.5825873613357544
1.1271018981933594
-1.2730538845062256
0.206189826130867
0.0371524803340435
-0.6272456049919128
-0.05588531494140625
-0.33838289976119995
-0.6780270338058472
0.08780942112207413
-0.3372022211551666
-0.2270253598690033
-0.1396605521440506
-0.18800286948680878
-0.6176223754882812
0.00934457778930664
-0.4966855049133301
-0.43097177147865295
0.5277470946311951
0.007459735963493586
-0.5950573682785034
-0.09510550647974014
0.2946244776248932
0.5638387203216553
0.5203587412834167
-0.8270332217216492
-0.47381678223609924
0.8957807421684265
-0.12841299176216125
-0.048614099621772766
1.0833234786987305
-0.1264951229095459
-0.13470375537872314
0.18137100338935852
0.2742985785007477
0.04917309433221817
0.5483628511428833
-0.1609984189271927
0.9505561590194702
-0.1289924681186676
0.03564252704381943
0.7459902763366699
-0.17203322052955627
1.0854698419570923
-0.14460425078868866
0.2539944052696228
0.8306072950363159
0.059514474123716354
0.31312721967697144
0.031600095331668854
0.08109474182128906
0.8338211178779602
0.4533185064792633
0.01260595303028822
0.8881590962409973
0.43594273924827576
0.3334490656852722
0.3099675178527832
0.34459418058395386
0.6749507784843445
0.21767321228981018
0.2656358778476715
0.30488595366477966
0.583093523979187
0.09167013317346573
-0.06096353381872177
0.7906718254089355
-0.37295961380004883
0.3291098475456238
0.6216117739677429
0.7687784433364868
-0.26935988664627075
0.4070316255092621
0.34233561158180237
-0.3191904127597809
0.2342250794172287
-0.20001086592674255
0.3374767303466797
0.5644649267196655
0.6473145484924316
-0.10721130669116974
0.0453001968562603
0.35122281312942505
0.2219560593366623
-0.14242172241210938
-0.01576519012451172
0.6793281435966492
0.12932606041431427
0.15777969360351562
-1.0620691776275635
-4.354567050933838
-18.47171401977539
7.284681797027588
9.639925003051758
-4.820959568023682
-9.631158828735352
4.149350643157959
0.14552517235279083
-2.583261013031006
2.1130189895629883
-0.14084157347679138
-1.0954036712646484
1.1595399379730225
-0.4586942791938782
-0.42081719636917114
0.4896785616874695
-0.4547797739505768
0.17300263047218323
0.3705766797065735
-0.38819295167922974
0.015992069616913795
-0.310234934091568
-0.17075690627098083
-0.05911445617675781
0.07407665252685547
-0.15475741028785706
0.01401672326028347
-0.21692189574241638
0.09503145515918732
-0.6780425310134888
-0.1372380256652832
-0.07417058944702148
0.02384052239358425
-0.7024608850479126
-0.6445196866989136
1.156773567199707
-1.0879690647125244
-0.11003360897302628
0.49145203828811646
-0.2151019126176834
-0.7601240277290344
-0.3119955062866211
-0.36286067962646484
-0.37963542342185974
0.43115729093551636
-0.29258251190185547
-1.5007826089859009
0.037169456481933594
0.03998928144574165
-0.49092864990234375
-0.704227089881897
0.36859720945358276
-0.8482002019882202
-0.22889193892478943
-0.34753674268722534
-0.2753366529941559
-0.5797755122184753
0.4309700131416321
-1.1625423431396484
-0.4423583149909973
-0.23429909348487854
-1.036879062652588
-0.7685985565185547
0.038487814366817474
-0.15833577513694763
-0.44831839203834534
-0.22414036095142365
-0.9919702410697937
0.48654937744140625
0.4079767167568207
-0.7569515109062195
0.9014617800712585
-0.7505950927734375
-0.47357216477394104
-0.32431134581565857
0.947060227394104
-1.1828669309616089
0.5829822421073914
-0.783340573310852
-0.705760657787323
0.043135643005371094
0.07668285071849823
-0.0603363998234272
-1.5672318935394287
-0.0877801924943924
-0.26110583543777466
0.026213264092803
0.3068861961364746
-0.14498844742774963
-1.3688229322433472
1.7501881122589111
-0.6855208277702332
-0.8515865206718445
0.10808925330638885
-0.1860983818769455
0.4113330841064453
-0.17012453079223633
0.35104402899742126
-0.8240330815315247
-1.0872706174850464
0.5168579816818237
-13.092033386230469
10.567946434020996
-1.2225372791290283
-9.010393142700195
5.751338005065918
-2.9965643882751465
-0.7775852084159851
3.142470598220825
-1.0597155094146729
-0.6626502275466919
0.9925969839096069
-1.0280500650405884
-0.1844293624162674
0.42194175720214844
-0.516735851764679
0.17658333480358124
-0.247767835855484
-0.3638572096824646
0.1352752149105072
-0.4393731951713562
0.1303447186946869
0.03841285780072212
-0.14480900764465332
-0.21587629616260529
0.11838726699352264
-0.24039721488952637
-0.11386775970458984
0.24529199302196503
0.518720269203186
-0.5631407499313354
-0.6494346857070923
0.5539631843566895
0.1092008575797081
-0.12752237915992737
0.019869089126586914
0.15801067650318146
0.2695903182029724
-0.24277448654174805
0.25519514083862305
0.5508571863174438
0.36896461248397827
-0.6307158470153809
0.1708575189113617
0.26886069774627686
-0.34704646468162537
0.02181377448141575
0.49377113580703735
0.23807477951049805
0.11746201664209366
0.927108108997345
0.43642082810401917
-0.44149741530418396
0.5041802525520325
-0.07322068512439728
0.30013585090637207
0.8874686360359192
-0.5343097448348999
-0.010824632830917835
0.8511244058609009
-0.2178421914577484
0.3321365416049957
0.3769496977329254
-0.027926255017518997
1.1853514909744263
-0.32039183378219604
0.6619377136230469
0.5692644119262695
0.18108110129833221
0.2681390643119812
-0.12111063301563263
0.6357405781745911
0.5515586137771606
0.1750102937221527
-0.23907776176929474
0.23380546271800995
0.41721469163894653
0.702045738697052
0.5905383229255676
0.032413482666015625
0.8295270800590515
0.11726293712854385
0.1695259064435959
0.030690288171172142
0.21807622909545898
0.1419508010149002
0.47868719696998596
0.08298015594482422
0.792237401008606
0.11160993576049805
-0.21216925978660583
-0.2699569761753082
0.06646881252527237
0.1981676071882248
0.3719663619995117
-0.04126939922571182
0.5142307281494141
0.006184196565300226
0.023221492767333984
-1.7969433069229126
-4.624485969543457
-19.26365852355957
6.5213751792907715
9.207456588745117
-3.1955533027648926
-10.183435440063477
3.4150760173797607
0.09260406345129013
-2.5653061866760254
1.840730905532837
0.15568408370018005
-1.3098118305206299
1.0614320039749146
-0.4742155969142914
-0.5563920736312866
0.5669148564338684
-0.04410972446203232
-0.16019506752490997
0.4055298864841461
-0.5646534562110901
-0.27855461835861206
0.2758139669895172
0.010968303307890892
-0.30449599027633667
0.21170549094676971
0.5358884930610657
-0.5255184173583984
-0.11956004798412323
0.33721724152565
0.03592243045568466
0.2517707943916321
-0.5374928712844849
-0.030620384961366653
-0.20811156928539276
-0.4895700514316559
0.18313083052635193
-0.8124256134033203
-0.27474746108055115
0.6495256423950195
0.2225656509399414
0.06851749122142792
-0.5527983903884888
0.16438332200050354
-0.7150757908821106
0.045401573181152344
-0.2115989625453949
-0.23272189497947693
0.6410905718803406
0.8038314580917358
-1.9882843494415283
0.21857357025146484
0.6706529855728149
-0.7507969737052917
0.1495775282382965
-0.07005138695240021
-0.6133017539978027
0.8363710641860962
0.4710405468940735
-0.7983558773994446
-1.1814706325531006
1.1039965152740479
-1.156154990196228
0.24879741668701172
-0.6245449781417847
-0.19885292649269104
-0.40566253662109375
1.230582594871521
-1.5064020156860352
0.8900880813598633
-0.2925848066806793
-0.08411236107349396
-1.9454946517944336
0.48328495025634766
-0.6182073354721069
-0.38195857405662537
-0.2113998383283615
0.5602365732192993
1.261479139328003
-1.2594006061553955
0.528643786907196
-0.5638316869735718
-0.804240345954895
0.16081181168556213
-0.9305621981620789
0.5039035677909851
-1.3863154649734497
0.2931749224662781
0.2639683783054352
-1.3047187328338623
-0.575167179107666
0.32780760526657104
-0.25845450162887573
-0.04979739338159561
0.20253506302833557
-1.1039289236068726
-1.4105565547943115
0.5819728970527649
-0.41362208127975464
-0.3827519416809082
-0.4723874032497406
-0.55438631772995
-12.556570053100586
11.031484603881836
-2.5751638412475586
-8.82956600189209
5.654548168182373
-2.7275819778442383
-0.9188840985298157
2.764423131942749
-0.9188243746757507
-0.7188992500305176
0.7878432273864746
-0.7724708914756775
-0.10965289920568466
-0.10607089847326279
-0.4938987195491791
0.18748874962329865
-0.6114214062690735
0.01907339133322239
0.16199883818626404
-0.42821913957595825
-0.26263293623924255
-0.2024630606174469
0.004979991819709539
0.0329279899597168
-0.338177353143692
-0.17889170348644257
-0.5709359645843506
0.8363491892814636
0.5788320302963257
-1.3183883428573608
-0.2907595634460449
0.6885249018669128
0.2188168466091156
-0.23186683654785156
-0.12734103202819824
0.13214154541492462
0.09046264737844467
-0.5108481645584106
0.35804152488708496
1.0181081295013428
-0.06504249572753906
-0.6482319831848145
0.011709135957062244
0.593262791633606
-0.15865299105644226
-0.1785171926021576
0.6694450378417969
0.3657683730125427
-0.16043658554553986
1.1033669710159302
-0.23066958785057068
-0.17194238305091858
1.1933891773223877
-0.06401534378528595
0.09138894081115723
0.7058338522911072
-0.4107803404331207
0.7545706033706665
0.527963399887085
-0.934705376625061
0.8899103403091431
0.3885616362094879
-0.12192277610301971
0.3804391920566559
-0.02209005318582058
0.4322482943534851
0.1252727508544922
0.7895411252975464
0.45886191725730896
-0.45821475982666016
0.779092013835907
0.39966917037963867
-0.13967570662498474
0.2793336808681488
0.44845646619796753
0.009846782311797142
0.3250788748264313
0.4372733235359192
0.25663405656814575
0.019863415509462357
0.557328999042511
0.22280330955982208
0.4199601113796234
0.2651917338371277
0.09606342017650604
0.12672385573387146
0.24000605940818787
0.2700030207633972
0.76243656873703
-0.22921466827392578
0.38291311264038086
0.2820160984992981
0.06318845599889755
0.03185424953699112
-0.012271595187485218
-0.03949928283691406
0.6268189549446106
-0.05051536485552788
-1.2785272598266602
-4.019886016845703
-18.1763973236084
7.143973350524902
9.48975944519043
-4.561696529388428
-9.394838333129883
4.183802127838135
0.13249273598194122
-2.328678846359253
1.8606548309326172
-0.35832148790359497
-0.6400840878486633
0.9983928799629211
-0.8108453750610352
-0.16274785995483398
0.41908520460128784
-0.09626217186450958
-0.07744674384593964
0.08654232323169708
-0.43541279435157776
0.14492730796337128
0.29319363832473755
-0.08798227459192276
-0.17506198585033417
0.8143240809440613
-0.7577629089355469
0.5259052515029907
-0.03810567781329155
-0.18707618117332458
-0.19759759306907654
-0.03439798206090927
-0.6339473724365234
0.4376155734062195
-0.4578910768032074
-0.6869123578071594
0.4666280746459961
-0.2028656005859375
-0.2609177529811859
1.8794753551483154
0.038036346435546875
-1.1299564838409424
-0.5767372250556946
-0.11601867526769638
-0.4859897494316101
0.7190505862236023
0.5110088586807251
-0.2606562674045563
-0.4800643026828766
1.1062568426132202
-0.47768497467041016
-0.5063037872314453
0.4939495027065277
0.5601699948310852
0.44212570786476135
0.4596881866455078
0.5020216107368469
-1.2476909160614014
-1.022565245628357
1.1238558292388916
-0.08113622665405273
-0.359122097492218
-0.1443195343017578
-0.27879637479782104
-0.1198352798819542
0.5892073512077332
-0.061042021960020065
-0.8835911750793457
-0.1574694663286209
-0.00615348806604743
-0.09121265262365341
0.1825217306613922
-0.5236037373542786
0.457938015460968
-0.11751985549926758
-0.44527608156204224
0.9995571374893188
-1.2501262426376343
0.5390585064888
0.41734981536865234
-1.0726802349090576
-0.334806352853775
-0.8438562154769897
-0.24639368057250977
-0.13095960021018982
-1.8955726623535156
0.6014567613601685
-1.613756537437439
-0.911721408367157
0.5943641662597656
-1.5452884435653687
-0.6536996364593506
-0.3095577359199524
0.0865100845694542
-0.7578880190849304
-0.048889826983213425
-0.3194456100463867
-1.056287407875061
-0.09927825629711151
-0.45048341155052185
-1.815577507019043
0.27704018354415894
-13.6782865524292
10.632159233093262
-2.0650832653045654
-8.691960334777832
5.128883361816406
-2.856078624725342
-1.2239220142364502
2.8690733909606934
-1.699369192123413
-0.7209780812263489
1.0004326105117798
-1.284574270248413
-0.052311040461063385
-0.0026258467696607113
-1.004765510559082
-0.21359701454639435
0.18436546623706818
-0.7294886112213135
0.0032761574257165194
-0.42715874314308167
-0.246988445520401
-0.02259817160665989
0.3712995648384094
-0.43470096588134766
-0.17106866836547852
-0.3753361105918884
-0.8143209218978882
0.8910685777664185
0.44235658645629883
-0.9295088648796082
-0.3793909549713135
0.5731328725814819
-0.4233439862728119
0.36439695954322815
0.43249401450157166
-0.05349297448992729
0.4729643762111664
-0.3911380469799042
-0.14403036236763
1.175339698791504
0.40486645698547363
-0.8804971575737
0.45236724615097046
0.3981699049472809
-0.6389820575714111
0.35918325185775757
0.7827174067497253
0.5056270360946655
0.05384805053472519
0.5833486318588257
0.22141556441783905
0.1227603405714035
0.6680911183357239
0.05233440548181534
0.1452966183423996
1.2742440700531006
-0.45657896995544434
0.13683076202869415
0.41231250762939453
0.32638588547706604
0.49881887435913086
0.059885405004024506
0.2342018187046051
0.34314650297164917
-0.06551723182201385
1.0379869937896729
-0.0132897375151515
0.5798775553703308
-0.3769644796848297
0.3343225419521332
0.33532029390335083
0.026348495855927467
0.6756294369697571
-0.08469066768884659
0.4528366029262543
-0.12579336762428284
0.5032382011413574
0.33374422788619995
-0.1452013999223709
0.1656457930803299
0.25022250413894653
0.4018702507019043
0.38432055711746216
-0.010638713836669922
0.7048958539962769
-0.30250921845436096
0.5176188349723816
-0.08707714080810547
0.12615585327148438
0.530472457408905
-0.20478573441505432
-0.12139825522899628
0.20151090621948242
0.7099266052246094
0.10357312858104706
0.10249166190624237
0.29386091232299805
-0.1250133514404297
-0.4802025854587555
