-1.0398118495941162
-1.0398118495941162
1.364754319190979
-2.557180881500244
-0.5012749433517456
1.323870062828064
-0.9225738644599915
-0.13191825151443481
0.8198124766349792
-0.6584722399711609
0.09941743314266205
-0.15299288928508759
-0.3865363597869873
0.2344767153263092
0.031661439687013626
-0.1897784322500229
0.47702693939208984
-0.35707956552505493
-0.27923351526260376
-0.04041612148284912
0.18994885683059692
-0.09851720184087753
0.2301085889339447
0.15325796604156494
0.1841588318347931
-0.2653026878833771
-0.8206170201301575
0.7823517322540283
-0.09768171608448029
-0.7469714283943176
0.7686129808425903
-0.5905804634094238
-0.6409648060798645
0.4822591245174408
-0.6757508516311646
-0.021726299077272415
0.22803425788879395
-0.025711823254823685
-0.42967528104782104
-0.5033117532730103
0.39894038438796997
-0.18316474556922913
0.882742702960968
0.5251871943473816
-1.0621938705444336
1.0414223670959473
-1.0591319799423218
-1.8280572891235352
1.159891963005066
-0.9540425539016724
-0.0740043893456459
0.9824404716491699
-0.027883831411600113
-0.13719220459461212
-0.09501099586486816
-0.2737923562526703
0.25521498918533325
-0.6797722578048706
-0.2365308701992035
0.5612066984176636
0.051908500492572784
-0.3062995672225952
0.025227081030607224
-0.17204929888248444
-1.00709068775177
0.6773412227630615
0.03788119554519653
-0.16249924898147583
0.5487493872642517
-0.1944911777973175
0.643851637840271
0.24633879959583282
0.5825597047805786
0.591934323310852
-0.3372495770454407
0.6456062197685242
-0.2340381145477295
-1.1042512655258179
0.08282254636287689
0.5984457731246948
-0.4248529076576233
-0.1549786776304245
0.3859303891658783
-0.3511393666267395
0.6736118197441101
0.01517899613827467
-0.09235066175460815
-0.06708092987537384
0.09749923646450043
0.26897165179252625
0.39541491866111755
-0.3412419855594635
-0.018923383206129074
0.2323174923658371
0.254313588142395
-0.10386667400598526
0.28762131929397583
-0.5328117609024048
-0.18102531135082245
0.939187228679657
0.8306673765182495
5.548312664031982
-4.041895389556885
1.405849814414978
-1.3904874324798584
-0.4937378764152527
0.028975535184144974
-0.35897162556648254
0.3792950510978699
0.7417320609092712
-0.9513968229293823
0.3793392777442932
-0.17682704329490662
-1.0948259830474854
0.853607177734375
0.5271413922309875
-1.453434944152832
0.4571482539176941
0.12152981758117676
-0.6555275917053223
0.2062975913286209
-0.07158355414867401
-0.3507581055164337
0.19979619979858398
-0.5571762919425964
-0.6492071151733398
-0.11087150871753693
-0.20981140434741974
-0.6498299837112427
-0.03167123720049858
0.2531466484069824
0.041962336748838425
-0.7953307628631592
0.36687764525413513
0.1559371054172516
-1.1648451089859009
-0.15396776795387268
-0.13279858231544495
0.24106892943382263
0.12048473209142685
0.12967634201049805
-0.39286866784095764
-0.7983895540237427
0.1833420693874359
0.21156425774097443
-0.1017579585313797
-0.7018700838088989
0.8756965398788452
0.3345591127872467
-0.8266703486442566
-0.796089768409729
0.4011441171169281
-0.15636029839515686
-0.7298503518104553
-0.21731238067150116
0.28863540291786194
-0.6986591219902039
0.5852625966072083
0.26166945695877075
-0.4893905520439148
0.18112793564796448
-0.027854109182953835
0.015970921143889427
0.07269039005041122
-0.011132216081023216
0.15416693687438965
0.5046883821487427
-0.7699216604232788
0.44614315032958984
0.6530483961105347
-0.05893051624298096
0.024097919464111328
-0.8824979066848755
-0.13571706414222717
0.0028734207153320312
-0.30428481101989746
-0.06512045860290527
0.2781209945678711
-0.41042327880859375
-0.3407139182090759
-0.4855745732784271
-0.2682056427001953
-0.4356813430786133
-0.08749310672283173
-0.2537227272987366
-0.20127877593040466
0.0032494068145751953
-0.4738606810569763
-0.11027383804321289
0.31801509857177734
-0.23334181308746338
0.35840606689453125
-0.18576347827911377
0.1448219120502472
-0.0796375423669815
-0.6979838609695435
0.09460864961147308
-0.18101957440376282
0.5069883465766907
-1.0101490020751953
0.2656101584434509
-4.266266822814941
2.6353919506073
0.6879463195800781
-3.1757750511169434
1.2282867431640625
0.13883209228515625
-1.2766562700271606
0.2651345133781433
0.0763905793428421
-0.5805484652519226
0.578950047492981
-0.44299715757369995
-0.1993776112794876
0.4113245904445648
0.08759252727031708
-0.48857155442237854
1.4466725587844849
-0.5994958281517029
-0.31606021523475647
0.1284821331501007
-0.1053168997168541
-0.2319677770137787
-0.07034043967723846
-0.5159764289855957
0.17103871703147888
0.09245369583368301
-0.17141136527061462
-0.3453272879123688
-0.09827496856451035
0.3641282916069031
-0.6545519828796387
-0.18760821223258972
1.0947009325027466
-0.5885679721832275
-0.15467867255210876
0.427986204624176
-0.046804070472717285
-0.3287717401981354
-0.21113376319408417
0.3133353888988495
0.4810188412666321
-0.23955297470092773
-0.4869384765625
0.3400973081588745
-0.08712923526763916
0.058457303792238235
0.18027493357658386
0.003016746137291193
0.4064597487449646
0.05463390424847603
-0.7791680097579956
0.5046881437301636
0.3623729348182678
-0.21872511506080627
-0.1606404036283493
-0.2803681492805481
0.6199792623519897
0.3172847032546997
-0.2364242970943451
0.24524816870689392
0.03249306604266167
0.08076369762420654
0.013918092474341393
0.16237211227416992
-0.03700777143239975
0.19449682533740997
-0.2648637890815735
0.5474281311035156
0.5048301815986633
0.08921746909618378
-0.1585005819797516
-0.21130390465259552
0.6291915774345398
0.173661470413208
0.10203836113214493
-0.24582982063293457
0.3118423521518707
0.3310282528400421
0.010016024112701416
0.391204297542572
0.3798331618309021
-0.29890161752700806
0.3739077150821686
0.1423560231924057
0.014255857095122337
-0.057571280747652054
0.4494169354438782
-0.0931464359164238
0.19809028506278992
-0.052502937614917755
0.22666534781455994
-0.09069715440273285
0.11422256380319595
0.2579343914985657
-0.24555733799934387
0.03343787044286728
0.11337683349847794
-0.24001820385456085
0.059364963322877884
-0.3259549140930176
-1.4808375835418701
2.5966897010803223
-0.8538298606872559
-1.7703468799591064
1.7212480306625366
-1.4197309017181396
-0.6509915590286255
0.4286365509033203
0.5623403787612915
0.1534290760755539
-0.5982151031494141
-0.371952086687088
0.3663507103919983
-0.6269195675849915
0.9815065264701843
-0.2366953343153
-0.380094051361084
0.9145873188972473
-0.4809156358242035
-0.024756431579589844
0.025000572204589844
-0.5022592544555664
-0.011561965569853783
-0.46380776166915894
-0.12819623947143555
0.5681717395782471
-0.5925682783126831
-0.3042811453342438
0.6890518069267273
-0.6119800806045532
0.44083064794540405
0.03621206432580948
-0.09979987144470215
0.043009184300899506
-0.31277379393577576
0.2250680923461914
0.9173778295516968
-1.1754767894744873
0.6222490072250366
0.20604701340198517
-0.6717171669006348
0.09496583789587021
0.8132850527763367
-1.2232052087783813
-0.1132134422659874
-0.16100649535655975
0.16872520744800568
0.26902836561203003
-0.24606695771217346
-0.7138465046882629
0.3453848958015442
-0.07723484188318253
0.039962004870176315
0.24827823042869568
-0.15410518646240234
-0.2687200903892517
-0.0925167053937912
0.7062315344810486
-0.5206132531166077
-0.18938931822776794
0.573607325553894
-0.6873617172241211
0.17912077903747559
-0.06331195682287216
-0.09328217804431915
-0.4517246186733246
-0.4135240614414215
0.6972802877426147
-0.3939704895019531
0.3092661499977112
-0.0006271362071856856
-0.41811856627464294
-0.30997949838638306
-0.046297837048769
-0.3568306863307953
0.6547783017158508
-0.3596450686454773
-0.16356250643730164
0.14110441505908966
-0.4552763104438782
-0.18799304962158203
0.6929224729537964
-0.49961942434310913
-0.02472093142569065
-0.13565821945667267
-0.19026462733745575
-0.36297908425331116
-0.514127254486084
0.02630786970257759
-0.15737339854240417
0.2614890933036804
-0.6684247851371765
-0.4259657859802246
0.32981565594673157
-0.4066769480705261
-0.04493408277630806
-0.08627533912658691
0.16127049922943115
-0.36380499601364136
-0.2917746901512146
-2.7999629974365234
0.4925817549228668
1.188011884689331
-2.1785225868225098
-0.0001803904742700979
1.3420578241348267
-1.9182655811309814
0.2613074481487274
0.3367195427417755
-0.435774564743042
0.3603593409061432
0.028609037399291992
-1.0182857513427734
0.3100319504737854
0.456949383020401
0.33915719389915466
-0.18512223660945892
0.5814699530601501
-0.30926164984703064
-0.48383036255836487
0.010621380992233753
0.27762216329574585
-0.1934470236301422
-0.04666363075375557
-0.19030731916427612
-0.6024531126022339
-0.5397796034812927
0.37388625741004944
0.04167292267084122
0.26364243030548096
-0.5121176242828369
-0.27722758054733276
0.8670876622200012
0.6719962358474731
-0.4501827359199524
-1.1211973428726196
0.8386223912239075
0.038759469985961914
-0.16951802372932434
-0.1944422423839569
0.7565814256668091
-0.5525640249252319
0.008291125297546387
0.7258626222610474
-1.2207669019699097
0.7611261606216431
0.3407839834690094
-0.4987584948539734
0.10608997195959091
0.1090252622961998
-0.403738796710968
-0.32909825444221497
-0.3644525706768036
0.4576449394226074
0.3723283112049103
-0.3042706549167633
0.3563619554042816
-0.5329070091247559
-0.16053295135498047
-0.10715677589178085
-0.3410574793815613
0.5270700454711914
-0.2033722847700119
-0.050330936908721924
-0.2567417025566101
0.759479284286499
0.14407718181610107
0.11682143062353134
-0.3750900626182556
0.7927358150482178
-0.31341317296028137
0.10530650615692139
-0.10593583434820175
-0.26506364345550537
0.47635141015052795
-0.5052298903465271
0.3573681712150574
-0.1625768095254898
-0.264455646276474
0.30748677253723145
0.32354384660720825
-0.5233129262924194
-0.18875908851623535
0.21153125166893005
0.3152584731578827
0.05245768278837204
-0.009631514549255371
-0.24827304482460022
0.6856900453567505
-0.15021738409996033
-0.030550813302397728
-0.13358692824840546
0.1294691115617752
0.48333287239074707
-0.2952113449573517
0.0004275761602912098
-0.24208959937095642
-0.07118252664804459
-0.5931224822998047
0.13207456469535828
-2.3253273963928223
3.1390626430511475
0.3588205873966217
-2.600493907928467
1.2254616022109985
-0.9209273457527161
-0.042878054082393646
0.6113345623016357
-0.2913498878479004
0.5331471562385559
-0.5366215705871582
-0.9877101182937622
0.3652822971343994
0.39869794249534607
-0.49456891417503357
0.49759382009506226
-0.09066657721996307
-0.7656720280647278
0.08594784885644913
-0.16687527298927307
-0.13206347823143005
0.2576133608818054
-0.5179584622383118
0.15882420539855957
0.09430094063282013
-0.9119871258735657
0.1507175862789154
0.2360658198595047
-0.09792976081371307
-0.7159641981124878
0.15643911063671112
0.30474844574928284
-0.5601681470870972
-0.07158541679382324
0.09628276526927948
0.01235666312277317
-0.6622920036315918
0.6546818017959595
-0.537787914276123
0.05274610593914986
-0.11784887313842773
-0.3584839701652527
0.5979397892951965
-0.5659092664718628
-0.3622807264328003
0.7125838994979858
-0.22188329696655273
-0.7603626847267151
0.8802902102470398
-0.7216871380805969
0.12694725394248962
0.7873782515525818
-0.5086048245429993
-0.08955268561840057
-0.011783266440033913
0.3573128581047058
-0.654853343963623
-0.6637532114982605
0.5259332656860352
-0.3383093476295471
0.018409013748168945
0.22964434325695038
-0.30081525444984436
0.21204519271850586
0.163682222366333
0.050814438611269
-0.39512816071510315
-0.1703077107667923
0.7370712161064148
-0.7478569746017456
0.21473899483680725
-0.011096430011093616
-0.5171953439712524
0.4419735372066498
0.21561279892921448
0.1459188312292099
-0.11466167122125626
0.3018924593925476
-0.4322991371154785
0.35595425963401794
0.3454214632511139
-1.1341155767440796
-0.5160632133483887
0.41394081711769104
0.028439855203032494
-0.7100991010665894
0.7364311218261719
-0.4393743872642517
-0.7670835256576538
0.7511065006256104
-0.571970522403717
0.2185954749584198
0.386827677488327
-0.6514383554458618
1.1551706790924072
-1.3728629350662231
-1.0662552118301392
0.578466534614563
-0.7074559926986694
-0.719224750995636
-2.6242878437042236
0.798151969909668
0.6268542408943176
-1.8316993713378906
-0.20521779358386993
0.9342570304870605
-1.4305381774902344
0.04538247734308243
1.1821218729019165
-1.1572946310043335
0.11630243062973022
0.49809765815734863
-1.1208088397979736
-0.18893146514892578
0.8901004791259766
-0.21089644730091095
0.08435817062854767
0.20486226677894592
-0.034661196172237396
0.26150861382484436
-0.38947004079818726
-0.22102133929729462
0.20022733509540558
-0.3467877507209778
-0.09797777980566025
-0.410487562417984
0.1533665955066681
0.5169817209243774
0.12906070053577423
-1.08908212184906
-0.8054138422012329
0.9388350248336792
0.380769819021225
-0.5560771226882935
0.050595760345458984
0.5908671021461487
-0.45373010635375977
-0.4808422923088074
0.17308661341667175
-0.05462409183382988
1.059187889099121
-0.9148048162460327
-0.8283640146255493
0.6754192113876343
-0.22439107298851013
-0.23712925612926483
0.6569927930831909
-0.12950091063976288
-0.19528761506080627
0.5035473704338074
-0.6948539614677429
-0.011773824691772461
-0.11375546455383301
-0.07217570394277573
0.47855132818222046
-0.2524932026863098
-0.28493911027908325
0.8480043411254883
-0.2538476288318634
0.4504067003726959
-0.07933755218982697
-0.2548922002315521
0.29101690649986267
0.5607069730758667
-0.6572108864784241
0.5628989934921265
-0.4102552533149719
-0.011945652775466442
0.08757290989160538
-0.654352068901062
0.600558876991272
-0.5812113881111145
0.4747159481048584
-0.1861654818058014
0.35689812898635864
-0.2014971226453781
-0.1549845039844513
0.11272235214710236
0.5305966138839722
-0.6364725828170776
0.3148437440395355
0.5517728328704834
-0.35806527733802795
0.005815841257572174
0.3480169177055359
-0.3307068347930908
0.1355428695678711
-0.14772744476795197
0.33518221974372864
-0.008739665150642395
-0.017945338040590286
-0.18166133761405945
0.23199942708015442
-0.35971134901046753
0.3503727912902832
0.02377617359161377
-0.04806525632739067
0.059695493429899216
-0.3625187873840332
-0.8629727363586426
-1.2902476787567139
2.7855563163757324
-0.5939458608627319
-2.635235548019409
2.183974266052246
-0.5656698942184448
-1.1139851808547974
1.018709421157837
-0.6187690496444702
1.0943586826324463
-1.036335825920105
-0.8265277147293091
1.1102393865585327
-1.105411171913147
0.8883172869682312
-0.034421395510435104
-1.0849487781524658
0.5123537182807922
0.0019618987571448088
-0.4766494631767273
-0.5854765772819519
0.8649528622627258
0.06133012846112251
-0.14831332862377167
0.3543233871459961
-0.20210599899291992
-0.28214582800865173
0.04622297361493111
-0.49988436698913574
0.45571503043174744
0.7080731987953186
-0.8000646829605103
0.21653518080711365
-0.07426490634679794
-0.2214125692844391
0.20578746497631073
-0.2332884818315506
-0.546198844909668
1.0668483972549438
-0.5264139175415039
0.020513106137514114
0.7061680555343628
-0.43838492035865784
-0.11722803115844727
0.9605138897895813
0.36564093828201294
-0.5550001859664917
-0.9520885348320007
0.9856583476066589
1.0128097534179688
-1.284419298171997
0.7180307507514954
-0.17556414008140564
-0.224559023976326
0.8760288953781128
-0.9414671063423157
0.11520294845104218
0.11998596042394638
-0.7824837565422058
0.45616593956947327
0.7042032480239868
-1.0097583532333374
0.0973794013261795
0.23511210083961487
0.1066921204328537
0.08609600365161896
0.21617332100868225
-0.43640080094337463
0.4129915237426758
-0.48085862398147583
0.18374066054821014
-0.013788747601211071
-0.48414286971092224
-0.06043209880590439
0.6193322539329529
-0.1234278455376625
0.4187748432159424
-0.2264636754989624
0.10355567932128906
0.31883084774017334
0.4553197920322418
-0.9955238103866577
-0.8177652359008789
1.5175788402557373
-1.0923181772232056
0.17750951647758484
0.7252432703971863
-0.8562281727790833
0.47893038392066956
0.20288391411304474
-1.1710728406906128
0.04760265350341797
0.28404495120048523
-0.8145579099655151
-0.08400139957666397
-0.15460512042045593
-0.5670679807662964
-0.22414664924144745
0.18326088786125183
-0.3045010566711426
0.6094692945480347
-6.1409010887146
3.0104756355285645
1.385021686553955
-3.4497013092041016
2.147434711456299
-1.2535794973373413
-0.46619850397109985
0.6020312309265137
-1.1021583080291748
-0.13951846957206726
0.3906955420970917
-0.28555160760879517
-0.3073784410953522
0.8020938038825989
-0.17856867611408234
-0.42775312066078186
-0.03594817966222763
-0.2723318040370941
0.4048236310482025
-0.5079778432846069
0.09922058880329132
0.11822779476642609
-1.3794662952423096
0.6560413837432861
0.9780635833740234
-0.29616299271583557
-0.4372544288635254
-0.1367081105709076
0.19379153847694397
-0.14417588710784912
-0.7159135937690735
1.1574492454528809
0.38292965292930603
-1.163878321647644
0.14017648994922638
0.32129254937171936
-0.03486023098230362
-0.009081458672881126
0.11802782118320465
0.25474438071250916
0.33101487159729004
-0.30347347259521484
0.01876899041235447
0.002099496079608798
-0.09857413917779922
0.4830823838710785
0.06632447242736816
0.25615429878234863
-0.4473167359828949
-0.046044014394283295
0.14396193623542786
-0.12044744193553925
0.3728501498699188
-0.06453901529312134
-0.1377260982990265
0.9291925430297852
-0.6287289261817932
-0.22045369446277618
0.5216582417488098
-0.14473536610603333
0.6310104727745056
-0.3632552921772003
-0.7748763561248779
0.24679747223854065
0.09023797512054443
-0.24430498480796814
0.3652934432029724
-0.09886790066957474
0.492124080657959
0.5350716710090637
0.013000795617699623
0.18659326434135437
0.12204849720001221
-0.29488077759742737
0.20892855525016785
0.026050377637147903
0.5221778154373169
0.3255188763141632
-0.48120802640914917
-0.030395353212952614
-0.20896700024604797
0.13657894730567932
-0.10407145321369171
-0.3525545001029968
0.5654990673065186
-0.4849291741847992
-0.29841768741607666
0.1691226214170456
0.19377779960632324
-0.5984752178192139
0.368866503238678
0.23802319169044495
-0.17740106582641602
-0.09864693880081177
-0.08278932422399521
-0.0718274936079979
0.5836114287376404
-0.6857892274856567
-1.0263370275497437
-1.6764367818832397
2.4838123321533203
-0.9333463907241821
-3.4354381561279297
3.2372398376464844
-1.8806244134902954
-1.362484335899353
1.4491548538208008
-0.4411236643791199
0.5712836384773254
-0.646984338760376
0.32435178756713867
0.4589962959289551
-1.0101368427276611
0.4325755536556244
0.17759175598621368
-0.7180055975914001
0.10928034782409668
0.023998785763978958
0.2508031725883484
-0.8848108053207397
0.6024275422096252
0.3360786437988281
-0.8200289607048035
-0.2797169089317322
-0.15383434295654297
0.36752575635910034
0.20449824631214142
-1.233229160308838
0.5404453277587891
0.2966797947883606
-0.5525426864624023
0.2430533468723297
-0.030722428113222122
-0.5098020434379578
0.9509429931640625
-0.9746993184089661
-0.10954312980175018
0.43224507570266724
0.31198206543922424
-0.013096523471176624
-0.827792763710022
-0.12050580978393555
0.0800354927778244
-0.01446299534291029
0.074109748005867
0.35076436400413513
-0.41268354654312134
-0.21111202239990234
-0.2650904655456543
0.26037997007369995
-0.0385013110935688
-0.8511651158332825
0.3636675775051117
-0.30706071853637695
0.08495869487524033
0.37330466508865356
-0.2455197274684906
0.9607477188110352
-0.04086322709918022
-1.6497970819473267
0.8930072784423828
0.8094803690910339
-1.000154733657837
-0.08010725677013397
0.161105677485466
-0.3585588037967682
0.638429582118988
0.3624953627586365
0.5656360387802124
-0.589396595954895
0.4852638244628906
0.1737169772386551
-0.7978998422622681
0.7393202185630798
-0.21754631400108337
-0.24472884833812714
0.12312605232000351
-0.3095293939113617
-0.2650964856147766
0.7109708786010742
-1.040516972541809
0.1287214756011963
0.27461546659469604
-0.654327392578125
0.39092761278152466
0.4035993218421936
-0.8239700198173523
-0.680118203163147
-0.22414422035217285
0.4044540822505951
-0.4231483042240143
0.5476723909378052
-0.11447381973266602
-0.2515259385108948
0.3475835919380188
-0.7918819189071655
0.6218212246894836
-0.2790587842464447
-0.43401995301246643
-3.0440621376037598
0.681962788105011
0.6892317533493042
-1.627235770225525
-0.24049219489097595
1.2938497066497803
-0.8397531509399414
-0.33175578713417053
0.2754262685775757
-0.7507715225219727
0.479583740234375
-0.30038291215896606
-0.24797233939170837
-0.0730571523308754
0.7397071123123169
-0.10692985355854034
-0.12442681938409805
0.03814754635095596
-0.22387821972370148
0.32164692878723145
-0.21035274863243103
0.06308875232934952
-0.6111186742782593
0.6187607645988464
0.24733373522758484
-1.330562949180603
-0.2738915979862213
0.9112952351570129
-0.2630559206008911
0.06262864917516708
-0.4880663752555847
-0.3931940197944641
0.8618699908256531
0.347415953874588
-0.8669155240058899
-0.679084062576294
0.4177123010158539
0.09871506690979004
-0.08089902251958847
0.28757405281066895
0.7840365767478943
-0.17102408409118652
-0.55961674451828
0.3909594714641571
0.03998931497335434
0.17530162632465363
0.29186326265335083
0.10823692381381989
-0.26018422842025757
0.2913844883441925
0.12241163104772568
-0.07911393791437149
-0.3404832184314728
0.3184278607368469
-0.5943321585655212
0.3419812321662903
0.9907125234603882
-0.34907859563827515
-0.12793445587158203
0.3646695613861084
0.2273121327161789
0.08283950388431549
0.280817449092865
0.1787486970424652
0.3464004397392273
0.17352619767189026
0.3575856685638428
-0.35678890347480774
0.18662551045417786
-0.5584475994110107
0.02183842658996582
0.04936361312866211
-0.084621861577034
0.03348908573389053
0.1189904659986496
-0.09528466314077377
0.2488468438386917
0.16616690158843994
-0.15372690558433533
-0.17235979437828064
0.00523782055824995
0.5246738195419312
-0.11016981303691864
0.04393453523516655
0.4314097464084625
-0.3502981662750244
-0.15636351704597473
-0.02315704897046089
0.28388506174087524
-0.22790555655956268
-0.5203843712806702
-0.05337252467870712
0.2537368834018707
-0.21422365307807922
0.595221757888794
-0.21648931503295898
0.0031536698807030916
0.901032567024231
-1.0918360948562622
-0.32988157868385315
-1.2670193910598755
3.238757371902466
-1.3689097166061401
-2.2249863147735596
1.6956112384796143
-1.3515503406524658
-0.5284415483474731
1.0290133953094482
-0.5636411905288696
-0.17068520188331604
-0.0886559933423996
-0.22020483016967773
0.315985769033432
-1.1157410144805908
0.40006503462791443
0.27649855613708496
-0.5689091682434082
0.19374465942382812
-0.15611481666564941
-0.05577445030212402
-0.15429463982582092
-0.16048264503479004
0.5558395981788635
-0.7971009016036987
0.9863201379776001
-0.8935469388961792
0.22524400055408478
-0.09918193519115448
-0.4155106544494629
0.1521022766828537
0.06678716838359833
-0.39725324511528015
0.03825797885656357
-0.4153138995170593
-0.3733176589012146
1.1265513896942139
-0.46494260430336
-0.9121170043945312
0.387566477060318
-0.23794350028038025
-1.1295582056045532
1.2016499042510986
0.31768798828125
-1.876112699508667
0.3921128809452057
0.2651672959327698
-0.05573387071490288
-0.3764563202857971
0.7814962267875671
0.06565113365650177
-0.165137380361557
0.12352962791919708
-0.4716903567314148
-0.04584045335650444
-0.053433798253536224
-0.36644402146339417
0.13010592758655548
0.42421165108680725
-1.102908968925476
0.03164529800415039
0.705776572227478
-0.6545894742012024
-0.0016273974906653166
0.15530428290367126
-0.833912193775177
0.6257079839706421
-0.747209906578064
0.598797619342804
-0.093166783452034
-0.9017826318740845
0.4517935812473297
-0.5304418802261353
0.06439681351184845
-0.16574148833751678
0.29674986004829407
-0.37186452746391296
0.3489564061164856
-0.35570746660232544
0.17066657543182373
0.04740867763757706
-0.9565250277519226
0.30082619190216064
0.353693425655365
-0.20738203823566437
-0.6978901028633118
-0.08559694141149521
0.37992197275161743
-0.20417222380638123
-0.17571207880973816
-0.28581684827804565
0.08010313659906387
0.14972440898418427
-0.5850855112075806
0.36434996128082275
-0.30044910311698914
-0.4151562750339508
0.016331320628523827
-0.1913904845714569
-0.786949634552002
-0.11393775790929794
0.9770553708076477
-6.388293266296387
2.632140636444092
1.3564330339431763
-3.073920249938965
1.6660852432250977
-0.7757187485694885
-0.5415558815002441
0.6087003946304321
-0.405036985874176
-0.2200433313846588
0.18242397904396057
-0.25177642703056335
-0.18378964066505432
0.38646411895751953
-0.2548026442527771
0.34746772050857544
0.09284637123346329
-0.4700253903865814
0.21210093796253204
0.18188321590423584
0.28502368927001953
-0.08549430221319199
-1.2086560726165771
0.8042258024215698
-0.01933417282998562
-0.6863933801651001
0.672765851020813
-0.4170030951499939
-0.07931582629680634
-0.1696133315563202
-0.10539964586496353
0.9603825807571411
0.26148515939712524
-0.7713744044303894
-0.5355932116508484
0.13808785378932953
-0.17693643271923065
-0.7337199449539185
0.440173864364624
0.5325541496276855
-0.4063482880592346
0.05386773496866226
0.41021910309791565
-1.2056267261505127
0.4608508050441742
0.1386595517396927
-0.2709701657295227
-0.30392876267433167
0.07928426563739777
0.1668548882007599
0.001302528427913785
0.07714201509952545
0.09130962193012238
-0.4301876425743103
0.38319453597068787
0.4539986550807953
0.1931661069393158
-0.8804244995117188
0.3895033001899719
0.31196293234825134
0.3502945899963379
-0.40486496686935425
-0.0244354996830225
0.239554762840271
-0.26981931924819946
-0.030996227636933327
-0.23754361271858215
-0.21322396397590637
0.13229069113731384
-0.05583741515874863
-0.2915961742401123
0.5089700222015381
-0.18580275774002075
-0.23886366188526154
0.4460817873477936
-0.6900566816329956
0.5697240829467773
-0.10198543965816498
-0.019520461559295654
0.42859378457069397
-0.44269508123397827
-0.08119021356105804
-0.34746137261390686
-0.12103207409381866
0.2998505234718323
-0.48312681913375854
-0.364753782749176
0.9421946406364441
0.30219870805740356
0.01209726370871067
-0.2808534502983093
0.08754377067089081
0.2298963963985443
0.194254532456398
0.00954749621450901
0.12994946539402008
-0.22844286262989044
-0.706174910068512
-0.0037843226455152035
-1.8170366287231445
2.5684943199157715
-1.0177510976791382
-2.260838270187378
2.120114326477051
-0.9487444162368774
-1.251718282699585
0.757950484752655
-0.4781302511692047
0.9034967422485352
-0.7346274256706238
-0.6393364667892456
0.8424673080444336
-1.2944414615631104
0.5160837173461914
0.4237492084503174
-0.09291978180408478
0.10518350452184677
-0.4417261481285095
0.16935071349143982
0.0421874038875103
0.031648777425289154
-0.18188051879405975
-0.5078829526901245
0.1966911256313324
-0.5669340491294861
-0.1819314956665039
0.45029133558273315
-0.618705689907074
-0.103476382791996
0.38858461380004883
-0.3760797381401062
0.3288944661617279
0.08894219249486923
-0.6901461482048035
0.7066211104393005
-0.1647312194108963
-1.052171230316162
0.458004891872406
-0.364495187997818
-0.03992767259478569
-0.6991558074951172
0.5903598666191101
-0.23742370307445526
-0.2122621089220047
0.0556519515812397
0.755657434463501
-0.8678995370864868
0.10136175155639648
-0.02731647528707981
-0.09900522232055664
0.6506651639938354
-0.866036593914032
0.17240948975086212
0.04606647416949272
-0.5847441554069519
-0.1614871770143509
0.20515164732933044
-0.14962291717529297
0.2817971110343933
-0.3273146450519562
-0.5326870083808899
0.07931084930896759
0.1525644063949585
-0.025524234399199486
-0.20583906769752502
-0.18105840682983398
-0.3474312424659729
-0.007442808244377375
0.15502223372459412
-0.12032809108495712
-0.4586930274963379
-0.35253626108169556
1.0030933618545532
-0.09935252368450165
-0.4258764684200287
0.12437696754932404
0.2163807898759842
0.15557675063610077
-0.6655982732772827
-0.10828471183776855
-0.2247494012117386
-0.3754672110080719
0.23870697617530823
0.12303680181503296
-0.00997820496559143
0.43768858909606934
-0.46310853958129883
-0.8080617785453796
0.5232798457145691
-0.5273514986038208
0.21407143771648407
-0.3944927155971527
-0.40130919218063354
0.1899917870759964
-0.40445011854171753
0.6913363337516785
-0.14616389572620392
0.07335533201694489
-0.0032369731925427914
0.5201185941696167
-4.460804462432861
1.8417575359344482
1.4634807109832764
-2.740935802459717
1.7550926208496094
-0.4072362780570984
-0.9843572378158569
1.2225580215454102
-1.1138770580291748
-0.1746128499507904
0.9582830667495728
-0.212877556681633
-0.5419089198112488
0.8661225438117981
0.3338801860809326
0.05085132271051407
0.3792092800140381
-0.4318765103816986
0.19161128997802734
0.547594428062439
-0.021703338250517845
-0.5156426429748535
-1.2171809673309326
0.8887600898742676
0.6980183720588684
0.01993333175778389
-0.041557908058166504
-0.7387694120407104
0.9038839340209961
-0.1357342004776001
-0.08810789883136749
0.2566531300544739
-0.12218110263347626
0.2955667972564697
-0.13829398155212402
-0.3469305634498596
0.5390003323554993
0.2848559021949768
-0.15580067038536072
-0.29477444291114807
0.25115495920181274
-0.45582103729248047
0.1367657631635666
-0.3063046634197235
0.8130625486373901
-0.2388191670179367
-0.3002428114414215
0.510079026222229
0.10140316188335419
-0.1787004917860031
0.14775729179382324
0.4344753623008728
0.009770560078322887
-0.28203868865966797
-0.1464204639196396
1.1496021747589111
-0.7275512218475342
-0.051115214824676514
0.6074004173278809
-0.4218960702419281
0.4748667776584625
-0.3922578990459442
-0.2737261652946472
0.3958514332771301
0.013542985543608665
0.5255997180938721
-0.014490032568573952
0.11411052942276001
0.9474992752075195
-0.24739083647727966
-0.023112449795007706
0.365793913602829
0.10812928527593613
0.3668549656867981
-0.12077859789133072
0.40167227387428284
-0.27792415022850037
-0.4552050530910492
0.8197650909423828
-0.06249750778079033
0.17169873416423798
0.3764180541038513
-0.7482925653457642
0.06537111848592758
0.6369711756706238
-0.6664541959762573
0.6136130094528198
0.15969102084636688
-0.10678920894861221
0.19004663825035095
-0.1410038024187088
0.34532663226127625
-0.170757457613945
0.5839911103248596
-0.5340574383735657
-0.046127963811159134
0.06813283264636993
-0.9486597180366516
-0.4089790880680084
-1.6537710428237915
2.680206298828125
-1.0073130130767822
-2.233752965927124
2.4212491512298584
-1.756639838218689
-0.9518640637397766
1.6002519130706787
-1.2624571323394775
1.477079153060913
-0.7363382577896118
-0.523017406463623
0.2911873757839203
-0.4522791802883148
-0.3452952802181244
-0.37747010588645935
-0.08532901108264923
-0.12378539890050888
0.4230024814605713
-0.2687665522098541
-0.35666483640670776
0.2866748869419098
-0.076952263712883
0.02808981016278267
0.03421773761510849
-0.45783883333206177
-0.3554149568080902
1.1801751852035522
-0.8718918561935425
0.02375316619873047
0.24624577164649963
-0.8043409585952759
0.21833595633506775
0.06217064708471298
-0.035356808453798294
0.27848678827285767
0.062207795679569244
0.07604465633630753
-0.8182854652404785
0.21977105736732483
0.21307650208473206
-0.4394003748893738
0.6955065727233887
0.7067901492118835
-0.7366320490837097
0.7735571265220642
0.20196957886219025
-0.34980353713035583
-0.0736270397901535
0.5932521820068359
-0.13034462928771973
-0.22786536812782288
0.6352990865707397
-0.19962558150291443
-0.09835124015808105
0.039362430572509766
0.11292056739330292
-0.24901919066905975
-0.2748631536960602
0.3601565361022949
-0.316307008266449
0.06804899871349335
0.3064809739589691
-1.001814603805542
0.43058711290359497
0.18242979049682617
-0.41710996627807617
0.5990900993347168
-0.39213743805885315
0.015666961669921875
-0.23016014695167542
0.4050285816192627
-0.3443743884563446
-0.14878389239311218
-0.1867140829563141
0.2620241641998291
0.6080349683761597
-0.7687569856643677
-1.0111215114593506
0.5411244630813599
0.44894909858703613
-0.8441165089607239
-0.04729924350976944
0.2234364002943039
-0.42409268021583557
-0.6488965153694153
0.14082972705364227
-0.49070435762405396
-0.7744911909103394
0.3699246346950531
-0.3036739230155945
-0.34727659821510315
0.8401323556900024
-0.601972222328186
0.1104447990655899
0.16652309894561768
-0.6120907068252563
0.5133405923843384
-0.6099034547805786
-0.36650246381759644
-2.237765073776245
1.231451153755188
0.2367030680179596
-1.680702805519104
0.02902292087674141
0.8096979260444641
-0.8899321556091309
0.2014785259962082
0.13941487669944763
-0.2650149464607239
0.19180956482887268
-0.3328931927680969
-0.40894001722335815
0.38774198293685913
-0.15968675911426544
0.32242900133132935
-0.2566118538379669
-0.3098888695240021
-0.030253196135163307
-0.03157508373260498
-0.1725904941558838
0.6081820130348206
-0.027715016156435013
-0.9351179003715515
0.6931887269020081
-0.8816496133804321
-0.3832509219646454
0.7002544403076172
-0.18106508255004883
0.02032003365457058
-1.1672157049179077
-0.1840030699968338
0.4744455814361572
-0.1481492519378662
-0.3511568009853363
0.36698371171951294
-0.03738558292388916
0.23308853805065155
-0.10730025917291641
0.15684744715690613
1.3765983581542969
-1.351135015487671
-0.7953608632087708
1.207385778427124
0.011374461464583874
0.20683391392230988
0.5942261815071106
-0.1484651118516922
0.4518333971500397
-0.04842662811279297
-0.4782348573207855
0.3144013583660126
0.07918739318847656
0.853857696056366
-0.28823915123939514
-0.059047747403383255
0.92473965883255
-0.5102263689041138
0.4473000466823578
-0.2620190382003784
0.2517590820789337
-0.17562757432460785
-0.0403316393494606
0.550977885723114
0.15399837493896484
-0.29038166999816895
-0.20210659503936768
0.4700551927089691
0.04874451085925102
0.3083316385746002
-0.22152510285377502
0.7064707279205322
-0.05996699258685112
-0.1995956301689148
-0.17521962523460388
-0.1366681158542633
0.18400795757770538
0.1048068031668663
-0.06099417060613632
-0.7830731272697449
0.39858943223953247
0.0048979162238538265
-0.3304918706417084
0.02791779115796089
0.22013072669506073
-0.4490140974521637
-0.41083580255508423
-0.09655126929283142
0.134548619389534
-0.11762066930532455
-0.3215189278125763
0.6226208209991455
0.2870466113090515
-0.25519877672195435
0.20793864130973816
0.23272792994976044
-0.2530547082424164
-0.145828977227211
-0.66773921251297
0.08733051270246506
-2.0867860317230225
2.306856393814087
-0.22309894859790802
-2.955958843231201
2.1581459045410156
-1.5473710298538208
0.32638221979141235
1.107696771621704
-0.37035009264945984
0.25340184569358826
-0.6715089678764343
-0.9438141584396362
0.5898325443267822
-0.023431802168488503
0.16548466682434082
-0.667831540107727
-0.10332498699426651
-0.16501650214195251
-0.03930540010333061
0.364061176776886
-0.17000417411327362
-0.14341716468334198
-0.08646745979785919
0.2540365755558014
-0.6568569540977478
0.3417278826236725
0.2648521065711975
-0.6270721554756165
-0.402895987033844
-0.4000524878501892
0.8091356158256531
-0.09915514290332794
-0.9243597984313965
0.8336383104324341
0.22752408683300018
0.5673726797103882
-0.26591768860816956
0.40955686569213867
0.14655175805091858
0.298971563577652
0.17666420340538025
-0.320094496011734
0.32454046607017517
0.5872827768325806
-0.341224730014801
0.16655102372169495
0.2570727467536926
-0.5098735690116882
-0.07598032802343369
-0.33531808853149414
0.23153457045555115
0.02907857857644558
-0.5109337568283081
0.15618619322776794
0.7389475107192993
0.06656060367822647
-0.3829478323459625
0.3894098401069641
0.4132230877876282
-0.13611431419849396
0.4187142848968506
0.1738145351409912
0.3938322961330414
-0.34957486391067505
0.1628067046403885
0.8560676574707031
-0.8000994920730591
0.4800473153591156
-0.32220813632011414
0.05614514276385307
-0.07287640869617462
-0.08344171196222305
0.07350244373083115
-0.30466049909591675
-0.04676852375268936
-0.017721200361847878
-0.26891598105430603
0.03428759425878525
-0.26655468344688416
-0.2134343683719635
-0.5943493843078613
-0.2337201088666916
0.037371277809143066
-0.1078377217054367
-0.7929477095603943
0.3685514032840729
-0.7439286112785339
-1.3836710453033447
1.3061256408691406
-0.529961347579956
-0.826534628868103
0.4408816397190094
-0.3137410283088684
-0.11365493386983871
0.293044775724411
-0.2898988723754883
-0.32819855213165283
-0.3410654664039612
-0.7799198031425476
-0.08152685314416885
-3.044710159301758
0.5312361717224121
0.6456387639045715
-2.1851658821105957
0.23680298030376434
0.8205116391181946
-1.4298768043518066
0.05733044072985649
0.09520745277404785
-0.9181243181228638
0.08995147049427032
-0.02356557920575142
-0.24405935406684875
0.08779492229223251
0.3772834241390228
-0.3297598958015442
0.1763060986995697
0.05880236625671387
-0.5051009654998779
-0.08109021186828613
-0.09231460094451904
0.05172007158398628
0.10492591559886932
-0.3692336082458496
0.24707022309303284
-0.1715470552444458
-0.4785183370113373
0.4760814607143402
-0.3350223898887634
-0.22125563025474548
-0.03074009343981743
-0.332028329372406
0.5496940612792969
0.38484206795692444
-1.3211485147476196
-0.7450219392776489
1.036806583404541
-0.46058550477027893
-0.262551873922348
0.7976340651512146
0.14294977486133575
-0.24423913657665253
-0.803697407245636
0.4223157465457916
0.40617913007736206
-0.16067644953727722
0.39804571866989136
-0.2297895848751068
0.28003349900245667
-0.007860374636948109
-0.0896800309419632
-0.18305650353431702
-0.1053970605134964
-0.07723291218280792
0.106964610517025
-0.3859393298625946
0.5046345591545105
0.036168694496154785
0.029214506968855858
0.30347827076911926
-0.3700466752052307
-0.11932778358459473
-0.18671086430549622
-0.021126246079802513
0.14826177060604095
0.03853357583284378
-0.24317090213298798
0.0861646756529808
0.43346089124679565
-0.04856522008776665
-0.37497997283935547
0.4113430380821228
0.05179790407419205
0.3751770257949829
-0.008835363201797009
0.10922536998987198
0.5157188773155212
0.10505183041095734
-0.09659966081380844
-0.46921348571777344
0.6314160823822021
0.00873115099966526
-0.09986080974340439
0.20983147621154785
0.24618951976299286
-0.6608262062072754
0.09936688095331192
0.45313769578933716
-0.37178120017051697
0.09817452728748322
0.1597379744052887
-0.30386626720428467
0.22041988372802734
-0.3729545474052429
0.18755482137203217
0.19071726500988007
-0.44980016350746155
-0.2105206996202469
0.08266987651586533
-0.8019716143608093
-1.8774254322052002
2.7882511615753174
-1.090125322341919
-2.111630916595459
2.140935182571411
-1.321852684020996
-1.6800988912582397
1.1738033294677734
-0.3083648681640625
0.7072246670722961
-0.9146615862846375
-0.8604425191879272
1.4502670764923096
-0.884535014629364
0.17093773186206818
0.29037919640541077
-1.3193773031234741
0.933169960975647
0.005716132931411266
-0.09705791622400284
-0.07624101638793945
0.01681985892355442
0.8064991235733032
-0.4348556101322174
-0.20758876204490662
0.6022847890853882
-0.16133315861225128
-0.10719580948352814
0.06249799579381943
-0.8447559475898743
0.21286554634571075
0.5509386658668518
-0.9167799949645996
0.24285736680030823
-0.4064052700996399
-0.27586477994918823
0.43087881803512573
-0.30201688408851624
0.04024758189916611
-0.029830360785126686
0.6362640857696533
0.5644063949584961
-0.4500117301940918
-0.14098262786865234
0.17947693169116974
-0.6746181845664978
0.2973955571651459
-0.15008530020713806
-0.42496243119239807
-0.06880607455968857
-0.33706027269363403
0.6912537813186646
-0.007494163699448109
-0.12256095558404922
0.09030365943908691
-0.40188199281692505
0.4268350601196289
-0.13096079230308533
-0.33347219228744507
0.2209639996290207
-0.019280243664979935
-0.49124041199684143
-0.7266861200332642
-0.574217677116394
0.05926632881164551
0.19843535125255585
-0.13027934730052948
-0.42579764127731323
-0.23793213069438934
-0.16849465668201447
-0.32665276527404785
0.020017385482788086
-0.11327600479125977
-0.20170406997203827
0.08240816742181778
-0.0694148987531662
0.16873104870319366
0.011621857061982155
-0.01372914295643568
-0.5748429298400879
-0.4924849569797516
-0.3798355460166931
0.1575092375278473
-0.02388780191540718
-0.4953044354915619
-0.11770191043615341
0.03612794727087021
0.0023295164573937654
-0.4019656777381897
0.007705068681389093
0.5875552296638489
-0.9748164415359497
0.44026535749435425
-0.16840393841266632
0.14589430391788483
0.637158215045929
-0.17724205553531647
-0.22664538025856018
-0.6983309984207153
0.4813738763332367
-2.4310925006866455
1.1862937211990356
0.05786571651697159
-1.2688796520233154
0.2697550654411316
0.41214609146118164
-1.0563164949417114
0.01536326389759779
0.4047025740146637
-1.016845941543579
0.1414935290813446
0.236172154545784
-0.14646212756633759
-0.008243585005402565
0.17281576991081238
0.42001381516456604
-0.2369368076324463
0.0291688684374094
0.09846676886081696
-0.005998706910759211
-0.10649673640727997
0.005976223852485418
-0.19549739360809326
-0.35119086503982544
0.32611897587776184
-0.6987300515174866
-0.4005899429321289
1.6182277202606201
0.3551047444343567
-0.7832657098770142
-0.7223250269889832
0.29426297545433044
0.5919952988624573
0.07155809551477432
0.47686904668807983
0.3718930184841156
-0.4308009147644043
-0.008101415820419788
0.07340910285711288
0.16270127892494202
1.0513836145401
-0.17433376610279083
-1.3602136373519897
0.8885611295700073
-0.1814347505569458
-0.03391432762145996
0.6430034637451172
0.11962173134088516
-0.21374940872192383
0.48485249280929565
-0.5600572824478149
0.1513460874557495
-0.03211498260498047
-0.12905725836753845
-0.12441089004278183
0.18304665386676788
0.34865325689315796
-0.08819534629583359
0.44906625151634216
0.18804502487182617
0.1664402037858963
-0.36431753635406494
0.21296080946922302
0.37757647037506104
-0.15944881737232208
0.005125761032104492
0.30443328619003296
0.038259636610746384
-0.6791115999221802
0.01785562001168728
0.6453648805618286
-0.049768995493650436
0.21997475624084473
0.508147120475769
0.2545938789844513
0.2619326114654541
-0.08407821506261826
-0.2597382068634033
0.7966786623001099
0.15679533779621124
-0.45072078704833984
0.31297537684440613
0.12658026814460754
0.46579989790916443
-0.1441125124692917
-0.05807029455900192
0.46043381094932556
-0.14406728744506836
-0.07736122608184814
0.26345810294151306
0.1607505977153778
-0.0937018170952797
-0.49768343567848206
-0.15448932349681854
0.5184791684150696
-0.21318385004997253
0.272809237241745
0.28521043062210083
-0.08862622082233429
-0.9024278521537781
-1.8918182849884033
2.5947165489196777
-0.07139415293931961
-3.036104440689087
2.505481004714966
-1.399976134300232
-0.287075936794281
0.6731220483779907
-0.28019946813583374
0.8153956532478333
-0.5137189030647278
-0.8172557950019836
0.9092550277709961
-0.851417064666748
0.7995578050613403
0.09400591999292374
-0.7127124071121216
-0.3188170790672302
-0.3256376385688782
0.3065911829471588
-0.5303434133529663
-0.09243778884410858
0.8265654444694519
-0.6155233383178711
-0.7133294343948364
0.7078381180763245
-0.18716788291931152
-0.15009751915931702
-0.5820549726486206
-0.30357304215431213
-0.3553239405155182
-0.14040961861610413
0.052770137786865234
0.2559301257133484
-0.6148040890693665
0.3849078118801117
0.13548120856285095
-0.6389011144638062
0.027636384591460228
-0.331682413816452
-0.36559951305389404
-0.44771188497543335
0.6554945111274719
0.23277369141578674
-0.6810290217399597
0.6288384199142456
-0.6416305303573608
0.3648911118507385
-0.4290962815284729
-0.4222272038459778
0.33218079805374146
0.1827123612165451
-0.22129373252391815
-0.56573086977005
0.2919648289680481
0.2680594027042389
-0.06520877033472061
0.29922762513160706
-0.9613405466079712
0.20663805305957794
0.12662644684314728
-0.3834993243217468
0.6546886563301086
-0.44962549209594727
0.18824738264083862
-0.5115734934806824
-1.0886776447296143
-0.06530733406543732
0.499271959066391
-0.5418307185173035
0.47748786211013794
-0.016074370592832565
-0.14826741814613342
-0.5412693619728088
0.3610118627548218
-0.14943556487560272
0.6994194984436035
-0.8824284672737122
0.39492160081863403
0.38795730471611023
-0.28257516026496887
0.24936838448047638
0.0954437255859375
0.10775335133075714
-0.5325973629951477
-0.02166895940899849
-0.35955849289894104
0.22883136570453644
0.7449761629104614
-1.2164716720581055
-0.4230308532714844
0.10442056506872177
0.15296612679958344
0.034403324127197266
0.14000801742076874
0.5208207964897156
-0.784009575843811
-0.3971516489982605
-0.17711816728115082
-0.5208042860031128
-2.7631375789642334
0.40358924865722656
0.31845584511756897
-1.7251389026641846
-0.0723457783460617
1.1357754468917847
-1.49709153175354
0.322451651096344
0.18215695023536682
-0.4996098577976227
0.2822149097919464
-0.2170778214931488
-0.1330978125333786
0.19196012616157532
0.2643621563911438
-0.21146206557750702
0.033644627779722214
-0.24015195667743683
0.017494702711701393
0.45568275451660156
0.01931753195822239
-0.38350921869277954
-0.18553701043128967
-0.3947172164916992
0.22487597167491913
-0.8318122625350952
-0.5248397588729858
1.0301568508148193
-0.07133118808269501
-0.4303625524044037
-1.2816048860549927
0.6373721361160278
0.2926827073097229
-0.2736983597278595
-0.04596036300063133
0.38305723667144775
-0.6029782295227051
-0.004885959438979626
0.15965527296066284
0.3415184020996094
0.7899382710456848
-1.5414988994598389
-0.7231636643409729
1.4569520950317383
-0.4545682966709137
-0.710149884223938
0.4774109423160553
-0.10559006035327911
0.15204039216041565
0.4638637602329254
-0.08124653995037079
-0.316419780254364
0.6660629510879517
0.21118056774139404
-0.07628123462200165
-0.0945221409201622
-0.12896056473255157
-0.15756896138191223
0.22726912796497345
0.15250174701213837
-0.663430392742157
0.33485257625579834
-0.15213151276111603
-0.550525426864624
0.9197732210159302
-0.1893497109413147
-0.2248544692993164
0.45035630464553833
0.31453007459640503
-0.22286227345466614
0.27334296703338623
0.5523468255996704
-0.19213421642780304
-0.9681820869445801
0.7202887535095215
-0.0304412841796875
-0.3242712616920471
0.1596081554889679
0.5804518461227417
0.032961584627628326
0.29819098114967346
-0.19346380233764648
0.3817387521266937
-0.31211310625076294
-0.4193238317966461
0.5762790441513062
0.12319464981555939
-0.5355731844902039
0.2413320094347
0.5902583003044128
0.022455036640167236
-0.17405657470226288
0.2402290403842926
0.4238262176513672
-0.32485345005989075
0.4204232096672058
-0.05995546653866768
-0.37230998277664185
0.40498024225234985
-0.7063056230545044
-1.956263780593872
2.6863081455230713
-0.47799354791641235
-2.318506956100464
1.6320533752441406
-0.6739916205406189
-0.9115546941757202
0.5119859576225281
-0.6540102958679199
1.1347519159317017
-0.9549373388290405
-0.5105491876602173
0.9126354455947876
-1.4519157409667969
0.6283547878265381
0.1246257796883583
-0.30937695503234863
-0.0921873077750206
-0.5603277087211609
0.3468191623687744
-0.04559364169836044
-0.44099003076553345
0.263277530670166
-0.741611123085022
0.011002731509506702
0.10323796421289444
-0.2826889157295227
-0.13297486305236816
-0.08485879749059677
-0.010678005404770374
-0.18712148070335388
-0.47999104857444763
-0.9152525067329407
0.43093451857566833
0.3323224186897278
-0.2698570191860199
-0.21903128921985626
-0.4492639899253845
0.2271297425031662
-0.05476851388812065
-0.6021073460578918
0.4293457865715027
0.6129123568534851
-0.8652494549751282
-0.03161144256591797
0.3432416021823883
-1.182370662689209
0.011590242385864258
0.5653616786003113
-0.2932965159416199
-0.581412672996521
0.0062697408720850945
-0.22618694603443146
-0.3137322962284088
-0.3728230595588684
0.13144178688526154
-0.40808480978012085
0.638124406337738
-0.8405178189277649
-0.5952610373497009
0.8395612835884094
-0.5612072944641113
0.431790828704834
-0.7789551615715027
0.17227435111999512
0.13290686905384064
-1.2800285816192627
0.703987181186676
-0.6983491778373718
-0.023590613156557083
-0.10236606746912003
0.17907151579856873
-0.02948777750134468
0.2516227662563324
-0.6484997272491455
-0.26695728302001953
0.6239162683486938
-0.3086315393447876
-0.3729011118412018
0.011546134948730469
-0.1351267546415329
0.07483530789613724
-0.16120262444019318
-0.4854952394962311
0.09819221496582031
0.21037964522838593
0.7066059112548828
-0.548348605632782
-0.04817413166165352
0.47924795746803284
-0.42411547899246216
0.01742243766784668
-0.23232188820838928
-0.02914593182504177
0.09625031799077988
-0.3697461187839508
-0.3055045008659363
0.2664695382118225
-1.1976295709609985
0.14049270749092102
-2.6863129138946533
0.5921980142593384
0.45064669847488403
-1.5235675573349
-0.22381429374217987
0.8364928960800171
-0.9226137399673462
0.23980112373828888
0.017655372619628906
-0.46296635270118713
0.02217543125152588
-0.2866903841495514
-0.05388198047876358
0.13439233601093292
0.14590521156787872
0.563778281211853
-0.6759474873542786
-0.01578834094107151
0.21136924624443054
-0.12293390929698944
-0.6404309868812561
0.8301674127578735
-0.7266691327095032
-0.10610306262969971
0.3890736401081085
-0.8677735328674316
-0.013449156656861305
0.899789035320282
-0.40043625235557556
-0.2537717819213867
-1.072143316268921
0.07765660434961319
0.23647542297840118
-0.5431245565414429
0.09153194725513458
0.08735556900501251
-0.41730690002441406
0.13861742615699768
0.17014837265014648
0.3498140275478363
0.20522141456604004
-0.5091246366500854
-0.3523610234260559
0.598167896270752
-0.6368144750595093
-0.05292220041155815
0.3938670754432678
-0.1838969737291336
-0.040299128741025925
-0.13525059819221497
0.11427243798971176
-0.5107311010360718
-0.390653133392334
0.8913153409957886
-0.3321588933467865
-0.24799486994743347
0.6753279566764832
-0.2843589186668396
0.5413531064987183
-0.36511462926864624
0.14967027306556702
0.22586877644062042
-0.21863886713981628
0.28339189291000366
-0.3325865864753723
0.17958471179008484
-0.038037024438381195
-0.29616057872772217
0.03118675947189331
0.09896701574325562
0.8037182092666626
-0.8664018511772156
0.2900875210762024
0.22777657210826874
-0.25016599893569946
0.2397221028804779
-0.24652905762195587
-0.10282385349273682
0.1305573284626007
0.21092960238456726
0.5742256045341492
-0.7229493260383606
0.1211937889456749
0.11912883818149567
0.06483249366283417
0.7582919597625732
-0.37060272693634033
-0.14939439296722412
0.2756371796131134
0.2687390446662903
-0.436856210231781
0.22275647521018982
0.07240287214517593
0.13262489438056946
-0.17312636971473694
-0.2077765017747879
0.48677533864974976
-0.2721773386001587
-0.8292217254638672
0.062055252492427826
-3.2438724040985107
3.218740940093994
0.23895063996315002
-2.5920987129211426
0.9327608346939087
-0.3065553307533264
-0.1952686607837677
1.4299877882003784
-0.2336922585964203
-0.6161783933639526
0.12982134521007538
0.38973885774612427
0.21061201393604279
-0.8146341443061829
0.8415214419364929
-0.3697623610496521
-0.0031185150146484375
0.2767392694950104
-0.13642092049121857
0.1836872547864914
-0.46845874190330505
0.2228003442287445
0.3420261740684509
-0.3939533829689026
0.3735610544681549
0.541276752948761
-0.37088170647621155
-0.6360755562782288
0.5948936343193054
0.18702097237110138
-0.8868271112442017
0.3566249907016754
0.6677058339118958
-0.844035267829895
-0.33358877897262573
0.15714511275291443
-0.13240976631641388
0.26198530197143555
-0.4334286153316498
0.2927244305610657
0.572226881980896
-0.7608023881912231
0.08169446140527725
0.5410491824150085
-1.1417170763015747
0.20965489745140076
0.07430143654346466
-0.8706275820732117
0.2769450545310974
0.3910565972328186
-0.9017459750175476
-0.08739471435546875
-0.05273900181055069
0.5794839262962341
-0.7184192538261414
0.26111674308776855
-0.2935364246368408
-0.4104599058628082
0.8979561924934387
-0.47153282165527344
-0.1293679177761078
-0.28751039505004883
0.2008686512708664
0.05671067163348198
-0.42401963472366333
-0.4638853967189789
-0.3353416323661804
0.6935937404632568
-0.8930074572563171
0.1502804309129715
0.3628339469432831
-0.42607393860816956
0.28538161516189575
-0.6912459135055542
0.10853538662195206
0.09136462211608887
-0.26813167333602905
0.2092590630054474
0.3138696551322937
-0.5605825781822205
-0.4834335446357727
-0.5055076479911804
0.18724770843982697
-0.23936478793621063
0.04134569317102432
-0.4199448525905609
0.7293269634246826
-1.0385725498199463
0.45072999596595764
-0.3803785443305969
0.08194689452648163
-0.30049699544906616
-0.14490728080272675
-0.5693217515945435
0.5916183590888977
0.9467693567276001
-1.2570247650146484
-0.11247877776622772
0.07981681823730469
-0.5270475149154663
-2.743955612182617
0.6473676562309265
0.4756833016872406
-1.8099329471588135
-0.37031349539756775
1.4530620574951172
-1.9664497375488281
0.8339387774467468
0.14760181307792664
-0.5562475323677063
0.3351595997810364
-0.5638692378997803
-0.26611265540122986
0.1924053132534027
0.06251875311136246
-0.10653714835643768
0.04550331085920334
-0.06332977861166
0.08990800380706787
-0.09242646396160126
-0.23630209267139435
-0.177303746342659
0.24806194007396698
0.12137167155742645
-0.12241733074188232
-0.8058111071586609
-0.1047540083527565
0.9985475540161133
-0.142825648188591
-0.3330158293247223
-0.9682790637016296
0.3652001917362213
0.3787054121494293
-0.7545582056045532
0.18754664063453674
0.6414071321487427
-0.35238251090049744
-0.4575255513191223
0.12659764289855957
-0.1564835011959076
-0.2646273970603943
0.4497414231300354
-0.15419194102287292
-0.1103314608335495
-0.5571677088737488
0.5938049554824829
0.013891005888581276
-0.5393235683441162
1.0036838054656982
0.2164277285337448
-0.942945659160614
0.23653122782707214
-0.048908401280641556
-0.13334794342517853
-0.282917857170105
0.27233800292015076
0.0289078988134861
-0.25048214197158813
0.1207895502448082
-0.08946423977613449
0.4234318733215332
0.41753649711608887
-0.8397585153579712
0.5707525610923767
-0.08026169240474701
-0.05163712427020073
-0.4303813874721527
0.14120304584503174
-0.12065472453832626
0.44465380907058716
-0.04110937565565109
0.05555107444524765
-0.13337832689285278
0.14952002465724945
-0.2031542807817459
0.2527865469455719
-0.32556265592575073
0.06681462377309799
0.08661492168903351
-0.4493160843849182
0.017540376633405685
-0.08606608211994171
0.3912965655326843
-0.3583992123603821
0.3741844594478607
0.29973751306533813
-0.10483549535274506
0.32572612166404724
-0.03845527768135071
-0.12918546795845032
-0.3691916763782501
0.3831745386123657
-0.21777305006980896
0.5280747413635254
-0.06928987801074982
-0.4089124798774719
0.658588707447052
0.13498814404010773
-0.19181759655475616
-0.8213858604431152
-1.7296133041381836
2.209479331970215
0.26895591616630554
-3.69744873046875
3.058727741241455
-1.2527216672897339
-1.2213815450668335
1.6141685247421265
-0.7860147356987
0.6841582655906677
-0.16359643638134003
-0.308694988489151
0.49844250082969666
-0.5322135090827942
0.2221926748752594
0.09654326736927032
-0.08857391029596329
-0.5036517977714539
0.542300820350647
-0.29541483521461487
-0.2818170487880707
-0.13710370659828186
-0.5897665619850159
0.3420109152793884
-0.11666526645421982
0.03014392778277397
-0.21612143516540527
0.8197295069694519
-0.08030204474925995
-1.0793981552124023
0.4164803922176361
0.3590904176235199
-0.683172345161438
0.906008243560791
-0.23320722579956055
-0.6420978903770447
-0.1924298256635666
0.3141549229621887
-0.3372465670108795
-0.0580991730093956
0.2726042866706848
-0.17633314430713654
0.08329782634973526
0.07276201248168945
-0.6418746113777161
0.10828080028295517
-0.28217554092407227
-0.7866055369377136
-0.019198130816221237
-0.08312158286571503
-0.05210103839635849
-0.20754185318946838
-0.01191024761646986
-0.39224013686180115
-0.11816287040710449
0.30527371168136597
-0.42169255018234253
0.422321617603302
-0.41601914167404175
-0.28426694869995117
0.06249962002038956
-0.6773456335067749
0.07680492103099823
0.05067615583539009
-0.7187799215316772
0.228254035115242
-0.5190192461013794
-0.012704705819487572
-0.2540174722671509
-0.07680745422840118
0.046567440032958984
-0.2892116606235504
-0.6679244637489319
0.12217526137828827
0.23135623335838318
-0.6484892964363098
-0.6553869843482971
-0.17504651844501495
-0.35299044847488403
0.11302299797534943
-0.7064906358718872
1.2924374341964722
0.03725380823016167
-1.0126606225967407
0.5605528950691223
-0.07923009991645813
-0.4185069501399994
-0.49040526151657104
-0.5908049941062927
0.06157032400369644
-0.3454582691192627
-0.43118542432785034
0.5321950316429138
-0.019107293337583542
-0.5905851721763611
-0.6012283563613892
0.2717224359512329
-0.04851045459508896
-1.5145483016967773
0.2602729797363281
-2.9879441261291504
0.42186737060546875
0.7560356855392456
-1.8795799016952515
-0.14195604622364044
0.8164693117141724
-1.13919997215271
-0.3145136833190918
0.231749027967453
-0.323270708322525
0.5939779281616211
-0.24160389602184296
-0.5078853964805603
0.04554199054837227
0.24353210628032684
0.4162796139717102
-0.31513023376464844
0.06458938121795654
0.09242536127567291
-0.20101988315582275
-0.10078988969326019
0.5044520497322083
-0.07566876709461212
-0.3109099268913269
0.14506366848945618
-0.5972670316696167
-0.8052434921264648
0.8983058929443359
-0.2227621078491211
0.2791179120540619
-0.20102974772453308
-0.7470664978027344
0.6341935992240906
0.5427192449569702
-1.1747814416885376
-0.5957474708557129
0.4275597035884857
-0.14038777351379395
-0.39565691351890564
0.5834054946899414
-0.01860947534441948
-0.23519781231880188
-0.48801127076148987
0.24578857421875
0.13726133108139038
-0.08279569447040558
0.24813155829906464
-0.03084043227136135
0.06742207705974579
0.11091573536396027
-0.46077680587768555
-0.23950374126434326
0.449930340051651
0.09427887201309204
-0.36184924840927124
0.4264098107814789
0.3733193278312683
-0.29332369565963745
0.19151821732521057
-0.07334699481725693
-0.5823035836219788
0.40132564306259155
-0.0916311964392662
0.0566776804625988
-0.5571891069412231
0.7250899076461792
-0.18779602646827698
-0.3731260895729065
0.2756209075450897
0.08351516723632812
0.14852075278759003
-0.016203438863158226
0.009930228814482689
0.025365089997649193
-0.11544551700353622
-0.3107950687408447
0.4703187346458435
-0.6203291416168213
0.3921363949775696
0.015175437554717064
0.7748183608055115
-1.125139594078064
0.5309334397315979
-0.3379780054092407
0.6416578888893127
0.03512392193078995
-0.2863101065158844
0.3816187381744385
-0.21055173873901367
-0.19253693521022797
0.6882376074790955
-0.5263738632202148
0.01637336052954197
-0.13484160602092743
0.557033121585846
0.2549075484275818
-0.13072457909584045
-0.14518490433692932
-0.18442735075950623
-0.7961276769638062
-2.9914746284484863
2.937636137008667
0.356056272983551
-2.4642868041992188
1.2374069690704346
-0.1528216302394867
-0.6775354146957397
0.9660124778747559
0.4479314684867859
-0.23674754798412323
-0.09287810325622559
-1.2036399841308594
0.03259430080652237
0.39042210578918457
-1.125052809715271
-0.248743936419487
0.5197650194168091
-0.32917481660842896
0.4828878939151764
-0.15065021812915802
0.405254065990448
0.1633717566728592
0.07277269661426544
-0.4484539031982422
0.4897628724575043
-0.011412573046982288
-0.4005281925201416
-0.08150811493396759
-0.03797969967126846
0.7283689379692078
-0.9785714149475098
-0.07945327460765839
0.9249488711357117
-0.8620560765266418
0.13601331412792206
0.42647773027420044
-0.4770894944667816
0.7643077969551086
-0.06995578110218048
-0.9014664888381958
0.8259674310684204
-0.23523330688476562
-0.5822171568870544
0.2093898355960846
-0.34235113859176636
0.17381945252418518
-0.5440558195114136
0.17536573112010956
0.8618423342704773
-1.0648179054260254
-0.440148264169693
0.5350433588027954
-1.4075285196304321
-0.029795074835419655
0.35882624983787537
-0.9603740572929382
0.660758376121521
0.4537367820739746
0.0745910182595253
-0.24751850962638855
-0.4552900195121765
-0.07752509415149689
0.23683762550354004
-0.7138702869415283
-0.5874695777893066
0.23631791770458221
0.3718186318874359
-0.27621525526046753
0.41018667817115784
-0.7157267332077026
-0.33822283148765564
0.4226830005645752
-0.006680273916572332
-0.6412051320075989
0.10746326297521591
0.15054364502429962
-0.8931354284286499
0.03353562206029892
0.2224629819393158
-0.30840641260147095
-0.5277940034866333
0.15039750933647156
-0.6657831072807312
0.21522478759288788
-0.3684971332550049
-0.15827837586402893
0.8111665844917297
-0.8808447122573853
0.3252754211425781
0.13300660252571106
-0.2715819180011749
-0.6555692553520203
0.8819734454154968
-0.7543457746505737
-0.38467150926589966
0.016926705837249756
0.5931895971298218
-0.04630022123456001
-0.22952480614185333
0.08664904534816742
-2.4809889793395996
1.2590575218200684
-0.2622806131839752
-1.2170476913452148
0.041777096688747406
0.5348655581474304
-1.0306549072265625
0.409755140542984
-0.07876680046319962
-0.6441742777824402
0.2998974919319153
-0.19449664652347565
-0.20232021808624268
-0.25832700729370117
0.9056220054626465
0.054633188992738724
-0.0992509126663208
-0.11467685550451279
0.17299994826316833
-0.08408248424530029
-0.025461161509156227
-0.06885717064142227
-0.0004245758173055947
-0.10979469120502472
0.23250941932201385
-1.4084081649780273
-0.0953078493475914
1.1279407739639282
-0.2551422119140625
-0.12121234089136124
-0.82765132188797
0.0029570101760327816
0.3616426885128021
-0.21922294795513153
0.025133490562438965
0.3079832196235657
-0.7154701352119446
0.373229444026947
-0.563814640045166
0.5766652226448059
0.8256334066390991
-1.1165584325790405
-0.7944260835647583
1.3229124546051025
-0.9262449145317078
-0.37948185205459595
0.886574923992157
-0.7066289186477661
0.5964924097061157
-0.22056877613067627
-0.427631139755249
-0.3648809790611267
0.19085201621055603
-0.007187915034592152
0.0006896972772665322
0.3902827501296997
0.0952308177947998
-0.08996112644672394
0.30148833990097046
0.09248266369104385
-0.03302009776234627
-0.032410550862550735
-0.19420528411865234
-0.42157453298568726
0.3933393061161041
0.2900335192680359
-0.33574798703193665
0.11804045736789703
0.12379574775695801
0.5816384553909302
-0.10494653135538101
-0.7107263207435608
0.17083121836185455
0.5888355374336243
0.0651753693819046
-0.10163161903619766
-0.027143169194459915
-0.0037273168563842773
0.26022869348526
-0.2803661823272705
0.1455174684524536
-0.4585379660129547
0.300454318523407
-0.3030572533607483
-0.42817220091819763
0.18018020689487457
0.28792256116867065
-0.5434002876281738
0.3182985782623291
0.020558495074510574
0.05467700958251953
0.365706205368042
-0.27131038904190063
0.30217939615249634
0.025136124342679977
-0.12664906680583954
0.4918288588523865
-0.0669410452246666
-0.8872349858283997
-0.4649561047554016
-1.7010643482208252
2.6614439487457275
-0.39426755905151367
-2.714174747467041
1.863612413406372
-0.8520315289497375
-0.9185647964477539
0.9460285305976868
-0.5130405426025391
0.6675215363502502
-0.42169180512428284
-0.9457843899726868
0.9976934194564819
-0.8901731371879578
0.1277056187391281
-0.27619463205337524
-0.14720316231250763
0.517035961151123
-0.5837714672088623
0.3714028298854828
-0.07563495635986328
-0.14741387963294983
0.17462663352489471
-0.48488035798072815
-0.009372949600219727
-0.04573678970336914
-0.4610958993434906
0.3067680895328522
0.029082726687192917
0.6603856086730957
0.027119874954223633
0.07711000740528107
-0.639664888381958
-0.10107421875
-0.6836577653884888
0.3189489245414734
-0.034597110003232956
-0.46256178617477417
-0.07911153137683868
0.18196415901184082
0.21777820587158203
0.5482287406921387
0.36358004808425903
-0.49521321058273315
-0.5722550749778748
-0.0752565860748291
0.22654791176319122
-0.6008275747299194
-0.12469001114368439
0.5184369087219238
0.05079078674316406
-0.7517361044883728
-0.0013641357654705644
0.1496710330247879
-0.16451358795166016
-0.3476356863975525
-0.36707544326782227
0.5993062257766724
-0.7242451906204224
-1.1569976806640625
0.2001204490661621
0.08423600345849991
0.4823477268218994
-0.9236431121826172
0.36356011033058167
-0.45681601762771606
-0.7251860499382019
1.281808853149414
0.294881671667099
-0.431913286447525
0.37312716245651245
-0.32769694924354553
0.2665659487247467
0.19971945881843567
-0.32507067918777466
0.09238331019878387
0.2613907754421234
0.6697099208831787
-1.129148006439209
-0.6367319226264954
0.1963610202074051
-0.1256207525730133
-0.1697552502155304
0.2718507945537567
-0.4046788215637207
-0.7134296298027039
0.43101853132247925
-0.8999046087265015
-0.1247049942612648
-0.562396764755249
0.1465769112110138
-0.41896915435791016
-0.28368157148361206
-0.0383044108748436
-0.7801275849342346
-0.6481462717056274
0.3489963412284851
-0.638283371925354
-1.1699817180633545
-0.01333682518452406
-3.0088281631469727
0.47873297333717346
0.712773859500885
-1.8132470846176147
0.006295680999755859
0.7902415990829468
-1.4629846811294556
0.5274437069892883
0.13212725520133972
-1.0091960430145264
0.692578136920929
-0.2815016806125641
-0.38767480850219727
0.2929137647151947
0.025186175480484962
0.2366359978914261
-0.20105235278606415
-0.23699450492858887
-0.4252246022224426
0.38033658266067505
0.24867606163024902
-0.4471896290779114
0.0699869766831398
0.08926854282617569
0.18415674567222595
-0.8240377306938171
0.07844509929418564
0.6521551012992859
-0.0922723039984703
-0.16752979159355164
-0.7638993859291077
-0.24355654418468475
1.0753806829452515
0.1525004357099533
-0.921781063079834
-0.9198828935623169
0.48582568764686584
-0.08220992237329483
-0.06371407210826874
-0.1644878387451172
0.39612433314323425
-0.023099493235349655
-0.16935260593891144
0.014013314619660378
-0.10315201431512833
0.09919553995132446
0.23465824127197266
-0.3507075905799866
0.36317697167396545
-0.9358714818954468
0.36141109466552734
0.13337640464305878
-0.4173162579536438
0.24979205429553986
-0.028368830680847168
-0.2440786361694336
0.8114523887634277
0.07553602755069733
-0.3419530987739563
0.35632386803627014
-0.5348431468009949
0.3860747218132019
0.13288633525371552
-0.18987463414669037
-0.11841043084859848
0.012839043512940407
0.06070574000477791
0.28308162093162537
0.19535601139068604
0.31711345911026
0.256649374961853
-0.1940174400806427
-0.15987621247768402
-0.37310153245925903
0.6954226493835449
0.035556815564632416
0.35180485248565674
-0.3938790261745453
0.5747133493423462
0.0022781610023230314
-0.2921569049358368
0.13870203495025635
-0.011389720253646374
0.12837781012058258
0.2752189636230469
-0.107355497777462
0.20851437747478485
0.1641516387462616
-0.09206229448318481
-0.15039505064487457
0.5837441682815552
0.13162223994731903
0.011377120390534401
0.09903590381145477
0.5236200094223022
-0.15892621874809265
0.5308732986450195
0.1111699715256691
-0.6028381586074829
-0.9226067662239075
-1.3001809120178223
2.2708380222320557
-0.5058004260063171
-2.44341778755188
1.7769830226898193
-1.361275315284729
-0.5742065906524658
1.0343809127807617
-0.22081024944782257
0.7189720869064331
-1.4706478118896484
-0.05331401899456978
0.8782068490982056
-0.3143399655818939
0.47722989320755005
0.4306486248970032
-0.2941979765892029
-0.6352531313896179
0.6129393577575684
0.007630872540175915
-0.733426570892334
0.9337003827095032
-0.5048503875732422
-0.8636341094970703
1.2972427606582642
-0.6949477195739746
-0.3710261881351471
0.911747932434082
-0.9672258496284485
-0.5331128835678101
1.0022584199905396
-0.5518061518669128
-0.25701531767845154
0.5680888891220093
-0.3575386106967926
-0.30917054414749146
-0.22586245834827423
-0.008731651119887829
0.5428456664085388
-0.45523524284362793
-1.1758592128753662
0.7865602970123291
0.7424834370613098
-0.46632033586502075
0.5974084734916687
-0.7789609432220459
-0.4087836742401123
0.7391873598098755
-0.18923549354076385
-0.2176099717617035
-0.1253526657819748
0.7073691487312317
-0.06449947506189346
-0.6788092851638794
0.019437218084931374
1.0077120065689087
0.04270367696881294
-0.5968794822692871
-0.3629745841026306
0.2628541588783264
0.2777247428894043
-0.39776450395584106
-0.38841256499290466
0.4123830199241638
0.39114436507225037
-0.11722125858068466
-0.19711217284202576
0.4771805703639984
-1.0779706239700317
0.3643038272857666
-0.06496162712574005
-0.03921165317296982
-0.10447099059820175
-0.9422069787979126
1.48281991481781
-0.7963636517524719
-0.6320441961288452
1.092484712600708
-0.34815874695777893
-0.7313328385353088
1.4354569911956787
-0.025080442428588867
-0.5445182919502258
-0.03142845630645752
-0.26092952489852905
0.10234713554382324
0.6281615495681763
-0.9978811144828796
0.06349847465753555
-0.12159629166126251
-0.28566017746925354
-0.04508413001894951
-0.07377400249242783
-0.055768728256225586
-0.22195419669151306
-0.7471745610237122
0.4538986086845398
-0.12449932098388672
0.39634186029434204
-0.23933696746826172
-2.922426223754883
0.7236436009407043
0.48339635133743286
-1.3444701433181763
-0.25413796305656433
0.6934067010879517
-0.7156990766525269
-0.2969827950000763
0.3235146701335907
-0.8556686639785767
0.34439828991889954
0.4673408567905426
-0.43579474091529846
-0.29945188760757446
0.7095116376876831
0.3724534809589386
-0.2617255449295044
-0.4442525804042816
0.06797610223293304
-0.04165613651275635
-0.09323906898498535
0.0035026906989514828
0.028269696980714798
-0.02269606664776802
-0.22769150137901306
-0.11341817677021027
-0.2815830111503601
0.4884980320930481
0.6848288774490356
-0.9821463823318481
-0.5116256475448608
0.4427982270717621
0.18966332077980042
-0.4827195107936859
0.15355224907398224
0.04816708713769913
-0.36994367837905884
0.11005592346191406
0.1981908231973648
-0.03699903562664986
0.1366654485464096
-0.49836722016334534
0.010792231187224388
0.4426299035549164
-0.7233320474624634
0.07598523795604706
0.2983134090900421
-0.21137769520282745
0.3116234540939331
0.09243302047252655
0.02548196353018284
0.42442670464515686
-0.4052232801914215
-0.6370843648910522
0.7648397088050842
-0.032413460314273834
-0.07627953588962555
0.2218199223279953
-0.26207754015922546
0.05300133302807808
0.5043020248413086
-0.6488023996353149
0.2288447618484497
-0.038319181650877
-0.12226343154907227
0.15394079685211182
0.17465826869010925
0.24653621017932892
-0.3904663622379303
0.16501384973526
-0.2105323076248169
-0.1038799062371254
0.27244502305984497
-0.04266088083386421
-0.37343651056289673
0.25349804759025574
-0.21736650168895721
0.010347574949264526
0.35912051796913147
-0.2533875107765198
-0.016588261350989342
-0.30881476402282715
0.09978245198726654
-0.2721828520298004
0.4840584695339203
0.19633951783180237
-0.22382600605487823
-0.0840233787894249
0.08227698504924774
-0.1794908344745636
-0.063571497797966
0.7148500680923462
-0.11237361282110214
0.13129447400569916
-0.39567428827285767
0.065345898270607
0.0939863920211792
-0.12475569546222687
-0.7317723631858826
-0.5656784772872925
-1.3166353702545166
3.0221219062805176
-1.076377511024475
-2.011024236679077
2.0828230381011963
-1.213018774986267
-1.0705922842025757
0.9113430976867676
-0.43248486518859863
1.1421468257904053
-1.609779715538025
-0.6575838327407837
0.8964678645133972
-0.9836077690124512
-0.10401935875415802
0.17235760390758514
-0.4344506859779358
-0.020142937079072
-0.2653837502002716
0.19770999252796173
-0.7209686040878296
-0.11471281200647354
0.4564831852912903
-0.5375813245773315
0.19552478194236755
0.05359353870153427
-1.0990995168685913
0.3827269673347473
0.13972115516662598
0.14646263420581818
0.04937744140625
-0.1096181869506836
-0.3356202244758606
0.1710529774427414
-1.0600742101669312
0.6408611536026001
0.29314619302749634
-0.2513425946235657
0.26265960931777954
0.19313201308250427
-0.39019814133644104
0.003326940583065152
-0.12003250420093536
0.17555031180381775
-0.559941291809082
-0.5523998737335205
0.6930957436561584
-0.8332633972167969
-0.39463701844215393
0.6414194703102112
-0.5589026212692261
-0.19742393493652344
-0.3173340857028961
-0.35157400369644165
0.10493607819080353
0.3944590985774994
-0.5923031568527222
-0.5015237927436829
-0.02291431464254856
-0.47879719734191895
0.09039993584156036
0.16932129859924316
0.1721053123474121
-0.17924968898296356
-0.4040365219116211
0.3279739022254944
-0.3264666199684143
0.27845555543899536
0.27977144718170166
-0.20955033600330353
-0.5097647905349731
-0.359292209148407
0.44420355558395386
-0.2902195453643799
0.5851448178291321
-0.06476006656885147
-0.7000789642333984
0.07189328968524933
-0.062035419046878815
-0.709365963935852
0.11241026222705841
0.1875864565372467
-0.8292852640151978
0.6283228993415833
-0.1832975596189499
0.08136346191167831
0.46829503774642944
-0.3163769245147705
-0.2709541916847229
0.8727017641067505
-0.7286229133605957
-0.8273221254348755
0.6942600011825562
0.44041767716407776
-0.2879449129104614
-0.020346498116850853
0.22343435883522034
-0.06284593045711517
-0.38424545526504517
-0.22459428012371063
-3.154183864593506
0.8855401277542114
0.8744081258773804
-1.6386104822158813
-0.36564385890960693
1.4165513515472412
-1.4883211851119995
0.08838117122650146
-0.07791278511285782
-0.2968357801437378
0.2439635992050171
-0.4607243537902832
-0.3731762766838074
0.5082610845565796
0.3233450949192047
0.22406554222106934
-0.20191368460655212
0.1541653424501419
0.19623680412769318
-0.5847886800765991
0.23530754446983337
-0.009700750932097435
-0.08137007057666779
-0.1366376429796219
-0.12013494968414307
-0.2871255874633789
-0.33316951990127563
0.439592182636261
0.4034585952758789
-0.8315809965133667
-0.7507403492927551
0.3309916853904724
0.05832090228796005
-0.3697071671485901
0.1402285397052765
-0.21618537604808807
-0.45139774680137634
-0.00993499718606472
0.39630869030952454
-0.12656351923942566
0.08999638259410858
-0.5405421853065491
-0.6056118011474609
0.1781739741563797
-0.3609873652458191
0.4810923933982849
0.16388282179832458
-0.2654578685760498
0.20009717345237732
-0.034224677830934525
-0.5640841722488403
0.38468462228775024
-0.4883534014225006
0.3167848587036133
-0.05747950077056885
-0.5123158693313599
0.5689637064933777
0.11284856498241425
-0.2551999092102051
-0.19366316497325897
-0.42482203245162964
0.4433968663215637
-0.3817996382713318
0.18206028640270233
0.4374485909938812
-0.8602167963981628
0.4586474299430847
0.19722893834114075
-0.18141567707061768
0.5374777317047119
-0.3552161455154419
0.4240923821926117
-0.38214200735092163
-0.1789340078830719
0.4606095850467682
-0.3096490800380707
0.1802072525024414
-0.08717334270477295
0.0894506424665451
0.1541815549135208
-0.07273075729608536
-0.8508392572402954
0.6719003319740295
0.5199620723724365
-0.5248595476150513
0.7308624386787415
0.24700672924518585
-0.19078880548477173
-0.10026079416275024
0.6968185901641846
-0.12770207226276398
-0.007720875553786755
-0.13831916451454163
0.11480778455734253
0.21884620189666748
0.02880462445318699
-0.06790153682231903
-0.45042476058006287
-0.8291224241256714
-0.6281511783599854
-2.3207075595855713
2.8862085342407227
0.7851582765579224
-2.8449363708496094
0.7933114767074585
-0.06646132469177246
-0.9021478891372681
1.7176096439361572
-0.3925543427467346
-0.12573660910129547
-0.3017374277114868
-0.0968572124838829
-0.02847261354327202
0.30449333786964417
-0.2550152838230133
0.16137471795082092
0.36275702714920044
-0.14911885559558868
-0.4193074703216553
0.16775456070899963
0.2865440249443054
-1.069023609161377
-0.10804104804992676
0.32148033380508423
-0.40615296363830566
-0.1886126548051834
0.22053594887256622
-0.5925315022468567
0.23102784156799316
0.13187894225120544
-0.5174859762191772
0.15273714065551758
-0.3044646382331848
-0.1798054277896881
-0.8202791213989258
-0.028151988983154297
0.12904462218284607
-0.1604115068912506
-0.4717290997505188
-0.5791370868682861
0.06823639571666718
0.10060486942529678
0.09242582321166992
0.16368909180164337
-0.7573744058609009
0.27774471044540405
0.336275190114975
-0.4618057608604431
0.20270013809204102
-0.2922742962837219
-0.48602861166000366
0.9056252241134644
-0.1239684596657753
0.5520442724227905
-0.31994128227233887
-0.3534775674343109
0.8412947654724121
-0.17287006974220276
0.454925537109375
-0.11254382133483887
-0.17936238646507263
-0.23160190880298615
0.9605199098587036
0.3033337891101837
-0.9503137469291687
0.48044461011886597
0.18078605830669403
-0.443488746881485
0.11977119743824005
0.24465537071228027
-0.5426782369613647
-0.17345227301120758
0.2934608459472656
-0.707255482673645
-0.15281710028648376
0.9020906686782837
-0.8286834955215454
0.25644269585609436
0.2569967806339264
-0.22146224975585938
-1.2867162227630615
0.5492663979530334
0.3614913523197174
-0.5142499208450317
-0.16253283619880676
0.2437763214111328
-0.103457011282444
0.34266752004623413
-0.3113127648830414
0.2245926409959793
-0.9639266729354858
0.9651700258255005
-0.3971587121486664
-0.40113574266433716
0.717136800289154
0.1078551784157753
-0.2693915069103241
0.48973244428634644
-0.6212354898452759
-0.22057752311229706
-2.761801242828369
0.9434210658073425
0.7661056518554688
-2.155001163482666
0.3228515386581421
1.3607051372528076
-1.5869596004486084
0.134052112698555
0.13537034392356873
-0.7120559215545654
0.8756014108657837
-0.10988903045654297
-0.24280042946338654
-0.08134062588214874
0.27505022287368774
-0.15822485089302063
0.3488316237926483
-0.0984068363904953
-0.0466245636343956
0.3746258616447449
-0.3229140341281891
-0.06104025989770889
-0.21515107154846191
0.15186233818531036
-0.261025607585907
-0.28293576836586
-0.3655702471733093
0.5311028361320496
-0.3046506941318512
0.1419573724269867
-0.21004149317741394
-0.024042893201112747
0.4302332401275635
0.8581418991088867
-1.1211236715316772
-0.3600563108921051
0.942408561706543
-0.3434928059577942
-0.0862884521484375
0.2114170491695404
0.07641869783401489
-0.2970021367073059
-0.3476414978504181
1.1574548482894897
-0.2768068313598633
-0.42038989067077637
0.6550557017326355
0.39013323187828064
0.1332663744688034
-0.3859315514564514
-0.11449982970952988
-0.11554980278015137
0.366788774728775
-0.08743157237768173
-0.3490428030490875
-0.16575689613819122
0.11056430637836456
0.07735500484704971
0.3460840880870819
-0.17232057452201843
-0.34127089381217957
0.632205605506897
-0.3900667428970337
0.14812469482421875
0.13380885124206543
-0.7672089338302612
0.5589533448219299
0.43577057123184204
-0.574770987033844
0.22488713264465332
0.4441449046134949
-0.5616054534912109
0.2048884928226471
0.10623534023761749
-0.1372479498386383
0.549124538898468
-0.6002870798110962
0.24434666335582733
0.3570686876773834
0.2259901762008667
-0.04663419723510742
-0.4071173667907715
0.5452666878700256
-0.17416183650493622
0.019597124308347702
-0.1985686719417572
0.16426703333854675
-0.07076308876276016
-0.2517309784889221
-0.24266090989112854
0.31795865297317505
0.41528064012527466
-0.32672563195228577
-0.2515232264995575
-0.3104938268661499
0.5789109468460083
-0.5166104435920715
0.3559415340423584
-0.7583605051040649
-0.33466166257858276
-1.7057517766952515
2.7817306518554688
-0.708179771900177
-2.326172351837158
1.9701061248779297
-0.7585152387619019
-1.2488129138946533
0.7439020872116089
0.05361495167016983
0.09430251270532608
0.24973225593566895
-1.1752970218658447
0.5556004047393799
-0.3188398480415344
-0.24768710136413574
0.4320369362831116
0.07654185593128204
-0.7931906580924988
0.5443242192268372
0.16066503524780273
-0.45712146162986755
0.030240535736083984
-0.08161421120166779
-0.24229244887828827
0.3486718237400055
-0.44788727164268494
-0.09882903099060059
0.07274866104125977
-0.20823749899864197
-0.21555447578430176
0.21290740370750427
-0.2369399070739746
-0.1819804608821869
0.5639141798019409
-0.3151021897792816
0.19302920997142792
0.28716808557510376
-0.5366253852844238
-0.4697529673576355
0.10513949394226074
0.3127918243408203
-0.069820836186409
-0.27862992882728577
0.3612540364265442
-0.4850826859474182
-0.9021595120429993
0.0691775307059288
0.7448481321334839
-0.5287830829620361
0.5123685598373413
-0.9377630352973938
0.16920995712280273
0.38981181383132935
-0.3426671028137207
-0.5127412676811218
0.1837269812822342
-0.367962509393692
-0.0008483409765176475
-0.05299816280603409
0.03483777120709419
0.1306784600019455
0.3724777102470398
-0.6873122453689575
-0.10054735839366913
0.5463191866874695
-0.5583415031433105
0.391232430934906
-0.15805499255657196
-0.11622755229473114
0.20990319550037384
0.1493494063615799
0.5085357427597046
0.12916681170463562
-0.3555840849876404
0.0626642256975174
-0.27859851717948914
-0.017593717202544212
0.628677248954773
0.45762085914611816
-0.8277419805526733
0.46969074010849
-0.6923877596855164
-0.382625550031662
0.6748689413070679
-0.45967403054237366
0.029367828741669655
-0.02915504015982151
-0.24815085530281067
0.7890328168869019
-0.09276731312274933
-0.25533026456832886
-0.07714872062206268
-0.20573976635932922
-0.41661161184310913
0.3304751515388489
-0.5756494402885437
-0.28877246379852295
0.40184029936790466
-0.3229813575744629
-0.5468462705612183
-3.0089828968048096
0.5898100733757019
0.679240882396698
-1.5654494762420654
-0.4182296693325043
1.3272809982299805
-1.3752729892730713
0.4473322033882141
0.6617670059204102
-0.9192302823066711
-0.07821695506572723
-0.01054835319519043
-0.3518432676792145
0.20242710411548615
-0.10997729003429413
0.25035232305526733
0.12116129696369171
-0.25154146552085876
0.064175084233284
-0.2783657908439636
-0.5921699404716492
0.5034347772598267
-0.03703336790204048
-0.5340511202812195
0.11460240185260773
-0.19001027941703796
-0.5688689947128296
0.8797879219055176
0.2653592526912689
-0.6575689315795898
-1.2634600400924683
0.2603507936000824
0.4668329656124115
0.3535316586494446
-0.6196423768997192
0.33651798963546753
-0.09251140058040619
-0.15207938849925995
-0.07657527923583984
0.22020861506462097
0.9733994603157043
-1.3388698101043701
-0.7613040208816528
1.2255374193191528
-0.794003963470459
-0.3631097078323364
0.7579331398010254
-0.27736300230026245
0.7263539433479309
0.28494396805763245
-0.558976948261261
0.16929557919502258
-0.4436623454093933
0.49022212624549866
-0.2997073531150818
-0.18497629463672638
0.8148094415664673
-0.5692251324653625
0.2750028967857361
0.3741869330406189
-0.1685512363910675
0.32754984498023987
-0.49703454971313477
-0.1184752956032753
0.2815570533275604
0.2566949427127838
-0.5541006326675415
0.07461364567279816
-0.08774107694625854
-0.04534350708127022
0.4000159204006195
0.00954748410731554
0.13284902274608612
-0.1631501168012619
-0.11057928949594498
0.9471288919448853
-0.5291084051132202
0.20966510474681854
0.0408661849796772
-0.19247271120548248
0.5393005609512329
0.19345203042030334
-0.06898417323827744
-0.25718286633491516
0.15706470608711243
0.34629327058792114
-0.4023931920528412
0.5931158065795898
-0.04287702962756157
-0.40786656737327576
0.29315122961997986
0.591981828212738
-0.5994102358818054
-0.09085045009851456
0.09740312397480011
0.42925459146499634
0.05967641621828079
-0.2477370798587799
0.13350827991962433
