0.20536081492900848
0.20536081492900848
0.7474547624588013
0.7267036437988281
-1.101401925086975
-0.10696902126073837
0.772847056388855
0.38360804319381714
-0.24775540828704834
-0.2037726640701294
0.5389179587364197
0.385831743478775
-0.056302595883607864
0.13640627264976501
-0.11049942672252655
0.6624107360839844
0.008429360575973988
-0.058994125574827194
0.3895454704761505
0.16702289879322052
0.03468930721282959
0.10205908119678497
-0.031063342466950417
0.5291458368301392
0.11869542300701141
-0.02986888960003853
-0.22293849289417267
0.2257702350616455
0.3532394766807556
0.027454089373350143
-0.09478697925806046
0.5196149945259094
0.0796971321105957
-0.14814968407154083
0.09487390518188477
0.25720763206481934
0.18089409172534943
-0.11628448963165283
-0.04416618496179581
0.32677483558654785
0.03213505819439888
-0.3145691454410553
-0.06591153144836426
0.17935141921043396
-0.16244609653949738
0.0515405647456646
0.09191501140594482
-0.37105876207351685
0.15297237038612366
0.156476691365242
-0.04674830287694931
-0.07717464119195938
-0.21593502163887024
-0.15809869766235352
0.2908797264099121
0.09560303390026093
0.15950922667980194
-0.24879679083824158
-0.39492377638816833
0.301819771528244
-0.18923251330852509
-0.4047117233276367
0.3889539837837219
-0.06294937431812286
0.0794096440076828
0.15039817988872528
-0.13556231558322906
-0.5373040437698364
-0.46979960799217224
0.423439085483551
-0.0798116996884346
-0.027817536145448685
-0.47999829053878784
0.28526538610458374
0.13390971720218658
-0.33842167258262634
-0.04609110206365585
-0.5225988626480103
0.44082680344581604
-0.33847108483314514
-0.24980902671813965
0.2377953827381134
-0.14311005175113678
-0.4443392753601074
0.20473256707191467
0.27115169167518616
-0.41874903440475464
-0.11533725261688232
0.4098353385925293
-0.565138041973114
-0.2480226755142212
0.5394019484519958
-0.14906582236289978
-0.5462068319320679
-0.025436604395508766
0.25155505537986755
-0.13061432540416718
-0.35965967178344727
-0.0036666870582848787
0.16145142912864685
-0.0737200528383255
-2.1150686740875244
3.339338779449463
-5.083880424499512
4.874205589294434
-1.3445886373519897
-1.34915030002594
0.4648366868495941
0.8584669232368469
-0.22793813049793243
-0.2931554317474365
0.18725161254405975
-0.11526675522327423
0.07974991947412491
0.01943368837237358
-0.16202525794506073
-0.07470693439245224
0.27332794666290283
-0.24110546708106995
0.14077600836753845
0.23361125588417053
-0.37176600098609924
0.26794832944869995
0.051516342908144
-0.2437562197446823
0.17292439937591553
0.06111602857708931
-0.06462307274341583
-0.005391955375671387
0.05841374397277832
0.027821112424135208
0.03472156450152397
-0.2180156707763672
0.14731113612651825
0.34292131662368774
-0.25436049699783325
-0.02457146719098091
0.10913145542144775
-0.058782387524843216
0.030892133712768555
-0.0562029592692852
0.1946941316127777
-0.04810700565576553
-0.015977049246430397
-0.299518883228302
0.0038150548934936523
0.26200076937675476
0.049054957926273346
-0.09610185772180557
0.0102548124268651
0.06690903007984161
-0.2721703052520752
0.04742169380187988
0.06862938404083252
-0.19098639488220215
-0.12522682547569275
-0.17189183831214905
0.09556613117456436
-0.08202986419200897
0.09967644512653351
0.06905293464660645
-0.49962180852890015
0.04647855833172798
0.14059272408485413
-0.6063427925109863
0.4508191645145416
-0.17430534958839417
0.31695303320884705
0.1719232052564621
0.21250486373901367
-0.34023594856262207
0.058708954602479935
-0.16608743369579315
-0.21810464560985565
-0.09205689281225204
0.30197328329086304
0.1128639206290245
-0.20523586869239807
-0.1213223934173584
0.0986562967300415
-0.2966582179069519
0.01537256222218275
0.06533455848693848
0.01403794251382351
0.2553899884223938
0.19430403411388397
-0.07960853725671768
0.26470643281936646
-0.11304035037755966
0.4360450208187103
-0.08796443790197372
-0.3893374800682068
0.10026469081640244
-0.37245243787765503
0.19517776370048523
0.17502065002918243
0.5145601630210876
-0.2725507616996765
-0.4274504780769348
0.23161335289478302
0.047179508954286575
-0.045166682451963425
2.9938790798187256
-1.3463538885116577
1.0760905742645264
1.6959435939788818
-0.7996194362640381
-0.0015480041038244963
0.46482381224632263
-0.22308385372161865
0.5221467018127441
0.04316525533795357
0.35474473237991333
-0.2453571856021881
0.46426716446876526
0.06568725407123566
-0.032420337200164795
-0.06804080307483673
0.5261999368667603
0.2009470909833908
0.2536783218383789
-0.40365663170814514
0.18159706890583038
0.25280728936195374
0.41948240995407104
-0.1849566251039505
0.43031054735183716
0.1290576010942459
0.05618399381637573
-0.23945550620555878
0.2138807326555252
0.1586625874042511
-0.06553385406732559
0.20166364312171936
0.5497852563858032
-0.2949938178062439
0.11146821826696396
-0.19540221989154816
0.4093889594078064
-0.26803046464920044
0.29809558391571045
0.07663671672344208
-0.19677381217479706
-0.0662039965391159
0.425606906414032
-0.4869912564754486
0.4270222783088684
-0.025743532925844193
0.25964999198913574
-0.10109341144561768
-0.34018582105636597
0.37138277292251587
0.02548227272927761
-0.23179273307323456
0.002655243966728449
0.3552851676940918
-0.22374646365642548
-0.06272342056035995
0.32983216643333435
-0.49320101737976074
0.10571682453155518
-0.2220155894756317
-0.11445419490337372
0.04145457595586777
-0.21314701437950134
0.09282417595386505
0.04231307655572891
-0.10574901103973389
-0.21994733810424805
0.13508394360542297
-0.12212137132883072
-0.026592278853058815
-0.17048217356204987
-0.04237715154886246
0.1667850762605667
-0.1287141740322113
-0.18823032081127167
-0.05927528068423271
-0.38585183024406433
0.36212992668151855
0.04315425828099251
-0.5152647495269775
0.5452795624732971
-0.460472047328949
-0.23590870201587677
0.16423878073692322
0.03970485180616379
-0.2112732231616974
-0.5049042701721191
0.6919173002243042
-0.3757126033306122
-0.3683434724807739
-0.008240735158324242
-0.10839797556400299
0.4240036606788635
-0.5315021276473999
0.34193533658981323
0.18789169192314148
-0.4224770665168762
0.09370908886194229
-0.16392037272453308
0.3379741609096527
0.1796085387468338
-2.084181547164917
-1.0543454885482788
3.7317824363708496
-3.550488233566284
0.9202359914779663
0.7782689332962036
-0.45115384459495544
-0.2104581892490387
0.3814137578010559
0.22317716479301453
-0.25397998094558716
-0.13806971907615662
0.1627407968044281
0.25969386100769043
-0.24232320487499237
-0.10736098140478134
0.1567496359348297
0.08711747825145721
-0.21558162569999695
0.21641314029693604
0.2073199450969696
0.03366599231958389
-0.18836864829063416
-0.05682864040136337
-0.08013202995061874
0.4451470375061035
-0.04020543023943901
-0.15824127197265625
-0.0265471450984478
0.09228873252868652
0.09769229590892792
-0.40048956871032715
-0.010578012093901634
0.0553647056221962
0.21792404353618622
-0.12908205389976501
0.056981515139341354
0.06875386089086533
0.0825522392988205
0.08513589203357697
0.006617927458137274
0.11240701377391815
0.28651341795921326
0.08280882984399796
0.03575325012207031
0.12531161308288574
-0.2617728114128113
0.07272901386022568
0.1426469385623932
0.28068071603775024
-0.17102137207984924
0.2081301212310791
0.14200560748577118
0.055785585194826126
0.21791306138038635
-0.023766780272126198
0.07904889434576035
0.3673188090324402
-0.06796083599328995
-0.1418103724718094
0.27935314178466797
-0.002615976380184293
0.14002077281475067
0.001079607056453824
0.028013229370117188
0.17842228710651398
-0.14337214827537537
0.23325257003307343
-0.298648476600647
0.11913027614355087
-0.164343923330307
0.044621776789426804
0.04767801612615585
-0.16706833243370056
0.06392283737659454
0.06022753566503525
0.21744084358215332
0.2350728064775467
-0.4742310643196106
0.13396184146404266
-0.015388536266982555
-0.12792456150054932
0.35811907052993774
0.39696094393730164
-0.04155395179986954
0.2867625653743744
-0.31705042719841003
0.43498659133911133
0.20165114104747772
0.18467584252357483
0.2563154101371765
-0.034209538251161575
-0.26940447092056274
0.10150251537561417
0.07788610458374023
-0.0019893168937414885
0.4876022934913635
-0.14476124942302704
-0.08644862473011017
3.2612080574035645
-1.2450544834136963
0.9834450483322144
1.5513192415237427
-0.6719592213630676
0.16166852414608002
0.8156102895736694
-0.031123146414756775
0.31260210275650024
-0.2751178443431854
0.41465598344802856
0.32491424679756165
-0.07889991998672485
0.4264902174472809
-0.01282460056245327
-0.07340534031391144
0.4475679397583008
0.19511979818344116
-0.19865702092647552
0.41800060868263245
0.1268511712551117
0.017583703622221947
0.08140208572149277
0.2874474823474884
0.04213414341211319
0.13016922771930695
0.12432501465082169
0.3038920760154724
-0.1856120079755783
0.4506349563598633
-0.32641342282295227
-0.02609715424478054
0.20732064545154572
-0.009782886132597923
-0.08227510750293732
0.3589932918548584
-0.3640154004096985
-0.07764603942632675
0.30200833082199097
-0.018720578402280807
-0.42445117235183716
0.45626702904701233
-0.034575533121824265
-0.14843766391277313
-0.07663615047931671
-0.09792623668909073
0.2149176299571991
-0.2743646502494812
-0.11958227306604385
0.3153059184551239
-0.42881274223327637
-0.09189896285533905
0.05179901048541069
0.2666875422000885
-0.4285600185394287
0.18941786885261536
0.16491904854774475
-0.05163011699914932
-0.30315911769866943
-0.39601340889930725
0.7075164318084717
0.16893038153648376
-0.7237540483474731
-0.40652742981910706
0.18992359936237335
0.24290211498737335
0.04202766343951225
-0.04638729244470596
-0.17346587777137756
0.030453085899353027
-0.24289827048778534
0.09936435520648956
0.020669590681791306
-0.08888845890760422
-0.400238037109375
-0.027560900896787643
0.10103098303079605
0.12690165638923645
-0.05279301851987839
-0.13373421132564545
-0.5646711587905884
0.02412189170718193
0.14863178133964539
0.01962416246533394
-0.21013548970222473
-0.4902988374233246
0.19752226769924164
0.48146048188209534
-0.7273517847061157
-0.4377521574497223
0.25815021991729736
-0.048531673848629
-0.340848833322525
0.11227941513061523
0.0833708867430687
-0.5202938318252563
-0.16490550339221954
0.49935221672058105
0.30728235840797424
-0.18958225846290588
-0.14971108734607697
-1.9050133228302002
2.6294846534729004
-1.7110801935195923
-0.08073700219392776
-0.394987016916275
0.24913999438285828
0.20746049284934998
-0.09372629970312119
0.09441552311182022
0.14008811116218567
-0.07726959884166718
0.03336811065673828
0.14386644959449768
-0.18464115262031555
0.4096807837486267
0.06577996909618378
-0.2537234127521515
0.1816401481628418
0.04922499507665634
-0.21848078072071075
0.20740768313407898
-0.11207342147827148
-0.0235106460750103
0.10335893929004669
-0.015083789825439453
-0.1531614363193512
0.06355960667133331
0.3282390534877777
-0.17446894943714142
-0.0863567367196083
0.011883544735610485
-0.015143394470214844
0.01665797270834446
0.31728339195251465
0.008240079507231712
-0.2719372808933258
0.1137150302529335
0.2256249487400055
-0.19407148659229279
-0.09357404708862305
0.13295984268188477
0.1287752091884613
0.10807657241821289
-0.055890463292598724
-0.05944838374853134
0.048682164400815964
-0.03524432331323624
0.04090404510498047
0.2652292549610138
0.10752613842487335
0.25934499502182007
0.14092645049095154
-0.09491334110498428
-0.01287169475108385
0.2642095983028412
-0.0012174129951745272
0.19995102286338806
0.13219232857227325
0.004767560865730047
-0.5137162208557129
0.32036009430885315
0.14469623565673828
0.14276809990406036
-0.25846171379089355
0.3214500844478607
0.023754501715302467
0.09804575145244598
0.23458370566368103
0.22215470671653748
0.1132822036743164
-0.2010207623243332
0.0844530314207077
-0.17804698646068573
-0.1419259011745453
0.05325346067547798
-0.0373990535736084
0.3706046938896179
-0.1837003231048584
-0.20303086936473846
0.04148693010210991
0.06490764766931534
-0.20062938332557678
0.5975126028060913
0.2961469292640686
-0.05285363271832466
-0.3295356333255768
-0.03305869176983833
0.4678248465061188
-0.2240685522556305
0.11371453106403351
0.23935744166374207
-0.2678036689758301
-0.2495872974395752
0.5315214991569519
-0.031093263998627663
-0.0692080482840538
0.18044891953468323
0.2580931782722473
0.007389926817268133
3.189173698425293
-0.42909756302833557
0.8206080198287964
0.902088463306427
-0.45267611742019653
0.312063068151474
0.4077226519584656
-0.009729355573654175
0.14089970290660858
0.40105247497558594
0.40122851729393005
-0.0955701470375061
0.08348242938518524
0.19914641976356506
0.28660279512405396
-0.16763117909431458
0.2621791958808899
0.415116548538208
0.05977815389633179
-0.043982911854982376
-0.0007755756378173828
0.4946872293949127
0.11222610622644424
0.37897011637687683
0.10762281715869904
0.10838210582733154
0.09736023098230362
0.04366657882928848
0.13813526928424835
0.16706359386444092
0.10450825840234756
0.07831712067127228
0.18799260258674622
-0.15405595302581787
0.03376815468072891
-0.029269766062498093
0.1390877068042755
0.25182482600212097
-0.35142701864242554
0.0481811985373497
0.2959343194961548
0.028348136693239212
0.09139598906040192
-0.4240064024925232
0.34240326285362244
-0.051740504801273346
-0.1728660762310028
-0.28872615098953247
0.162190243601799
0.682986855506897
-0.5309558510780334
-0.46665602922439575
0.6095898151397705
-0.25230687856674194
-0.33965444564819336
0.15264472365379333
-0.019374322146177292
-0.14876845479011536
-0.009961175732314587
-0.14392420649528503
-0.45127326250076294
0.348759263753891
-0.5458689332008362
0.05901601165533066
0.15025851130485535
-0.21020498871803284
-0.017309080809354782
-0.3065434992313385
0.15427766740322113
0.01170419156551361
-0.03965732455253601
-0.5929862260818481
0.23897357285022736
-0.1496083289384842
-0.10489263385534286
0.01992161013185978
-0.47869211435317993
0.3028133511543274
-0.11116547882556915
-0.34152451157569885
0.08043409883975983
-0.044829145073890686
0.21293863654136658
-0.619566798210144
0.48706895112991333
-0.16163544356822968
-0.8075106739997864
0.5850456357002258
0.305885374546051
-0.7472708225250244
-0.1266375184059143
0.16718927025794983
0.07949046045541763
-0.32921338081359863
0.04629972577095032
0.24907025694847107
-0.6377917528152466
0.23520317673683167
0.07827345281839371
0.5165567398071289
0.054160021245479584
-2.398484468460083
-0.5119956731796265
3.2570297718048096
-3.113028049468994
0.5405182838439941
1.018610954284668
-0.5387500524520874
-0.3499830365180969
0.5381676554679871
0.19079050421714783
-0.3059707283973694
0.2428540736436844
-0.14376644790172577
0.05147058889269829
-0.018732285127043724
0.24050967395305634
-0.26375362277030945
0.26330626010894775
-0.25250935554504395
-0.05915253236889839
0.26802247762680054
-0.28603118658065796
0.19239728152751923
0.2458069771528244
0.05080747604370117
-0.18367476761341095
0.01775503158569336
-0.00014901161193847656
0.09511919319629669
-0.1595306396484375
-0.0729287639260292
-0.1814621388912201
0.29924291372299194
-0.35361117124557495
0.010366057977080345
0.029701899737119675
0.01676015928387642
0.26704803109169006
0.09215883910655975
-0.26244455575942993
-0.045751310884952545
0.18010196089744568
-0.10774364322423935
-0.11316029727458954
-0.09533143043518066
0.00957498513162136
0.23548445105552673
-0.2946937084197998
-0.05403802543878555
0.32412877678871155
-0.09531960636377335
-0.43135786056518555
0.09814278781414032
0.37261471152305603
-0.4024079740047455
0.10850758850574493
-0.25745001435279846
-0.05697755888104439
0.18840959668159485
0.2847379744052887
-0.15178339183330536
-0.09105565398931503
0.25461044907569885
-0.1636701077222824
-0.043061304837465286
0.1494748890399933
-0.05691438913345337
-0.001257228897884488
0.24319656193256378
-0.13731512427330017
0.15298116207122803
0.1380494087934494
-0.3264688551425934
-0.09026773273944855
0.03346223756670952
-0.2765577435493469
0.08481033146381378
-0.2658996284008026
-0.13002271950244904
0.25577884912490845
-0.43106189370155334
0.4121416211128235
0.3307468295097351
0.05318651348352432
-0.21926259994506836
0.3181688189506531
-0.20023974776268005
0.008582544513046741
-0.07011713832616806
-0.04393415525555611
-0.10053153336048126
0.0229947566986084
0.7516449093818665
-0.16927547752857208
-0.004387521650642157
0.07731757313013077
-0.31066179275512695
-0.17377355694770813
0.1895284205675125
2.879991054534912
-0.9840829968452454
0.972355842590332
1.4293920993804932
-0.3502112329006195
-0.21177248656749725
0.5318928360939026
0.4561060965061188
0.4674738347530365
-0.3082848787307739
0.27733755111694336
0.4920455813407898
-0.04912319779396057
-0.012013387866318226
0.430040180683136
0.12009348720312119
-0.06053109094500542
0.3600021004676819
0.287212073802948
0.0005787372356280684
0.1613166332244873
0.13939495384693146
0.28408151865005493
0.0032219409476965666
0.2936345934867859
0.28102466464042664
0.014534736052155495
0.025947261601686478
-0.014543389901518822
0.6881486177444458
-0.37138238549232483
0.018062353134155273
0.05446267127990723
0.4069886803627014
-0.022942448034882545
0.1946469098329544
-0.20055779814720154
0.3560311198234558
-0.029302382841706276
-0.267721027135849
0.46495357155799866
-0.16412465274333954
0.2250075340270996
0.00031082628993317485
0.023645590990781784
-0.22513553500175476
-0.07971696555614471
0.4972798228263855
-0.4736873507499695
0.149277925491333
0.3301042914390564
-0.41762876510620117
-0.04233724996447563
0.1443733423948288
-0.33276399970054626
-0.16304440796375275
0.7677210569381714
-0.7332867383956909
-0.09168441593647003
-0.1643976867198944
0.031221652403473854
-0.0690108984708786
0.521470308303833
-0.7428014278411865
-0.005434202961623669
0.41618815064430237
-0.5570834279060364
0.02907932922244072
0.2037309855222702
-0.6960568428039551
0.437295138835907
-0.2240046262741089
-0.2672276794910431
0.04920314624905586
0.20897483825683594
-0.35212770104408264
-0.28524479269981384
0.34904927015304565
0.20815114676952362
-0.6138322353363037
0.2418714463710785
-0.3412780463695526
0.464954674243927
-0.5724684596061707
-0.08023317158222198
0.055377472192049026
-0.15411773324012756
-0.24184861779212952
0.03482818603515625
0.19371894001960754
-0.2418735772371292
-0.28318721055984497
0.04486069828271866
-0.04537218064069748
-0.10136686265468597
0.22949373722076416
-0.6044628620147705
0.1006767526268959
0.42190879583358765
0.08549060672521591
-0.31464633345603943
-1.7087173461914062
2.915046215057373
-2.0838301181793213
-0.24872657656669617
-0.13242657482624054
0.3761366009712219
-0.0500982291996479
-0.0398128516972065
-0.1903417557477951
0.5647137761116028
-0.372600257396698
0.2221885621547699
0.07730881869792938
-0.1581839621067047
0.11705298721790314
0.1332051306962967
-0.06264229118824005
0.21582965552806854
-0.2584901750087738
-0.052802037447690964
0.36729955673217773
-0.4031848907470703
-0.12028989940881729
-0.2207232415676117
0.5695517063140869
-0.061215780675411224
-0.1377873420715332
0.02378528192639351
-0.009971189312636852
0.18853087723255157
-0.30454596877098083
0.1317310333251953
0.04900193214416504
-0.028340578079223633
-0.01862616464495659
0.10515608638525009
0.28637903928756714
0.01354203186929226
-0.009667825885117054
-0.08304710686206818
-0.09348902851343155
0.08031459152698517
0.02425370179116726
-0.17759525775909424
0.3168380558490753
0.1787266731262207
-0.22234615683555603
-0.07152943313121796
-0.25743311643600464
0.1177273765206337
0.1135173812508583
-0.2591274380683899
0.10106072574853897
0.008025264367461205
0.00565757742151618
-0.20797717571258545
0.16818837821483612
-0.1259905844926834
0.04311871528625488
0.007841920480132103
-0.10689308494329453
0.20342835783958435
-0.26680535078048706
-0.23255765438079834
0.21435704827308655
0.01725637912750244
-0.1597551554441452
-0.04127667099237442
0.042878009378910065
0.18749265372753143
-0.0039182426407933235
-0.11901338398456573
-0.1474219560623169
0.08822288364171982
0.15332159399986267
-0.053162433207035065
0.20737680792808533
0.10942523181438446
-0.05469994619488716
0.21534433960914612
0.24544668197631836
-0.2628137469291687
0.017304087057709694
0.012302970513701439
0.7612366676330566
-0.4465065896511078
0.23933370411396027
-0.2671731412410736
0.16362079977989197
-0.33670374751091003
0.031473733484745026
0.21509131789207458
0.07474765926599503
-0.48981255292892456
0.5177764892578125
0.028899574652314186
0.22991403937339783
-0.33484989404678345
-0.016196345910429955
3.2186667919158936
-1.0907206535339355
0.9220670461654663
1.2410836219787598
-0.4764769673347473
-0.056800197809934616
0.6224499344825745
0.002095091389492154
0.25591686367988586
0.01543800812214613
0.5764248967170715
0.15302203595638275
0.15834707021713257
-0.16975881159305573
0.04070534557104111
0.4090766906738281
-0.01764657534658909
0.0873173251748085
0.48382559418678284
-0.06768065690994263
0.004185986705124378
0.325245201587677
0.11728422343730927
0.2847408354282379
0.20784184336662292
-0.1121377944946289
0.19997982680797577
0.2859582304954529
0.0646064281463623
0.010709571652114391
-0.01393747329711914
0.3860839903354645
-0.25975754857063293
0.4478535056114197
-0.29600730538368225
0.45758265256881714
0.005736636929214001
-0.40056294202804565
0.6970269083976746
-0.2877095937728882
-0.13291850686073303
-0.03292634338140488
0.1432197540998459
0.1746455878019333
0.13411247730255127
-0.2783903479576111
-0.20222899317741394
0.31462448835372925
-0.22859852015972137
0.22149309515953064
-0.44192129373550415
0.18062111735343933
-0.031962085515260696
0.34116417169570923
-0.3862455487251282
-0.003057885216549039
0.4226412773132324
-0.39795106649398804
0.08918680995702744
-0.16682782769203186
0.09421692043542862
-0.5495375394821167
0.7223087549209595
-0.1520136147737503
-0.11663307994604111
-0.32209405303001404
0.11903474479913712
-0.02076399326324463
-0.4074167311191559
0.48812776803970337
0.0382564440369606
-0.5818735957145691
-0.062233008444309235
0.1937120407819748
-0.14085927605628967
-0.17554354667663574
0.13981077075004578
0.04929988831281662
-0.15238405764102936
-0.437608540058136
-0.032037924975156784
0.3538714349269867
-0.34362372756004333
-0.4179918169975281
0.41079679131507874
-0.2186451405286789
-0.37945929169654846
0.43376073241233826
-0.4737623631954193
-0.43578091263771057
0.2641463279724121
-0.15410736203193665
0.17468993365764618
-0.4155072271823883
-0.3432062268257141
0.2775267958641052
-0.024878526106476784
0.13707447052001953
-0.4715977609157562
0.3807327151298523
0.041352272033691406
-2.1338295936584473
3.489126205444336
-2.4834847450256348
-0.5254256725311279
-0.33180102705955505
1.1078624725341797
-0.27821826934814453
-0.4637049734592438
0.09092948585748672
0.5108872652053833
-0.4617847800254822
-0.06757979094982147
0.06584105640649796
0.20782335102558136
0.025861740112304688
-0.4707697033882141
0.2992459237575531
0.1866159439086914
0.09281744807958603
0.09186132252216339
0.2058103084564209
0.09419431537389755
-0.30743613839149475
0.16423678398132324
0.06696663051843643
0.13074135780334473
-0.16978183388710022
0.18983042240142822
-0.1517179310321808
-0.08427052199840546
0.2020118683576584
-0.5640979409217834
0.2844211757183075
0.26734796166419983
-0.18636111915111542
-0.0941062942147255
0.16671228408813477
0.14098858833312988
-0.19611525535583496
-0.06072387844324112
0.11328134685754776
-0.09361352771520615
0.1695679873228073
0.15660449862480164
-0.34150490164756775
0.16459326446056366
0.22093626856803894
0.08832285553216934
0.21744556725025177
-0.16731595993041992
-0.06626317650079727
0.31469422578811646
-0.23683008551597595
-0.10146722942590714
0.08620824664831161
-0.1342075765132904
0.1897520124912262
-0.24486637115478516
-0.13346004486083984
0.2273043692111969
0.021332120522856712
0.20586803555488586
-0.051184892654418945
0.031327296048402786
-0.11083249747753143
-0.06929659843444824
-0.057126689702272415
0.07033248245716095
0.04490232467651367
0.19991007447242737
0.09200339019298553
-0.2832244336605072
-0.062215425074100494
0.09697277843952179
0.17639049887657166
-0.17237791419029236
0.1309541016817093
-0.03534545749425888
0.24199791252613068
-0.10815703868865967
-0.24800920486450195
-0.27639085054397583
-0.07363786548376083
-0.1806047409772873
-0.2840278744697571
-0.013338017277419567
-0.14859148859977722
0.4741572439670563
-0.07796895503997803
-0.24531197547912598
0.30106547474861145
0.22973215579986572
-0.0068094730377197266
-0.2553098797798157
-0.04171314090490341
0.08063902705907822
0.08787264674901962
-0.35452800989151
0.23721560835838318
3.1110966205596924
-1.1388375759124756
1.0148451328277588
1.3245471715927124
-0.6674319505691528
0.030169406905770302
0.6527634263038635
0.22128137946128845
0.05224796012043953
0.19944682717323303
-0.04842153564095497
0.09853855520486832
0.46326422691345215
-0.15731500089168549
0.1033477634191513
0.15576377511024475
0.43389376997947693
-0.1892312914133072
0.4492383599281311
-0.022261714562773705
0.16973058879375458
0.26013630628585815
-0.21331742405891418
0.4612569808959961
-0.33364197611808777
0.39222773909568787
-0.14203950762748718
0.04307074472308159
0.3238261640071869
0.14578399062156677
-0.30682429671287537
-0.29754123091697693
0.4489445090293884
0.058658577501773834
0.03634600713849068
0.12072505801916122
-0.2000563144683838
0.4689534306526184
0.11961109936237335
-0.15621371567249298
-0.3733416497707367
0.4541706144809723
0.0837772861123085
-0.5439034700393677
0.019917821511626244
0.2654882073402405
0.05227308347821236
-0.4178912043571472
0.1436796933412552
-0.17379622161388397
-0.2223845273256302
-0.23935170471668243
0.24306435883045197
0.20794646441936493
-0.19467949867248535
-0.12187235057353973
-0.19830310344696045
0.005415105726569891
0.1513831913471222
-0.5701014399528503
0.37024250626564026
0.16152767837047577
-0.016619950532913208
-0.5260094404220581
0.5056853294372559
-0.5841577649116516
0.17860983312129974
-0.07280993461608887
-0.20314164459705353
0.17360082268714905
0.048367902636528015
-0.5400427579879761
-0.029990602284669876
0.2640300691127777
-0.4946025013923645
0.1434357613325119
-0.1947346180677414
-0.2417922019958496
0.30937135219573975
0.10282804816961288
-0.06931743770837784
-0.6120250225067139
0.02896333858370781
-0.3526136875152588
-0.205185204744339
0.23940448462963104
-0.4800952970981598
0.26796600222587585
0.07062540203332901
-0.8494596481323242
0.3122856318950653
0.12556326389312744
-0.15735013782978058
0.11725647747516632
-0.37010592222213745
-0.25538119673728943
-0.013099360279738903
0.5416127443313599
-0.5680367350578308
0.6626940369606018
-1.374819040298462
0.42004260420799255
-2.762446880340576
3.6615805625915527
-2.3545634746551514
0.7062641978263855
0.41194453835487366
-0.1857409030199051
-0.1370704174041748
0.11620786041021347
0.24356913566589355
-0.30474376678466797
0.06224203109741211
-0.108250692486763
0.25811558961868286
-0.10072068870067596
-0.15887241065502167
0.2120765894651413
-0.006843519397079945
0.11455591022968292
-0.042696379125118256
0.2294173687696457
0.20796194672584534
-0.15291519463062286
0.20894627273082733
-0.05459122732281685
0.0036450386978685856
0.1664106845855713
0.1245802640914917
-0.32127293944358826
0.06725237518548965
0.21270599961280823
-0.10347609221935272
0.20883171260356903
0.21877212822437286
-0.20132961869239807
0.01339335460215807
-0.028576279059052467
-0.06635351479053497
0.3178808391094208
0.03955822065472603
-0.007587432861328125
0.03277721256017685
-0.01778125762939453
0.15787437558174133
-0.016219783574342728
0.353989839553833
-0.2895767092704773
0.014206886291503906
0.02612142637372017
0.14858989417552948
-0.13740377128124237
0.09728050231933594
-0.17021188139915466
-0.17995743453502655
0.0896453857421875
0.10468258708715439
-0.09594640880823135
0.48719921708106995
-0.2748664319515228
-0.04040227085351944
0.3611532151699066
-0.05821643024682999
0.19058366119861603
-0.17330583930015564
0.18517832458019257
0.15940746665000916
-0.14229536056518555
0.32614773511886597
0.026038598269224167
-0.1112155169248581
-0.11402435600757599
0.18321117758750916
-0.27075839042663574
0.27777010202407837
0.2402486354112625
-0.10878977924585342
-0.28930050134658813
0.0765906572341919
0.23350811004638672
-0.17726798355579376
0.10517659038305283
-0.006825947668403387
0.25738734006881714
-0.49663883447647095
-0.002042150590568781
0.3730732798576355
-0.10429873317480087
-0.35680168867111206
0.23009856045246124
0.08711008727550507
-0.29889416694641113
-0.4777512550354004
0.2660558819770813
0.05256349965929985
-0.24076905846595764
-0.020283127203583717
0.21182997524738312
0.5708146095275879
0.9536815881729126
1.8467251062393188
-1.6367785930633545
2.127901077270508
1.529462456703186
-1.5117950439453125
0.1776842325925827
1.1659172773361206
-0.3657934069633484
0.3665766716003418
0.04173567146062851
0.18845465779304504
0.17488867044448853
0.08737443387508392
0.35564565658569336
0.04745125770568848
-0.14033842086791992
0.7533666491508484
-0.021741818636655807
0.38974228501319885
-0.037245143204927444
-0.14449456334114075
0.12299247086048126
0.6618973016738892
-0.3761958181858063
-0.13979968428611755
0.37812942266464233
0.24808235466480255
0.19187256693840027
-0.07656469196081161
0.11268606036901474
-0.05826172977685928
0.7100023031234741
-0.25024881958961487
-0.5221302509307861
0.5268553495407104
0.2336108386516571
-0.38889631628990173
-0.16733518242835999
0.5916888117790222
-0.0849524512887001
-0.453380286693573
0.45326295495033264
-0.3038516044616699
0.24819841980934143
-0.12591703236103058
-0.06476013362407684
0.10163883864879608
0.12476589530706406
-0.5280424356460571
0.05943460389971733
0.26205340027809143
-0.04195213317871094
-0.2879229784011841
0.3272986114025116
-0.10417463630437851
-0.12857627868652344
-0.340525358915329
0.0892709270119667
0.26650935411453247
-0.33006781339645386
-0.3052586019039154
0.1738598644733429
-0.16419760882854462
-0.034445762634277344
-0.2425858974456787
-0.04930225759744644
-0.28500428795814514
0.274234414100647
-0.43045344948768616
-0.003964615054428577
0.1692574918270111
-0.10532213747501373
0.15082642436027527
-0.4586149752140045
-0.325473427772522
0.11182522773742676
0.09370648860931396
-0.47273939847946167
0.18167731165885925
0.14483217895030975
-0.33228951692581177
0.009363156743347645
-0.2891739010810852
-0.24349848926067352
0.2965695559978485
-0.04314054176211357
-0.004726326558738947
-0.6951271891593933
-0.13993749022483826
0.397197961807251
-0.4533287584781647
-0.3351350426673889
0.06472370773553848
-0.12142902612686157
0.3005656599998474
-0.3533861041069031
-0.44714635610580444
0.5174169540405273
-0.283992737531662
-0.5919638872146606
-0.04431719705462456
0.9770816564559937
-1.1100194454193115
-0.8662702441215515
0.5237725377082825
0.4491071105003357
-0.3316420614719391
0.010648059658706188
-0.3373008072376251
0.3792794644832611
0.032692886888980865
-0.10718066990375519
0.12722823023796082
-0.04115910455584526
0.021637344732880592
-0.052335310727357864
-0.14122995734214783
-0.2325933277606964
0.1337556093931198
-0.10206866264343262
-0.07796935737133026
0.24997512996196747
-0.3025027811527252
0.0657624751329422
-0.249294713139534
0.33698153495788574
-0.04699993133544922
-0.009054231457412243
-0.03820366784930229
0.17821624875068665
-0.12295375019311905
-0.17007513344287872
0.2216387242078781
0.15686587989330292
-0.4937865734100342
0.25161921977996826
0.12401805073022842
-0.41200488805770874
0.21739229559898376
0.04015073925256729
0.05844001844525337
-0.10133357346057892
-0.24615588784217834
0.01424250565469265
0.14433178305625916
0.1665370762348175
-0.06429405510425568
0.14608092606067657
0.029392147436738014
0.2216533124446869
-0.017710160464048386
-0.09625029563903809
0.014633512124419212
0.1393187791109085
0.1175781711935997
-0.28108468651771545
0.29235148429870605
-0.10915293544530869
0.053005266934633255
0.08080363273620605
0.14483614265918732
0.03084731101989746
-0.009788846597075462
-0.03938903659582138
0.3197239637374878
-0.21192100644111633
0.18047356605529785
0.14172175526618958
-0.22310654819011688
-0.02798175811767578
0.322151243686676
-0.0009572982671670616
-0.02113976515829563
-0.18430562317371368
0.07080487906932831
-0.03732643276453018
-0.048363782465457916
0.17840507626533508
-0.05658440664410591
0.2586058974266052
0.1071656197309494
0.08763277530670166
-0.14103245735168457
0.2141038477420807
0.031317900866270065
-0.16302771866321564
0.1938473880290985
0.1028614491224289
-0.052343033254146576
0.08020520210266113
-0.020560551434755325
0.23099961876869202
0.22346225380897522
-0.47286492586135864
0.45160865783691406
0.16547437012195587
-0.20070108771324158
0.5179696679115295
-0.20263567566871643
-0.488060861825943
3.2434723377227783
-1.1508405208587646
0.6278993487358093
1.6764436960220337
-0.2676853835582733
-0.2750207483768463
0.6570924520492554
0.08294473588466644
-0.08481617271900177
0.07491020858287811
0.2255590707063675
0.3858467638492584
0.24498562514781952
-0.04280121996998787
-0.040795110166072845
0.21189454197883606
0.35782158374786377
-0.06145031377673149
-0.2576802372932434
0.5231726765632629
0.13191811740398407
0.3324541449546814
-0.1820959597826004
-0.08574306964874268
0.4325990676879883
0.19710898399353027
0.37122029066085815
-0.30984988808631897
0.1683889627456665
0.08026017993688583
-0.07787623256444931
0.24549689888954163
0.010649466887116432
0.15564334392547607
-0.3421938121318817
0.46894922852516174
-0.4087393283843994
0.5741852521896362
-0.12200269848108292
-0.22524699568748474
0.28509584069252014
-0.2217850685119629
0.09921369701623917
-0.07558050006628036
0.3030347228050232
-0.2865874469280243
-0.09880314022302628
0.2149064540863037
0.32796603441238403
-0.6978040933609009
0.3818851411342621
0.10697591304779053
-0.7257109880447388
0.391070693731308
0.38334596157073975
-0.5333281755447388
0.20026123523712158
-0.13079150021076202
0.14841410517692566
-0.7025397419929504
0.32345062494277954
0.07113702595233917
-0.5171331167221069
0.05649606138467789
-0.20098288357257843
-0.19727809727191925
0.2768784463405609
-0.5897395610809326
-0.05152100324630737
-0.05709519982337952
-0.19877798855304718
0.25549060106277466
-0.41273173689842224
0.3420869708061218
-0.2351275384426117
-0.2996349036693573
-0.010876750573515892
0.033565960824489594
0.04727939888834953
-0.4955653250217438
-0.07021010667085648
0.1820608675479889
-0.2153705656528473
-0.03128979355096817
-0.5354081988334656
0.002942204475402832
-0.0318627804517746
0.18999330699443817
-0.48272818326950073
-0.08765481412410736
0.11329102516174316
0.12739980220794678
-0.38339468836784363
-0.2554052174091339
0.3362424373626709
-0.3743900954723358
-0.16646474599838257
0.19012120366096497
-0.35352689027786255
0.4366987347602844
-1.1552088260650635
0.406012624502182
-2.45404314994812
2.8448173999786377
-1.4529062509536743
0.1497994214296341
0.1681826114654541
0.08475122600793839
0.2556914687156677
-0.2664029002189636
0.2079896181821823
-0.21175339818000793
0.16794534027576447
0.17426595091819763
0.22895702719688416
-0.06524538993835449
0.01535019837319851
-0.03403260558843613
0.09880433231592178
-0.12951889634132385
0.09320559352636337
0.2679073214530945
-0.24011607468128204
0.029855776578187943
0.0384395606815815
0.02149837091565132
0.017680764198303223
0.1635793149471283
-0.15882477164268494
0.06961800903081894
0.027025246992707253
0.22663860023021698
-0.04794301837682724
0.3089274764060974
0.14379839599132538
-0.25317293405532837
0.004864311311393976
-0.08277299255132675
0.10860824584960938
0.03515269607305527
-0.08131174743175507
-0.059164952486753464
-0.1362578421831131
0.35881319642066956
0.08591695129871368
-0.01890087127685547
0.16407480835914612
-0.12771257758140564
0.1813630610704422
0.02704467810690403
-0.07751593738794327
0.23792901635169983
-0.2243831604719162
0.28373512625694275
-0.02257361449301243
-0.029747772961854935
-0.3525291085243225
-0.1835123747587204
-0.0033520697616040707
-0.006518745329231024
0.09006509929895401
-0.2771192491054535
0.2423510104417801
0.20497150719165802
-0.3922150135040283
0.14058539271354675
-0.04320202022790909
0.2187213897705078
-0.22732987999916077
-0.01117177028208971
0.14228717982769012
-0.022031735628843307
-0.03780989721417427
-0.15936879813671112
-0.38020485639572144
-0.02382516860961914
0.3708188235759735
-0.07752823829650879
-0.010042858310043812
0.17522092163562775
-0.1440361738204956
-0.08134408295154572
0.2062668800354004
0.36398187279701233
-0.1776096373796463
-0.17900553345680237
-0.14377644658088684
0.09132780879735947
0.05208618566393852
0.33130961656570435
-0.04601333290338516
0.004374718759208918
0.12812232971191406
0.006035900209099054
0.3285592496395111
-0.007457303814589977
0.5024407505989075
0.6621637940406799
0.01728339120745659
1.2514464855194092
1.5658435821533203
-1.7758041620254517
2.6354470252990723
1.417362928390503
-1.5414021015167236
0.30302873253822327
0.8505823016166687
-0.38009506464004517
0.3725522458553314
0.26859092712402344
-0.22876182198524475
0.4036891460418701
0.15250363945960999
0.2874912619590759
-0.09588689357042313
-0.06813059747219086
0.2796313166618347
0.0493016354739666
0.27451857924461365
0.28157150745391846
0.18316853046417236
0.09545548260211945
0.1917816698551178
0.07902932167053223
-0.21121597290039062
0.10693120956420898
0.393646240234375
0.1311035454273224
0.17436666786670685
-0.08535628020763397
-0.24285981059074402
0.4082435667514801
0.19376473128795624
-0.25939279794692993
-0.3079725205898285
0.40886157751083374
0.06435570865869522
-0.1384936273097992
-0.030753087252378464
-0.11788535118103027
-0.04252142831683159
0.008131956681609154
0.07863519340753555
-0.1886051595211029
0.4268403947353363
-0.3661596179008484
0.2186141461133957
-0.20084938406944275
0.23223081231117249
0.24570564925670624
-0.611391544342041
0.07551641762256622
0.14555279910564423
0.1772661954164505
-0.07209470123052597
-0.330269992351532
0.040960025042295456
-0.18025624752044678
0.4630768895149231
-0.4408494532108307
-0.3859332799911499
0.16134576499462128
0.16960379481315613
-0.3899008631706238
-0.0022994517348706722
0.12539327144622803
-0.44895902276039124
-0.10653660446405411
0.05271918699145317
-0.2022819072008133
-0.06295079737901688
-0.041120853275060654
-0.2557985782623291
-0.1135295182466507
-0.6532429456710815
0.6140556931495667
-0.24636805057525635
0.38247063755989075
-0.33014506101608276
-0.5516442060470581
0.31495556235313416
0.05824960395693779
-0.4250555634498596
-0.17985303699970245
0.0060354238376021385
-0.12034483253955841
0.4867594242095947
-0.7894253730773926
0.22564110159873962
-0.22997374832630157
-0.1593925654888153
-0.11483059823513031
0.25912052392959595
-0.5512300729751587
0.08685515075922012
0.47927817702293396
-0.27235373854637146
0.1334948092699051
-0.72278892993927
0.8150062561035156
-0.04457893222570419
-2.164355516433716
3.6618199348449707
-2.631761074066162
-0.32053273916244507
-0.3300137519836426
1.1962682008743286
-0.1366361677646637
-0.5301067233085632
-0.022376656532287598
0.655918300151825
-0.0893089771270752
-0.28135672211647034
0.10628068447113037
-0.03969902917742729
-0.006943225860595703
-0.08622860908508301
0.01105642318725586
0.11698722839355469
-0.05123920366168022
-0.1016177162528038
-0.07156934589147568
0.10181162506341934
0.1626259982585907
0.07221007347106934
0.14596059918403625
0.12739615142345428
-0.44652557373046875
0.3111933767795563
0.12553200125694275
0.013139104470610619
-0.02982797659933567
0.13668659329414368
0.14214424788951874
-0.15352539718151093
0.014725208282470703
-0.2649407982826233
0.12257397174835205
0.08032665401697159
-0.17052945494651794
0.09129321575164795
0.1383088380098343
-0.2914585471153259
0.18716585636138916
0.2083970010280609
-0.04444477707147598
0.16920287907123566
-0.2688862383365631
0.24777460098266602
-0.05550108104944229
-0.12467537075281143
0.357407808303833
-0.1589541882276535
-0.1515686959028244
-0.20690543949604034
0.17166940867900848
0.2604878544807434
-0.20332638919353485
0.19491782784461975
-0.07166571915149689
-0.24650701880455017
0.124018095433712
0.06026487424969673
0.23417691886425018
0.1502780020236969
0.030682753771543503
-0.23556900024414062
0.291427344083786
0.14909854531288147
-0.08605370670557022
-0.06358637660741806
0.07622523605823517
0.01955542527139187
-0.06847534328699112
-0.2460184097290039
0.08088264614343643
-0.03266196325421333
-0.03503308445215225
-0.06563396751880646
0.006113672163337469
0.553135097026825
-0.17035813629627228
0.1550174206495285
0.3053862154483795
0.09013786166906357
-0.08000240474939346
-0.07178177684545517
0.06105499342083931
-0.066855289041996
-0.05358550697565079
0.25098222494125366
0.242269366979599
0.09455108642578125
0.11169085651636124
-0.10855002701282501
0.28654178977012634
-0.05917017534375191
0.16378048062324524
0.23380649089813232
-0.23410844802856445
3.239133358001709
-1.2188221216201782
0.985949695110321
1.2161405086517334
-0.384052574634552
0.07227039337158203
0.4216618537902832
-0.15134908258914948
0.5544567704200745
-0.0685480386018753
-0.06187177821993828
0.45619019865989685
0.19096265733242035
-0.037943173199892044
0.20915882289409637
-0.18162252008914948
0.09613654762506485
0.389559805393219
-0.059220097959041595
0.07625460624694824
0.21254566311836243
0.2847621440887451
0.07374191284179688
-0.33804234862327576
0.45977678894996643
0.42254599928855896
-0.35812216997146606
-0.06428666412830353
0.19475869834423065
0.10741595923900604
-0.023675179108977318
0.0700298324227333
0.13777169585227966
0.17404988408088684
-0.27594679594039917
0.289360374212265
0.24405017495155334
-0.2753468155860901
-0.09120281040668488
0.019507933408021927
-0.1534147560596466
0.16084372997283936
-0.0034333704970777035
-0.15597037971019745
0.27915868163108826
-0.02176804468035698
-0.38349416851997375
0.1508379429578781
-0.2608373165130615
0.3531762361526489
-0.37143611907958984
0.3252384662628174
-0.4918766915798187
-0.2695150375366211
0.37187495827674866
-0.006906533148139715
-0.49152904748916626
0.5228594541549683
-0.2724631428718567
0.001234340714290738
-0.24712631106376648
0.020464111119508743
0.09899334609508514
-0.31152990460395813
-0.15172258019447327
0.04784231260418892
0.09201721101999283
-0.18171365559101105
0.12277189642190933
-0.2647395730018616
0.006817269138991833
-0.12724898755550385
0.08668120205402374
-0.02220761589705944
-0.47302207350730896
0.30918818712234497
-0.0016011714469641447
0.11101363599300385
-0.4737645089626312
-0.2811955213546753
0.4336093068122864
-0.39768877625465393
-0.10904902219772339
0.15986937284469604
-0.5505386590957642
0.23915889859199524
-0.29512640833854675
0.4386634826660156
-0.6520015001296997
0.08289162814617157
0.005393707659095526
-0.2667052149772644
0.22353990375995636
-0.35926133394241333
-0.11593328416347504
0.3060697019100189
-0.5672744512557983
0.15780386328697205
-0.09331516921520233
0.5169081687927246
-0.15471792221069336
-2.392451047897339
3.6884684562683105
-2.3884353637695312
0.0016331181395798922
-0.696740984916687
0.9481765627861023
-0.07853331416845322
-0.5146876573562622
0.3207367956638336
0.5331056714057922
-0.4148384630680084
-0.2527729868888855
0.36982446908950806
-0.00294649600982666
-0.18558326363563538
0.14584314823150635
0.0033147812355309725
0.21712350845336914
-0.06145987659692764
-0.10014128684997559
-0.04985976219177246
0.3247753977775574
-0.1118803471326828
-0.10051245987415314
0.12009932845830917
-0.12944860756397247
0.03987522050738335
-0.10141201317310333
0.11527998745441437
0.03709423542022705
0.09296727180480957
0.037041593343019485
0.009889340028166771
0.13026873767375946
-0.04463348537683487
-0.004068231675773859
0.09991888701915741
0.02162184752523899
0.2187730371952057
-0.15530066192150116
0.3649546205997467
0.22585518658161163
0.004742288496345282
-0.18227329850196838
0.20632711052894592
-0.09665503352880478
0.15282657742500305
-0.16654391586780548
0.009541893377900124
-0.16848230361938477
0.05378298833966255
0.32432451844215393
0.10637617111206055
-0.022046755999326706
0.09412636607885361
-0.20916691422462463
-0.1826692521572113
0.4276024401187897
0.0017256736755371094
-0.14710453152656555
0.12203998863697052
0.2570095956325531
-0.3257518410682678
-0.037151385098695755
0.40926074981689453
0.1896727979183197
-0.07075972855091095
-0.0949726551771164
-0.24569182097911835
-0.029749155044555664
0.27742189168930054
0.1633199155330658
-0.3278508186340332
0.2907416820526123
-0.20670399069786072
-0.004767131991684437
0.1851321905851364
-0.16593699157238007
-0.005351829342544079
-0.142878919839859
0.30780377984046936
0.14680707454681396
-0.0565248504281044
-0.03722073882818222
0.12297029793262482
0.010903549380600452
0.35509783029556274
-0.3947332799434662
-0.5048106908798218
0.32581958174705505
-0.14609451591968536
0.3625989854335785
-0.21932780742645264
-0.1798793077468872
0.032772064208984375
0.06000032275915146
0.1656171828508377
-0.1891603022813797
1.087996244430542
2.0096495151519775
-1.4618806838989258
2.2146358489990234
1.229449987411499
-1.3303419351577759
0.3671667277812958
0.8482456207275391
-0.20289909839630127
0.2446625679731369
0.33909156918525696
-0.2761748433113098
0.08647610992193222
0.29213276505470276
0.18451622128486633
0.3230094611644745
-0.18288594484329224
-0.014087652787566185
0.264980286359787
-0.049544382840394974
0.33909985423088074
-0.030204523354768753
-0.05382091924548149
0.43009600043296814
-0.07380757480859756
0.16447558999061584
0.41441911458969116
-0.23261794447898865
0.10738398879766464
0.17208008468151093
-0.029031086713075638
-0.43241530656814575
0.6193873286247253
-0.17163746058940887
0.10289869457483292
0.3484753370285034
-0.6270030736923218
0.7119905948638916
-0.2413589209318161
0.12823352217674255
0.03132028505206108
-0.16182906925678253
0.19286885857582092
0.01630988158285618
-0.18768735229969025
0.07222791016101837
0.390043705701828
-0.5305622220039368
0.030745744705200195
0.30852240324020386
-0.5097115635871887
-0.14547701179981232
0.313241571187973
-0.10018770396709442
0.04904906824231148
-0.44452452659606934
0.35050374269485474
-0.09660148620605469
0.1399722844362259
0.04350318759679794
-0.10915353149175644
-0.25885432958602905
-0.22056742012500763
0.218846395611763
-0.08109096437692642
-0.26368385553359985
0.3900962173938751
-0.26597923040390015
-0.41145676374435425
0.2331518679857254
-0.44184747338294983
0.07537399232387543
-0.04357120394706726
0.10061611235141754
-0.5961828827857971
-0.23933927714824677
0.6527692079544067
-0.3115219175815582
-0.42369717359542847
0.32958316802978516
-0.13242927193641663
-0.43926405906677246
0.08740242570638657
0.013813218101859093
0.09937296062707901
-0.7972040772438049
0.5357374548912048
-0.2015337198972702
-0.18986472487449646
-0.03895782306790352
0.010831725783646107
-0.06889770925045013
-0.22050729393959045
0.023740720003843307
0.0029796957969665527
-0.24060878157615662
0.056655026972293854
-0.3508899509906769
0.11327271163463593
-0.23230890929698944
0.40632420778274536
-1.104501485824585
0.553655207157135
1.4277276992797852
-2.5050227642059326
0.3512951135635376
-0.3550083339214325
0.8637107610702515
-0.2754538953304291
-0.13543471693992615
-0.034066248685121536
0.3954614996910095
-0.2609873414039612
0.05472121387720108
-0.006073713302612305
0.08048923313617706
0.17821168899536133
-0.1133231669664383
-0.2665256857872009
0.12838706374168396
0.2974141240119934
-0.11757393181324005
-0.4343879818916321
0.3035328984260559
-0.01659565046429634
-0.005888032726943493
0.25577181577682495
0.1279585361480713
-0.2281864583492279
0.006609010510146618
0.06472089141607285
-0.0047969818115234375
-0.2551761567592621
0.1257050335407257
0.0031249523162841797
0.0874824970960617
0.20299410820007324
-0.295546293258667
-0.10243091732263565
0.2722153961658478
0.17963838577270508
0.07151088863611221
-0.1938931941986084
0.0978400707244873
0.16607467830181122
0.09061050415039062
-0.1912291944026947
-0.28135403990745544
0.14926178753376007
0.33696597814559937
-0.22232194244861603
-0.1150999516248703
0.1598050892353058
0.22943830490112305
0.14744706451892853
-0.14825448393821716
-0.12568989396095276
0.1836676299571991
-0.01667914353311062
-0.18152928352355957
0.35455241799354553
-0.3917829096317291
0.22940678894519806
-0.15884900093078613
0.22224955260753632
0.017937039956450462
0.18436220288276672
-0.20450623333454132
0.1761442869901657
0.17084960639476776
0.1243676170706749
0.4483793377876282
-0.1602644920349121
0.08806035667657852
0.14855699241161346
-0.34288984537124634
0.016080761328339577
-0.09924592822790146
-0.04026331752538681
-0.011584758758544922
0.11938075721263885
0.1682780236005783
0.08957071602344513
-0.14154043793678284
-0.07989053428173065
0.10719618946313858
0.1457434445619583
-0.07557797431945801
-0.2701319754123688
0.25470346212387085
0.0029724598862230778
-0.12064502388238907
0.16281947493553162
-0.07732276618480682
0.01074838638305664
-0.06573911011219025
0.08691394329071045
0.06127960607409477
-0.08080766350030899
0.5860400199890137
-0.1915801465511322
3.252370834350586
-1.1824153661727905
0.9047260284423828
1.203757882118225
-0.49595704674720764
0.1449691206216812
0.2810458540916443
0.22124381363391876
0.03257012367248535
0.20338478684425354
0.07461460679769516
0.27364975214004517
-0.13849171996116638
0.0737055316567421
0.49682608246803284
-0.1293376237154007
0.15771540999412537
0.3350222706794739
0.09764134883880615
0.04836994409561157
0.2691696286201477
0.067268967628479
0.2017400711774826
0.009626316837966442
0.04296731948852539
-0.1448226273059845
0.5995446443557739
-0.2615697383880615
-0.09992651641368866
0.4829649031162262
0.11894629150629044
-0.1735047549009323
-0.048577211797237396
-0.03153378888964653
0.5413729548454285
-0.19149938225746155
-0.5948672294616699
0.7600560784339905
0.08267209678888321
-0.10783994197845459
-0.269523948431015
0.28170332312583923
-0.013031721115112305
0.058922816067934036
0.03190789371728897
-0.006739282514899969
0.023939967155456543
-0.062375593930482864
-0.07363586127758026
0.24509087204933167
-0.1445024460554123
0.13872595131397247
-0.3191075325012207
0.31132227182388306
-0.20224006474018097
0.35166990756988525
-0.6874877214431763
0.22692100703716278
0.31981873512268066
-0.2269553691148758
-0.3672019839286804
0.3606315851211548
-0.156666561961174
0.0861251950263977
-0.29042157530784607
0.08512310683727264
0.030110156163573265
0.16031233966350555
0.07231118530035019
-0.346289724111557
-0.2789389491081238
0.055380772799253464
0.4127156734466553
-0.31754589080810547
-0.2026684731245041
0.3380194306373596
0.06793704628944397
-0.24606958031654358
-0.12339448928833008
0.022720057517290115
-0.09850044548511505
-0.15541163086891174
-0.23025643825531006
0.2164841890335083
-0.36504384875297546
0.4591124951839447
-0.42987290024757385
-0.23832663893699646
0.12419891357421875
0.5762547254562378
-0.7481915950775146
0.08717773109674454
-0.26298418641090393
0.2449924200773239
-0.03102574311196804
-0.5131306052207947
0.026561027392745018
0.5534173846244812
-0.5389693975448608
0.6081796884536743
-1.383188247680664
0.3225468397140503
1.3550595045089722
-2.0172715187072754
0.19635936617851257
-0.04566605016589165
0.4055400788784027
-0.1480044424533844
0.07537893950939178
0.24872013926506042
-0.042472220957279205
0.14724400639533997
0.07572831958532333
-0.16285638511180878
0.09296836704015732
0.48519158363342285
-0.42173871397972107
-0.23447862267494202
0.370363712310791
0.05734865739941597
0.2057449370622635
-0.1908094584941864
0.3872339129447937
0.04188285022974014
0.33856338262557983
-0.11648516356945038
-0.10198302567005157
0.16100144386291504
-0.14610068500041962
0.41724997758865356
0.11362595856189728
-0.17587614059448242
0.02798151969909668
-0.1503494679927826
0.22965116798877716
0.08399443328380585
-0.05955247953534126
0.11801788955926895
-0.1733696013689041
-0.08473046123981476
0.4328688681125641
-0.02521698549389839
-0.05717296525835991
-0.10429015010595322
0.27153563499450684
-0.1067785769701004
0.10041153430938721
-0.18259850144386292
0.20204102993011475
-0.39132747054100037
0.2558286786079407
0.1363195925951004
-0.12615399062633514
-0.008510160259902477
-0.11435694992542267
0.2497168332338333
0.03385109826922417
0.056363534182310104
0.3528565466403961
0.018694067373871803
-0.053528644144535065
-0.14821593463420868
0.17823390662670135
0.02039051055908203
0.02329249307513237
0.1921101063489914
-0.031205415725708008
-0.25805461406707764
0.23881563544273376
0.03383674472570419
0.11040370166301727
0.15757127106189728
-0.12318763881921768
0.2637753486633301
0.2889254093170166
-0.03362741321325302
0.13003496825695038
0.19335851073265076
0.20058007538318634
0.17985829710960388
-0.06006884574890137
-0.04823260381817818
0.06355466693639755
0.18987593054771423
0.07237167656421661
0.15706415474414825
-0.44215497374534607
0.21544933319091797
0.190590500831604
-0.20551343262195587
0.26254916191101074
-0.1683429777622223
-0.07716250419616699
0.08045969158411026
-0.19774670898914337
0.3468717634677887
-0.056467700749635696
-0.07599644362926483
0.3001687526702881
-0.48914235830307007
3.5518136024475098
-1.0277132987976074
0.42434191703796387
1.3694339990615845
-0.4294608533382416
-0.04441643878817558
0.520249605178833
-0.16822543740272522
0.2263810932636261
0.33605605363845825
0.40423232316970825
-0.08947839587926865
0.15000185370445251
-0.2107696235179901
0.23836688697338104
0.0994371622800827
0.03532124683260918
0.3847239911556244
-0.011415088549256325
-0.058161307126283646
0.514128565788269
-0.0955849438905716
-0.00899491272866726
-0.16982774436473846
0.4783381521701813
0.022023320198059082
-0.3019907772541046
0.3434073328971863
0.34600362181663513
-0.37967294454574585
0.13144047558307648
0.2639067769050598
0.32110363245010376
-0.2560153305530548
-0.007838654331862926
0.013422489166259766
0.4088074564933777
-0.13781118392944336
0.18239369988441467
0.0077755688689649105
-0.40734225511550903
0.47024640440940857
-0.15822434425354004
0.08850471675395966
0.27674075961112976
0.06222875043749809
-0.43284478783607483
0.11556758731603622
0.3907923996448517
-0.32849547266960144
-0.21453532576560974
0.26746004819869995
0.1942654848098755
-0.34369271993637085
-0.016073012724518776
0.13015994429588318
-0.37828829884529114
0.5667524933815002
-0.3302024304866791
0.3315267562866211
-0.41667357087135315
-0.237077996134758
0.1827382594347
0.09562919288873672
-0.3356519639492035
-0.07526936382055283
-0.13622450828552246
0.08747635036706924
-0.07746685296297073
-0.4055817723274231
-0.06007940694689751
0.04161019250750542
-0.04849008843302727
-0.11076456308364868
-0.12607726454734802
-0.49795961380004883
0.4808739125728607
-0.20284700393676758
-0.34834975004196167
0.3776496350765228
0.0690518170595169
-0.6614172458648682
0.14690199494361877
-0.5700797438621521
0.30282363295555115
0.3000982105731964
-0.6516984105110168
0.2703794836997986
-0.005510842893272638
-0.2734529376029968
0.10492656379938126
-0.3011193871498108
0.07639750093221664
-0.051977016031742096
0.33355528116226196
-0.2897816598415375
-0.5972545742988586
0.4682978689670563
-0.2689104676246643
0.21571318805217743
0.28687483072280884
-2.281432628631592
3.377631425857544
-2.2538464069366455
-0.4133687913417816
0.09431849420070648
0.5836555361747742
0.15066127479076385
-0.5132911205291748
-0.012445044703781605
0.3346266746520996
-0.07380767166614532
0.1762464940547943
-0.12261464446783066
0.10938680171966553
0.08477320522069931
0.03512520715594292
0.21752330660820007
0.04159536212682724
0.019743537530303
-0.0590086467564106
0.0755774974822998
0.16744479537010193
0.4390948414802551
-0.5288639068603516
0.06579756736755371
0.2279525101184845
0.17584285140037537
-0.22241993248462677
0.0572478286921978
0.2852484881877899
0.03260202333331108
-0.3581375479698181
0.20829351246356964
0.10451803356409073
-0.14694471657276154
0.4076676368713379
-0.07219471782445908
-0.017699861899018288
0.22262358665466309
-0.04379000514745712
0.16655460000038147
-0.059775568544864655
0.0014895915519446135
-0.20920853316783905
-0.12731485068798065
0.24401545524597168
0.5084115862846375
-0.14465418457984924
-0.21686939895153046
-0.2109486162662506
0.35289067029953003
0.10855703055858612
-0.21034082770347595
0.1517697125673294
0.10620584338903427
-0.20669817924499512
-0.10548500716686249
0.0980132594704628
-0.12311434745788574
-0.13871483504772186
0.06550810486078262
-0.15131087601184845
0.44182318449020386
0.275179922580719
-0.4132841229438782
-0.1407337635755539
-0.15320833027362823
0.45958247780799866
0.28903189301490784
0.20926161110401154
0.20451971888542175
-0.21616289019584656
0.06356997787952423
0.08658027648925781
0.20100025832653046
0.15927228331565857
-0.251656711101532
0.03896941989660263
-0.11782658100128174
-0.03694500774145126
-0.4506521224975586
0.36679983139038086
-0.24977770447731018
-0.39330819249153137
0.5693587064743042
-0.18752917647361755
0.1815176010131836
-0.1152673214673996
0.03708286210894585
0.1677076369524002
-0.03368093818426132
-0.2658405601978302
0.045001886785030365
-0.23157548904418945
0.4020105302333832
0.170862078666687
0.26779985427856445
0.05819716304540634
-1.851369857788086
6.067772388458252
-1.4633711576461792
-1.3077012300491333
1.3660271167755127
0.9737435579299927
-0.1326458603143692
-0.12192126363515854
0.09364360570907593
0.5984705686569214
-0.11706604063510895
0.2541532516479492
0.14902421832084656
0.3167645335197449
-0.4103207588195801
0.3422660231590271
0.3096718192100525
-0.026420485228300095
0.14382068812847137
0.47560253739356995
0.05626434087753296
0.08361873775720596
0.13940148055553436
0.13642561435699463
0.27283889055252075
-0.19228985905647278
0.5019670128822327
0.09805786609649658
-0.0322408452630043
-0.12581105530261993
0.18708279728889465
0.29510968923568726
-0.07909224182367325
0.393338143825531
-0.3345370888710022
0.46841946244239807
-0.17630362510681152
-0.06801605224609375
-0.16909746825695038
0.36891239881515503
-0.07160349190235138
-0.15847906470298767
0.2356705367565155
0.0327027328312397
-0.21224837005138397
0.20314522087574005
0.009494495578110218
-0.029341507703065872
-0.3063858151435852
0.45993298292160034
-0.3436020016670227
0.09366464614868164
-0.09586463123559952
0.1777123659849167
0.11818630993366241
-0.36476215720176697
-0.31249427795410156
0.5768230557441711
-0.4055611491203308
0.21804948151111603
-0.3475034534931183
0.3782392144203186
-0.20935943722724915
-0.27468159794807434
0.22438816726207733
-0.01622900925576687
-0.08294886350631714
-0.18676850199699402
-0.054558705538511276
0.207756906747818
-0.46661311388015747
0.3787720203399658
0.06267055124044418
-0.5042416453361511
0.12945273518562317
0.012420117855072021
-0.20324978232383728
0.046613723039627075
0.18269853293895721
-0.49406710267066956
-0.01811239682137966
0.3614664673805237
-0.6160644888877869
0.2370569258928299
-0.41522493958473206
0.3413855731487274
0.16173765063285828
-0.27755385637283325
-0.31904667615890503
-0.0018680751090869308
-0.3642299175262451
0.6915686130523682
-0.2027641236782074
-0.41313475370407104
0.18414703011512756
-0.06624853610992432
-0.08387987315654755
-0.35673147439956665
0.2242775410413742
0.034555934369564056
0.38390782475471497
-1.2632086277008057
0.7012733817100525
0.4309629499912262
-1.347505807876587
0.4358550012111664
-0.42026108503341675
0.3892825245857239
0.18366184830665588
-0.4772759974002838
0.036708809435367584
0.23830170929431915
0.03892321512103081
0.19814205169677734
-0.21992535889148712
0.11655590683221817
0.05919079855084419
-0.21035952866077423
-0.12157909572124481
0.11656153202056885
-0.2301228940486908
0.060126520693302155
0.29993805289268494
-0.14963679015636444
-0.1868239939212799
0.5278109312057495
-0.33959832787513733
0.004322695545852184
0.4268084168434143
0.017728233709931374
-0.07177939265966415
0.1255721151828766
-0.047210074961185455
0.1779329478740692
-0.08538136631250381
-0.0193757526576519
0.3904898166656494
-0.1710495948791504
-0.024129439145326614
0.2189141809940338
-0.15067091584205627
0.07726407051086426
-0.118167445063591
0.18983039259910583
-0.003858375595882535
-0.18241043388843536
0.1404234617948532
0.05149330943822861
-0.01112067699432373
0.21744462847709656
-0.060541342943906784
-0.2344476282596588
0.17355620861053467
-0.019035816192626953
-0.33109328150749207
0.18867819011211395
0.18898379802703857
0.06272325664758682
-0.029918432235717773
0.25054559111595154
-0.07390737533569336
0.14860805869102478
-0.016188526526093483
-0.31937527656555176
0.15104646980762482
-0.3534094989299774
0.20818667113780975
0.07588662952184677
-0.16783376038074493
0.0309172160923481
0.12563224136829376
-0.23683376610279083
-0.06972603499889374
0.02355489693582058
0.01208109874278307
0.04155426099896431
-0.13836315274238586
0.02350916899740696
0.07168607413768768
-0.11880016326904297
-0.11909516155719757
-0.09431822597980499
0.08894538879394531
-0.3890763223171234
0.20032458007335663
-0.1724657565355301
-0.2294984757900238
0.251774400472641
0.14786839485168457
-0.5329810976982117
0.0007554054027423263
0.07378430664539337
-0.032972097396850586
-0.17888326942920685
-0.010439109988510609
-0.16848941147327423
0.27697044610977173
0.09289004653692245
-0.07802162319421768
0.6053313612937927
-1.6521295309066772
6.760335445404053
-2.358208179473877
-1.1556731462478638
2.0323081016540527
0.7407386898994446
-0.6536492109298706
-0.05233170464634895
0.649979829788208
0.17470431327819824
-0.4208204746246338
0.5711714625358582
0.33009427785873413
-0.18342192471027374
0.5969936847686768
-0.17554274201393127
0.17366880178451538
0.05820488929748535
0.1821325123310089
0.1040404811501503
0.2640380859375
-0.3754148483276367
-0.023673295974731445
0.4820365309715271
0.08357679843902588
-0.29816198348999023
0.2267291247844696
0.045790672302246094
0.21273395419120789
-0.11017441749572754
0.03355751186609268
-0.006970786955207586
0.2790443003177643
-0.32346615195274353
0.8006961941719055
-0.4061447083950043
0.07967396080493927
-0.09790563583374023
0.1652313768863678
-0.18937361240386963
-0.019134854897856712
0.28352925181388855
0.1477397382259369
-0.39847293496131897
-0.11289670318365097
0.3142012655735016
0.2131926566362381
-0.36737650632858276
0.0524873249232769
0.07862737029790878
-0.21209819614887238
-0.009464549832046032
-0.2660333812236786
0.33700433373451233
-0.04527254030108452
-0.1295364797115326
-0.22709739208221436
-0.05093731731176376
0.6023157835006714
-0.7454313635826111
-0.10447163879871368
0.38995692133903503
-0.0041965008713305
-0.6667994260787964
0.5714467167854309
-0.11171302944421768
-0.3782053291797638
0.018954133614897728
0.11518651247024536
-0.27296558022499084
-0.6119484305381775
0.6291294097900391
-0.009905743412673473
-0.34324952960014343
-0.5165964961051941
0.03061908483505249
0.10973992198705673
-0.2605552673339844
0.3625354766845703
-0.6365537643432617
-0.1653406023979187
0.11169912666082382
-0.014127051457762718
-0.2105911523103714
-0.5280997157096863
0.2270948439836502
-0.16596165299415588
-0.1315201073884964
-0.023115891963243484
0.04710280895233154
-0.36648231744766235
-0.10348181426525116
0.2506118416786194
-0.16965098679065704
0.006379246711730957
-0.3534191846847534
0.029255902394652367
-0.0906720906496048
0.15692855417728424
-0.07133582979440689
0.08992429077625275
-0.03204946592450142
-1.9506642818450928
-0.44742879271507263
3.0260446071624756
-2.6319117546081543
0.6024072766304016
0.24859873950481415
0.06510887295007706
-0.09345836937427521
-0.07484600692987442
0.3220493793487549
-0.26583656668663025
0.1375819742679596
0.08435390144586563
-0.02391958236694336
0.1442558765411377
-0.019853878766298294
0.01594076119363308
-0.06619157642126083
0.2978072762489319
0.03474092483520508
-0.13895797729492188
0.009236812591552734
0.1391873061656952
0.0963844284415245
0.1699807196855545
-0.16113953292369843
-0.0848621353507042
0.2514622211456299
0.13305696845054626
-0.18486471474170685
-0.06001245975494385
0.06872837245464325
0.18357820808887482
-0.16576829552650452
0.2674412131309509
-0.025639820843935013
-0.2053954154253006
0.19474081695079803
0.2315680980682373
-0.25914710760116577
0.19718675315380096
0.026699066162109375
0.004991102032363415
-0.12602953612804413
-0.1000247448682785
0.05916602537035942
0.11153765022754669
0.12309350818395615
0.18758921325206757
-0.11753764003515244
-0.08269419521093369
-0.13694648444652557
0.030180931091308594
0.2672804296016693
0.1495542973279953
0.014607739634811878
0.1312684565782547
-0.2614147663116455
-0.28127771615982056
-0.10882723331451416
0.2414257824420929
-0.1222190409898758
0.2831302881240845
-0.19017715752124786
-0.06622429192066193
0.1493283063173294
-0.04225420951843262
-0.04083895683288574
-0.16121987998485565
0.056607771664857864
0.3252328932285309
-0.13274125754833221
0.1415266990661621
-0.25862640142440796
0.5134579539299011
-0.4956129491329193
0.10022775828838348
-0.12688080966472626
0.5329094529151917
0.15639977157115936
-0.13105010986328125
-0.10569920390844345
-0.16341865062713623
-0.002006959868595004
-0.10525665432214737
0.23290252685546875
-0.04249744489789009
-0.04439597204327583
0.37781932950019836
0.017475580796599388
0.1523723155260086
-0.1409773826599121
0.22562909126281738
-0.09700479358434677
0.34497204422950745
-0.18691106140613556
0.6115749478340149
-0.2765163779258728
-0.3758130967617035
4.165598392486572
-1.2356237173080444
0.7206879258155823
1.315142035484314
-0.45442143082618713
0.14901399612426758
0.3666989207267761
0.19679364562034607
0.06416098773479462
0.1624416708946228
0.01063600741326809
-0.008358573541045189
0.2570924460887909
0.4259015917778015
0.009116959758102894
0.16137687861919403
0.0717584490776062
-0.057350803166627884
0.3847739100456238
0.421287477016449
-0.3263087570667267
0.24897189438343048
0.22230640053749084
0.294554203748703
-0.25208544731140137
0.30383771657943726
-0.2916724383831024
0.5527299046516418
0.0783681869506836
-0.06435389816761017
-0.17267866432666779
0.2786497473716736
0.3401808440685272
-0.15795572102069855
0.06500081717967987
-0.022458981722593307
0.5702954530715942
-0.6113417148590088
0.3004862666130066
0.32152995467185974
-0.2595934271812439
-0.078280970454216
0.13501007854938507
0.07482175529003143
-0.468190997838974
0.6058846116065979
-0.1532777100801468
-0.10686159133911133
0.10977964103221893
-0.02345130406320095
0.011746120639145374
0.10542599856853485
-0.16567909717559814
0.08677759021520615
-0.5135691165924072
0.16908593475818634
0.4656308591365814
-0.3928743600845337
-0.20692750811576843
0.10361657291650772
-0.0035431862343102694
-0.12258319556713104
-0.014603388495743275
-0.12606588006019592
-0.19173213839530945
-0.26595449447631836
0.3024193346500397
-0.04131727293133736
-0.4059765934944153
-0.28123486042022705
0.16809606552124023
0.06439995765686035
-0.33960604667663574
-0.2159270942211151
0.2237890660762787
-0.10098447650671005
-0.25613534450531006
-0.0909195989370346
-0.016221165657043457
0.25490087270736694
-0.7569555044174194
0.03288016468286514
0.34887510538101196
-0.1304198056459427
-0.36080536246299744
-0.22971507906913757
0.4525918960571289
-0.45024681091308594
0.3774072229862213
-0.38183408975601196
0.05989181995391846
-0.2418919801712036
-0.23212961852550507
0.0593227744102478
0.2893121838569641
-0.2603268027305603
-0.3617229461669922
0.38489869236946106
0.08760096877813339
0.5917091965675354
-1.1090425252914429
-0.7670160531997681
-1.3689610958099365
3.2146804332733154
-2.694709062576294
0.5210356712341309
0.9230585098266602
-0.26219993829727173
-0.10452961921691895
-0.22358939051628113
0.38051968812942505
-0.04402446746826172
-0.0005631685489788651
0.1310679167509079
0.14458584785461426
0.32804396748542786
-0.144877627491951
-0.1395121067762375
0.05987129360437393
0.0464082732796669
-0.07441248744726181
-0.4432472288608551
0.3332739472389221
0.27540960907936096
-0.11076216399669647
-0.17162160575389862
-0.11337403953075409
0.2847355008125305
-0.0960121601819992
0.06735233962535858
0.06435565650463104
0.04205155372619629
-0.5399075746536255
0.41399359703063965
-0.06198737770318985
0.21131066977977753
-0.1464792788028717
-0.15405821800231934
0.10303127765655518
0.3530125319957733
-0.13941164314746857
-0.05622091144323349
0.2185479700565338
0.28059443831443787
-0.21560359001159668
0.3342841565608978
-0.09482364356517792
-0.021396826952695847
0.16707058250904083
0.3662079870700836
-0.15215487778186798
0.10416579246520996
0.053388454020023346
-0.15924783051013947
0.11714639514684677
0.016701459884643555
-0.1164575070142746
0.10437484085559845
0.03905930370092392
-0.19222521781921387
-0.17109647393226624
0.1472269743680954
0.11323852837085724
-0.1745292693376541
-0.28152334690093994
0.2425958812236786
0.17498686909675598
0.013375496491789818
-0.06343121826648712
0.17765021324157715
-0.40560489892959595
-0.11007440090179443
0.35221731662750244
-0.07533182948827744
-0.3945216238498688
-0.38592272996902466
0.16770081222057343
0.1378759890794754
0.04155468940734863
-0.11892282962799072
0.2735401690006256
-0.06737108528614044
0.2521461844444275
-0.08048441261053085
-0.08708882331848145
0.18268433213233948
0.07051897048950195
0.03186972066760063
-0.1370936930179596
-0.22894902527332306
0.10481395572423935
-0.18344950675964355
-0.011895084753632545
0.17683295905590057
0.18100635707378387
-0.12194199860095978
0.1531192809343338
0.28547874093055725
-0.3035723865032196
-0.09323801845312119
3.361886978149414
-1.0749101638793945
0.8827622532844543
1.1277817487716675
0.027869928628206253
0.01305003184825182
0.06911252439022064
0.18334558606147766
0.568146824836731
-0.12781092524528503
0.11915045976638794
0.14388830959796906
0.1522034853696823
0.30720674991607666
-0.0020120262634009123
0.2890600264072418
-0.15845617651939392
0.36177799105644226
0.5123354196548462
-0.1479531079530716
0.3717058300971985
-0.3918779790401459
0.4777548909187317
0.0650380402803421
-0.13899049162864685
-0.05654149129986763
0.20475547015666962
0.11539306491613388
0.21861393749713898
-0.20692677795886993
0.14458701014518738
0.08507680892944336
-0.04371895641088486
0.2251240462064743
-0.11608948558568954
0.06103024631738663
-0.02246692217886448
-0.01614205911755562
-0.3341731131076813
0.6782158613204956
-0.17746777832508087
-0.2318136990070343
0.018463134765625
0.11151862144470215
0.0829174742102623
0.18396082520484924
-0.25267744064331055
0.10824282467365265
-0.15986225008964539
-0.12589409947395325
0.1837097406387329
0.0724446028470993
-0.19024553894996643
0.32896462082862854
-0.39837557077407837
0.27290111780166626
-0.192650705575943
-0.011002016253769398
-0.3237657845020294
0.3968571126461029
0.0060961125418543816
-0.1320381909608841
-0.3041611611843109
0.5677148103713989
-0.484668493270874
-0.4008771777153015
0.646197497844696
-0.21845445036888123
0.04599330574274063
-0.4359695315361023
-0.06965868175029755
-0.032799482345581055
0.16025356948375702
-0.3256329596042633
-0.05234556272625923
0.13948407769203186
-0.14937551319599152
-0.08993317931890488
-0.022571226581931114
-0.17253628373146057
-0.49684959650039673
0.11377868801355362
-0.17468014359474182
0.17643919587135315
-0.021550703793764114
-0.2896941304206848
-0.1743030548095703
0.44835788011550903
-0.33840101957321167
-0.528761625289917
0.013561004772782326
0.3610132336616516
-0.2843243479728699
-0.6067954301834106
0.5905889272689819
-0.24561449885368347
-0.018552590161561966
-0.11241495609283447
0.05372654274106026
0.40551361441612244
-0.0587737075984478
-1.882301926612854
-0.8103070259094238
3.4026360511779785
-2.962165355682373
0.5222071409225464
0.7803775668144226
-0.1891537606716156
-0.30880075693130493
0.18898709118366241
0.1437627524137497
-0.38993826508522034
0.303918719291687
0.08472967147827148
-0.020844841375947
0.08217446506023407
0.016162872314453125
0.3263738751411438
-0.15733709931373596
-0.23406831920146942
0.4042645990848541
-0.1283862143754959
0.16098225116729736
0.11628778278827667
-0.02812185324728489
0.11597788333892822
-0.056228138506412506
0.09155771881341934
0.20142368972301483
-0.18259811401367188
0.19223518669605255
0.30451688170433044
-0.37414121627807617
-0.07277460396289825
0.05089118331670761
0.18358425796031952
-0.025704145431518555
0.11013946682214737
-0.07221503555774689
0.2402082234621048
0.0756436362862587
-0.05225801467895508
-0.26026466488838196
0.014768433757126331
0.2230256050825119
-0.20822492241859436
0.044827651232481
0.20770248770713806
0.13339820504188538
-0.1225864440202713
-0.11151480674743652
-0.11354799568653107
0.2309233844280243
-0.3451525568962097
-0.2934408187866211
0.09236574172973633
0.22537842392921448
-0.15518955886363983
0.07139086723327637
-0.14947855472564697
-0.06519193947315216
0.1345202922821045
-0.35523152351379395
0.16858801245689392
0.13648509979248047
-0.20592918992042542
0.09758267551660538
0.18018369376659393
0.06227512285113335
-0.11003556102514267
0.20021720230579376
-0.06848917156457901
0.01872420310974121
-0.005888390354812145
0.34678491950035095
-0.48204293847084045
-0.22665706276893616
-0.018796157091856003
0.4184301793575287
0.22797755897045135
0.25244253873825073
-0.0797821506857872
-0.29639488458633423
0.19216954708099365
0.35184693336486816
0.06473765522241592
0.42119067907333374
-0.15102338790893555
0.32248592376708984
0.29910367727279663
0.33323878049850464
0.15717940032482147
-0.11657581478357315
0.07652215659618378
-0.11928343772888184
0.022823095321655273
0.199483722448349
-0.13730525970458984
0.41899552941322327
-0.2880019545555115
3.2718472480773926
-1.2087929248809814
0.9738543629646301
1.5632922649383545
-0.9564841985702515
0.41545334458351135
0.6737631559371948
-0.22855384647846222
-0.19563926756381989
0.5109564661979675
0.18667173385620117
0.410195529460907
0.00978310126811266
0.10246539115905762
0.14014969766139984
0.1450539380311966
0.24644513428211212
0.21273426711559296
-0.24694637954235077
0.18779103457927704
0.29234153032302856
0.21223850548267365
-0.08314649760723114
0.0529097318649292
0.3216978907585144
-0.0430765375494957
0.09866957366466522
0.059510231018066406
0.42394334077835083
-0.31246891617774963
0.023836422711610794
0.6672358512878418
-0.3895200788974762
0.25317034125328064
0.23430852591991425
-0.23553161323070526
0.17632341384887695
-0.47676414251327515
0.865795910358429
0.034387826919555664
-0.5093607902526855
-0.10528907924890518
0.41358280181884766
-0.14170768857002258
0.5395186543464661
-0.3693654537200928
-0.3203788101673126
0.13349470496177673
0.23783321678638458
0.34226328134536743
-0.7611225843429565
0.18311545252799988
0.29557543992996216
-0.20656141638755798
-0.3649609684944153
0.30236750841140747
0.018508339300751686
-0.4069198668003082
-0.35386329889297485
0.2951646149158478
-0.012746763415634632
-0.16247974336147308
-0.14633587002754211
-0.08892607688903809
0.5864644646644592
-0.7331799268722534
0.05167050287127495
0.20565184950828552
-0.4880138337612152
0.04548456519842148
-0.199137881398201
0.22246412932872772
-0.29305872321128845
0.057180892676115036
-0.28738635778427124
0.16184452176094055
-0.2752290666103363
0.14968088269233704
-0.4528226852416992
0.16177162528038025
-0.3035326898097992
0.3856528401374817
-0.1446530669927597
-0.1443890780210495
0.1293155550956726
-0.7073694467544556
0.1955370008945465
-0.15858587622642517
-0.010689979419112206
0.2599506974220276
-0.647742509841919
0.4613984227180481
-0.6001377105712891
0.06037695333361626
0.02141742780804634
-0.6068769693374634
0.4283390939235687
0.22699198126792908
-0.30139949917793274
0.28715839982032776
-1.2704734802246094
0.564419150352478
1.0244958400726318
-1.733321189880371
0.1504906713962555
-0.031055832281708717
0.34967318177223206
-0.051713086664676666
-0.21724975109100342
0.20838411152362823
0.15952840447425842
-0.37923598289489746
0.20765812695026398
0.29035958647727966
-0.2670460343360901
-0.21826855838298798
0.1299620419740677
0.24385671317577362
-0.1711231768131256
0.2050144225358963
-0.03744220733642578
-0.07896549999713898
0.3029139041900635
-0.17973633110523224
-0.17952470481395721
0.29935091733932495
0.04108243063092232
0.11423821747303009
-0.17105717957019806
0.15040357410907745
0.20677204430103302
-0.21406516432762146
0.01851630210876465
0.01997203752398491
0.28702592849731445
-0.20988312363624573
0.04183771461248398
0.14006423950195312
0.14768767356872559
-0.12003970146179199
0.06878356635570526
0.12267050892114639
0.1990068405866623
0.06221013143658638
0.01444478053599596
0.02597329579293728
0.15127666294574738
0.4478340148925781
-0.04450712352991104
-0.1980920284986496
0.21040460467338562
-0.03486523777246475
-0.08386687934398651
-0.04902510717511177
0.01584768295288086
-0.06991644203662872
0.11068067699670792
-0.06705451011657715
0.3125772476196289
-0.07068123668432236
-0.02989215776324272
-0.1829998940229416
0.11553678661584854
-0.09936747699975967
0.04695487022399902
0.17485305666923523
0.01896681822836399
-0.006294631864875555
-0.09246005862951279
-0.28905797004699707
-0.12943753600120544
0.1900123804807663
0.3091149926185608
-0.207295224070549
-0.11428394168615341
0.17187197506427765
0.17642179131507874
0.40463122725486755
-0.4247604310512543
0.08253836631774902
-0.10154230892658234
0.43863582611083984
0.08161721378564835
0.018109941855072975
0.12512627243995667
-0.06380538642406464
0.012844299897551537
-0.11423216015100479
0.2757072448730469
0.043030690401792526
0.14286012947559357
0.22565782070159912
0.37334316968917847
0.13289698958396912
-0.2447175234556198
0.0940307155251503
-0.053560592234134674
0.05494255945086479
0.08153428882360458
0.06911464035511017
3.000537395477295
-1.4188117980957031
0.8210372924804688
1.4045521020889282
-0.624137818813324
0.06610198318958282
0.3655950129032135
-0.099113330245018
0.33966177701950073
0.4782186448574066
-0.23155343532562256
0.21528995037078857
0.3959190249443054
-0.12045252323150635
-0.11102396249771118
0.37443751096725464
-0.018747378140687943
0.05035056918859482
0.26966363191604614
0.0655120387673378
-0.09894442558288574
0.3767417371273041
-0.03731589391827583
0.032094549387693405
0.03651902824640274
0.343668669462204
0.04328308254480362
0.1430765688419342
0.21343140304088593
0.10257480293512344
-0.17978215217590332
0.051633071154356
0.11467073112726212
0.5261924862861633
-0.48510152101516724
-0.028293084353208542
0.349317729473114
-0.3343369960784912
0.1314304769039154
0.026222730055451393
-0.21673183143138885
0.11362393200397491
-0.35760045051574707
0.42487531900405884
-0.08219745010137558
0.04307880252599716
-0.5104904770851135
0.185376837849617
-0.09906253963708878
-0.3392416834831238
0.544357180595398
-0.23241814970970154
-0.1981648951768875
-0.027409767732024193
-0.25021833181381226
0.23699207603931427
-0.2219018042087555
-0.44658946990966797
0.5823812484741211
-0.284761518239975
-0.14031186699867249
0.017938803881406784
0.17451544106006622
-0.3183515667915344
-0.015893887728452682
0.16109776496887207
-0.2508556842803955
-0.48146939277648926
0.25175192952156067
-0.28476983308792114
0.45014795660972595
-0.2628856301307678
-0.20801277458667755
0.1533040702342987
-0.08499584347009659
-0.27544549107551575
-0.13413792848587036
0.11201144754886627
-0.2759281098842621
0.007150015328079462
-0.050696246325969696
-0.1607842892408371
0.05802570655941963
-0.19062168896198273
-0.3202033042907715
-0.23183615505695343
0.13758841156959534
-0.06114399433135986
-0.3504640460014343
0.2302941083908081
-0.16007182002067566
-0.5871577262878418
0.29458585381507874
-0.16444166004657745
-0.21228870749473572
0.14586548507213593
-0.09898081421852112
0.34341615438461304
-0.41013258695602417
-0.2552104890346527
-0.2721763253211975
-0.9303625226020813
1.8905872106552124
-1.236700177192688
-0.5442388653755188
0.35432299971580505
0.26804807782173157
-0.3342200219631195
0.004004073329269886
0.28419414162635803
-0.0874611884355545
0.18534016609191895
-0.338540643453598
0.12312843650579453
0.2640860974788666
-0.13030609488487244
0.043984554708004
-0.030807923525571823
0.15867939591407776
0.02856006659567356
-0.22655315697193146
-0.07489021122455597
0.09833700954914093
0.026175284758210182
-0.017798256129026413
0.4523793160915375
-0.04136252403259277
-0.22986483573913574
0.10486948490142822
0.044539906084537506
0.3983563482761383
-0.40958958864212036
0.2401425540447235
0.1250714510679245
0.05306129530072212
-0.012352705001831055
-0.2991998791694641
0.08168122917413712
0.13441911339759827
-0.03754840046167374
-0.1366407424211502
-0.16490578651428223
-0.10952939838171005
0.23612038791179657
-0.33295124769210815
-0.20180976390838623
0.24320974946022034
-0.11102499812841415
0.12285671383142471
0.2265356481075287
-0.048912715166807175
0.1813948154449463
0.1885441243648529
-0.28427714109420776
0.20592942833900452
-0.02879660204052925
0.10440473258495331
-0.06742243468761444
0.2851852476596832
0.05179595947265625
-0.20514245331287384
-0.1490442305803299
0.1859482228755951
0.2717471420764923
-0.0867300033569336
-0.039161063730716705
-0.20120403170585632
0.28727903962135315
-0.09598255157470703
0.04317636415362358
0.5158872008323669
-0.0624329075217247
0.008272791281342506
0.097734235227108
-0.02581343613564968
0.1952676773071289
-0.15907447040081024
0.037497807294130325
0.2946653962135315
0.0052734375931322575
-0.24493245780467987
0.19730238616466522
-0.12821722030639648
0.07272648811340332
0.05844283103942871
0.31288668513298035
-0.0499887689948082
0.1921718865633011
-0.2817562222480774
0.23340098559856415
0.0070579769089818
0.10697498172521591
0.24496331810951233
0.437400758266449
-0.23278728127479553
-0.0749567523598671
0.24589982628822327
0.3672049343585968
0.040584564208984375
-0.2523103356361389
2.9896764755249023
-1.0070120096206665
1.069566011428833
1.2318965196609497
-0.3497467637062073
-0.14715862274169922
0.3024822771549225
0.49799472093582153
0.18028801679611206
-0.26343482732772827
-0.03203415870666504
0.49989694356918335
0.1528327763080597
-0.2725425362586975
-0.050330162048339844
0.5299521684646606
0.33188027143478394
-0.10138483345508575
-0.018760275095701218
0.05927686765789986
0.3729647994041443
-0.2562595009803772
0.29015952348709106
0.02849717065691948
0.24884870648384094
-0.09811873733997345
0.45784497261047363
-0.0904536247253418
0.052355099469423294
-0.19327859580516815
0.13871268928050995
0.07310652732849121
-0.07229430973529816
0.08499626815319061
0.4678927958011627
-0.4705144464969635
0.32203397154808044
0.10109229385852814
-0.32662245631217957
0.18592850863933563
-0.12284717708826065
0.16050457954406738
-0.22432827949523926
0.11715328693389893
-0.16433969140052795
0.45176395773887634
-0.7899479866027832
0.4287509322166443
-0.14999112486839294
0.010330510325729847
-0.22224335372447968
0.35278403759002686
-0.37490716576576233
-0.1220761314034462
-0.0909799113869667
0.12659664452075958
-0.04682936519384384
-0.04457802698016167
0.260643869638443
-0.4112823009490967
0.08636324107646942
-0.29726603627204895
0.14757099747657776
-0.20381002128124237
-0.07422919571399689
0.04875537008047104
0.010901248082518578
-0.26425880193710327
0.10929924249649048
-0.29929208755493164
0.31444671750068665
-0.16556228697299957
0.08845345675945282
-0.12448833882808685
-0.13687953352928162
-0.33080530166625977
0.395933598279953
-0.2730230689048767
-0.22038999199867249
-0.2565367817878723
0.018648838624358177
-0.023091506212949753
0.007884112186729908
-0.14439871907234192
0.21437963843345642
-0.29148343205451965
-0.11232702434062958
-0.3125459551811218
0.5245053172111511
-0.14041829109191895
-0.1965869814157486
0.4459517002105713
-0.3652257025241852
0.043897293508052826
-0.03894980996847153
-0.014300989918410778
-0.2741650640964508
-0.006472647190093994
