-1.692482590675354
-1.692482590675354
2.9888558387756348
-4.5615739822387695
1.3791444301605225
0.1628902405500412
-1.035591721534729
0.2980198264122009
-0.7665776014328003
0.32567334175109863
0.03818077966570854
-1.059553861618042
0.2547275125980377
0.13831958174705505
0.16168472170829773
-0.22797195613384247
-0.5453177690505981
1.8505452871322632
-0.7386971116065979
0.06318358331918716
0.5300647616386414
-0.750424861907959
0.22620463371276855
-0.8639114499092102
-0.4106883406639099
0.30978506803512573
0.05060706287622452
-0.4672513008117676
0.20100601017475128
-0.1541590690612793
0.4707947373390198
1.015298843383789
1.0446860790252686
-0.10898010432720184
-0.09247462451457977
0.4949711859226227
-0.3087793290615082
-1.5701265335083008
0.1431547999382019
-0.18962116539478302
-1.5493457317352295
0.6906418800354004
-0.4608228802680969
0.40102458000183105
0.29018956422805786
-0.8531878590583801
0.3075193464756012
-0.35800015926361084
-0.1992105394601822
1.613821268081665
-0.19815890491008759
-0.4874105453491211
1.9701507091522217
-0.5736236572265625
-0.8800041079521179
1.550476312637329
-1.1456619501113892
-1.9775068759918213
-0.020196449011564255
1.3303461074829102
-1.0873199701309204
-0.05245305970311165
0.6717941761016846
-0.5122141242027283
0.5042862892150879
0.3846644163131714
0.1419653594493866
-1.0559489727020264
0.6842894554138184
0.07188821583986282
0.07813067734241486
-0.5450326204299927
1.8696750402450562
-1.9346967935562134
0.24285073578357697
0.9081009030342102
-0.49172109365463257
0.12799978256225586
-1.0379064083099365
0.3133220374584198
0.16153636574745178
0.14080147445201874
1.1240724325180054
-0.1555263102054596
-0.672421932220459
0.7290303111076355
-0.2485891878604889
-0.45435816049575806
0.21757526695728302
-0.2889436185359955
-0.40399256348609924
0.6808592677116394
0.545178234577179
-0.16878347098827362
-0.06269748508930206
-0.5905100107192993
0.29570087790489197
-0.19996607303619385
-0.8797620534896851
1.6817480325698853
0.5406402349472046
4.699473857879639
-4.103679656982422
2.9002785682678223
-0.7248319387435913
-0.22347219288349152
1.122222900390625
-1.2076410055160522
0.8282873034477234
0.21171875298023224
-0.39544931054115295
0.4913480877876282
-0.47533637285232544
0.05930771678686142
0.218608096241951
-0.6491684317588806
-0.2117023915052414
0.27484622597694397
-0.379896342754364
0.10079355537891388
-0.3573848605155945
0.2912251949310303
-0.24915190041065216
-0.6607574820518494
-0.08750448375940323
-0.09640531241893768
-1.0043131113052368
0.8900833129882812
0.24065542221069336
-1.3528404235839844
0.5675333142280579
0.23508520424365997
-0.331535279750824
0.1739247739315033
-0.07562188804149628
0.09958638995885849
-0.22037553787231445
-0.8843018412590027
0.4638461470603943
0.29638299345970154
-0.7308460474014282
0.305143266916275
-0.15191002190113068
-0.20827698707580566
0.7555595636367798
-0.10657639801502228
-0.5037215352058411
0.9553835988044739
-0.5767113566398621
0.2664414942264557
-0.3844703733921051
-0.14624294638633728
0.0034660338424146175
-0.48709040880203247
-0.19187617301940918
0.4806160032749176
-0.7807781100273132
0.25137367844581604
0.36757126450538635
-0.7860285043716431
0.4877278208732605
-0.1935267448425293
-0.6064150929450989
0.36725011467933655
0.3835245668888092
-0.49483996629714966
0.11181926727294922
0.29125434160232544
-0.34717419743537903
-0.00047807692317292094
-0.12209458649158478
-0.13734070956707
-0.42485547065734863
-0.34377405047416687
0.07227305322885513
0.12988975644111633
-0.302758127450943
-0.643144428730011
-0.16961465775966644
-0.21599295735359192
-0.3663797974586487
-0.3356783986091614
0.0035832165740430355
-0.4708654284477234
-0.05753456428647041
0.2774795591831207
-0.3805736005306244
0.5910040140151978
-0.23626220226287842
-0.0743207037448883
0.1783476620912552
-0.36875611543655396
0.13004925847053528
0.03799097612500191
-0.6493382453918457
0.41405171155929565
-0.4795413017272949
0.24073287844657898
-0.5574787855148315
0.049653537571430206
0.36311405897140503
-3.3060977458953857
0.7081524729728699
0.5878999829292297
-1.7283813953399658
-0.1846267580986023
0.9473102688789368
-1.6378870010375977
0.5318939089775085
0.4426065981388092
-0.8974984884262085
0.2495618760585785
0.2862478196620941
-0.43208760023117065
0.049008868634700775
-0.18636970221996307
0.5248922109603882
0.2981970012187958
0.040220119059085846
-0.2603156864643097
-0.1973339021205902
-0.16021378338336945
0.4650087356567383
-0.4952643811702728
-0.31078478693962097
0.1223851665854454
-0.7362208366394043
-0.20324094593524933
0.652779221534729
0.21901126205921173
-0.3650646209716797
-0.8523284196853638
-0.056025244295597076
0.045642755925655365
0.693130612373352
-0.496645987033844
0.4024967551231384
0.05046432092785835
-0.5884363055229187
-0.04544860124588013
0.6619701981544495
0.9288541078567505
-1.309039831161499
-0.36239975690841675
0.41422924399375916
-0.9713491201400757
0.43465644121170044
0.4579540193080902
-0.6426676511764526
-0.08021135628223419
0.6915197372436523
-0.06409478187561035
-0.3717573285102844
-0.3606155812740326
0.1433657854795456
-0.037821054458618164
0.3406473994255066
0.3014001250267029
0.04309546947479248
-0.10165603458881378
-0.018154550343751907
-0.18964265286922455
0.3754199147224426
-0.044208429753780365
-0.4964075982570648
0.39125192165374756
0.28053000569343567
0.12311334908008575
-0.35296306014060974
-0.040810272097587585
0.4707355499267578
0.07783620059490204
0.041780173778533936
-0.05928591638803482
0.1522992104291916
0.08732950687408447
0.13936704397201538
0.04213172197341919
0.29992514848709106
0.0663638487458229
0.20224113762378693
0.254052072763443
0.36889106035232544
-0.7339276075363159
0.7288445234298706
-0.5160998106002808
0.22495916485786438
0.14086978137493134
0.6766442656517029
-0.21023373305797577
0.027505528181791306
0.052050016820430756
-0.021087149158120155
0.2913280427455902
0.23454730212688446
-0.0014581024879589677
0.1711129993200302
0.1461317241191864
-0.41848498582839966
0.42687469720840454
-0.7972943186759949
-1.9376795291900635
2.252136707305908
-0.9131690859794617
-2.094804048538208
2.505497455596924
-1.3308279514312744
-0.6922979354858398
0.5217778086662292
0.10534443706274033
0.24131283164024353
0.0011632442474365234
0.288391649723053
-0.7515423893928528
-0.23447056114673615
0.006342268083244562
-0.3419112265110016
-0.3063491880893707
-0.6493574380874634
0.8168495297431946
0.07945899665355682
-0.984274685382843
1.0620534420013428
0.008538437075912952
-0.6821131706237793
0.649349570274353
0.06747712939977646
-0.38490647077560425
0.0971994400024414
-0.20818133652210236
-0.6534327268600464
0.11059121787548065
-0.4820779860019684
-0.2552032470703125
0.41957491636276245
0.4822162687778473
0.11673831939697266
-0.4981718063354492
-0.18482398986816406
-0.0297867301851511
0.1988566815853119
-0.34244847297668457
-0.26756638288497925
0.5500594973564148
0.47907310724258423
-0.8795480728149414
-0.5497208833694458
-0.25588998198509216
1.3903487920761108
-0.4971153140068054
-0.1122627705335617
0.2643829882144928
-0.24056872725486755
0.03940725326538086
-0.2601943910121918
-0.28612953424453735
0.6486670970916748
-0.1242608055472374
0.172196626663208
0.34672874212265015
-0.8711431622505188
0.21517005562782288
-0.11468319594860077
0.40767914056777954
-0.26448068022727966
-0.6136481165885925
0.6994071006774902
-0.3785253167152405
1.0786458253860474
-0.3003780245780945
-0.15843982994556427
0.15342998504638672
-0.3671509027481079
0.09633703529834747
0.28204694390296936
0.4136134684085846
-0.3729552626609802
-0.9607375264167786
-0.009525299072265625
-0.1927049607038498
0.04734354093670845
-1.0330185890197754
0.9506538510322571
-0.49842244386672974
0.05549199506640434
0.29695844650268555
0.38197562098503113
-0.408247709274292
0.2207264006137848
-1.0076513290405273
0.49539440870285034
0.0030770779121667147
-0.47945141792297363
0.3216463029384613
-0.16108834743499756
-0.7574208974838257
0.6974886655807495
0.17727498710155487
-1.0913249254226685
0.5628758668899536
-0.5798981785774231
-2.867138385772705
0.4395487904548645
0.7343016266822815
-2.1977813243865967
0.08152014017105103
1.4932520389556885
-1.6400117874145508
0.12562385201454163
0.579535961151123
-0.7234698534011841
-0.04527473449707031
-0.3514522612094879
-0.24964697659015656
0.21842923760414124
0.2866537868976593
0.35979482531547546
-0.6410971879959106
-0.12982375919818878
0.054730869829654694
-0.4554794430732727
-0.06288864463567734
-0.10413195937871933
0.08790028095245361
-0.2193354070186615
-0.015744829550385475
-0.6576178073883057
-0.5007115006446838
0.686404824256897
-0.022162342444062233
-1.61647803906817e-05
-0.5560749173164368
0.18612489104270935
0.9396370053291321
0.5207560062408447
-0.5394912958145142
-1.1419432163238525
0.7790318131446838
0.2594490349292755
-0.49950093030929565
-0.3975193500518799
0.5505570769309998
-0.1109272688627243
-0.05158473178744316
0.10806765407323837
-0.17029130458831787
0.376693457365036
-0.2180134803056717
0.27357661724090576
-0.09894099086523056
0.3238721787929535
0.19901880621910095
-0.4384855329990387
-0.1858399659395218
0.7645901441574097
-0.055375684052705765
0.2816067934036255
0.8014330863952637
-0.38494423031806946
0.5735593438148499
0.15728838741779327
-0.4500555992126465
0.9766127467155457
-0.5313974618911743
0.45817631483078003
0.8394331932067871
-0.9793959856033325
-0.06505216658115387
0.9030966758728027
-0.5817254781723022
0.14478087425231934
0.9041634798049927
0.10166720300912857
-0.0013265132438391447
0.34238940477371216
-0.22024932503700256
-0.02956026792526245
0.1664889007806778
0.797137439250946
0.4979330897331238
-0.3161036968231201
0.23785240948200226
-0.09202001988887787
0.3062623143196106
0.14506573975086212
0.5108281373977661
-0.6127363443374634
0.48485517501831055
0.14446504414081573
-0.45935600996017456
0.31722021102905273
0.06635518372058868
-0.3498762845993042
0.2681334614753723
0.14174845814704895
0.5104268193244934
-0.2832062244415283
0.1548263132572174
0.15583829581737518
-0.526046633720398
-0.10582023859024048
-1.9537687301635742
2.240419864654541
-0.7034214735031128
-2.573190689086914
3.143484115600586
-1.8683726787567139
-0.6143352389335632
1.0679996013641357
-0.9056644439697266
1.3175662755966187
-0.2626100778579712
-0.31130450963974
-0.1480584591627121
-0.42350873351097107
0.21275600790977478
0.37735432386398315
-0.5441787242889404
0.028404807671904564
0.6217989921569824
-0.3651643395423889
-0.7399004101753235
0.46609967947006226
0.1729227602481842
-0.29367542266845703
-0.057939767837524414
-0.38616642355918884
-0.6346310377120972
1.0444236993789673
-0.8994295001029968
0.3622039258480072
0.4343068599700928
-0.4338034689426422
-0.0029679774306714535
-0.05157914012670517
-0.32072123885154724
0.23223476111888885
0.029146576300263405
-0.3419368863105774
0.11151637881994247
-0.7232541441917419
-0.10787119716405869
0.36579710245132446
-0.6478880643844604
0.10378265380859375
-0.2534632682800293
-0.10989060252904892
-0.29009467363357544
-0.4197677969932556
0.002101802732795477
-0.12583708763122559
-0.013039779849350452
0.27185899019241333
-0.04589099809527397
-0.5611819624900818
-0.7304702997207642
0.09541378170251846
-0.06548333168029785
0.15540114045143127
-0.718457043170929
0.13204917311668396
-0.00226593017578125
-0.7011505961418152
1.558630108833313
-0.6411207914352417
0.03246297687292099
-0.3189071714878082
0.1283825933933258
0.34521737694740295
0.13444074988365173
-0.44659727811813354
0.19720205664634705
0.2269069254398346
-0.0954875499010086
0.016527462750673294
-0.30609726905822754
-0.5692339539527893
0.9231905937194824
-0.48847103118896484
-0.459214448928833
0.7105609178543091
-0.1109309196472168
-0.23551878333091736
0.07506249099969864
0.16468864679336548
-0.06710721552371979
0.3073347508907318
-0.16851985454559326
-0.7417308688163757
0.5371872782707214
-0.1345544159412384
-0.1454404890537262
0.8081734776496887
-0.22683684527873993
-0.0990786999464035
0.07959906756877899
-0.46522384881973267
0.12218505144119263
-0.2034795582294464
-0.6217567920684814
-0.30937978625297546
-2.911991596221924
0.6196131706237793
0.7608782649040222
-1.9408330917358398
-0.0156942717730999
1.3717892169952393
-1.5681731700897217
-0.06415458023548126
0.12715940177440643
-0.5880799293518066
0.5892564058303833
0.017304468899965286
-0.35330384969711304
0.3080742359161377
0.4208925664424896
0.2739711403846741
-0.35209110379219055
0.17256765067577362
-0.353683739900589
0.13251802325248718
-0.0782359391450882
0.05992855876684189
-0.108110211789608
-0.4386260509490967
-0.22757256031036377
-0.36421746015548706
-0.6030429601669312
0.5928971171379089
0.2960112690925598
-0.4890618920326233
-0.3002702295780182
-0.043126415461301804
1.0259263515472412
-0.42904072999954224
-0.5960984826087952
-0.7749005556106567
0.45750442147254944
-0.15640422701835632
0.10397648811340332
0.08668690174818039
0.746908962726593
-0.5340715646743774
-0.5146058201789856
0.9286060333251953
0.22386805713176727
-0.29942786693573
-0.11873285472393036
0.6147023439407349
-0.08108608424663544
0.1267034262418747
-0.2949952483177185
0.626541256904602
-0.12702444195747375
0.05884604528546333
0.19692887365818024
-0.4317493438720703
-0.11180107295513153
0.022896194830536842
0.46604251861572266
0.5149058699607849
-0.5252270698547363
0.23905961215496063
0.4327297806739807
-0.5761455297470093
-0.19495582580566406
-0.2423590123653412
0.04807232320308685
-0.3401941657066345
0.8818933367729187
0.0939250960946083
-0.061225809156894684
0.3282009959220886
0.45343661308288574
0.11285533756017685
0.19687321782112122
0.1277657151222229
-0.5644727945327759
0.6285972595214844
-0.3657764494419098
-0.16685259342193604
0.13666696846485138
0.15514007210731506
-0.1854829341173172
0.7034209370613098
-0.3310084939002991
-0.14884492754936218
-0.04574263095855713
0.40463533997535706
-0.022305259481072426
0.24292147159576416
-0.6020750999450684
-0.2562805712223053
0.39809098839759827
-0.1183837279677391
-0.010386127047240734
-0.18771788477897644
-0.16536366939544678
0.05681804567575455
-0.4758755564689636
-0.391534686088562
-2.0976381301879883
2.4708118438720703
-0.52995365858078
-2.4150230884552
2.653850555419922
-1.34817373752594
-1.7760404348373413
1.0802052021026611
-0.2693873643875122
0.5093735456466675
-1.110912561416626
-0.9293996691703796
0.7114961743354797
-0.3399411737918854
0.40977829694747925
0.03461446613073349
-0.08316163718700409
-0.9235149621963501
0.6444855332374573
-0.0033465386368334293
-0.5302610397338867
0.25294438004493713
0.16789837181568146
-0.631023108959198
-0.7144807577133179
0.3893567621707916
-0.44527101516723633
0.059432029724121094
-0.24100594222545624
0.01935567893087864
0.11812615394592285
-0.47262296080589294
-0.983227550983429
0.6188985109329224
0.4202347695827484
-0.3050881326198578
-0.33041906356811523
0.24990025162696838
-0.1143488883972168
0.0059646605513989925
-0.20247450470924377
0.3387743830680847
-0.24144241213798523
-0.14879122376441956
-0.41791850328445435
0.21187524497509003
-0.5430244207382202
-0.14800091087818146
0.05851907655596733
-0.4770534038543701
-0.030310774222016335
0.09604549407958984
0.5198040008544922
-0.9928973913192749
0.09587755054235458
0.03647356107831001
0.3232901096343994
-0.008442545309662819
-0.9480870962142944
0.7501678466796875
0.2822932302951813
-0.208224818110466
0.019473839551210403
-0.17843857407569885
0.09992007911205292
-0.17802703380584717
-0.7343230843544006
0.49780750274658203
-0.19264908134937286
-0.37241095304489136
-0.3090457022190094
0.48992323875427246
-0.7358513474464417
-0.1736430823802948
0.05188183858990669
-0.6464537382125854
-0.024118399247527122
0.8455458879470825
-0.3105256259441376
-0.29916077852249146
0.4230784773826599
-0.28479477763175964
-0.9460819363594055
-0.14294970035552979
0.5326656103134155
-0.4155965745449066
-0.33639055490493774
-0.1027405634522438
-0.346273809671402
0.4762352406978607
0.4546329975128174
-0.8494145274162292
-0.6683861613273621
0.1131613478064537
0.08279749006032944
-0.5839403867721558
-0.39975178241729736
0.3418349027633667
0.09073702991008759
-0.3286488950252533
-2.936278820037842
0.7363516688346863
0.7550193667411804
-1.8178291320800781
-0.007378744892776012
1.2614885568618774
-1.0989681482315063
-0.07140310108661652
0.6821151971817017
-0.8430194854736328
0.4212062954902649
0.23634815216064453
-0.30160847306251526
0.019664620980620384
0.35513487458229065
-0.06321313232183456
-0.23799720406532288
0.43278083205223083
-0.27412229776382446
0.24389275908470154
-0.022484993562102318
0.025774693116545677
-0.1534232795238495
-0.3948255181312561
0.7860289812088013
-0.7938719987869263
-0.6438782215118408
1.3001682758331299
0.29876893758773804
-0.678805410861969
-0.797795295715332
0.19960129261016846
0.47604188323020935
0.019762301817536354
0.10259141027927399
0.21004104614257812
-0.2754666209220886
-0.0891495943069458
0.025850677862763405
-0.2185942679643631
0.9747822880744934
-0.5266493558883667
-0.20503170788288116
0.4100290834903717
0.13447368144989014
0.025077272206544876
0.4096546769142151
-0.2881007194519043
0.12726199626922607
0.09000635147094727
0.2522176206111908
-0.3130502700805664
0.09195201098918915
0.15060928463935852
-0.1985270082950592
-0.14437569677829742
0.6348753571510315
0.025622094050049782
-0.28241899609565735
0.24437923729419708
-0.10593284666538239
-0.022458981722593307
0.5765697360038757
-0.5949891805648804
0.3458115756511688
-0.10812854766845703
-0.18019631505012512
0.37761420011520386
-0.3191159963607788
0.5765642523765564
0.06510867923498154
-0.1852954924106598
0.4234916567802429
0.07248920202255249
-0.7676582932472229
0.10733604431152344
0.3279697895050049
-0.1511918008327484
-0.20143790543079376
0.053492069244384766
-0.2874733805656433
-0.2082810401916504
0.5174857974052429
0.03680034726858139
0.15815101563930511
0.07904718071222305
0.17849451303482056
0.20356254279613495
0.4528895318508148
0.072801373898983
0.1864602267742157
0.32467320561408997
0.04466572403907776
-0.46271973848342896
0.12513208389282227
-0.18486502766609192
0.5174440145492554
-0.17524155974388123
0.37543725967407227
-0.6010380983352661
-1.5711829662322998
2.78322172164917
-0.6240535974502563
-2.9986605644226074
2.879270076751709
-1.3381544351577759
-1.0119701623916626
1.2631328105926514
-0.6474816203117371
1.6137863397598267
-0.8040179014205933
-0.830493152141571
0.8917416334152222
-0.2102040797472
0.1389540135860443
-0.07428312301635742
0.13801273703575134
0.16119126975536346
0.27426838874816895
-0.140293687582016
-0.25476494431495667
-0.5788879990577698
0.24419112503528595
0.11960630118846893
0.24719639122486115
-0.7787702083587646
0.017150163650512695
-0.06719331443309784
-0.20951613783836365
0.5531284213066101
-0.05682115629315376
-0.27273669838905334
-0.1435672789812088
0.10514459758996964
-0.41819295287132263
0.5451444387435913
-0.06941423565149307
-1.083930253982544
-0.023077059537172318
1.0886142253875732
-0.5823296308517456
-0.5314143896102905
0.9323156476020813
-0.32809481024742126
0.03151559829711914
-0.251125305891037
0.14846758544445038
-0.4064180850982666
0.41333460807800293
-0.5673794746398926
-0.10029158741235733
-0.2687276303768158
0.38676896691322327
-0.4224821925163269
-0.6266924738883972
0.31159573793411255
-0.35213786363601685
0.5870927572250366
-0.4585081934928894
0.3043784201145172
-0.06703519821166992
-0.7888548970222473
0.16634821891784668
1.006386160850525
-0.38327401876449585
-0.1831289827823639
-0.2088100165128708
0.13180026412010193
0.08412504196166992
0.33569851517677307
0.05859541893005371
0.5599561929702759
-0.6567545533180237
-0.21441879868507385
0.8617023229598999
-0.45698508620262146
0.10097048431634903
0.43689030408859253
-0.6704051494598389
0.4582447111606598
-0.34587863087654114
0.2733726501464844
0.10041069984436035
-0.41089892387390137
0.4040878415107727
-0.45053043961524963
-0.6382943987846375
0.5069676041603088
0.1240975484251976
-0.6487256288528442
0.08643767982721329
-0.07325754314661026
-0.3994542956352234
-0.3468558192253113
0.8421532511711121
-0.15758927166461945
0.426861435174942
-0.5527204275131226
-0.7935125231742859
0.2053818702697754
-3.1749162673950195
0.7528786659240723
0.626559853553772
-1.9803119897842407
0.024724626913666725
1.2735339403152466
-1.4962013959884644
0.44168534874916077
0.8631356358528137
-1.288865566253662
0.4864308834075928
-0.03166749328374863
-0.8860282897949219
0.9278714060783386
-0.2814919054508209
0.301913321018219
0.12911562621593475
-0.5890419483184814
0.3427826464176178
0.06372687965631485
-0.5307846069335938
0.10027587413787842
-0.48903709650039673
0.284294992685318
-0.06517276912927628
-0.7773412466049194
-0.36333394050598145
0.9694660902023315
0.362143337726593
-0.3087180256843567
-0.7746254205703735
0.3518257737159729
0.29261499643325806
-0.6029112339019775
0.16515211760997772
0.14748969674110413
-0.43720531463623047
-0.029378246515989304
-0.1329599916934967
0.45556584000587463
0.2816620171070099
-0.19249176979064941
0.1822723150253296
0.06986129283905029
-0.5940555334091187
0.12884564697742462
-0.008189916610717773
0.3743305504322052
0.7901973724365234
-0.11469316482543945
-0.730003833770752
0.17846831679344177
0.087804414331913
-0.23581509292125702
0.4902995228767395
-0.3112235963344574
0.2075430452823639
0.44792231917381287
-0.29970741271972656
0.09306447207927704
-0.250645250082016
-0.30699095129966736
0.505294680595398
-0.2842480540275574
-0.16571535170078278
-0.31972697377204895
-0.04906187206506729
0.6308247447013855
-0.43601861596107483
0.5781036019325256
0.036588381975889206
0.1122642308473587
0.11053218692541122
-0.15180444717407227
0.2805876135826111
-0.5054666996002197
0.29375001788139343
-0.020931100472807884
0.019820118322968483
-0.26141977310180664
0.1479087471961975
0.43029412627220154
0.05570521205663681
-0.28229475021362305
0.4609752595424652
0.03452431783080101
-0.19988806545734406
0.20103895664215088
-0.11908996105194092
0.2763924300670624
0.11508478969335556
-0.35371676087379456
0.2507811486721039
-0.20185041427612305
0.28052037954330444
0.08824149519205093
-0.23017413914203644
0.3655419647693634
-1.005588173866272
-0.7654442191123962
-2.3526816368103027
2.5314109325408936
1.1468740701675415
-2.381361722946167
0.8298677206039429
-0.6685689687728882
-0.9005492925643921
1.1259419918060303
0.24254588782787323
-1.485838532447815
1.0467263460159302
-0.5320219993591309
-0.720946192741394
0.5340492129325867
0.1493273675441742
-1.1862493753433228
0.6484655141830444
-0.15366749465465546
-0.7245122194290161
0.4282131791114807
0.08781929314136505
0.7731204628944397
-0.8386908769607544
0.16953305900096893
0.48524975776672363
-0.04997258260846138
-0.5264126062393188
0.5765142440795898
-0.2402847707271576
0.5465253591537476
0.03317537158727646
-0.331005722284317
0.14136162400245667
-0.5176753401756287
0.2469232976436615
0.0611482635140419
-0.818263053894043
0.16495828330516815
0.17612114548683167
-0.26303166151046753
0.35458603501319885
-0.3014444410800934
0.09090586006641388
0.09930314868688583
-0.343593031167984
-0.9600549936294556
0.16389569640159607
0.15678191184997559
-0.3048725724220276
-0.25369489192962646
-0.10854993015527725
-0.2611663341522217
-0.3496612012386322
-0.3748858869075775
0.3537360727787018
-0.2799859941005707
0.752996027469635
0.29256129264831543
-1.0289714336395264
0.09333939850330353
0.5281078219413757
-0.8949306607246399
0.05414328724145889
0.1554710417985916
-0.8214035034179688
0.03272049501538277
-0.5701397061347961
0.43170166015625
0.2218674123287201
-0.012874936684966087
0.0919950008392334
-0.5434884428977966
0.45441198348999023
-0.4305270314216614
-0.017737913876771927
0.4671042561531067
-0.9147151112556458
-0.1483009159564972
0.6255506277084351
-0.5932425260543823
-0.5514059662818909
-0.05184776708483696
-0.21677246689796448
-0.40389642119407654
-0.23715028166770935
-0.2934609055519104
0.022109651938080788
-0.5097943544387817
-0.013232508674263954
-0.053332019597291946
-0.565933346748352
-0.13680052757263184
-0.14273501932621002
-0.21305617690086365
0.0304852481931448
-0.9117419123649597
0.7672672867774963
-0.4682616591453552
-0.43184804916381836
0.13852843642234802
-3.2341418266296387
0.5303326845169067
0.8374408483505249
-1.9386870861053467
-0.009284627623856068
1.444344162940979
-1.8934675455093384
0.3883623778820038
0.4391285479068756
-0.8919490575790405
0.3910782039165497
-0.7767577171325684
0.06520538032054901
0.3349836468696594
0.0005065679433755577
-0.35515713691711426
1.0239555835723877
-0.35430628061294556
-0.5037840008735657
0.7924014329910278
-0.664770245552063
-0.37163037061691284
0.03785550594329834
-0.04976258426904678
-0.3720892071723938
-0.3037298321723938
-0.9127235412597656
0.4416538178920746
-0.15081366896629333
-0.05446000024676323
-0.14763613045215607
-0.26108789443969727
0.8587029576301575
0.3714933395385742
-1.1908118724822998
-0.3979853391647339
0.793968141078949
-0.6167880296707153
0.12660667300224304
-0.19509053230285645
0.434298038482666
-0.6509798765182495
-0.5576299428939819
0.8889702558517456
-0.383858859539032
-0.09454715251922607
0.5807468295097351
0.018834495916962624
-0.2974078059196472
-0.4111919403076172
-0.14288148283958435
0.040568720549345016
-0.21527259051799774
-0.19238367676734924
0.1394924819469452
-0.18083205819129944
0.6905666589736938
-0.2680545449256897
-0.6164993047714233
1.1613744497299194
-0.589169979095459
-0.20568883419036865
0.22555574774742126
-0.28599876165390015
0.307677686214447
-0.25289756059646606
0.6502884030342102
0.24335066974163055
-0.1328260898590088
0.4463139474391937
-0.2205224335193634
-0.25074005126953125
-0.0735136866569519
6.920099258422852e-05
-0.49335169792175293
0.11868512630462646
0.086225725710392
0.16075922548770905
-0.16174830496311188
0.2581860423088074
-0.2999832332134247
0.42062872648239136
-0.019539283588528633
-0.27256953716278076
0.6135761141777039
0.2563987374305725
-0.4624630808830261
-0.22126853466033936
0.18325525522232056
-0.096452496945858
-0.22707056999206543
0.1468188762664795
-0.07575861364603043
-0.07155447453260422
0.09989771246910095
0.23448753356933594
-0.0824596956372261
-0.09702310711145401
-0.2699315547943115
-0.4274979531764984
-1.2174078226089478
3.0861430168151855
-2.0167393684387207
-3.0416109561920166
2.830134868621826
-1.9936374425888062
-0.5631190538406372
1.2728047370910645
-0.346087247133255
0.24892134964466095
-0.8594081997871399
-0.21242769062519073
0.345223605632782
-0.3451928496360779
-0.9224616289138794
0.5013054013252258
0.04944358021020889
-0.33784905076026917
0.4523847699165344
-0.45476752519607544
-0.4074077606201172
1.0073689222335815
-0.16667906939983368
-0.3952540159225464
-0.5786879062652588
0.09632859379053116
0.022750472649931908
0.26179561018943787
-0.49241313338279724
-0.022399138659238815
0.4458308219909668
-0.34355029463768005
-0.4540373384952545
-0.10117125511169434
-0.07425956428050995
0.06546125560998917
-0.7504836916923523
1.0975043773651123
0.02024698257446289
-0.30794668197631836
0.4680100381374359
0.09890337288379669
0.23028425872325897
0.12278337776660919
-0.5478266477584839
-0.25265341997146606
0.25059038400650024
-0.8271708488464355
0.4567621350288391
0.3344544470310211
-0.019156645983457565
-0.3649662137031555
0.12231411784887314
-0.5144574046134949
-0.4654870927333832
0.7166945934295654
-1.1565643548965454
-0.15653900802135468
-0.2532232403755188
0.1018165573477745
-0.3303762376308441
0.25446683168411255
-0.1660318821668625
-0.21445098519325256
0.02851424179971218
1.0232069492340088
-1.3747444152832031
0.8639364242553711
-0.2471838742494583
-0.04279284551739693
-0.12078647315502167
-0.8365862965583801
0.29099828004837036
0.48578476905822754
-0.35038644075393677
0.11818909645080566
-0.7799826860427856
-0.02097005769610405
0.13982822000980377
-0.5877164602279663
0.019841432571411133
-0.0927339568734169
-0.21924296021461487
-0.03229348734021187
-0.23051591217517853
-0.5425269603729248
-0.3963281512260437
0.09722520411014557
-0.3013989329338074
-0.5001586079597473
-0.022913623601198196
0.33942312002182007
-0.2665289044380188
-0.1966460794210434
0.365413099527359
-0.729140043258667
-0.5010838508605957
0.3657899498939514
-0.7022390365600586
0.22820648550987244
-2.29480242729187
0.9139335751533508
0.06771111488342285
-1.3969343900680542
0.1576501429080963
0.8995696306228638
-1.4823081493377686
0.39647483825683594
0.4841274321079254
-0.8236194849014282
0.3078899681568146
0.220299631357193
-0.43640953302383423
0.3127705454826355
0.3922983407974243
-0.06792902946472168
0.006692838855087757
-0.09394099563360214
-0.09069403260946274
-0.2648380994796753
-0.1965937316417694
0.1071505919098854
-0.2628795802593231
0.30447548627853394
0.06985290348529816
-1.4133163690567017
0.06262969970703125
0.7290753722190857
0.29748958349227905
-1.0392405986785889
-0.8707703351974487
0.23027631640434265
0.6317842602729797
0.13034427165985107
-0.463780015707016
0.31601375341415405
-0.4044559597969055
-0.245642751455307
0.017565418034791946
0.4563008248806
-0.3490605056285858
0.09906169027090073
0.3609318733215332
-0.1556490957736969
-0.7674472332000732
0.751494288444519
-0.05451483651995659
-0.5920001864433289
0.844046413898468
0.4882334768772125
-1.0034536123275757
0.20554932951927185
-0.10108909755945206
-0.5611559152603149
0.13334044814109802
0.17278672754764557
-0.0022326826583594084
-0.03237203508615494
0.33285045623779297
0.12445250898599625
0.13687308132648468
-0.4333783984184265
-0.4070099890232086
1.0946861505508423
-0.29322880506515503
0.035876013338565826
-0.06773610413074493
0.1351228505373001
-0.036908578127622604
-0.029935728758573532
0.5085372924804688
-0.2725391983985901
0.19726675748825073
0.21884794533252716
-0.12588508427143097
0.30233192443847656
-0.4341491758823395
-0.08120886981487274
0.051211167126894
-0.5173750519752502
-0.1627393513917923
0.049636948853731155
-0.5602567195892334
0.3460925221443176
-0.6856285929679871
-0.34398216009140015
0.3127695322036743
-0.03212166577577591
-0.5683399438858032
0.04642975330352783
-0.46791067719459534
-0.03386881202459335
-0.11048762500286102
-0.7226206660270691
0.3158644139766693
-0.3991416394710541
-0.28160399198532104
-0.30167046189308167
-0.41699331998825073
-0.5312899351119995
-2.3456544876098633
2.437093734741211
-0.8026918172836304
-2.3010153770446777
1.935124158859253
-0.7300206422805786
-1.5499413013458252
0.5769996643066406
-0.3608590364456177
0.16750159859657288
-0.7014461159706116
-0.86152583360672
0.4276815950870514
-0.4616152346134186
-0.6498208045959473
0.18323150277137756
0.25315189361572266
-0.3277832865715027
-0.2125891149044037
0.2590668201446533
-0.277006596326828
-0.6994069218635559
1.0995233058929443
-1.3454372882843018
0.2529985308647156
0.010407352820038795
-0.8696929216384888
0.3809965252876282
-0.22345247864723206
-0.1303855925798416
0.4877064824104309
-0.9899584054946899
0.21421179175376892
-0.4750632643699646
0.4428413510322571
0.7616814970970154
-0.3438963294029236
0.2120635062456131
-0.24014043807983398
0.1608060896396637
-0.3195638656616211
0.09989146888256073
0.8058961629867554
0.13971729576587677
-0.43402519822120667
0.31570568680763245
0.33160561323165894
-0.2353014498949051
0.39915260672569275
0.8905903100967407
0.5476418733596802
-0.36378711462020874
1.0428451299667358
-0.13629527390003204
1.1918113231658936
0.7938448190689087
0.11022291332483292
-0.1618042290210724
0.21565866470336914
1.1311641931533813
-0.25899410247802734
0.37771114706993103
0.61772620677948
-0.4180423617362976
0.012234067544341087
0.6313469409942627
-0.47039398550987244
-0.5738324522972107
0.22856345772743225
0.28487628698349
0.07704439014196396
-0.26538124680519104
0.02254495583474636
0.5491344928741455
-0.4433665871620178
-0.3661978840827942
-0.2104709893465042
-0.11533212661743164
-0.3607814908027649
-0.14863097667694092
-0.08915281295776367
0.5612209439277649
0.09514442831277847
0.2875775396823883
-0.4144042134284973
-0.09070365130901337
-0.37213125824928284
0.013172316364943981
0.48183584213256836
-0.1959650218486786
-0.26370230317115784
-0.21262049674987793
0.05510382726788521
0.2629600465297699
-0.26865288615226746
-0.2612944543361664
0.13765516877174377
-0.12738914787769318
-1.0476469993591309
0.07148732244968414
-2.823093891143799
0.51343834400177
0.6151785254478455
-1.910942792892456
-0.08581562340259552
1.0133405923843384
-1.7782115936279297
0.4249642491340637
0.3638717532157898
-0.7107788324356079
0.17289051413536072
-0.18984058499336243
-0.2862468361854553
0.12602469325065613
0.2845999598503113
0.010935306549072266
-0.1649416983127594
-0.10448219627141953
-0.13975664973258972
0.12204813957214355
-0.4096835255622864
0.06197762489318848
0.026343202218413353
-0.3784242272377014
0.032009027898311615
-0.6030696630477905
-0.5013382434844971
0.23557110130786896
-0.001883947872556746
-0.5923351645469666
-0.1427461802959442
-0.5152209401130676
1.2046840190887451
0.054962851107120514
-0.9994565844535828
-0.6165655851364136
0.8126555681228638
-0.607033371925354
-0.026541685685515404
0.5098996758460999
0.5711403489112854
-0.4353645443916321
-0.5004479885101318
0.3050146698951721
-0.2861095070838928
0.14052268862724304
0.19479063153266907
0.09048404544591904
-0.142903134226799
-0.17505612969398499
-0.14483356475830078
0.1953098475933075
-0.34827882051467896
-0.20133671164512634
-0.058606792241334915
0.3664224147796631
0.553774356842041
-0.5856428146362305
-0.36302417516708374
0.74041748046875
-0.12680867314338684
-0.0692877247929573
-0.1403702199459076
-0.5085466504096985
0.03751831874251366
0.6792799234390259
-0.33464786410331726
-0.24173705279827118
-0.12163116782903671
0.5244593024253845
0.0637459009885788
-0.16279582679271698
0.1158815398812294
0.14836981892585754
-0.5940646529197693
0.819442093372345
-0.1896074116230011
0.16503509879112244
-0.268608957529068
0.0416795089840889
-0.386456161737442
-0.09704520553350449
0.4817136228084564
-0.3241444230079651
-0.22879107296466827
0.3395158052444458
0.06673803180456161
0.11362650245428085
-0.010358070954680443
-0.11142367124557495
0.4791415333747864
-0.8346455693244934
0.1386299580335617
0.25292015075683594
-0.8286784887313843
0.09629960358142853
-0.12035932391881943
0.8954849243164062
-0.8695243000984192
-0.9826258420944214
-1.4172251224517822
2.1307590007781982
-0.3665328919887543
-2.337891101837158
2.7185089588165283
-0.5862362384796143
-2.6515953540802
1.092353105545044
0.23014864325523376
-0.3378421366214752
-0.970954418182373
-0.1376294642686844
0.029540061950683594
-0.4373134970664978
0.1943439543247223
0.055267333984375
-0.6093593835830688
0.31013554334640503
0.014887762255966663
-0.46454325318336487
-0.4113989770412445
0.1762058287858963
-0.4973691999912262
-0.38683539628982544
0.5897678732872009
-0.07462291419506073
0.01986083947122097
0.1078241840004921
-0.012472152709960938
-0.2035137116909027
0.20476475358009338
-0.14619126915931702
-0.5937522649765015
0.47476181387901306
-0.303710401058197
-0.17471103370189667
0.34178122878074646
-1.0972377061843872
0.7109361886978149
0.44244033098220825
-1.325866460800171
0.2149011641740799
0.32186955213546753
-0.4795228838920593
-1.104182481765747
0.07524566352367401
0.6157076358795166
-0.23336505889892578
-0.6340150833129883
-0.2884940207004547
-0.18127241730690002
0.16323499381542206
-0.3964475989341736
-0.35829615592956543
0.4143367409706116
-0.33189302682876587
0.1154576763510704
-0.2985150218009949
-0.7007660865783691
-0.43273991346359253
0.7084366083145142
-0.4899417757987976
-0.28562131524086
0.46593719720840454
-0.4052043855190277
0.4468330442905426
-0.2724459767341614
0.5770530700683594
0.08676910400390625
-1.321549654006958
0.10528802871704102
0.2344825267791748
-0.34072837233543396
-0.09092450141906738
-0.2767626643180847
-0.15269216895103455
0.286579966545105
-0.4536394476890564
0.019564200192689896
0.2818313241004944
-0.13708309829235077
-0.24199822545051575
-0.5837031602859497
0.40544581413269043
0.5422423481941223
-0.5013130903244019
-0.8385270237922668
0.7834574580192566
-0.46679025888442993
0.0952315554022789
0.07373519241809845
-0.11230511963367462
0.1177377849817276
0.3021847605705261
-0.47752562165260315
0.31551486253738403
0.009743869304656982
-0.5405734777450562
0.03983441740274429
0.1765548139810562
-2.9071497917175293
0.537872314453125
0.9758752584457397
-1.9121646881103516
0.27543318271636963
0.9993388056755066
-1.6297918558120728
0.21628327667713165
0.6033207178115845
-1.269643783569336
0.4156613349914551
0.44429197907447815
-0.8122237324714661
0.3353092670440674
0.16162340342998505
-0.10619457066059113
0.348125696182251
0.2126830816268921
-0.4093012809753418
0.29298004508018494
0.0753166675567627
-0.11364452540874481
0.12829312682151794
-0.5019778609275818
0.46966415643692017
-0.9552562832832336
-0.22184154391288757
0.8888552784919739
-0.07174606621265411
-0.6069758534431458
-0.6760576963424683
0.8300507664680481
-0.047707222402095795
-0.548031210899353
-0.11644391715526581
0.4470793306827545
-0.3660142719745636
-0.36645960807800293
0.28677839040756226
0.6224181652069092
0.7408484220504761
-0.7477412223815918
-1.5940325260162354
1.384093999862671
-0.2672274112701416
-0.7256666421890259
0.9388073682785034
-0.6075056791305542
0.21528764069080353
0.5889564752578735
-0.5754168629646301
0.03650818020105362
-0.225843146443367
0.11754705756902695
-0.04302467033267021
0.01438827533274889
0.11997077614068985
0.11955995857715607
-0.14075197279453278
0.22572174668312073
-0.5442686080932617
0.2121301144361496
0.30308786034584045
0.0885544866323471
-0.47695350646972656
0.10292787849903107
-0.30742526054382324
-0.056553613394498825
0.3213987946510315
-0.2686050832271576
0.11995869874954224
0.29946115612983704
0.2710643410682678
0.1901690512895584
-0.8795569539070129
0.5498020052909851
0.05458904430270195
-0.16498056054115295
0.2925453782081604
-0.42946189641952515
0.4411590099334717
-0.22034874558448792
0.2175990641117096
-0.31127679347991943
0.2828221321105957
0.1915983110666275
0.2126171886920929
-0.3343469202518463
0.16990318894386292
-0.25896644592285156
-0.4595426917076111
0.3150455355644226
0.24132463335990906
0.1106671541929245
0.16422316431999207
0.13309462368488312
0.42985624074935913
-0.023840177804231644
-0.39717939496040344
-0.34546804428100586
-1.5564863681793213
2.529116153717041
-0.5848484635353088
-1.699041724205017
2.229210615158081
-1.5118062496185303
-1.3727076053619385
0.9187836647033691
-0.02693500556051731
-0.6521362662315369
0.2009962499141693
0.25637245178222656
-0.8741127252578735
-0.3806472420692444
0.7492510676383972
-0.7500910758972168
-0.1503368318080902
-0.04842102527618408
-0.5125565528869629
-0.15757136046886444
-0.5007840394973755
0.2034491002559662
-0.5015439987182617
-0.14643296599388123
0.2889062464237213
0.0452914722263813
-0.05277657508850098
-0.3051995635032654
-1.3483493328094482
1.1333175897598267
0.23488911986351013
-1.7703319787979126
1.1365106105804443
-0.1289646178483963
-0.06980323791503906
-0.03546609729528427
-0.2969522476196289
0.1421273648738861
-0.36151304841041565
-0.3367815613746643
-0.2265750914812088
0.29572439193725586
-0.3274642825126648
-0.3065999746322632
0.07297544181346893
-0.1463364064693451
-0.17382435500621796
-0.7537891268730164
0.3230852484703064
-0.2754901349544525
-0.8346301317214966
0.09070420265197754
0.38755351305007935
-1.1109411716461182
0.38893476128578186
-0.047281406819820404
-0.9532006978988647
-0.19383922219276428
0.34075823426246643
-0.010918403044342995
-0.10171699523925781
0.12216444313526154
-1.0005724430084229
0.4482502341270447
0.15406914055347443
-0.5836542844772339
-0.315702348947525
0.3158174753189087
-0.52546626329422
0.08639123290777206
-0.07783970981836319
0.4103642404079437
0.24014119803905487
-0.9192484021186829
-0.11126651614904404
-0.6092099547386169
0.46176815032958984
-0.4182668626308441
-0.48813924193382263
-0.21376609802246094
1.1942676305770874
-0.5457133054733276
-0.4448891580104828
-0.05358254909515381
0.025237511843442917
0.35938549041748047
-0.42876967787742615
0.5927066206932068
-0.3393224775791168
-0.40575605630874634
0.5627395510673523
-0.208769753575325
-0.4716699719429016
0.5254605412483215
-0.04345128685235977
-0.48016196489334106
-0.39946994185447693
0.9217609167098999
-0.5942386984825134
0.5000022649765015
-3.483811616897583
0.6255996823310852
1.2089979648590088
-2.3560473918914795
0.0628848597407341
1.464630126953125
-1.808439016342163
0.3321784436702728
0.3657676577568054
-0.5649391412734985
0.4062562882900238
0.30058160424232483
-0.38394272327423096
-0.25697413086891174
0.8738611340522766
-0.08973286300897598
-0.2909493148326874
0.10399150848388672
-0.2872905135154724
-0.06859400123357773
-0.01806732453405857
0.14314958453178406
-0.47323304414749146
0.0678599625825882
0.26455333828926086
-0.7376003265380859
-0.025821805000305176
0.5111557841300964
-0.5542172789573669
-0.08151185512542725
0.018564891070127487
-0.09880538284778595
1.0035902261734009
-0.03563294559717178
-1.3364452123641968
-0.42707139253616333
1.064744234085083
-0.25550761818885803
0.08905299007892609
0.23421601951122284
0.38346827030181885
-0.5388334393501282
-0.30386781692504883
0.19594457745552063
-0.3417147994041443
-0.14387831091880798
0.2880266606807709
-0.2719539999961853
-0.5953181982040405
0.34707897901535034
-0.33287811279296875
0.07782600075006485
0.009414839558303356
-0.229151651263237
0.143224835395813
-0.3583980202674866
0.5176598429679871
-0.23367777466773987
-0.142296701669693
0.29931196570396423
-0.5941844582557678
-0.076974056661129
-0.007082128431648016
-0.09700937569141388
0.19160394370555878
-0.047035716474056244
0.04562275484204292
0.5465428233146667
-0.6890898942947388
-0.16004547476768494
0.1678895652294159
-0.3505682349205017
0.24542978405952454
-0.26645034551620483
-0.14912454783916473
0.32365936040878296
-0.07700536400079727
0.20348230004310608
0.29395627975463867
-0.0700431689620018
0.33206015825271606
0.283178448677063
-0.10989316552877426
0.0016146659618243575
-0.31151026487350464
0.42334261536598206
0.28559234738349915
-0.17088384926319122
0.35700950026512146
-0.33285844326019287
0.7929998636245728
-0.280171662569046
-0.0381174311041832
-0.18083897233009338
0.268523633480072
0.3912966549396515
0.35277098417282104
-0.15707328915596008
-0.4088917672634125
0.04260925203561783
-1.7169793844223022
2.367452383041382
-0.29727452993392944
-3.299238920211792
2.6486153602600098
-1.1059672832489014
-0.7702053189277649
1.2142236232757568
-0.5967665314674377
0.7003799080848694
-0.6562446355819702
0.41418343782424927
0.3628517985343933
-0.2862372398376465
-0.4171268939971924
0.45982950925827026
-0.32023754715919495
0.009970379061996937
0.23596806824207306
-0.1883835792541504
-0.06616010516881943
0.21031451225280762
0.6823503375053406
-0.2900247573852539
-0.508417010307312
0.04506969451904297
-0.23322996497154236
0.12391700595617294
-0.4550550878047943
-0.6896463632583618
0.25500011444091797
-0.7112470865249634
-0.6674147844314575
0.46575918793678284
-0.04154539108276367
0.20885972678661346
-0.09432382881641388
0.21401071548461914
-0.18595847487449646
-0.09387378394603729
0.09664525836706161
-0.738081693649292
-0.20963549613952637
0.3687604069709778
-0.2883385717868805
-0.4722847044467926
0.8926409482955933
0.12260518223047256
-0.02210850641131401
0.5836901664733887
-0.911603569984436
0.02833113633096218
0.8953015208244324
-0.5501813888549805
-0.19165392220020294
-0.42202243208885193
0.5376838445663452
0.10593481361865997
-0.7184895277023315
-0.016913270577788353
0.39551371335983276
-0.6515617966651917
-0.017406940460205078
0.29403796792030334
0.030016709119081497
-1.266675591468811
0.024098634719848633
0.6780954599380493
-0.38842087984085083
-0.11314105987548828
0.6631587743759155
0.07881224155426025
-0.030567431822419167
-0.44431790709495544
-0.2196701318025589
0.2780187129974365
0.058049820363521576
-0.3516908288002014
0.07192368805408478
-1.0845351219177246
0.28719407320022583
0.23955869674682617
0.1075049638748169
0.08099591732025146
-1.1621286869049072
-0.36744552850723267
0.24942918121814728
0.08231258392333984
-0.2822168469429016
0.14579927921295166
-0.18155518174171448
-0.6693757176399231
-0.16253046691417694
0.2993568480014801
0.34923845529556274
-0.558732807636261
0.00013109444989822805
0.19049561023712158
-0.7657273411750793
-0.03354400396347046
-3.2140755653381348
0.8386708498001099
0.8245657086372375
-2.0191988945007324
-0.11544615030288696
1.4205400943756104
-1.401972770690918
0.10929912328720093
0.5939887762069702
-0.5887786746025085
0.204743891954422
-0.0814070925116539
-0.550514817237854
0.24103553593158722
0.47945016622543335
0.24897536635398865
-0.22378702461719513
0.16217751801013947
0.05151832103729248
-0.3054434061050415
0.4677202105522156
0.17922954261302948
-0.653213620185852
-0.026746416464447975
0.03504293039441109
-0.4039691984653473
-0.29390236735343933
0.8518602252006531
-0.4737471640110016
0.12268811464309692
0.13645274937152863
-0.39408159255981445
0.6719973683357239
0.28793343901634216
-0.9364991188049316
-0.5761491060256958
0.3031211197376251
-0.032839030027389526
0.15013527870178223
0.500788688659668
0.5609841346740723
-0.7996664643287659
-0.026463579386472702
0.6140950322151184
-0.5138128995895386
0.4461674094200134
0.3434771001338959
-0.11590421199798584
-0.4501277804374695
0.42053765058517456
-0.33173394203186035
-0.18357577919960022
0.22891835868358612
0.24675020575523376
-0.0033284188248217106
-0.454575777053833
1.036801815032959
-0.3779069483280182
-0.5031864047050476
0.6275242567062378
-0.5144651532173157
0.24292778968811035
0.34325623512268066
-0.07254635542631149
0.10979606956243515
-0.5762619376182556
0.21814179420471191
0.5232465863227844
0.007835703901946545
-0.10977290570735931
0.3879602551460266
0.02869132161140442
-0.11723150312900543
0.014234423637390137
0.29611578583717346
-0.02589522674679756
-0.22315406799316406
-0.46396130323410034
0.14965105056762695
-0.12623362243175507
0.042259812355041504
0.003376215696334839
-0.0430859699845314
0.3966366946697235
-0.29986992478370667
0.26649612188339233
0.06827298551797867
0.2273993045091629
0.02529342845082283
-0.39374637603759766
0.5069530010223389
0.02517206408083439
0.5091641545295715
-0.13203458487987518
0.3225455582141876
-0.16052685678005219
0.23416605591773987
0.27623289823532104
-0.5694451332092285
-0.5322953462600708
-1.8382723331451416
2.819955348968506
-0.6875612735748291
-3.139977216720581
2.500471591949463
-1.8951774835586548
-0.08649273216724396
1.1260476112365723
-0.3448549807071686
1.0270239114761353
-0.6795408129692078
-0.5582416653633118
0.481955349445343
-1.0096383094787598
0.6523446440696716
-0.3429712951183319
-0.18897685408592224
-0.5695222616195679
-0.1290707141160965
0.4040689468383789
-0.4337140917778015
0.35883188247680664
0.19754114747047424
-0.13951797783374786
-0.38454991579055786
-0.10020685195922852
0.42730027437210083
-0.19470667839050293
-0.011461162939667702
0.5828701257705688
-0.5223681926727295
-0.19786515831947327
-0.03819284588098526
-0.12179317325353622
-0.49489980936050415
0.5305753350257874
0.24374613165855408
-0.8973820805549622
0.31492891907691956
0.3169005513191223
-0.5944486856460571
-0.05979013442993164
0.09826793521642685
0.21295318007469177
-0.6985829472541809
0.38368257880210876
0.5102198719978333
-0.17419223487377167
-0.47143086791038513
0.5329126119613647
-0.586925745010376
0.8574813604354858
0.7229485511779785
-1.0349969863891602
0.18623685836791992
0.18970337510108948
-0.7480812072753906
0.46818169951438904
0.12266846001148224
-0.6926208734512329
0.09273257106542587
0.14383269846439362
-0.067696712911129
-0.6392163634300232
-0.2668800354003906
-0.4405122697353363
-0.47564512491226196
0.2829890251159668
-0.29949140548706055
-0.7168146371841431
0.7153279185295105
0.28549110889434814
0.14093999564647675
0.44445133209228516
-0.36780795454978943
0.03403282165527344
-0.8010852932929993
0.1576743870973587
-0.2292902171611786
0.377358615398407
0.22425344586372375
-0.20775040984153748
0.051621221005916595
0.09149398654699326
-0.09017495810985565
-0.5783527493476868
0.5280814170837402
0.5015276074409485
-0.9139778017997742
0.025879811495542526
0.23597988486289978
-0.1468614637851715
-0.40760040283203125
-0.09991683810949326
-0.38576340675354004
-0.23620441555976868
-0.7104963064193726
-0.21666936576366425
0.10862907022237778
-0.7245270013809204
-2.8599319458007812
0.5454665422439575
0.5902137160301208
-1.9869821071624756
-0.09441830962896347
1.0959398746490479
-1.2040021419525146
-0.2718631327152252
0.4893331527709961
-0.859582245349884
0.3005577027797699
-0.08753502368927002
-0.8039265871047974
0.3553919792175293
0.21558013558387756
0.15800026059150696
-0.4373566210269928
0.26843446493148804
0.09528370201587677
-0.6212669610977173
-0.060332320630550385
0.34204259514808655
-0.5632351040840149
-0.26888424158096313
-0.10743069648742676
-0.6408181190490723
-0.17780891060829163
0.8576904535293579
-0.5407265424728394
-0.6795913577079773
0.4746389389038086
-0.09904414415359497
0.5583595633506775
0.9381195306777954
-1.429826021194458
-0.6705318093299866
0.6213794946670532
0.08903591334819794
-0.0844479575753212
0.02425968647003174
0.543394148349762
-0.3524990379810333
-0.4754183888435364
0.23943793773651123
0.20779475569725037
-0.330045223236084
0.42486971616744995
0.34704405069351196
-0.5859031677246094
0.14684125781059265
-0.15891239047050476
-0.37139052152633667
0.05348191782832146
-0.1880619078874588
-0.23079879581928253
0.1300029158592224
-0.13712608814239502
0.4017004072666168
0.16577383875846863
-0.4004036784172058
-0.6481778621673584
1.0149165391921997
0.028997886925935745
-0.25061994791030884
0.48659056425094604
-0.05819997191429138
-0.20981518924236298
0.3169085681438446
0.09412405639886856
0.005176114849746227
-0.44720667600631714
0.785529375076294
0.32152023911476135
-0.06443168222904205
-0.31780073046684265
0.842420756816864
-0.3908115029335022
0.16041609644889832
0.0077308653853833675
0.5212355852127075
-0.0041346075013279915
0.4100162386894226
0.1529550850391388
0.3994375765323639
-0.3670894503593445
-0.18754632771015167
0.22309429943561554
0.12948153913021088
-0.1665947288274765
-0.12646910548210144
0.5542653799057007
-0.05366165563464165
-0.16469204425811768
0.20342373847961426
0.11433879286050797
0.1054784432053566
-0.15412384271621704
0.16316072642803192
-0.22885508835315704
-0.49670132994651794
-1.9264781475067139
2.501511335372925
-0.7748621106147766
-2.803966999053955
2.8323731422424316
-2.024596691131592
-0.3651667535305023
0.6985814571380615
0.1586563140153885
-0.21715812385082245
-0.7384926080703735
0.08020434528589249
0.13277992606163025
-0.3894703984260559
-0.38877731561660767
0.515878438949585
0.4292607307434082
-1.2281997203826904
0.6772839426994324
0.5749499797821045
-0.8657464981079102
0.08157472312450409
-0.017365217208862305
0.10003228485584259
0.3683936595916748
0.18993520736694336
-0.2594617009162903
-0.6012414693832397
0.4852340817451477
-0.5773216485977173
0.1454458236694336
0.09955959022045135
-0.16173481941223145
-0.3722824156284332
0.576015293598175
-0.14372892677783966
-0.008681869134306908
0.8856580853462219
0.05192165449261665
-0.6782289743423462
-0.1943093240261078
0.09179134666919708
-0.06182432174682617
-0.031161880120635033
-0.25021475553512573
0.19899621605873108
-0.15425653755664825
0.1980477273464203
-1.0505449771881104
-0.18101415038108826
0.44770580530166626
0.03397016599774361
-0.5157681703567505
0.6075671315193176
-0.03627366945147514
-0.556981086730957
0.19026079773902893
0.26100945472717285
-0.1179654598236084
0.40015706419944763
-0.3404009938240051
-0.4036200940608978
1.2609715461730957
-0.10958027839660645
-0.7400196194648743
0.49642544984817505
-1.257702112197876
1.1291968822479248
-0.6325182914733887
-0.10078348964452744
0.5470550656318665
-0.10180127620697021
0.6367896795272827
-0.4719153344631195
-0.15486040711402893
-0.1558723747730255
-0.2557712197303772
-0.36458471417427063
-0.25884193181991577
0.12330023944377899
-0.4394536018371582
0.7672474384307861
-0.016697287559509277
-0.5225937962532043
0.2224501371383667
-0.03390178829431534
-0.34095364809036255
1.0365370512008667
0.0645037442445755
-0.3059869408607483
-0.19176164269447327
0.27546241879463196
-0.40087389945983887
-0.01888011023402214
0.08575268089771271
-0.2833879590034485
-0.7779663801193237
0.37264302372932434
0.09306617826223373
-0.3553512990474701
-2.813283681869507
0.599734902381897
0.7420632243156433
-2.0598113536834717
0.3491516709327698
1.1162128448486328
-1.3791959285736084
0.2644100785255432
0.09429757297039032
-0.831196129322052
0.3814484477043152
-0.1646064817905426
-0.42883872985839844
0.6247522234916687
-0.1391022950410843
0.2535907030105591
-0.03489792346954346
-0.09075833857059479
0.13386663794517517
0.223727747797966
-0.36676159501075745
-0.009326005354523659
0.2840261161327362
-0.6692091226577759
0.22037115693092346
-0.3219026029109955
-0.6240347623825073
0.8953475952148438
-0.6602212190628052
-0.2926262319087982
0.3576124906539917
-0.7412633895874023
1.0875649452209473
0.4715708792209625
-0.5515684485435486
-1.0772631168365479
0.8492395281791687
-0.38993966579437256
-0.37820005416870117
0.4062287211418152
0.7636088132858276
-0.975140392780304
0.21765479445457458
0.41475948691368103
-0.5301914811134338
-0.3979590833187103
0.6483393907546997
0.24803748726844788
0.1521841287612915
-0.4330056607723236
-0.8271111249923706
0.627395510673523
-0.2772556245326996
-0.2816019654273987
-0.09899375587701797
0.3348710536956787
0.2486676424741745
-0.2533324956893921
-0.43503254652023315
0.17545302212238312
-0.5110856890678406
0.05501632019877434
0.0709005743265152
-0.039782144129276276
-0.16541209816932678
-0.20988066494464874
0.6461168527603149
-0.08200813829898834
0.3081837296485901
0.0889093428850174
-0.6639143228530884
0.6000829339027405
0.17309918999671936
-0.49809426069259644
0.4697166085243225
0.005509546492248774
-0.0043675960041582584
0.21740105748176575
0.04547395929694176
-0.20382413268089294
-0.2650989294052124
0.10105009377002716
0.7832809686660767
-0.3910141885280609
0.044190168380737305
0.0591086745262146
0.43180719017982483
-0.20981529355049133
-0.29741573333740234
0.25973325967788696
-0.20251555740833282
-0.1393984705209732
0.0035092115867882967
-0.22628788650035858
0.2717861235141754
-0.33103224635124207
-0.044972848147153854
0.10421322286128998
-0.8425427675247192
-0.4290257394313812
-1.9654802083969116
2.6855416297912598
-0.5312057733535767
-2.4764528274536133
1.8056453466415405
-0.18843308091163635
-1.3648227453231812
0.6266655325889587
0.558853268623352
0.5716646313667297
-0.8783583641052246
-0.6549936532974243
0.430753618478775
-0.5679799914360046
-0.1456836462020874
0.3454877734184265
0.32710105180740356
-0.41415682435035706
-0.031184960156679153
0.3035763204097748
-0.8253507614135742
0.016854524612426758
0.44288358092308044
-0.830818772315979
0.3288431763648987
-0.2990211546421051
-0.7605406641960144
0.6914712190628052
-0.5782136917114258
-0.48275575041770935
-0.0597321018576622
0.09083042293787003
-0.6558603048324585
-0.26637396216392517
0.39018240571022034
-0.3040534555912018
-0.11893472820520401
-0.1880408227443695
0.08151664584875107
-0.26394471526145935
-1.2713334560394287
0.7537826299667358
-0.003737926483154297
-0.8209816217422485
0.21782651543617249
-0.06762228161096573
-0.01703491248190403
0.46154165267944336
-0.2718234062194824
-0.23876819014549255
0.30897194147109985
0.22462086379528046
-0.30394402146339417
-0.6418063640594482
0.3800993859767914
-0.43904027342796326
0.37590256333351135
-0.19221024215221405
-0.45148977637290955
0.8922225832939148
-0.7218608856201172
0.4789818823337555
-0.3408532738685608
-0.7857226729393005
0.28890880942344666
0.005293750669807196
-0.4982949197292328
0.16186828911304474
0.20450398325920105
0.02217583730816841
-0.08617405593395233
-0.5389097929000854
-0.18258671462535858
-0.584283709526062
0.49233704805374146
-0.518713653087616
0.16732282936573029
0.13531550765037537
-0.2899465262889862
-0.522278368473053
0.016904806718230247
0.25165054202079773
-0.24195905029773712
0.15033704042434692
0.1566818356513977
0.03435158729553223
-0.9096233248710632
1.2124927043914795
-0.7724069356918335
-0.6501629948616028
0.287813276052475
0.13232502341270447
-0.25711125135421753
-0.6769543290138245
0.6328397989273071
-0.7024929523468018
0.38199377059936523
0.19546225666999817
-0.8409635424613953
-0.49036461114883423
-2.3623788356781006
0.5135598182678223
0.7783908843994141
-1.9970935583114624
0.06723152101039886
1.1617950201034546
-1.509769082069397
0.19751667976379395
0.17121081054210663
-0.5781663060188293
-0.009343290701508522
0.12798602879047394
-0.32955771684646606
-0.16508948802947998
-0.10063803195953369
0.013105916790664196
-0.324898898601532
-0.02681860886514187
-0.32131442427635193
0.31459012627601624
-0.11528768390417099
-0.4936563968658447
0.012184595689177513
-0.14291664958000183
0.19400209188461304
-1.1582826375961304
-0.02646350860595703
0.6502288579940796
-0.7201290130615234
0.43974095582962036
-0.49915122985839844
-0.5977742671966553
1.1166554689407349
0.3614540994167328
-1.638725996017456
-0.09249154478311539
0.3894627094268799
0.027192164212465286
-0.3384593725204468
0.15524697303771973
0.5660337805747986
-0.5963939428329468
-0.46672526001930237
0.4175816476345062
-0.28688114881515503
-0.021428490057587624
0.6563416719436646
-0.3260325789451599
0.11328230053186417
-0.49410152435302734
-0.09345290809869766
0.019709492102265358
0.11581890285015106
-0.3856053948402405
-0.045203257352113724
0.47117847204208374
-0.04740185663104057
-0.11952569335699081
0.24282006919384003
0.02764742448925972
-0.4115574359893799
0.3347451388835907
0.41883063316345215
-0.2220347374677658
-0.064944326877594
-0.23994383215904236
-0.1905326098203659
0.4743356704711914
0.2892046570777893
-0.348935604095459
0.7743955850601196
-0.530360221862793
-0.22497010231018066
-0.1200973242521286
-0.43219852447509766
0.08444461971521378
0.3651408553123474
-0.2343115359544754
-0.04964409023523331
-0.16155418753623962
-0.012700533494353294
-0.08763422816991806
-0.14118070900440216
0.16972558200359344
0.1677566021680832
-0.19170357286930084
0.24260449409484863
0.03708267584443092
0.12877094745635986
0.022802507504820824
0.3143365979194641
0.23058131337165833
0.517552375793457
-0.5459012985229492
-0.38897705078125
0.7582398653030396
-0.04549499601125717
0.12462131679058075
-0.7324537038803101
-0.894879162311554
-1.326690435409546
2.713397979736328
-0.48486727476119995
-1.821528673171997
1.7422082424163818
-1.436435341835022
-0.42749500274658203
1.3552027940750122
-0.2484680861234665
0.2519441246986389
-0.4898149371147156
-0.6132556796073914
0.6910320520401001
-0.7631152272224426
0.19970321655273438
0.6831887364387512
-0.4102334976196289
-0.15090680122375488
-0.09728679805994034
0.6973057985305786
-1.6792491674423218
0.6496263742446899
0.5078340768814087
-1.1200969219207764
0.8890083432197571
0.377572238445282
-0.7652851343154907
0.48002853989601135
0.28338176012039185
-0.2799057960510254
0.15942835807800293
-0.27830976247787476
-0.25186166167259216
0.45084866881370544
-0.5202025175094604
-0.20906634628772736
0.20546960830688477
-0.6502528190612793
0.5505489110946655
-0.3206206262111664
-0.2631145119667053
0.514006495475769
0.24727821350097656
-0.7895790338516235
0.6408295631408691
-0.4010862708091736
-0.26131564378738403
-0.29996347427368164
-0.5688157677650452
0.10203008353710175
0.2865012586116791
-0.02037038840353489
0.3556893467903137
-0.8271762728691101
0.04286818578839302
-0.0193615909665823
-0.6237647533416748
0.2086631804704666
0.5498912334442139
0.11303591728210449
-0.3819383680820465
-0.6017609238624573
0.3033444285392761
0.3007291257381439
-0.48151272535324097
0.41903194785118103
-0.16351422667503357
-0.13738641142845154
-0.25169843435287476
0.7380596995353699
-0.5746560096740723
-0.15045516192913055
0.5539069175720215
0.23531267046928406
-0.9920487403869629
0.048253774642944336
0.10370297729969025
-0.16558991372585297
0.4543638825416565
-0.8841654062271118
-0.41505250334739685
0.7745612859725952
-0.8980500102043152
-0.038727544248104095
0.030257415026426315
-0.8795839548110962
0.06505455821752548
0.5994818806648254
-0.0439411997795105
0.5041407346725464
-0.6700679659843445
-0.3310195803642273
-0.8862112164497375
-0.3354714810848236
0.8247243762016296
0.5685731768608093
-0.6220802664756775
-0.2580949664115906
0.04530293866991997
0.17667905986309052
-2.2647056579589844
0.9378746151924133
0.27498191595077515
-1.3889769315719604
-0.3398631513118744
1.3941619396209717
-1.3540701866149902
0.30640536546707153
0.16382911801338196
-0.35823729634284973
-0.11009478569030762
0.12305493652820587
-0.1459035873413086
0.2686866521835327
0.48193854093551636
-0.052359603345394135
-0.14046064019203186
0.6837248802185059
-0.6620134711265564
-0.035825230181217194
-0.2869639992713928
0.1904795914888382
0.13480281829833984
-0.13076290488243103
0.17491577565670013
-0.906013011932373
-0.29939383268356323
0.09651477634906769
0.2669345736503601
-0.4034891724586487
-0.3067832589149475
0.1947871446609497
0.9274773597717285
0.8137511014938354
-1.2720264196395874
-0.17554505169391632
0.11805121600627899
-0.18466785550117493
-0.3768267035484314
0.3513069748878479
0.39514419436454773
-0.29040759801864624
0.05039792135357857
0.36637845635414124
-0.5992940664291382
0.1105051264166832
-0.1434897929430008
-0.26194602251052856
0.48386088013648987
0.6024121046066284
-0.8581732511520386
-0.08607854694128036
0.1315135657787323
-0.03263099119067192
0.46259036660194397
-0.36653926968574524
-0.07474751770496368
0.8188593983650208
-0.08895228058099747
-0.2748308479785919
-0.06161370128393173
0.17498376965522766
-0.42099350690841675
-0.36909663677215576
0.05863757058978081
0.41937217116355896
-0.3444488048553467
-0.2622336745262146
0.18876251578330994
-0.5114272236824036
0.4231073260307312
-0.2817743718624115
0.5331984162330627
0.0039289952255785465
0.033345066010951996
-0.04883679002523422
0.44421204924583435
0.16198959946632385
-0.19325187802314758
0.2002870738506317
0.5444971323013306
-0.48245057463645935
0.4792918264865875
-0.3556986451148987
-0.156749427318573
0.06225137785077095
-0.05115504935383797
0.23360338807106018
0.044808387756347656
0.12675760686397552
-0.16269460320472717
0.4699614942073822
-0.6789372563362122
0.18476060032844543
0.5818194150924683
-0.42489027976989746
-1.0183616876602173
0.7756492495536804
-0.4239845275878906
-0.8328491449356079
-2.2876877784729004
3.630852222442627
-0.4197588562965393
-2.3520493507385254
1.6657222509384155
-0.7955248355865479
-0.030293608084321022
0.3931964039802551
-0.06814298778772354
0.5615487098693848
0.11353621631860733
-1.6319659948349
1.2284187078475952
-0.4212058186531067
-0.507892370223999
0.3593501150608063
0.45124340057373047
-0.09645161777734756
0.36807847023010254
-0.28564733266830444
-0.2131509780883789
0.2184315174818039
-0.13696661591529846
0.7372945547103882
-0.17788735032081604
-0.13913245499134064
-0.7114022970199585
0.6082330346107483
-0.18648472428321838
-0.5432628393173218
0.4682418406009674
0.18274107575416565
-0.9496391415596008
0.06375651061534882
0.19029054045677185
-0.9089487195014954
0.05649285390973091
0.1674196720123291
-0.6644999980926514
1.0927302837371826
-0.17249250411987305
-0.6463167071342468
-0.10256867110729218
0.11560235172510147
-0.14824247360229492
0.04923295974731445
-0.6221218705177307
0.24511957168579102
0.42753034830093384
-0.4017477035522461
-0.36019134521484375
-0.2755759358406067
-0.37946560978889465
-0.6752884387969971
0.2382688969373703
-0.23473139107227325
-0.42125844955444336
0.4295951724052429
-0.0345035083591938
-0.1940198838710785
-0.21819069981575012
-0.174058198928833
-0.7926529049873352
-0.23829349875450134
-0.5363677740097046
0.274147093296051
-0.7749381065368652
0.21112699806690216
0.4544723629951477
-1.1262145042419434
0.38954827189445496
0.7712341547012329
-1.0949407815933228
0.28415971994400024
-0.0780712366104126
-0.502418577671051
-0.1754067838191986
-0.3356788456439972
-0.36409300565719604
0.1526268720626831
-0.7137039303779602
0.21884579956531525
0.6665676832199097
-1.455889344215393
0.05762939527630806
-0.3352595269680023
-0.48457446694374084
-0.46599897742271423
0.08695061504840851
0.23815736174583435
-0.636665403842926
-0.1540597826242447
-0.15025685727596283
0.017525386065244675
-0.7910598516464233
0.18232686817646027
-0.6302624940872192
-0.36572524905204773
0.08720065653324127
-0.10565062612295151
-3.0566279888153076
0.6198693513870239
0.3260802626609802
-1.420562982559204
-0.04356857389211655
1.4668056964874268
-1.4176127910614014
0.14367464184761047
0.546297550201416
-0.7266130447387695
-0.01771838590502739
0.047224950045347214
-0.07703225314617157
0.23690176010131836
0.1224859207868576
0.22455260157585144
0.134210467338562
-0.18636554479599
-0.14738881587982178
-0.1648682802915573
-0.09753447771072388
-0.05725511163473129
0.2509858012199402
-0.6241256594657898
0.14752697944641113
-0.47249603271484375
-0.09744153171777725
0.6359962821006775
-0.9148449897766113
0.004246735479682684
0.13304243981838226
-0.6416447162628174
1.0104926824569702
0.4759109914302826
-1.3148267269134521
-0.47461336851119995
0.16004332900047302
-0.3655489981174469
0.1717028021812439
0.32589930295944214
0.44954389333724976
0.22446957230567932
-0.47676292061805725
-0.12795665860176086
-0.029887914657592773
0.40313878655433655
0.1743350774049759
0.2672027051448822
-0.44646701216697693
0.29927515983581543
0.12966349720954895
-0.05042266845703125
0.09350728988647461
0.22514542937278748
-0.07743940502405167
0.47621193528175354
0.8708739280700684
-0.16586145758628845
-0.44454461336135864
0.4636658728122711
-0.25363296270370483
0.49849438667297363
-0.5129792094230652
0.3270704448223114
-0.12400565296411514
-0.12262978404760361
-0.1486552506685257
0.3879658579826355
0.34019988775253296
0.003642931580543518
0.16954274475574493
0.20523372292518616
-0.027344059199094772
0.13656164705753326
0.7875858545303345
0.24613216519355774
-0.8790909051895142
0.4638299345970154
0.03841652721166611
0.15561281144618988
0.5886289477348328
-0.44256791472435
-0.1995611935853958
0.35859543085098267
-0.008658170700073242
0.1302337497472763
0.6398849487304688
-0.5782085657119751
0.38913702964782715
-0.2668341100215912
0.024414319545030594
0.39838162064552307
0.46401160955429077
-0.5661383271217346
0.04890765994787216
0.2155214101076126
-0.12201596796512604
-0.2653101086616516
-0.39299410581588745
-0.6132151484489441
-1.4302103519439697
2.5941596031188965
-1.0010777711868286
-2.785020351409912
3.000603199005127
-1.877406120300293
-0.20493784546852112
1.3317724466323853
-0.3148805499076843
0.7835114002227783
-0.6342780590057373
-0.9256656765937805
0.6791790723800659
-0.32263970375061035
0.13945206999778748
-0.5191246271133423
0.20556268095970154
-0.15902462601661682
0.2909989356994629
0.11243905872106552
-0.4341941475868225
-0.3971335291862488
-0.15530142188072205
0.4932592511177063
0.1314605176448822
0.05242567136883736
-0.18665239214897156
-0.3316899836063385
-0.11408410221338272
0.03414521366357803
0.7524793148040771
-0.4511445164680481
-0.07826628535985947
0.22797584533691406
-0.5852314233779907
0.08679256588220596
-0.3654457926750183
-0.11923384666442871
0.2989494204521179
-0.12089991569519043
-0.1598586142063141
0.2381095439195633
-0.134918212890625
-0.17030858993530273
-0.11955046653747559
-0.13572850823402405
-0.4249323904514313
-0.4661429524421692
0.473371684551239
-0.3103533685207367
-0.49853888154029846
-0.12183284759521484
-0.09400558471679688
0.03907203674316406
0.07615776360034943
-0.46253785490989685
-0.3310331702232361
0.1941661387681961
-0.15638986229896545
-0.19968576729297638
-0.0011373996967449784
0.28951025009155273
-0.12701717019081116
-0.6580744981765747
-0.018405819311738014
-0.17334333062171936
0.2902117669582367
-0.5995661020278931
0.48604917526245117
-0.24416300654411316
0.22128944098949432
-0.2587013840675354
0.6682716608047485
0.35131216049194336
-0.4823724329471588
0.0036019564140588045
0.21053309738636017
-0.7073698043823242
0.1900961697101593
0.37691816687583923
-0.763435959815979
-0.4475778043270111
-0.4092574715614319
0.99705970287323
-0.4447232782840729
-0.14654317498207092
-0.17090022563934326
0.2998552918434143
-0.5898503661155701
-0.567935585975647
0.2909352779388428
0.44881805777549744
-0.07005584985017776
-0.1327352225780487
-0.35326382517814636
-0.15243911743164062
0.079853355884552
-0.37297436594963074
-0.8003489375114441
0.2752087712287903
-3.33301043510437
0.9341595768928528
1.031842589378357
-2.299722194671631
0.10316512733697891
1.274256944656372
-1.4750210046768188
0.006779330782592297
0.6212376356124878
-1.2225310802459717
0.3714151382446289
0.1181388646364212
-0.7723271250724792
0.3717566728591919
0.2230750024318695
0.3779468834400177
-0.20835033059120178
0.2211519479751587
-0.06261563301086426
-0.18126192688941956
-0.6067937612533569
0.5384363532066345
-0.22722050547599792
-0.4250895380973816
0.052240513265132904
-0.7042185068130493
-0.5026304125785828
0.7081328630447388
-0.011338901706039906
-0.6122323274612427
-0.36468058824539185
-0.0628439411520958
0.9425092935562134
0.3530701696872711
-1.04642915725708
-0.29214102029800415
-0.001192283583804965
0.30995526909828186
-0.3634578585624695
0.2256886214017868
0.6275315284729004
-0.891843318939209
0.17335665225982666
0.11111967265605927
-0.6160305738449097
0.4701520502567291
0.317679762840271
0.04281268268823624
0.1900070607662201
0.03305624797940254
0.6382655501365662
-0.26385733485221863
-0.16399887204170227
-0.007996916770935059
-0.5075000524520874
0.7700067162513733
0.032484956085681915
-0.1210426539182663
0.3861122727394104
-0.42196306586265564
-0.16675546765327454
-0.25647610425949097
0.20222726464271545
-0.053452275693416595
-0.34836384654045105
0.009866952896118164
0.4907754957675934
0.1491759717464447
0.2620932161808014
0.7008474469184875
-0.4204053282737732
0.1493929624557495
-0.12105518579483032
-0.21150383353233337
-0.20640139281749725
-0.012544959783554077
-0.166055828332901
-0.35360896587371826
0.32450395822525024
-0.0722583681344986
-0.26765966415405273
0.6009453535079956
-0.07035969197750092
0.2944297194480896
-0.6278963685035706
0.12724065780639648
0.22516047954559326
0.14600403606891632
0.11611796915531158
0.038521457463502884
-0.41558998823165894
0.11637852340936661
0.5205410718917847
-0.20768794417381287
-0.23000892996788025
0.05291084200143814
0.1434752494096756
-0.25303518772125244
-0.6307080388069153
-0.8689805865287781
-1.6527626514434814
2.454489231109619
-0.7669559121131897
-2.0857391357421875
2.0246741771698
-1.2483453750610352
-1.278167963027954
0.6709860563278198
-0.7857397794723511
0.6796365976333618
-0.825038731098175
-0.29802361130714417
0.6734841465950012
-0.7156479954719543
0.0037881850730627775
-0.43934863805770874
-0.3267340660095215
-0.217823788523674
0.15167999267578125
-0.11591672897338867
-0.06376876682043076
0.11134519428014755
0.3781854212284088
-0.5667384266853333
0.02559337578713894
0.0006959915044717491
0.2699486315250397
0.4744791090488434
-0.8094008564949036
0.3747621476650238
0.4248894155025482
-0.3626681864261627
-0.1810305118560791
-0.2870153486728668
0.39071887731552124
0.07050323486328125
-0.9105345010757446
0.4382511079311371
0.05433230474591255
-0.68976229429245
0.5663307905197144
-0.54472815990448
-0.31267252564430237
0.35751017928123474
0.1421753466129303
-1.1819597482681274
0.273559033870697
-0.4061529040336609
-0.35989412665367126
0.6849470734596252
-0.3525872230529785
0.16044285893440247
-0.3354988098144531
0.21630439162254333
-0.5613951683044434
0.43079638481140137
-0.03117203712463379
-0.3366965353488922
-0.6628761887550354
0.2653296887874603
0.4963127672672272
0.17061381042003632
-1.0053170919418335
-0.4441903531551361
0.2521584630012512
0.21072573959827423
-0.14822101593017578
-0.40370017290115356
-0.060840584337711334
-0.1982865333557129
-0.7939233779907227
0.1545085906982422
0.307792991399765
-0.2832465171813965
0.31822675466537476
-0.1344294548034668
-0.7413555979728699
0.36359190940856934
0.3041089177131653
-0.6444001197814941
-0.1394873559474945
0.48290151357650757
0.347915381193161
-0.418936163187027
-0.33946025371551514
0.26722458004951477
-0.31292930245399475
-0.03631942346692085
-0.47909626364707947
-0.297347754240036
0.2960708737373352
-0.009631967172026634
-0.5595426559448242
-0.22402381896972656
0.04236414283514023
-0.27143940329551697
-0.059313006699085236
0.818625807762146
-0.7938282489776611
-0.1392248570919037
-2.3966143131256104
0.5745922327041626
0.7948176264762878
-2.150348424911499
-0.02074592188000679
1.1286051273345947
-1.5197726488113403
0.42077213525772095
0.1540244072675705
-0.7852401733398438
0.25147709250450134
0.3828980326652527
-0.6255544424057007
0.3971814513206482
0.2545727491378784
-0.24940676987171173
0.4525841772556305
0.10905589908361435
-0.40697550773620605
-0.21977372467517853
-0.05776696279644966
0.002453875495120883
-0.16864928603172302
0.35836106538772583
0.010076189413666725
-0.9047623872756958
-0.0034405230544507504
1.0939453840255737
-0.2703058123588562
-0.39153486490249634
-0.7213048934936523
0.2203396111726761
0.12178592383861542
-0.16898879408836365
-0.3335046172142029
0.5332245826721191
-0.2871105670928955
-0.9781563878059387
0.10697238147258759
-0.05648433044552803
0.8440321087837219
-0.7439436912536621
-0.268983393907547
0.47648897767066956
-0.9914640188217163
-0.34686627984046936
1.0846792459487915
0.1474345326423645
-0.5635811686515808
0.15703241527080536
0.21712656319141388
-0.1799919158220291
-0.3178921639919281
0.2613397240638733
0.12075154483318329
-0.10631539672613144
0.112709641456604
-0.015711432322859764
0.06749127805233002
0.0191924087703228
-0.2993631660938263
0.5766615867614746
-0.05452320724725723
-0.2944597601890564
-0.33823341131210327
0.38941246271133423
0.10477377474308014
0.23669680953025818
0.16554786264896393
-1.0122401714324951
0.37611955404281616
0.06330052763223648
-0.05717013031244278
0.2907213270664215
-0.2795718312263489
0.21999970078468323
0.2006959617137909
0.5364618897438049
-0.034978028386831284
0.08130156993865967
0.25328636169433594
-0.12688985466957092
0.2798396944999695
0.10694341361522675
-0.050479453057050705
0.3361242115497589
0.3345412313938141
-0.18986645340919495
-0.05979393795132637
0.20137019455432892
0.025647854432463646
-0.3431897759437561
0.006102895829826593
-0.05621054023504257
0.0296812541782856
0.18958206474781036
0.00720945606008172
0.03432377427816391
0.45360079407691956
-1.30643630027771
-1.7125686407089233
2.8626606464385986
-1.2450827360153198
-2.054429054260254
2.0877864360809326
-1.0808041095733643
-0.9425504803657532
1.3253371715545654
-0.2851056456565857
-0.25750771164894104
0.31804174184799194
-0.14032936096191406
-0.33592867851257324
0.1502031832933426
-0.17724743485450745
0.42745885252952576
-0.530351996421814
-0.10515451431274414
1.100058674812317
-0.4237119257450104
-0.31050682067871094
0.03552546352148056
0.017088985070586205
0.008362436667084694
0.059882067143917084
-0.025940846651792526
0.31295281648635864
-0.38218966126441956
-0.03533010557293892
0.03005814552307129
-0.2753802239894867
0.42332059144973755
0.19538584351539612
-0.8411880731582642
0.3734002113342285
0.16808533668518066
-0.8174301385879517
-0.006911802105605602
0.9422162175178528
-0.4596461355686188
-0.42634254693984985
0.0031901360489428043
0.2227611094713211
-0.42421388626098633
-0.4080348610877991
0.26333537697792053
-0.01119985617697239
-0.14883117377758026
-0.3382788300514221
0.1300671547651291
0.3911576569080353
-0.6789723634719849
0.2694617807865143
-0.0028448104858398438
-0.011466669850051403
-0.4296850562095642
-0.6967785358428955
0.2225639373064041
0.2597375810146332
-0.09053678810596466
0.10974893718957901
-0.6435496211051941
0.4334208071231842
0.4021804928779602
-0.6787011027336121
-0.3995285630226135
0.06461791694164276
0.030561303719878197
-0.5952498316764832
0.732629120349884
0.0910281166434288
-0.5355387926101685
-0.28606167435646057
0.06855754554271698
-0.32798677682876587
-0.31997770071029663
0.12095828354358673
-0.048171233385801315
0.2340516597032547
-0.5709033608436584
0.5430366396903992
0.23710182309150696
-1.0563867092132568
0.2420506477355957
-0.2081748992204666
-0.01829080656170845
0.1595565378665924
-0.2630872130393982
-0.3658161759376526
0.5319284200668335
-0.23851510882377625
-0.06626734882593155
-0.4361799359321594
0.05285997316241264
0.24539747834205627
0.02819497510790825
-0.38752028346061707
-0.21925577521324158
-0.05225769430398941
-0.9979764223098755
-2.4644834995269775
0.6550060510635376
0.36167457699775696
-1.6723982095718384
0.27617207169532776
1.0333092212677002
-1.541456937789917
0.10796346515417099
0.4264240264892578
-0.6090668439865112
-0.3369976878166199
0.22914054989814758
-0.22928664088249207
0.10930044949054718
0.14045575261116028
-0.17886778712272644
0.14372169971466064
0.29303842782974243
-0.491889089345932
-0.48487967252731323
0.29544302821159363
0.015591097064316273
-0.2346334010362625
-0.24794992804527283
0.16258902847766876
-0.696799099445343
-0.46001163125038147
0.6829956769943237
0.23861977458000183
-0.629854679107666
-1.3878248929977417
0.014980390667915344
0.9238597750663757
-0.34110310673713684
-0.22379633784294128
0.5459480285644531
-0.508733868598938
-0.21314632892608643
0.1728104203939438
-0.34640470147132874
0.2788920998573303
-0.5040424466133118
-0.07394202053546906
0.5748604536056519
-0.2556765675544739
0.049362994730472565
0.07567127048969269
-0.35266679525375366
0.5313124656677246
0.000574088073335588
-0.22399131953716278
-0.006690168287605047
0.3173069357872009
-0.4679650664329529
0.07847700268030167
-0.027361297979950905
0.5023159980773926
0.3746243417263031
0.1060614213347435
-0.2727140486240387
-0.14115354418754578
0.1471526324748993
-0.2661636769771576
-0.053508054465055466
-0.16186168789863586
0.3007957637310028
0.16915705800056458
0.12664012610912323
-0.34633007645606995
0.5019932985305786
-0.20961180329322815
-0.030690645799040794
0.07487878948450089
0.47618135809898376
0.2815980315208435
-0.0703798308968544
-0.20268377661705017
-0.0023007304407656193
0.25308793783187866
-0.005081969313323498
0.3663802146911621
-0.10862195491790771
-0.27027833461761475
0.47829025983810425
-0.7046394944190979
0.3349274694919586
-0.25167134404182434
0.5947327613830566
0.5050327181816101
-0.43621355295181274
-0.039515115320682526
0.3574766516685486
-0.1586548537015915
-0.23077240586280823
0.16283079981803894
-0.34158000349998474
0.28256019949913025
-0.3690984547138214
-0.3505122661590576
-0.6214655637741089
-1.049863576889038
2.439298391342163
-0.9886887669563293
-2.7279722690582275
2.7796096801757812
-1.6044166088104248
-0.7162270545959473
1.058854341506958
-0.844576358795166
-0.022326325997710228
-0.09344758838415146
0.13493859767913818
-0.23568975925445557
0.08160467445850372
0.3823065757751465
-0.8687143325805664
0.14958438277244568
-0.029887963086366653
-0.8750234842300415
0.9827104806900024
0.2239338904619217
-0.8545200228691101
1.1628715991973877
-0.611366868019104
-0.5016194581985474
0.08969263732433319
-0.5684806108474731
-0.4577646255493164
0.30162525177001953
-0.5472115278244019
0.39975181221961975
-0.2540627419948578
-0.3480629324913025
1.0880275964736938
-0.06091718748211861
-0.15817861258983612
0.11644892394542694
0.06383170932531357
-0.06530480086803436
0.12234325706958771
-0.2399090826511383
0.13988403975963593
0.4506515860557556
-0.4779461920261383
-0.1597004383802414
-0.36306867003440857
0.06319103389978409
-0.5978213548660278
0.382698118686676
0.07625961303710938
-0.07703504711389542
0.15684404969215393
0.1939876526594162
-0.0223099235445261
0.07237939536571503
-0.049270011484622955
-0.043045710772275925
0.4507234990596771
-0.6487976312637329
-0.1305464208126068
0.8829025030136108
-1.114089846611023
-0.10312323272228241
0.20266380906105042
-0.6257171630859375
0.5723772048950195
0.026157760992646217
-0.17218585312366486
-0.43184441328048706
0.3177613615989685
-0.34928464889526367
0.10893267393112183
-0.20160584151744843
-0.2361922264099121
0.025992417708039284
-0.6384150385856628
-0.3155233860015869
0.48098286986351013
-0.37224504351615906
-0.14277546107769012
0.19008584320545197
-0.040590476244688034
0.9736908078193665
-0.10285435616970062
-0.4668525159358978
0.2604006826877594
-0.01592576503753662
-0.005862116813659668
-0.15699481964111328
0.0600757822394371
-0.08062969148159027
-0.06142179295420647
-0.7277452349662781
0.15972574055194855
-0.9597368240356445
0.046346843242645264
-0.022499222308397293
0.008015883155167103
-1.0084302425384521
0.31352612376213074
-2.9787118434906006
0.6344630122184753
0.8776519894599915
-2.124255418777466
0.2631598114967346
0.9050154685974121
-1.5468547344207764
0.696795642375946
0.08909294754266739
-0.5937812924385071
0.03942828252911568
0.12807171046733856
-0.7464101910591125
0.5656167268753052
-0.11047420650720596
0.012392377480864525
-0.11280703544616699
0.3560371696949005
-0.48743391036987305
-0.1354595124721527
0.043109796941280365
0.20556512475013733
0.1310221254825592
-0.113233782351017
-0.1966530978679657
-0.8487801551818848
-0.05768256261944771
0.5272242426872253
0.051582515239715576
-0.0004079580248799175
-0.41572579741477966
-0.2692491114139557
1.0631052255630493
-0.37597960233688354
-0.8062883615493774
-0.7210248112678528
0.8399280309677124
0.3173481225967407
-0.7764811515808105
0.549334704875946
0.6233685612678528
-0.4781893789768219
-0.38144394755363464
0.17523618042469025
-0.43833598494529724
0.18488360941410065
0.3183108866214752
-0.5203489065170288
-0.06050155311822891
0.2644110918045044
-0.1563069373369217
-0.481295108795166
0.12258224189281464
-0.012482094578444958
0.0325499065220356
0.3414047062397003
0.19983166456222534
-0.39038246870040894
0.0473812110722065
-0.1736105978488922
-0.09694179147481918
0.751241147518158
0.13989360630512238
-0.608283281326294
0.7272161841392517
-0.49998387694358826
-0.6970769166946411
0.5522702932357788
0.18786248564720154
-0.5531498193740845
0.7084802985191345
0.2829282581806183
-0.157414048910141
0.29157713055610657
-0.20892000198364258
0.12731517851352692
-0.2458372563123703
0.12516382336616516
0.2329545021057129
-0.524869978427887
0.11047446727752686
-0.407956600189209
-0.07101753354072571
0.3937883973121643
-0.17977824807167053
0.17287595570087433
0.27862435579299927
0.5541946291923523
0.266335129737854
0.06742646545171738
-0.7063917517662048
0.2816753387451172
0.06070953607559204
-0.11140383780002594
0.4539520740509033
-0.02545098029077053
-0.3826802372932434
-0.2205648422241211
-0.42534342408180237
