-0.48127156496047974
-0.48127156496047974
-5.05966329574585
-0.1775185614824295
0.022257138043642044
-0.8626304864883423
-0.6360562443733215
0.23623323440551758
-1.4484483003616333
0.27661895751953125
0.038156889379024506
-1.2369837760925293
-0.5278517007827759
-0.0924098938703537
-0.23963136970996857
0.09649143368005753
-0.156681627035141
0.35589179396629333
0.1425216645002365
-0.3582735061645508
0.1018381118774414
-0.29787808656692505
-0.10277547687292099
0.30184468626976013
-1.5214998722076416
0.5497914552688599
0.1530357301235199
-0.9428664445877075
-0.2644534111022949
0.7405297160148621
-0.003045892808586359
0.12801308929920197
-0.07722707092761993
0.6414971947669983
1.0599883794784546
-0.8255771398544312
0.657241940498352
0.4044438302516937
-0.12567321956157684
0.9674069285392761
-1.3817074298858643
0.4117313027381897
0.6913727521896362
-0.7198534607887268
0.2067273110151291
0.24610407650470734
0.2770840525627136
0.14620277285575867
0.4944838881492615
0.33752140402793884
1.028189778327942
-0.47044816613197327
0.4325551986694336
1.692844033241272
-0.680380642414093
-0.1263527125120163
-0.15783420205116272
0.07719194889068604
0.2713049650192261
0.7636601328849792
-0.14807066321372986
0.34518542885780334
0.35283681750297546
0.4395075738430023
-0.10934171825647354
0.66973477602005
1.7741575241088867
0.14059457182884216
-0.21749334037303925
0.6934065222740173
0.47978824377059937
0.36342424154281616
0.5285356640815735
-0.5234764814376831
0.43586140871047974
0.20680208504199982
-1.3157716989517212
1.1245553493499756
0.5952613949775696
0.014016914181411266
0.7105776071548462
0.17649821937084198
0.34208232164382935
0.8040660619735718
0.47462883591651917
0.16886457800865173
-0.6706674695014954
0.4333914816379547
0.6496562957763672
0.15698643028736115
-0.73951655626297
0.5579999685287476
0.6569746732711792
-0.7386002540588379
1.0131860971450806
1.2113511562347412
-0.9957118034362793
0.2968190312385559
0.8316972851753235
-0.8473185300827026
0.5622857809066772
-2.4610061645507812
0.7277772426605225
3.547196865081787
-5.534510135650635
2.3011021614074707
0.2538836598396301
-1.611985445022583
1.145036220550537
-0.3551698625087738
0.7348594665527344
0.4673765301704407
-0.4108714461326599
0.5372223854064941
0.12470712512731552
-0.07679662853479385
0.1897263526916504
-0.029990196228027344
0.2580503523349762
-0.2605871260166168
-0.3538382649421692
-0.017146587371826172
0.20800265669822693
-0.8605247735977173
0.21435889601707458
0.3642123341560364
-0.45332080125808716
0.24033479392528534
0.28268852829933167
-0.11910686641931534
0.0235003475099802
0.36279869079589844
-0.4806704521179199
-0.06420211493968964
-0.2141454666852951
0.3329240679740906
-0.41514015197753906
1.1579862833023071
-2.4230339527130127
0.5885200500488281
0.5407708883285522
-0.9064842462539673
0.11975173652172089
1.162172555923462
-0.751491367816925
-1.4278841018676758
1.6066818237304688
-0.3287408947944641
0.7498812675476074
1.2133591175079346
0.5336660146713257
-1.2863357067108154
0.8276426196098328
-0.12359142303466797
-1.1726913452148438
-0.11932840198278427
0.8222600817680359
-0.22983017563819885
0.23040790855884552
0.16480274498462677
0.4520435333251953
0.7742860913276672
0.1729179322719574
0.10820875316858292
0.11026935279369354
-0.09522171318531036
-0.2295607626438141
0.6900957226753235
-0.9212505221366882
0.25442829728126526
0.46947401762008667
0.7986562848091125
-1.3248742818832397
-0.41866475343704224
0.2375168800354004
-0.7002776861190796
0.2930538058280945
0.14144840836524963
-0.13484907150268555
-0.3756232261657715
-0.1840498000383377
0.3540641665458679
-1.5536450147628784
0.7327423095703125
0.25120115280151367
-0.6458550691604614
1.222542405128479
-0.42234745621681213
-0.6104230880737305
0.9212061166763306
0.3011751174926758
-0.3381136953830719
0.1779237687587738
0.029941558837890625
-0.5604848861694336
0.34199124574661255
-0.882973313331604
-1.290884256362915
-0.7829641699790955
-0.8611710667610168
0.08322294056415558
-12.723864555358887
8.865727424621582
-0.8776952624320984
-8.315916061401367
4.047263145446777
-1.3977922201156616
-1.6602985858917236
2.438749074935913
-1.2108559608459473
-0.3853304982185364
1.0196861028671265
-0.8713281750679016
0.09502077102661133
-0.20489969849586487
-0.3195922374725342
0.18509426712989807
-0.1034265011548996
-0.21781769394874573
0.17681531608104706
-0.30485954880714417
-0.11983384937047958
0.016541481018066406
-0.3011337220668793
-0.32119402289390564
-0.00037326812162064016
-0.5287991762161255
0.0454249382019043
0.3791937828063965
0.22433432936668396
-0.26922696828842163
-0.7454918026924133
0.8484364748001099
0.19368240237236023
-0.30189022421836853
0.39622223377227783
0.3187533915042877
0.07727444171905518
0.23009033501148224
0.2864152789115906
0.2518860697746277
-0.14229167997837067
0.5631963014602661
0.18828462064266205
0.285414457321167
-0.014010381884872913
0.8930395245552063
0.14711181819438934
0.18843188881874084
0.7069177031517029
0.3825599253177643
0.3910709321498871
0.025974750518798828
0.28633618354797363
0.4727826714515686
0.43035656213760376
0.73639976978302
0.11982202529907227
0.7612103223800659
0.9223459959030151
-0.16392140090465546
0.4007905125617981
0.29212063550949097
0.6817415952682495
0.19215908646583557
0.41691532731056213
0.4768500328063965
0.4409519135951996
0.08121423423290253
0.46141862869262695
0.05006742477416992
0.3867645263671875
0.402531236410141
0.2394055426120758
0.48300760984420776
0.37325745820999146
0.4743618965148926
0.2631838917732239
0.5736058354377747
-0.05289755016565323
0.4798663258552551
0.031996726989746094
0.2089201956987381
0.31148451566696167
0.23426684737205505
0.09103536605834961
0.38533973693847656
0.5816734433174133
0.5221198797225952
0.00358924875035882
0.33883029222488403
-0.07012376934289932
0.3233450949192047
-0.06060438230633736
0.0829278975725174
0.24018287658691406
0.4063901901245117
-0.2122536599636078
0.11626510322093964
-1.1171152591705322
-3.8164830207824707
-17.843015670776367
7.286290168762207
9.051228523254395
-2.9953770637512207
-11.36473560333252
6.394478797912598
-0.9104022979736328
-2.8301596641540527
2.580702066421509
-0.366438627243042
-0.7373844385147095
1.4327830076217651
-0.3869333267211914
-0.1493726223707199
0.28109797835350037
-0.2141803801059723
0.0463193878531456
-0.030392169952392578
0.12075948715209961
-0.426884263753891
-0.11626434326171875
-0.06048469617962837
-0.13394060730934143
-0.27939605712890625
-0.5142682194709778
-0.09981022030115128
-0.13166990876197815
0.44227179884910583
0.0593109130859375
0.06458139419555664
-0.4344479441642761
0.24180392920970917
-0.2746317982673645
-0.00713272113353014
-0.5763853192329407
-1.8901125192642212
0.4368135333061218
0.4236791729927063
-0.7840803861618042
0.6338678598403931
0.22179794311523438
-0.01944580115377903
0.4838407635688782
-0.9118138551712036
1.0983623266220093
0.17905254662036896
-1.2947280406951904
0.33916759490966797
1.1705316305160522
-1.4866230487823486
0.6760984659194946
0.2395666092634201
0.22439917922019958
0.07110261917114258
0.48308849334716797
-0.09903983771800995
0.4101596772670746
0.2934514880180359
-0.5608633160591125
-0.13954925537109375
-0.7341434359550476
0.9162189364433289
-0.6690207719802856
-0.7420571446418762
-0.09536094963550568
0.11037883907556534
0.41088762879371643
-0.10403146594762802
0.08176784217357635
-1.2346783876419067
1.163473129272461
-0.07349338382482529
0.23538856208324432
-0.9320701360702515
0.8548433184623718
-0.10164718329906464
-1.0260242223739624
-0.3379794955253601
0.03771171718835831
-0.07022638618946075
-0.9375751614570618
-0.1641840934753418
1.556549072265625
-1.3923324346542358
0.29699641466140747
-0.9864184260368347
0.7328988909721375
-0.026218891143798828
0.3403345048427582
0.36493778228759766
-0.5122385621070862
-0.34352797269821167
-0.32364940643310547
0.2558663487434387
-0.5654540061950684
0.6081324815750122
0.17921952903270721
1.155430555343628
-0.7710101008415222
0.24890747666358948
-13.36170482635498
10.53843879699707
-1.9615108966827393
-8.662193298339844
5.519728660583496
-2.627040386199951
-0.904098391532898
2.811793565750122
-1.4514458179473877
-0.2983110547065735
1.12410569190979
-1.112562894821167
0.07740487903356552
0.2648770809173584
-1.3102926015853882
-0.09645567089319229
0.12836436927318573
-1.1706537008285522
0.21283960342407227
0.06686802208423615
-0.742524266242981
-0.0058464049361646175
0.7223359942436218
-0.5045670866966248
-0.43084678053855896
-0.25153011083602905
-0.4343125820159912
0.39262834191322327
0.6271271109580994
-0.9350439310073853
-0.4872261583805084
0.7058867812156677
-0.2400185614824295
-0.21714040637016296
0.5494914054870605
0.05095837265253067
-0.3564670979976654
0.15589539706707
0.1374497264623642
0.5378071665763855
0.9824993014335632
-0.5964094400405884
-0.19522996246814728
0.6849398612976074
0.1621588170528412
0.07239222526550293
0.45762839913368225
0.2681516110897064
-0.11250483989715576
0.832152247428894
0.6895319223403931
-0.5387476682662964
1.1215102672576904
-0.1991291046142578
-0.023266028612852097
1.4106885194778442
0.05399360507726669
-0.3871822953224182
0.8327020406723022
0.2685551047325134
0.6048293113708496
0.7269201874732971
-0.16528983414173126
0.5185319185256958
0.5348054766654968
0.2244860678911209
0.18156805634498596
0.7990037202835083
0.15451717376708984
0.20420560240745544
0.8995345234870911
0.059012699872255325
0.7319933176040649
-0.13580656051635742
-0.2399391233921051
0.47639018297195435
0.3771428167819977
0.31187257170677185
0.17403240501880646
0.91620934009552
0.22141818702220917
-0.348888099193573
0.364471435546875
-0.0362548828125
0.19425860047340393
0.33825016021728516
0.4503992199897766
0.2317647933959961
0.3174804747104645
0.2357497215270996
-0.06756944954395294
-0.12588024139404297
-0.06900672614574432
0.35702237486839294
0.3039681315422058
0.3107946515083313
-0.27042263746261597
0.5162432789802551
-0.5186343193054199
-4.169388771057129
-18.028385162353516
7.631922245025635
8.782964706420898
-3.146139144897461
-11.280043601989746
5.764178276062012
-0.6821751594543457
-2.148906946182251
2.2053380012512207
-0.4156821370124817
-1.1284891366958618
1.245753526687622
-0.41941866278648376
-0.09185133129358292
0.46596193313598633
-0.27703770995140076
0.37019577622413635
-0.03470277786254883
-0.18050937354564667
-0.2078571319580078
0.052108097821474075
0.04477186128497124
0.09784679114818573
-0.4500221312046051
-0.08208455890417099
0.19774150848388672
-0.11161098629236221
0.07879085838794708
-0.040894508361816406
-0.7049680948257446
0.4007178246974945
-0.2509848475456238
-0.6254461407661438
-0.6146501302719116
-0.7460427284240723
-0.1353621482849121
-0.34075888991355896
0.5432063937187195
0.5450582504272461
-0.5511554479598999
-1.0333409309387207
1.3973020315170288
-0.6626294255256653
-0.2223491668701172
0.596609890460968
-0.3851633071899414
0.8985912203788757
1.5943124294281006
-1.4795124530792236
-1.0923826694488525
1.1964151859283447
-0.5906637907028198
-0.5502117872238159
0.6404329538345337
0.2257671356201172
-0.1120874434709549
0.4971616864204407
-0.6303175091743469
0.09430713951587677
-0.15873917937278748
-0.5074693560600281
-0.2491101324558258
0.3412931561470032
0.8840147852897644
-0.029454613104462624
0.10224475711584091
-0.12218742072582245
0.5764738321304321
-0.6622902154922485
0.041292477399110794
0.486642062664032
-0.753091037273407
-0.1949787139892578
-0.5026910901069641
0.20363512635231018
-0.43035954236984253
-0.33847275376319885
1.6908493041992188
-0.6849441528320312
0.7264795303344727
-0.8569473028182983
-0.3180409371852875
-1.8993175029754639
2.2726728916168213
-0.2346770316362381
-0.34571465849876404
-0.1511644423007965
0.5193999409675598
-1.0127325057983398
0.5886591672897339
-1.8665006160736084
0.3859046995639801
1.2250263690948486
-1.5487139225006104
1.2497828006744385
-0.654517412185669
0.2182803601026535
-0.06068561226129532
-0.35672491788864136
-0.8430458903312683
-12.928853988647461
10.691001892089844
-1.9626827239990234
-8.666577339172363
5.438733100891113
-2.8730034828186035
-1.299848198890686
2.598996877670288
-1.5247735977172852
-0.5782254338264465
0.9015082120895386
-1.0838052034378052
0.010524558834731579
-0.04963207244873047
-1.1505529880523682
0.035604238510131836
0.016851138323545456
-0.5623701214790344
0.5459768176078796
-0.3937443196773529
-0.4510970115661621
-0.15200667083263397
0.0519038662314415
-0.8552973866462708
0.36025723814964294
-0.10147738456726074
-0.5798285603523254
0.3337337076663971
-0.11142854392528534
-0.28367146849632263
0.07240164279937744
-0.1295205056667328
-0.2372579127550125
0.6984719038009644
-0.2975035309791565
-0.8119562268257141
0.7876624464988708
0.8166388273239136
-0.6760280728340149
0.5025053024291992
0.6582329869270325
-0.5661017298698425
0.42921823263168335
0.9361006021499634
-0.4420723021030426
0.4629310667514801
0.28103479743003845
0.5038944482803345
-0.45225757360458374
0.22396337985992432
1.1087061166763306
-0.7332025170326233
0.8611907958984375
0.7095955610275269
-0.7798434495925903
1.1008611917495728
0.32389044761657715
-0.03969831392168999
1.0440044403076172
-0.27634841203689575
0.14262047410011292
0.23014526069164276
0.02922687493264675
0.3869295120239258
0.31841906905174255
0.1897595375776291
0.5057318806648254
-0.13703736662864685
0.3239561915397644
0.636236846446991
0.6680510640144348
0.05992259830236435
0.8844650983810425
-0.33797693252563477
-0.4551869332790375
0.85761559009552
-0.04869480058550835
0.13512468338012695
0.522779107093811
0.2266935408115387
0.09208059310913086
-0.4715074896812439
-0.13155345618724823
0.7455794215202332
0.1772690713405609
0.37829676270484924
0.14893874526023865
0.32383471727371216
0.02595977857708931
-0.11804695427417755
0.3978232443332672
0.2938503324985504
-0.23240967094898224
0.4697262644767761
0.7783194780349731
-0.39478033781051636
0.018953895196318626
0.3745649456977844
-1.215105652809143
-3.654797315597534
-18.24241065979004
6.410828590393066
9.822218894958496
-6.547024726867676
-7.346937656402588
4.543318748474121
-1.18861722946167
-1.8697696924209595
2.1881015300750732
-0.6924625635147095
-0.5869389772415161
1.0349174737930298
-0.7575390338897705
-0.41928213834762573
0.7519887685775757
-0.08733739703893661
-0.6572441458702087
0.2588774561882019
-0.32526177167892456
-0.24379482865333557
0.3693946897983551
-0.17897148430347443
-0.542819619178772
0.5749899744987488
0.509748637676239
-0.35752391815185547
0.35987767577171326
-0.2288728654384613
-0.18087796866893768
0.529333770275116
0.24430398643016815
-0.6972277760505676
0.4514213502407074
0.06783628463745117
-0.6476643681526184
-0.6548002362251282
0.9561626315116882
-0.9106036424636841
0.16350097954273224
0.7422706484794617
0.695679783821106
-0.23785018920898438
0.572836697101593
0.059941671788692474
-0.22000141441822052
0.08159179985523224
0.47611331939697266
-0.3597334027290344
1.1206035614013672
0.5007467269897461
-1.6880428791046143
-0.4628187119960785
0.7700164914131165
-0.1987960785627365
-0.18463878333568573
1.046754002571106
-1.0574939250946045
-0.1064273864030838
1.2090733051300049
-0.6704196929931641
0.5326286554336548
0.17805595695972443
0.3809342384338379
0.448246568441391
0.41037559509277344
-0.9755085110664368
0.6247895956039429
-0.05474510043859482
-0.3960195481777191
-0.28547555208206177
0.6700496673583984
0.9129800796508789
-0.618809700012207
1.3088148832321167
-0.16785430908203125
0.15633335709571838
0.13381195068359375
0.6574736833572388
-1.2009865045547485
1.197489857673645
0.1744685173034668
-0.31370073556900024
-0.4581588804721832
0.44549256563186646
1.2302684783935547
-0.09474325180053711
-0.4378569722175598
0.7793270349502563
-0.15302887558937073
-0.4674047529697418
0.8003705739974976
-1.1245828866958618
0.0777856856584549
-0.5546852946281433
-0.2416224479675293
-0.4437231421470642
-0.044629622250795364
-1.261678695678711
-1.6066516637802124
-1.052513837814331
-12.147401809692383
10.227245330810547
-2.018160343170166
-8.389361381530762
5.1325483322143555
-2.83292818069458
-1.1626627445220947
2.8336739540100098
-1.2913455963134766
-1.068204402923584
1.096482515335083
-0.8124929666519165
-0.28529006242752075
0.2892426550388336
-0.7358919978141785
-0.04260263592004776
-0.21920418739318848
-0.25928249955177307
-0.0058273314498364925
-0.7308408617973328
-0.17549362778663635
-0.5140708088874817
-0.028360556811094284
0.02366805076599121
0.2850467562675476
-0.6311683654785156
-0.3899332582950592
0.22373461723327637
0.7194405794143677
-0.5389186143875122
-0.8794680833816528
0.8562217950820923
-0.5964905619621277
0.34739163517951965
0.5321394801139832
-0.5062198638916016
0.05311117321252823
-0.18117590248584747
0.34305450320243835
0.400787889957428
-0.615124523639679
0.7026646733283997
0.8332430124282837
-1.1109933853149414
0.2681739330291748
1.2156614065170288
-0.38491901755332947
0.11668233573436737
0.5265843272209167
-0.19389525055885315
0.5121203660964966
-0.2847970128059387
0.3244856297969818
0.5884824395179749
0.2605578899383545
0.2522664964199066
-0.30324095487594604
0.44874605536460876
1.1957365274429321
-0.20605674386024475
0.6459929943084717
0.44339174032211304
-0.34789174795150757
0.880698025226593
0.014866447076201439
0.5575798749923706
-0.19171389937400818
0.302758127450943
0.840964138507843
-0.037227533757686615
0.5553253889083862
0.6040176153182983
-0.003082752227783203
0.4010414183139801
-0.09195814281702042
0.3788132667541504
0.4235110282897949
0.694355845451355
0.15514317154884338
0.2957788407802582
-0.27938634157180786
0.1322011947631836
0.4859088063240051
0.052674006670713425
0.6874552965164185
0.14172497391700745
-0.3724263310432434
0.053155042231082916
0.058211326599121094
0.5217217206954956
-0.4058803617954254
0.28996381163597107
0.4905107617378235
0.09385929256677628
-0.364774227142334
0.6437212228775024
-0.30254727602005005
0.12120704352855682
-2.2213051319122314
-4.391724586486816
-19.04482650756836
5.388232707977295
9.182554244995117
-1.1752015352249146
-13.097137451171875
5.712503433227539
-0.44335708022117615
-3.358851194381714
2.467921733856201
-0.00248126988299191
-1.3604599237442017
1.3984547853469849
-0.4443582594394684
-0.8520978093147278
0.7143686413764954
-0.5910736322402954
0.028374958783388138
0.24039515852928162
0.04002266004681587
-0.3361388146877289
0.30183523893356323
0.04507093504071236
-0.3152647018432617
0.26229554414749146
0.07018642127513885
0.15002374351024628
-0.07346334308385849
-0.036589525640010834
0.6246463060379028
0.06361398845911026
-0.34109288454055786
0.5574798583984375
0.015876388177275658
0.19547614455223083
0.375680536031723
-1.2245185375213623
-0.10788478702306747
0.8669099807739258
0.5326582193374634
-1.1596556901931763
-1.021315336227417
0.27731895446777344
-0.6511079668998718
-0.010944175533950329
-0.01886463165283203
0.2971736788749695
-0.4058145582675934
1.0674269199371338
-1.0038986206054688
-0.7465862035751343
0.5200842022895813
-0.25075188279151917
-0.03215770795941353
-0.45355862379074097
-0.317936509847641
-0.06442470848560333
-0.857992947101593
0.1294240951538086
0.10903052985668182
-0.6393046379089355
0.5102061033248901
-0.8108425140380859
0.35672396421432495
-0.4598565995693207
0.2787700593471527
-0.18549689650535583
-0.2975907325744629
-0.06749992072582245
-0.19791993498802185
0.5474656224250793
-0.29990196228027344
0.0680398941040039
0.05353374406695366
-1.1872584819793701
0.5998477935791016
0.37514248490333557
0.3135378956794739
-0.8725961446762085
-0.22501936554908752
0.22444114089012146
-0.582032322883606
1.1198846101760864
-0.10531549155712128
-0.6809396743774414
-0.4749971330165863
0.18203449249267578
0.16876745223999023
-0.603439211845398
-0.01259393710643053
0.17052039504051208
0.30605190992355347
-0.8637582659721375
1.0033810138702393
-1.9948813915252686
-0.2622598707675934
-0.4641166627407074
-1.225961446762085
0.0899999588727951
-2.6461081504821777
0.15138450264930725
-13.382966995239258
10.321798324584961
-1.9649102687835693
-8.378679275512695
5.367070198059082
-2.9682018756866455
-1.1991722583770752
2.8681468963623047
-0.9863284230232239
-0.8926312327384949
0.7736882567405701
-0.9200770258903503
-0.02112884446978569
0.1236332431435585
-0.7188416719436646
-0.09662275016307831
-0.26464420557022095
-0.6861769556999207
-0.2600511610507965
-0.45260339975357056
-0.16534042358398438
-0.22667483985424042
-0.04365663602948189
0.025789976119995117
-0.05188293382525444
-0.5170835852622986
-0.3258398473262787
0.342434823513031
0.39353448152542114
-0.6054309606552124
-0.7857671976089478
0.6616979837417603
-0.08916950225830078
0.28016239404678345
0.17858867347240448
-0.3978847861289978
0.7178070545196533
-0.4207124710083008
0.43223923444747925
0.7076519727706909
0.1309174746274948
-0.03918170928955078
0.10097906738519669
0.23344655334949493
-0.15753072500228882
-0.0958656296133995
0.5136314630508423
0.2076631784439087
0.03378496319055557
0.45606502890586853
-0.022411728277802467
0.2995778024196625
0.6711104512214661
-0.33031806349754333
0.2954564392566681
0.8041574358940125
-0.16310648620128632
0.4887581467628479
0.08368845283985138
0.5757025480270386
0.6938755512237549
0.007333946414291859
0.3496055603027344
-0.21128077805042267
-0.15097594261169434
1.0711925029754639
0.4946591258049011
0.1938844621181488
0.0148474695160985
-0.08792285621166229
1.1302520036697388
0.181904599070549
0.42837733030319214
0.0015014648670330644
0.19272680580615997
-0.3714558184146881
0.40715131163597107
0.16043062508106232
0.5872174501419067
-0.0435791015625
0.45188960433006287
0.4074786305427551
-0.026876067742705345
0.44769343733787537
-0.2422463446855545
0.36749154329299927
-0.031781576573848724
0.27251702547073364
-0.15602655708789825
0.14236974716186523
0.25950518250465393
0.0037666321732103825
0.12970857322216034
0.14134760200977325
0.5117972493171692
-0.11586828529834747
0.2643025517463684
0.3142596185207367
-2.4242701530456543
-3.918184757232666
-18.706073760986328
6.0077128410339355
9.31266975402832
-2.655280351638794
-11.43077564239502
5.568942070007324
-0.7038434743881226
-2.424537181854248
2.4481449127197266
-0.4230794310569763
-1.0997624397277832
1.5981868505477905
-0.4438461661338806
-0.5664113759994507
0.41674622893333435
-0.047515869140625
-0.15810994803905487
0.08944501727819443
-0.28826990723609924
-0.5106920003890991
0.1762007772922516
-0.5676674842834473
0.5601884722709656
-0.3752902150154114
0.5851269960403442
-0.44789475202560425
0.07185916602611542
0.286586195230484
-0.0025392533279955387
0.16619081795215607
0.43962669372558594
0.385317325592041
-0.2559754252433777
0.3418135643005371
-0.6440885663032532
-1.2462208271026611
0.5844566226005554
-0.14950008690357208
-0.4824058413505554
1.0934877395629883
-0.5615848302841187
0.14131125807762146
-0.7706800699234009
0.49788743257522583
-0.7462245225906372
-0.5548171997070312
1.3123631477355957
1.1215190887451172
-0.8873293995857239
-1.0045325756072998
0.9604890942573547
0.2829662263393402
-1.3817994594573975
0.5346943140029907
-0.8901342153549194
0.8456775546073914
-0.5972986221313477
-0.02018413506448269
-0.5962513089179993
0.3952249586582184
1.162691354751587
0.5162944793701172
-0.690680980682373
0.4241026043891907
-0.41071033477783203
0.7197227478027344
-0.6916058659553528
0.06770553439855576
-0.08174610137939453
-0.16113261878490448
0.587140679359436
-0.7028137445449829
0.49791258573532104
0.2867521345615387
0.6177574396133423
0.21392059326171875
-0.03373003005981445
0.1111988052725792
-0.1293497085571289
1.243343710899353
-1.562484622001648
-0.2162654846906662
1.435683012008667
0.22442865371704102
-0.5719534754753113
-0.21204480528831482
-0.06991157680749893
-0.7744839787483215
1.1453559398651123
-1.512561559677124
-0.5243641138076782
-1.3080251216888428
-0.12526102364063263
-0.19881018996238708
-0.059105969965457916
-0.6615069508552551
0.5117522478103638
-0.8801670074462891
-2.1305248737335205
2.170276641845703
-13.3994140625
9.94278621673584
-1.5370229482650757
-8.753434181213379
4.635682582855225
-1.939826250076294
-1.2221004962921143
2.626251697540283
-1.3366142511367798
-0.7288128137588501
1.0037915706634521
-0.7296575903892517
-0.036939334124326706
-0.3773983120918274
-1.0936965942382812
0.2459842711687088
-0.06603951752185822
-0.6305016279220581
0.2380245178937912
-0.4379100799560547
-0.2916167378425598
-0.27461713552474976
-0.033928919583559036
-0.17688031494617462
-0.047098349779844284
-0.48467493057250977
0.11783919483423233
0.48433858156204224
0.09244589507579803
-0.4779147505760193
-0.0065749166533350945
0.21535328030586243
0.1471444070339203
0.48687753081321716
-0.24429483711719513
0.12481822818517685
0.45544806122779846
0.07737398147583008
0.20414158701896667
0.5924177169799805
0.604913055896759
-0.5370286703109741
-0.7324056625366211
1.124178409576416
-0.1501380205154419
-0.5287573933601379
0.9709324836730957
0.12322239577770233
0.07856504619121552
1.3101623058319092
-0.5667363405227661
-0.15649595856666565
1.0161616802215576
-0.14673495292663574
-0.011491537094116211
0.8173977732658386
0.14681477844715118
0.6295140385627747
0.1822044402360916
-0.18557357788085938
0.15479354560375214
0.34136518836021423
0.2533317506313324
0.6799759864807129
-0.06628437340259552
-0.6939440965652466
0.8984228372573853
0.3571886122226715
0.2500986158847809
0.5618723630905151
-0.02708740159869194
0.41394099593162537
0.4706120491027832
0.1328621804714203
0.3678579330444336
0.9382579922676086
-0.03202676773071289
0.11380090564489365
0.05647449567914009
0.7699715495109558
0.05154390260577202
0.5085153579711914
0.6385466456413269
0.06148672103881836
0.49559324979782104
-0.15559406578540802
0.8697513341903687
-0.04276161268353462
-0.20542936027050018
0.15535354614257812
0.6209546327590942
0.12045488506555557
0.28409403562545776
0.2739523947238922
0.07884158939123154
0.3073554039001465
0.06432037055492401
-0.29693347215652466
-0.8965614438056946
-3.6504549980163574
-17.77658462524414
6.733225345611572
9.4386625289917
-4.855328559875488
-9.043784141540527
5.7096967697143555
-1.0572148561477661
-2.156226634979248
2.616961717605591
-1.232133388519287
-0.2458629608154297
1.2641403675079346
-1.247249960899353
0.38848018646240234
0.24886426329612732
-0.8460193872451782
0.24204149842262268
-0.7317035794258118
0.03419818729162216
-0.022835349664092064
-0.20925560593605042
0.08678913116455078
-0.3870934545993805
0.09050092846155167
0.08974752575159073
0.27012959122657776
-0.6463187336921692
0.222499281167984
-0.25765982270240784
-0.03896064683794975
0.2551559507846832
1.070692777633667
-0.6455777287483215
-0.18768329918384552
-0.5986053347587585
-1.4537874460220337
0.2958545684814453
0.0846027359366417
-0.4686136245727539
0.11709270626306534
-0.18157081305980682
-0.7230530977249146
0.052445411682128906
0.5297651290893555
-1.2679938077926636
0.806858241558075
-0.2620619833469391
0.14370480179786682
-0.1437014639377594
0.7784813046455383
-1.5752428770065308
-1.2143830060958862
0.3975091874599457
-0.10819873958826065
-0.8672761917114258
0.6074687838554382
-0.6296710968017578
0.9740562438964844
-0.1339057981967926
-0.45727166533470154
0.7320919036865234
-0.8157815933227539
-0.3774994909763336
-0.09015846252441406
-0.884607195854187
0.5922979116439819
-0.0768863707780838
0.44541674852371216
-0.16519126296043396
1.3695166110992432
0.38589268922805786
-1.4755882024765015
0.7130500078201294
-0.8182740211486816
0.7404502630233765
-0.21971368789672852
-0.5306857824325562
-0.13235673308372498
0.39951974153518677
-0.5295939445495605
-0.3745565414428711
1.1538633108139038
-0.18413420021533966
0.7833291888237
-0.4283302426338196
1.3646576404571533
-1.0347381830215454
0.7391287088394165
-0.2962661683559418
1.5356770753860474
0.09276337921619415
-1.6138633489608765
1.1341099739074707
-1.548995018005371
-1.314020037651062
0.10494871437549591
0.2125595062971115
-1.2652859687805176
-1.9931539297103882
-0.627450704574585
-11.832048416137695
9.854721069335938
-1.887665033340454
-8.718999862670898
5.74660587310791
-3.2058937549591064
-1.457878828048706
3.249800443649292
-1.3129966259002686
-0.6383676528930664
0.9567049741744995
-1.3286333084106445
0.024472426623106003
0.3292158246040344
-1.0812456607818604
-0.09726448357105255
0.2042694091796875
-0.4339861273765564
-0.09798455238342285
-0.07384886592626572
-0.30256277322769165
-0.04947075992822647
0.38256725668907166
-0.47481194138526917
0.030202245339751244
-0.36656367778778076
-0.37039798498153687
0.48172107338905334
0.5823960900306702
-0.7556415796279907
-0.4659932553768158
0.799881100654602
-0.3021255135536194
0.2443985939025879
0.3732016086578369
-0.03719071298837662
0.08813337981700897
0.15011104941368103
-0.17969192564487457
0.7473390698432922
0.8064727783203125
-0.8362668752670288
0.15774405002593994
0.5462771058082581
0.031119704246520996
0.1446198672056198
0.3239378333091736
-0.14238853752613068
1.1852138042449951
-0.19271397590637207
0.3192586600780487
0.45101937651634216
0.6524887681007385
0.7909625768661499
-0.2715680003166199
0.35716718435287476
0.3009473383426666
0.557784914970398
0.9197741746902466
-0.1258937418460846
0.2406185120344162
0.4343147277832031
-0.1527755707502365
0.19439391791820526
0.9679921865463257
0.19929571449756622
-0.19659319519996643
0.27565687894821167
0.5443488359451294
-0.34283313155174255
0.18500642478466034
0.616378664970398
0.1747136116027832
0.4365931451320648
0.18511810898780823
0.3560383915901184
0.43695545196533203
0.7882822751998901
0.25172853469848633
0.4067179560661316
0.4902544915676117
-0.6230414509773254
0.3945695757865906
0.5794614553451538
0.48788881301879883
-0.2116384506225586
0.1893116980791092
0.1093893051147461
0.028882121667265892
0.22675848007202148
0.4763792157173157
0.052927207201719284
0.2863708436489105
-0.1742691993713379
0.2695938050746918
0.28512001037597656
0.244269460439682
0.02467784844338894
-2.0056166648864746
-4.422455787658691
-18.8245849609375
6.422540187835693
9.224919319152832
-3.2223262786865234
-10.279983520507812
5.04242467880249
-1.7769310474395752
-2.3892552852630615
2.426874876022339
-0.663982629776001
-0.9216774702072144
1.3947780132293701
-0.7833524346351624
-0.47462907433509827
0.7297005653381348
-0.4486309885978699
-0.10372801125049591
0.33647090196609497
0.009573841467499733
-0.10002050548791885
0.3536442816257477
-0.005198955535888672
-0.4050002098083496
0.1961081475019455
-0.27501314878463745
0.2792765498161316
0.3714269697666168
0.08417491614818573
-0.3451703190803528
-0.040145017206668854
-0.5260739326477051
0.39968204498291016
-0.602587103843689
-0.3470471501350403
0.010892868041992188
-0.7571425437927246
0.5335119366645813
-0.42802324891090393
0.20109137892723083
-1.1532657146453857
-0.709186851978302
0.18930645287036896
-0.11013469845056534
-0.5207149386405945
0.7790333032608032
-0.07772789150476456
-1.570573091506958
-0.546617329120636
1.0327751636505127
-1.1850407123565674
0.20214290916919708
-0.07812118530273438
-0.2509794235229492
0.8587020635604858
0.9891508221626282
-1.965532660484314
-1.2670011520385742
1.4686815738677979
-0.655792236328125
0.4775443971157074
0.5474739074707031
0.13333949446678162
-0.17752036452293396
-0.8563345074653625
0.8098648190498352
-0.06449413299560547
-0.19881287217140198
0.6527872085571289
-0.8912758827209473
0.18337984383106232
0.3055540919303894
-1.7233282327651978
0.6325855255126953
-2.576420307159424
0.6411528587341309
-1.8165220022201538
-0.28632527589797974
0.18766364455223083
-0.016102027148008347
-0.5514650344848633
-0.5710382461547852
-0.0973120704293251
-0.6510526537895203
-0.08285903930664062
-0.4759546220302582
0.7461228370666504
-1.5733758211135864
-0.9830724000930786
0.22947196662425995
-0.41696158051490784
0.16941729187965393
-1.7505724430084229
0.34498754143714905
-0.6836979985237122
-0.33233293890953064
-0.07857584953308105
-0.7545552849769592
1.3754276037216187
-1.8505527973175049
-0.25368183851242065
-12.67215347290039
10.260221481323242
-1.8650556802749634
-8.598738670349121
5.662227153778076
-2.897794246673584
-1.2078251838684082
3.097137451171875
-1.7139770984649658
-0.7034746408462524
1.0591247081756592
-0.7435678243637085
-0.4374334216117859
0.20316104590892792
-0.517126202583313
-0.4410342276096344
-0.5183559656143188
-0.21453876793384552
-0.2960836887359619
-0.2166028469800949
0.17892146110534668
-0.13806629180908203
-0.2717389166355133
0.18721222877502441
-0.06426944583654404
-0.28106728196144104
-0.342844158411026
0.4997998774051666
0.6571115255355835
-0.9153574109077454
-0.8408393859863281
0.7351235151290894
0.034186650067567825
-0.04132046550512314
0.026700353249907494
-0.22307828068733215
1.00233793258667
-0.3834401071071625
-0.03541112691164017
0.9267908334732056
0.24687965214252472
-0.5609274506568909
-0.2626721262931824
0.5778778791427612
0.38867148756980896
-0.3170034885406494
0.640252947807312
0.3954678475856781
0.14295946061611176
0.6946603059768677
0.006974339485168457
0.0441126823425293
0.9019858241081238
-0.3711497187614441
0.4686833322048187
0.6390798091888428
0.08092012256383896
0.121686652302742
0.7131374478340149
0.16917657852172852
0.24318857491016388
-0.12730741500854492
0.9344426393508911
-0.09349622577428818
0.4398188591003418
0.7526469230651855
-0.17314672470092773
0.560246467590332
0.5258151888847351
0.007512378506362438
0.3422723710536957
0.5394380688667297
0.47535181045532227
0.07763919979333878
0.05316219478845596
0.22719669342041016
0.06088533252477646
0.03766899183392525
0.9082161784172058
0.1395716667175293
0.5821963548660278
0.18852615356445312
0.4388188421726227
0.32096585631370544
0.004913997836410999
-0.060335349291563034
0.07346153259277344
-0.024860763922333717
0.5021956562995911
-0.16054391860961914
0.5931808352470398
0.10733576118946075
-0.35161876678466797
0.05736818164587021
0.39678096771240234
-0.283000648021698
-0.1228952407836914
0.2618398666381836
-1.4911366701126099
-3.7858269214630127
-18.195018768310547
6.582888126373291
10.37853717803955
-6.528645992279053
-8.8082914352417
5.993852138519287
-1.3514807224273682
-2.391544818878174
2.9265315532684326
-1.1519111394882202
-0.7150967717170715
1.6651363372802734
-1.1023019552230835
-0.13478145003318787
0.4552689492702484
-0.3880307674407959
0.34359654784202576
-0.1945783644914627
-0.4630243182182312
0.5671294927597046
0.3182418942451477
-0.5301610827445984
-0.384615421295166
0.29429522156715393
-0.7177566289901733
0.5674563646316528
-0.5023953318595886
-0.6316918134689331
0.5264339447021484
-0.1690349578857422
-0.9565963745117188
1.250699520111084
-0.5709514617919922
-0.41440334916114807
-0.13442620635032654
-1.2395461797714233
0.4850492477416992
-0.06356172263622284
-0.3749772906303406
0.6721969842910767
0.5423229336738586
-1.042981505393982
1.1155312061309814
-0.31334954500198364
-0.5340302586555481
0.9900733828544617
0.3739948272705078
0.0035974502097815275
0.9483351707458496
-0.5709282159805298
-1.2821476459503174
-0.5034379959106445
0.6000940203666687
-0.9476978182792664
-0.026047134771943092
-0.5334936380386353
-0.5613635182380676
-0.3779745101928711
0.012052345089614391
-0.48558443784713745
-0.02149181440472603
-0.3677734434604645
-0.878203272819519
1.5357601642608643
-0.8872064352035522
0.9585983157157898
-1.0964257717132568
-0.24909743666648865
-0.4824695587158203
-0.013358783908188343
-0.05411052703857422
-0.5451233983039856
-0.6798112988471985
-0.7575989961624146
-0.04389228671789169
-1.0584532022476196
1.1915193796157837
0.7423475980758667
-0.648333728313446
0.1714012175798416
-0.023903274908661842
0.30817899107933044
0.10714492946863174
-0.7697300314903259
-0.021801471710205078
-0.43667659163475037
0.633642852306366
-1.181991457939148
0.1384352743625641
-0.30171412229537964
0.02031989023089409
0.6447580456733704
-1.6378324031829834
-0.5720857381820679
-0.2911975383758545
0.7643925547599792
-1.0282938480377197
-0.6453561782836914
-0.09132127463817596
0.13980159163475037
-12.785791397094727
10.719721794128418
-2.0118374824523926
-8.752674102783203
5.587142467498779
-2.683842182159424
-1.4283063411712646
3.117828845977783
-1.970933198928833
-0.6271979212760925
0.97417813539505
-1.1495733261108398
0.3301115930080414
0.26785802841186523
-0.9796716570854187
-0.5053654909133911
0.009801005944609642
-0.2887384295463562
-0.5874696969985962
-0.13468284904956818
-0.8347555994987488
-0.21404027938842773
0.23490314185619354
-0.5658825635910034
0.3382411599159241
-0.3950534462928772
-0.487746000289917
0.5798946619033813
0.7169153094291687
-0.9535649418830872
-0.6426248550415039
0.895309567451477
-0.36877602338790894
0.1435205489397049
0.30992430448532104
0.2540421783924103
-0.1973656415939331
0.1626298874616623
0.447640985250473
0.3523818850517273
0.3847392201423645
-0.3355656862258911
0.30815547704696655
-0.026324808597564697
-0.0858500748872757
0.3430045545101166
0.29942527413368225
0.45799845457077026
-0.1422010362148285
0.3509083092212677
0.42628175020217896
-0.04370922967791557
0.5527981519699097
-0.08264236152172089
0.2412155568599701
1.0548789501190186
0.16820545494556427
-0.13684730231761932
0.5322457551956177
-0.08931288868188858
0.736407458782196
0.24982348084449768
0.1833343505859375
-0.23827533423900604
0.6148302555084229
0.036499880254268646
0.6764345169067383
0.4026661813259125
0.05462627485394478
0.24902386963367462
1.0412622690200806
0.0037844658363610506
0.41111621260643005
0.5357428789138794
0.5983222126960754
0.3814321458339691
-0.3073213994503021
0.6547124981880188
0.42705973982810974
0.24523821473121643
0.2496078461408615
0.14177170395851135
0.5239617228507996
0.5419726371765137
0.6486448049545288
-0.01800212822854519
0.36347562074661255
0.32847318053245544
0.08983516693115234
0.22573384642601013
-0.3362404704093933
-0.013595771975815296
0.6390384435653687
0.48582857847213745
0.30608654022216797
0.44949835538864136
-0.21612033247947693
0.1472698152065277
-1.938113808631897
-3.8877310752868652
-18.036945343017578
6.769268989562988
9.571126937866211
-6.475721836090088
-7.030633449554443
4.773340225219727
-1.4531724452972412
-1.7078063488006592
2.1884491443634033
-0.9302859306335449
-0.26977425813674927
1.3756531476974487
-0.6686335206031799
-0.6074904203414917
0.9468938708305359
-0.5700798630714417
-0.26435765624046326
0.5559710264205933
-0.4437454342842102
0.09111013263463974
0.5007759928703308
-0.31311148405075073
-0.20344534516334534
-0.30931806564331055
0.20774678885936737
-0.07126817852258682
-0.14059391617774963
-0.44594287872314453
0.38199883699417114
-0.6264025568962097
-0.22758512198925018
0.12363014370203018
-1.0750662088394165
-0.30925074219703674
1.3190141916275024
0.17467117309570312
-0.8493545651435852
-0.8144817352294922
0.409524142742157
0.45170173048973083
-0.13653965294361115
0.9184535145759583
0.4751459062099457
-0.7119447588920593
-0.39371174573898315
0.948957085609436
-0.43340492248535156
-0.2625499665737152
1.0820118188858032
0.07750377804040909
-0.5944676399230957
-0.180110365152359
2.0266928672790527
-0.6955915689468384
-0.642135500907898
0.5460449457168579
-0.5867772102355957
0.31027108430862427
0.5208643078804016
0.43475285172462463
-0.21338291466236115
0.33937129378318787
-0.0009211540454998612
0.18534889817237854
-0.8897396326065063
0.35087108612060547
0.23783722519874573
0.3829365670681
-1.0902098417282104
1.5791347026824951
0.7692146301269531
-0.9611059427261353
-0.26765042543411255
-0.6626068949699402
0.5879376530647278
0.013068199157714844
-0.8463981747627258
0.5730618238449097
-0.022817611694335938
0.13807669281959534
-1.0199902057647705
-0.28060445189476013
-0.5375397801399231
0.4549482762813568
-1.9389814138412476
-0.32139310240745544
-0.816021740436554
0.5800642371177673
-1.2717416286468506
2.0329668521881104
-1.1160691976547241
0.5804125070571899
0.4834938943386078
-1.196324110031128
1.2658997774124146
-0.9687311053276062
0.524324893951416
0.5547128915786743
-1.3355783224105835
-1.8993473052978516
-11.881391525268555
10.5933198928833
-1.7480189800262451
-8.183504104614258
5.438389778137207
-2.586230516433716
-0.9874150156974792
3.0917556285858154
-1.2685661315917969
-0.76805180311203
1.2734838724136353
-1.4109456539154053
-0.07332897186279297
-0.17578110098838806
-0.609178900718689
0.350867360830307
-0.26033908128738403
-0.271305650472641
0.27635422348976135
-0.4502522051334381
-0.3083867132663727
0.18142256140708923
0.07282505184412003
-0.536179780960083
0.005796098615974188
0.09787635505199432
-0.5137184858322144
0.42169323563575745
0.4256255030632019
-1.227425217628479
-0.3047803044319153
0.4106179177761078
-0.0674956813454628
0.39532238245010376
0.3955429792404175
-0.7202954292297363
0.45947760343551636
0.31110745668411255
-0.12576206028461456
0.9709062576293945
0.23567871749401093
-0.43558746576309204
0.28040677309036255
0.002037554979324341
0.40934640169143677
0.012114333920180798
0.5946668386459351
0.5828402638435364
-0.3708084523677826
0.4705478250980377
0.5095309615135193
0.10543040931224823
0.4122534394264221
-0.28794175386428833
0.2864576280117035
0.8269607424736023
0.12507161498069763
0.6216166615486145
0.2867441773414612
0.09042792022228241
0.7112061381340027
0.5738115310668945
0.23614254593849182
-0.015987683087587357
0.2916479706764221
1.1086045503616333
-0.016933441162109375
0.05330705642700195
0.3852647840976715
-0.15516814589500427
0.3504466116428375
0.12273187935352325
0.912007212638855
-0.604385256767273
0.059613704681396484
0.5251123309135437
0.3063332438468933
1.0535565614700317
-0.022372055798768997
0.07797527313232422
0.36908799409866333
-0.13714542984962463
0.33177128434181213
0.2864224314689636
0.32123738527297974
0.1872943937778473
0.2871721386909485
0.17826537787914276
0.5543219447135925
0.02761239930987358
-0.06061563640832901
0.5074693560600281
-0.37985390424728394
0.0854918509721756
0.5044304132461548
0.07302932441234589
-0.25937071442604065
0.3731200098991394
-1.531574010848999
-4.1992597579956055
-18.024770736694336
7.467000484466553
8.985677719116211
-4.329286098480225
-9.710957527160645
4.414767265319824
-0.2458711564540863
-2.598886489868164
2.0971622467041016
-0.40994930267333984
-1.0575450658798218
1.2988721132278442
-0.8551216125488281
-0.3178611695766449
0.4952116012573242
-0.4788386821746826
-0.024199485778808594
0.0035665512550622225
0.06225118786096573
-0.32019004225730896
-0.2057023048400879
0.2854403555393219
-0.6291713714599609
-0.01102438010275364
0.02422008477151394
-0.18361720442771912
0.0480831153690815
-0.07935342937707901
0.5450983047485352
-0.39954835176467896
0.08237914741039276
0.030107880011200905
-0.1967276632785797
-1.2399393320083618
0.5174720883369446
-0.8616205453872681
0.39817506074905396
-0.13508453965187073
0.8609398603439331
-1.101059079170227
-0.05633888393640518
-1.119637370109558
-0.07871703803539276
-0.08706741034984589
-0.2125234603881836
-0.653887152671814
0.6759325265884399
0.7832651138305664
-1.8687328100204468
-0.10984659194946289
0.136967271566391
-1.1714199781417847
-0.4312511384487152
0.6336372494697571
-0.9815473556518555
-0.2714729309082031
0.9977914690971375
-1.0147351026535034
0.23318824172019958
0.9508863687515259
-2.071120500564575
0.3644447326660156
-0.021159935742616653
-0.2384733259677887
-0.02022533491253853
-0.2403034269809723
0.6293314099311829
-1.2162649631500244
0.21195869147777557
0.4738144874572754
-0.9874574542045593
-0.049450017511844635
-0.22290877997875214
-0.3131098747253418
0.01907653734087944
-0.5412222743034363
0.8456001281738281
-2.0293967723846436
0.5195401310920715
0.20970582962036133
-1.1680189371109009
-0.4473763406276703
0.24129924178123474
0.8030526041984558
0.8827340006828308
-0.6796634793281555
-0.6606134176254272
0.021336842328310013
-0.5006224513053894
0.6463420987129211
-0.15938368439674377
-0.20481853187084198
0.0953826904296875
-0.5358101725578308
0.9937341809272766
-0.9683517217636108
0.45928436517715454
0.19909696280956268
-1.23641037940979
-0.6330752372741699
-11.77073860168457
10.65106201171875
-1.8148162364959717
-8.355335235595703
4.923087120056152
-2.352200508117676
-1.5439836978912354
3.0582804679870605
-1.4316644668579102
-0.23810072243213654
1.1162145137786865
-0.8443689346313477
-0.25008344650268555
0.15365462005138397
-0.6532756090164185
-0.6450389623641968
0.12725190818309784
-0.3397298753261566
-0.11776714026927948
-0.3412269949913025
-0.21085944771766663
-0.02898693084716797
0.294361412525177
-0.5356839299201965
0.1009896770119667
-0.21704716980457306
-0.57573002576828
0.5191516876220703
0.2856103777885437
-0.8542749285697937
-0.6135578751564026
0.5201560258865356
-0.3099927604198456
0.12499763071537018
0.5392530560493469
-0.19808094203472137
0.1751096099615097
-0.20656856894493103
0.3515642285346985
0.3902348279953003
0.09536471217870712
0.2649654448032379
0.15322698652744293
0.2591835856437683
0.17437438666820526
0.5523171424865723
0.34416845440864563
0.5496266484260559
-0.33896690607070923
0.06316284835338593
0.7993732690811157
0.16016268730163574
0.04268374294042587
0.7335423231124878
0.11417384445667267
0.6092962026596069
-0.01954331435263157
0.7196356654167175
0.0618160255253315
0.3231539726257324
0.2413492202758789
-0.05132627487182617
0.055899523198604584
0.4584657549858093
-0.15779905021190643
0.7587118148803711
0.24438610672950745
0.3439982533454895
-0.43899330496788025
1.016611933708191
0.6709550619125366
0.4926522374153137
0.33542975783348083
0.16452808678150177
0.43308019638061523
0.2838830053806305
0.30354785919189453
0.6176556348800659
-0.06659364700317383
0.4926290512084961
0.15253782272338867
0.19500227272510529
0.20747938752174377
0.30194053053855896
0.3225557208061218
1.002563238143921
-0.22808685898780823
0.18364973366260529
0.7111847996711731
0.03810567781329155
-0.37616729736328125
0.43035706877708435
0.26071253418922424
-0.11211271584033966
-0.3062383532524109
0.5768429040908813
0.4040914475917816
-0.09961366653442383
-1.0562410354614258
-3.56211519241333
-18.080509185791016
7.264251708984375
9.491254806518555
-3.186171054840088
-11.78460693359375
6.301175594329834
-0.8347799181938171
-2.9217638969421387
2.9177639484405518
-0.7686751484870911
-1.644219994544983
1.8550539016723633
-1.0534629821777344
-0.33911991119384766
0.3166055679321289
-0.8514965772628784
0.20667791366577148
0.46152791380882263
-0.12785644829273224
-0.24517937004566193
-0.27633780241012573
0.060079000890254974
-0.23060885071754456
-0.05951414257287979
-0.352449893951416
0.7539507150650024
0.006964778993278742
-0.7124026417732239
0.7600468397140503
-0.5552883148193359
0.11114845424890518
-0.2070101797580719
0.4682121276855469
0.29674071073532104
-0.2087060958147049
-2.1270461082458496
0.38897305727005005
0.872409462928772
-1.164460301399231
0.528019905090332
0.45587387681007385
-1.7193262577056885
-1.491931676864624
0.9544904828071594
-0.1276308000087738
0.12120809406042099
1.200804352760315
1.261106252670288
-2.1149516105651855
-1.0484102964401245
0.5880544781684875
-0.37651652097702026
0.123876191675663
-0.7311662435531616
-0.8213289976119995
-0.14689941704273224
0.5806838870048523
-0.3178028166294098
1.1005926132202148
0.1228179931640625
-1.5595736503601074
-0.23859767615795135
0.6999866366386414
0.010296535678207874
0.3355172276496887
0.5423811674118042
-0.28198280930519104
0.5078920125961304
-0.22467613220214844
0.3002731204032898
-1.2588472366333008
0.04748992994427681
0.5789375305175781
-1.0635226964950562
-0.3587509095668793
0.6549972295761108
-0.3547666668891907
-0.07921533286571503
-0.6625427007675171
-0.74144446849823
0.17506293952465057
-0.1672847718000412
-0.3748626708984375
-0.14784231781959534
-1.4354913234710693
-0.28475332260131836
0.6856545209884644
-1.4528827667236328
0.08164572715759277
0.750532329082489
0.4073616862297058
-0.5541560053825378
-0.24389466643333435
-1.4293601512908936
0.028510093688964844
-0.5663686990737915
-0.364514023065567
-1.419958472251892
-1.3221089839935303
-0.7045238614082336
-11.939651489257812
10.185379028320312
-1.8004224300384521
-8.777031898498535
5.182724952697754
-2.6617653369903564
-1.2441989183425903
2.547079086303711
-1.1926720142364502
-0.7433056831359863
1.038268804550171
-0.9297810792922974
-0.5304759740829468
0.44267353415489197
-0.7117939591407776
-0.2797014117240906
-0.2550482749938965
-0.47365087270736694
0.06528396904468536
0.08570685237646103
-0.30922308564186096
-0.2383134812116623
-0.18925833702087402
0.09144754707813263
-0.09503106772899628
-0.6634781956672668
0.13884630799293518
0.2410285472869873
0.11396727710962296
-1.2487187385559082
-0.24527040123939514
0.7109181880950928
-0.546995997428894
0.045950911939144135
0.18372075259685516
0.29382839798927307
0.24709472060203552
-0.5750678777694702
0.0173829086124897
0.4028018116950989
-0.4602695107460022
0.4822622835636139
0.1345655471086502
0.16790923476219177
-0.06249362230300903
0.5209988951683044
0.09177093207836151
0.46010708808898926
-0.3685745596885681
0.37713947892189026
0.5247507095336914
0.08799867331981659
0.05001401901245117
0.14254355430603027
0.4259006381034851
0.47870826721191406
-0.07676825672388077
0.8634918332099915
0.5418933629989624
-0.1827865093946457
1.1147159337997437
-0.20471730828285217
0.11501755565404892
0.4810059666633606
0.09668588638305664
0.3835600018501282
0.2946932911872864
0.1780470907688141
0.21726445853710175
0.14571218192577362
0.8639891743659973
0.4885978698730469
-0.051909733563661575
0.6559939384460449
0.2654537260532379
0.4495248794555664
0.1760711669921875
0.6690763235092163
-0.05027313157916069
0.2100052833557129
0.57157963514328
0.444301038980484
-0.12686720490455627
0.3525710999965668
0.019206713885068893
0.30248814821243286
0.4521369934082031
0.6503012776374817
-0.45067542791366577
0.10728387534618378
0.27487286925315857
-0.17977342009544373
0.44337597489356995
-0.08883075416088104
-0.09430675208568573
0.5290372967720032
-0.259360134601593
0.4068371653556824
-1.278070330619812
-3.9348549842834473
-18.087223052978516
6.6081390380859375
10.278975486755371
-6.290164470672607
-9.080739974975586
6.167013645172119
-1.5416128635406494
-2.2317652702331543
2.8152458667755127
-1.053679347038269
-0.7729616165161133
1.4994049072265625
-0.795240044593811
-0.036586761474609375
-0.07075624167919159
-0.5486716628074646
0.21479158103466034
0.09756211936473846
-0.31629467010498047
0.0391697883605957
0.06511659920215607
-0.25292691588401794
-0.23371687531471252
-0.24173136055469513
-0.5263039469718933
-0.29421862959861755
-0.1638748198747635
-0.38830986618995667
0.4264688491821289
-0.34308138489723206
0.07859630882740021
-0.02079162560403347
-0.7864154577255249
-0.1257593184709549
0.8104440569877625
0.6809269189834595
-0.3921298086643219
-1.1996550559997559
0.1654529571533203
0.3262642025947571
0.1986878365278244
0.22616958618164062
-0.12948361039161682
-0.07197227329015732
-0.17987871170043945
-0.05897369235754013
0.3146165907382965
0.335252583026886
0.6631816625595093
0.6180778741836548
-1.794022560119629
-0.4525984823703766
-0.015814876183867455
-0.3589228689670563
-0.6203249096870422
-0.07771606743335724
-0.4073857367038727
0.5982046127319336
-0.8581168055534363
0.038927651941776276
0.6114492416381836
-1.1735907793045044
0.6013807058334351
-0.10050563514232635
0.17697887122631073
0.06765975803136826
-0.5991628766059875
0.011592483147978783
0.6896957159042358
-0.3689529299736023
0.041471291333436966
0.05936174467206001
0.8232900500297546
-0.7676576972007751
-0.4724542498588562
0.4715403616428375
0.08308438956737518
-0.4803083539009094
-1.4138518571853638
0.3373294770717621
-0.45002347230911255
0.7100744247436523
-0.6594604849815369
1.0145034790039062
-1.7652441263198853
0.9626567959785461
0.147090345621109
1.3640234470367432
-1.047365665435791
0.28045567870140076
-0.47791633009910583
-0.6216039657592773
1.597985029220581
-0.7245221138000488
-0.82696533203125
0.09693647921085358
-0.5624410510063171
0.5115782022476196
-1.282841682434082
-0.14213430881500244
-12.899579048156738
10.877190589904785
-2.2845308780670166
-8.768927574157715
5.690128326416016
-2.9328231811523438
-1.1848554611206055
2.785505771636963
-1.3576469421386719
-0.9939262270927429
1.3220335245132446
-1.1641652584075928
-0.31383442878723145
0.5788658857345581
-0.7134113907814026
0.13315267860889435
0.11001472175121307
-0.7611204385757446
-0.2770821452140808
-0.12667503952980042
-0.3996403217315674
-0.235992431640625
0.4178234934806824
0.0007149219745770097
-0.44522958993911743
-0.3983798027038574
0.0960882157087326
0.08833761513233185
0.3116385042667389
-0.8600368499755859
-0.44492068886756897
0.5034531354904175
0.36489495635032654
0.12162456661462784
-0.008593296632170677
0.14029817283153534
0.5180827379226685
-0.5136232972145081
0.5360461473464966
1.2676286697387695
-0.027886182069778442
-0.8000787496566772
-0.032125938683748245
0.955714225769043
-0.17316453158855438
-0.0059691607020795345
0.738052487373352
0.2414999008178711
-0.2889556288719177
0.7834723591804504
0.3573492169380188
-0.26394447684288025
0.4450899064540863
-0.2690177857875824
0.43970903754234314
0.10462570190429688
-0.05094127729535103
0.7403828501701355
0.30846279859542847
-0.20064964890480042
0.3433951437473297
-0.10946188122034073
0.6751236319541931
0.6720597147941589
-0.5398409366607666
0.9312797784805298
0.10215330123901367
-0.197991281747818
0.3377431035041809
0.2527396082878113
0.4328943192958832
0.5531923174858093
0.2863912582397461
0.22127170860767365
0.43394678831100464
0.48103922605514526
-0.1888616532087326
0.35263538360595703
0.22055740654468536
0.469808965921402
0.015734005719423294
0.7829282879829407
0.14988680183887482
-0.14455270767211914
0.3155892491340637
0.3045869767665863
0.4653089642524719
0.10411815345287323
0.7241080403327942
-0.09484176337718964
0.37374362349510193
-0.2820049226284027
0.563352108001709
-0.09948806464672089
-0.02655000612139702
0.5060181617736816
-0.1821056306362152
0.1279185265302658
-0.6728588938713074
-3.6804840564727783
-17.880823135375977
6.628817081451416
10.311202049255371
-6.8476057052612305
-6.957300662994385
4.949367523193359
-1.3137109279632568
-1.9008190631866455
2.4564754962921143
-0.7252625823020935
-0.9415543675422668
1.266226053237915
-0.6737872362136841
-0.03352680057287216
0.18875817954540253
-0.4029228091239929
-0.0784076675772667
0.4592776298522949
-0.2028849571943283
-0.5299296379089355
-0.32047414779663086
-0.3280399441719055
0.46930521726608276
0.08982591331005096
-0.44052353501319885
0.5079563856124878
-0.5894254446029663
0.4594106674194336
-0.11874046176671982
-0.10479383170604706
-0.013023567385971546
0.1685260832309723
-0.22476577758789062
1.0560708045959473
-0.8047692179679871
-0.3524499833583832
0.25411224365234375
0.06449928134679794
-0.25880908966064453
0.5986264944076538
-0.4009408950805664
0.12105293571949005
-0.36959657073020935
-0.42606717348098755
-0.30988389253616333
-0.26190415024757385
-0.6696645617485046
0.5259170532226562
0.504366397857666
0.8398288488388062
-1.1912291049957275
-0.32414913177490234
0.7298334240913391
-0.6138613820075989
-0.46000537276268005
0.7140884399414062
-0.9929892420768738
0.18456535041332245
1.0443410873413086
-0.24634495377540588
0.4011238217353821
-0.12898501753807068
-0.27881544828414917
-0.30967122316360474
-0.132354736328125
1.131299376487732
-0.9886385202407837
0.7296772003173828
0.05305137485265732
-0.08852843940258026
-0.11117248237133026
-1.0527064800262451
0.6982013583183289
0.543094277381897
-0.26322421431541443
-0.6368202567100525
-0.6025549173355103
-0.6730743646621704
1.1241991519927979
-0.04046611860394478
-0.22175359725952148
0.6601006388664246
-0.219822496175766
0.18271808326244354
-0.5396901369094849
0.2401077300310135
-2.347019910812378
-0.7389609217643738
0.7604471445083618
0.013609600253403187
-0.044254302978515625
-2.088935613632202
0.5949786305427551
0.2677368223667145
0.5544558763504028
0.4668416976928711
1.3066692352294922
-0.36843451857566833
-1.4666621685028076
-0.16460256278514862
-12.33846664428711
10.153178215026855
-1.9761909246444702
-8.84371280670166
5.381283760070801
-2.7760679721832275
-1.0253627300262451
3.0925610065460205
-1.6911470890045166
-0.655922532081604
1.0575966835021973
-1.3031996488571167
-0.3481544554233551
0.12516650557518005
-1.0205837488174438
0.15018844604492188
-0.3558408319950104
-0.9236764907836914
0.3402915894985199
0.1010003536939621
-0.5369313955307007
-0.10721559822559357
-0.014377832412719727
-0.3080291152000427
-0.11864142119884491
-0.45466241240501404
-0.48713773488998413
1.0046277046203613
0.12453141063451767
-0.5937961339950562
-0.6063508987426758
0.6095743775367737
-0.5248544812202454
-0.09053001552820206
0.42861422896385193
0.2876376509666443
0.4214448034763336
-0.14367589354515076
-0.0914672389626503
0.9594653844833374
-0.03206909820437431
-0.6189790964126587
0.053728289902210236
0.020893167704343796
0.32066524028778076
0.4488188624382019
0.04502588510513306
0.8968507647514343
-0.11882760375738144
0.5667780637741089
0.24719615280628204
-0.38009342551231384
0.5651559829711914
-0.0145577909424901
0.26778191328048706
1.2368943691253662
-0.3426647186279297
0.4312745928764343
-0.1888275146484375
0.012211036868393421
0.49408483505249023
-0.1459738314151764
0.2528771460056305
0.5774595141410828
0.1405191421508789
0.4213780462741852
0.08988542854785919
0.36436358094215393
0.5857793092727661
-0.4500666558742523
0.6337919235229492
0.4220336973667145
0.25601252913475037
0.41710156202316284
0.29442253708839417
-0.024911021813750267
0.14065417647361755
0.27092352509498596
0.062320806086063385
0.7700246572494507
0.12479066848754883
-0.03529348224401474
0.24591302871704102
0.08231449127197266
0.3984292149543762
0.3197377324104309
-0.02213439904153347
0.34624290466308594
-0.08882836997509003
0.23041000962257385
-0.23308248817920685
-0.26072245836257935
0.677000880241394
0.1647813767194748
0.1851613074541092
0.4124731123447418
0.15014895796775818
0.05045146867632866
-1.3125860691070557
-3.9817004203796387
-17.79629135131836
7.296786308288574
9.65766716003418
-4.79910135269165
-9.694920539855957
4.513636112213135
-0.02648930624127388
-2.5099289417266846
2.1240551471710205
-0.1924954354763031
-0.8924257159233093
1.1600565910339355
-0.9928575754165649
0.0164050105959177
0.20510844886302948
-0.2967531681060791
0.11595030128955841
0.18283672630786896
-0.13783273100852966
0.12263403087854385
-0.20780563354492188
-0.09297104179859161
-0.04927005618810654
-0.4822090268135071
0.005678939633071423
-0.06256894767284393
-0.08490276336669922
0.2879564166069031
-0.041973114013671875
-0.20054054260253906
0.13009968400001526
0.4557304382324219
-0.8388868570327759
-0.4967794418334961
-0.041791535913944244
-0.321108341217041
-0.22234287858009338
0.5278028249740601
0.770213782787323
-0.3048684000968933
0.31395092606544495
-0.1569581925868988
-0.32221755385398865
-0.8539803624153137
0.8344484567642212
-0.10104980319738388
-0.6860475540161133
1.8875563144683838
0.25303858518600464
-1.9291932582855225
0.6393018960952759
-0.2901676297187805
-0.48934096097946167
0.19147968292236328
0.2934041917324066
-0.9232710003852844
0.7956104278564453
-0.2923711836338043
-0.08638858795166016
-1.1611077785491943
-0.9327266812324524
-0.7893542051315308
0.5170091390609741
-0.4006294310092926
-0.38946419954299927
1.0128757953643799
-1.0883783102035522
-0.3266168534755707
-0.39715614914894104
0.5824929475784302
0.411342054605484
-0.2714853286743164
1.257644772529602
-0.9879080653190613
0.5612770318984985
0.07718773186206818
-0.9571802020072937
-0.45879095792770386
0.8473000526428223
-1.0137555599212646
-0.5831624865531921
-0.03163947910070419
-0.3685905337333679
1.1112059354782104
-1.7511943578720093
-0.4215475916862488
-0.5073765516281128
0.13724012672901154
-0.027915095910429955
-2.005836248397827
-0.28571605682373047
-0.3812599182128906
1.4855425357818604
-0.31699201464653015
0.09903707355260849
-0.7013661861419678
0.2878356873989105
-0.27845174074172974
-1.774714469909668
0.40140947699546814
-12.729436874389648
5.1653900146484375
3.0185046195983887
-9.670426368713379
4.476046562194824
-1.0173380374908447
-2.4432969093322754
3.323371410369873
-0.9501654505729675
-1.508367657661438
1.5354723930358887
-1.2065366506576538
-0.720466673374176
0.10991454124450684
-0.7327443957328796
0.24464234709739685
-0.3547336161136627
-0.2851859927177429
-0.2277257889509201
0.026523064821958542
-0.1855674684047699
-0.4400419294834137
-0.291501522064209
0.4398044943809509
-0.40351763367652893
0.39268773794174194
-0.21833810210227966
-0.08350972831249237
0.32014545798301697
-0.4286124110221863
-0.6561017036437988
0.43191424012184143
-0.06422679126262665
-0.20337076485157013
0.39685770869255066
-0.000628352165222168
0.4301786422729492
-0.3783833086490631
-0.07197203487157822
0.6123453378677368
0.25930890440940857
-0.35256215929985046
-0.02482386864721775
0.55259770154953
0.028299544006586075
0.5562235116958618
0.30984023213386536
0.4889107346534729
-0.2905983030796051
0.40896281599998474
0.38352805376052856
0.005040550138801336
0.3513820767402649
-0.2020043432712555
0.3240323066711426
0.9780418276786804
-0.6575358510017395
0.7121499180793762
0.5737091302871704
-0.16422562301158905
0.45877495408058167
0.1829192191362381
-0.040066909044981
0.5434001684188843
-0.20064106583595276
0.6376907229423523
0.2535562515258789
0.282660573720932
0.15400895476341248
0.7462185621261597
0.29152506589889526
0.9814122915267944
-0.10857410728931427
0.3810136914253235
0.12293968349695206
-0.02542104758322239
0.6130691766738892
0.11745357513427734
-0.37274837493896484
0.2687157690525055
-0.15000104904174805
0.3536441922187805
0.05063295364379883
0.9497275352478027
0.0469302162528038
-0.10373429954051971
0.6108223795890808
-0.04986705631017685
0.04549150541424751
0.42141151428222656
0.17616692185401917
0.1557900458574295
-0.4681021571159363
0.42237892746925354
0.09255103766918182
0.3720535337924957
0.38081663846969604
-0.19859322905540466
-1.111973524093628
-3.193291187286377
-17.99417495727539
6.664798736572266
10.342110633850098
-6.876187801361084
-7.763513088226318
5.14682674407959
-1.5338332653045654
-1.6491836309432983
2.363370180130005
-1.0571579933166504
-0.2814794182777405
1.087790846824646
-0.6593941450119019
-0.1751188337802887
0.4408610463142395
-0.5834378004074097
0.02664480172097683
0.010065269656479359
-0.26486292481422424
0.38536661863327026
-0.025185298174619675
-0.22332219779491425
-0.19080229103565216
-0.29863977432250977
-0.09234752506017685
-0.2414797842502594
0.48265761137008667
-0.30638426542282104
0.26573362946510315
-0.18109235167503357
0.045383453369140625
-0.3615800738334656
-0.35830050706863403
1.1422077417373657
-1.400185227394104
0.12771883606910706
0.422502338886261
-0.33226051926612854
-0.010887622833251953
0.3958938717842102
-0.45763006806373596
-1.160802960395813
0.8440779447555542
-0.6327816247940063
-0.8275160789489746
0.2247755080461502
0.5396041870117188
0.0643073096871376
0.526034951210022
0.1818462312221527
-0.6143410801887512
-0.8186870813369751
1.3234381675720215
-0.44464340806007385
-0.8414949178695679
0.78643798828125
0.07255363464355469
-0.8282612562179565
0.34217625856399536
-0.8390138745307922
0.8230772018432617
-1.2370803356170654
0.008094978518784046
0.12960414588451385
-0.6593379974365234
0.6951979398727417
-1.009677767753601
-1.0964435338974
0.6429021954536438
0.5931005477905273
-0.2596918046474457
-0.6905413866043091
-0.3699241578578949
0.18475589156150818
-1.2603981494903564
1.2168805599212646
-0.4862855076789856
-0.6158068776130676
0.14058570563793182
0.2778471112251282
-0.989587664604187
0.8111271858215332
-1.1827538013458252
1.6056448221206665
-1.4735069274902344
0.8909527063369751
0.226349875330925
0.3569733500480652
-0.8048166036605835
-0.33472639322280884
0.058453939855098724
-0.3306960463523865
0.8558313250541687
-0.37622326612472534
0.0361790657043457
0.5740475654602051
-0.10316281020641327
-0.5932878255844116
-0.5926979184150696
1.0317895412445068
-14.124438285827637
11.102288246154785
-2.02884578704834
-8.549779891967773
5.476262092590332
-3.0466525554656982
-0.7973958849906921
3.046119213104248
-1.728244423866272
-0.4865228533744812
0.8333513140678406
-1.3097593784332275
0.25419217348098755
0.012714767828583717
-1.0966103076934814
0.44293633103370667
-0.23358726501464844
-0.5141146779060364
-0.10020961612462997
0.04958219453692436
-0.3012775480747223
-0.2501057982444763
0.005630684085190296
-0.47394055128097534
0.025929737836122513
-0.39623600244522095
-0.44960689544677734
1.0507704019546509
0.15589837729930878
-0.9238470196723938
-0.5943047404289246
0.7306079864501953
0.038455165922641754
-0.19602350890636444
0.47678202390670776
-0.19587787985801697
0.06164798140525818
-0.11310259997844696
0.11977019160985947
0.48300448060035706
0.3849713206291199
-0.3847094774246216
0.7169708013534546
-0.28641605377197266
-0.05069630220532417
0.6196122765541077
0.3694379925727844
0.3071080148220062
-0.10822625458240509
1.048297643661499
-0.3313099443912506
0.6988121271133423
0.1865123212337494
0.03833503648638725
0.4071425795555115
0.2516172528266907
-0.035619545727968216
0.3672347664833069
0.15738525986671448
0.1932244747877121
0.3645471930503845
0.43866968154907227
0.30262652039527893
-0.01656322553753853
0.5361023545265198
0.6920725107192993
0.2553841471672058
0.4760492444038391
-0.2820642590522766
0.30100059509277344
0.48005229234695435
0.2900792062282562
0.18665142357349396
0.25081998109817505
0.6742847561836243
0.14980077743530273
-0.09116534888744354
0.8217744827270508
0.09199037402868271
0.4821966290473938
0.2887706756591797
0.16568279266357422
0.06446180492639542
-0.18770074844360352
0.452165424823761
0.32923489809036255
-0.054688263684511185
0.2383526861667633
0.5167813301086426
-0.07417984306812286
-0.01858673058450222
0.3613993525505066
0.09088878333568573
0.09085150063037872
0.13655319809913635
-0.10209579765796661
0.3503684103488922
0.46643295884132385
-1.6088674068450928
-4.477695465087891
-18.34743881225586
5.584678649902344
10.173149108886719
-4.652864456176758
-9.13921070098877
4.369174003601074
-0.4171260893344879
-2.6314263343811035
2.304445266723633
-0.5565373301506042
-0.6933997869491577
1.2596760988235474
-1.0416290760040283
0.08327741920948029
0.4901651442050934
-0.4731738567352295
-0.12741585075855255
0.030753325670957565
-0.07996444404125214
0.08337517082691193
0.4900539517402649
-0.41554564237594604
-0.19965095818042755
0.25929203629493713
0.05731191486120224
-0.43260860443115234
0.266012966632843
-0.7473796606063843
-0.04005251079797745
-0.20308169722557068
-0.44341859221458435
0.19789333641529083
-0.05488986894488335
-0.013158798217773438
-0.582615852355957
0.15216922760009766
0.41504669189453125
0.3378791809082031
0.30033475160598755
0.5623234510421753
0.5927261114120483
-0.6792728304862976
-0.34529608488082886
0.3201446533203125
0.48446598649024963
0.0945730209350586
0.6735776662826538
1.1180444955825806
-2.2235589027404785
0.5899432897567749
0.692779541015625
-0.3981971740722656
0.9027595520019531
0.9477638006210327
-1.0179551839828491
1.1910488605499268
-0.31772956252098083
-1.172864556312561
-0.12390194088220596
-0.201802060008049
-0.25037115812301636
2.133002758026123
-1.4514305591583252
0.8346315622329712
-0.026889991015195847
0.03976383060216904
-0.0032693862449377775
-0.8893259763717651
0.48323288559913635
0.7314640283584595
-0.6975190043449402
0.5107801556587219
-0.4842601716518402
-0.2682254910469055
-0.19099827110767365
0.2599465250968933
0.568156361579895
-1.183722734451294
0.5397279858589172
0.11970005184412003
-0.4508088529109955
-0.5619606971740723
0.2975957989692688
0.4892049729824066
-0.9415547251701355
0.07420387119054794
-0.16378498077392578
0.05423545837402344
-0.4964248538017273
0.8591141700744629
-0.1702078878879547
0.16148701310157776
-0.3228299021720886
0.35056057572364807
-0.08554210513830185
1.1722137928009033
-0.20869660377502441
-0.22306661307811737
-1.4013073444366455
-0.3965495228767395
-12.455568313598633
10.513450622558594
-2.086909055709839
-8.208807945251465
5.069109916687012
-2.5316221714019775
-1.2860468626022339
3.3885140419006348
-1.7629982233047485
-0.6756595373153687
1.432222604751587
-1.187540054321289
0.2402295172214508
-0.273563951253891
-0.9845086932182312
-0.07820615917444229
-0.3829494118690491
-0.10084333270788193
0.32272449135780334
-0.3487023711204529
-0.055104635655879974
-0.06629133224487305
-0.2881677746772766
-0.29523858428001404
-0.23162207007408142
0.12822775542736053
-0.46402472257614136
0.7141558527946472
0.3964402675628662
-1.0937626361846924
-0.44276636838912964
0.7812329530715942
-0.30385637283325195
0.09308955818414688
0.5225204825401306
0.1402011215686798
-0.028623104095458984
-0.10517416894435883
0.7202397584915161
0.3985309898853302
0.11959297955036163
0.0674932450056076
0.72380530834198
-0.40397101640701294
0.4285512864589691
0.5163812637329102
-0.06248169019818306
0.412166029214859
0.31457027792930603
0.5681716799736023
-0.03303484991192818
-0.354524701833725
0.8718535304069519
0.09675779193639755
-0.004345131106674671
1.0972087383270264
0.002092123031616211
0.050489284098148346
1.0543711185455322
0.3589388430118561
1.0272802114486694
-0.17243480682373047
-0.032529640942811966
0.9257376790046692
0.1283455342054367
0.1622592955827713
0.49222880601882935
-0.21331635117530823
0.9847155809402466
0.29077595472335815
-0.034191034734249115
0.013761425390839577
0.46657124161720276
0.23532286286354065
0.2916797697544098
0.08949089050292969
0.413048654794693
0.45454397797584534
0.11150684207677841
0.5345671772956848
-0.03779268264770508
0.6427534222602844
0.5985504984855652
0.25978127121925354
0.5799253582954407
-0.1610637605190277
0.15181942284107208
0.16333265602588654
0.18056659400463104
0.22557774186134338
0.491873174905777
-0.30748748779296875
-0.1605759561061859
0.41963520646095276
-0.08623294532299042
0.037106893956661224
0.4195196032524109
0.05420055240392685
-2.538923978805542
-4.478569984436035
-18.714336395263672
6.657083988189697
8.93327522277832
-3.147299289703369
-10.031484603881836
3.5565948486328125
0.02561354637145996
-2.6888797283172607
1.6787837743759155
-0.1195499449968338
-0.9479532241821289
0.9939756393432617
-0.5273447632789612
-0.3977707326412201
0.41875362396240234
-0.006926155183464289
-0.1609424650669098
0.4726160168647766
-0.24644240736961365
-0.8455549478530884
0.19960613548755646
0.3325898051261902
-1.2106420993804932
0.4801650941371918
0.24452582001686096
-0.30652159452438354
-0.6188379526138306
0.5672739148139954
-0.3068157136440277
0.16644564270973206
-0.17887496948242188
-0.16575507819652557
0.08243198692798615
-0.4585871696472168
0.23246879875659943
-0.7256549596786499
-0.056607820093631744
0.26518362760543823
-0.15532684326171875
0.029583454132080078
-0.217875674366951
0.5358688235282898
-0.4219064712524414
-0.20686587691307068
0.4961540102958679
-0.8143529891967773
0.7293990850448608
1.4476356506347656
-1.7426249980926514
-1.503226399421692
1.3004767894744873
0.021511077880859375
-0.6293556094169617
0.48221129179000854
-0.10129223018884659
-0.5817829966545105
0.5225546956062317
0.08485241234302521
-0.7597752809524536
0.5403801798820496
0.07298221439123154
-0.8862918019294739
0.3468204438686371
-0.4686327874660492
-0.11028671264648438
0.22879591584205627
-0.2799362242221832
0.8389551043510437
-1.900526762008667
0.7525955438613892
-0.7525089383125305
-0.7162534594535828
1.0866029262542725
0.4613199234008789
0.06456661224365234
-1.149487018585205
-1.127098798751831
-0.3242172300815582
0.9328797459602356
-0.5235907435417175
-0.2832399308681488
-0.5716460943222046
0.8772185444831848
-0.5542694330215454
-0.2745208740234375
-1.5220845937728882
1.6364609003067017
-1.7825695276260376
0.3779776990413666
0.3472082018852234
-1.5348231792449951
0.6470077633857727
-1.3040862083435059
0.15633849799633026
-0.6331203579902649
-0.13191834092140198
-0.8665105700492859
0.08402018249034882
-1.8951027393341064
-0.47285881638526917
-12.90595817565918
10.480356216430664
-1.782790184020996
-8.403658866882324
5.234837532043457
-2.8927979469299316
-1.541864275932312
3.349318742752075
-1.7610756158828735
-0.6231405138969421
1.348034381866455
-1.3525350093841553
-0.16957411170005798
0.2867153584957123
-0.9642248153686523
0.24695968627929688
-0.21857747435569763
-0.6315355896949768
-0.12154622375965118
0.06325683742761612
-0.42046937346458435
-0.40060001611709595
0.5135306715965271
-0.4279248118400574
-0.17315077781677246
-0.1552259922027588
-0.8467041254043579
1.00792396068573
-0.05637083202600479
-0.19161900877952576
-0.10054810345172882
0.13764779269695282
0.33634424209594727
1.3480161428451538
-0.4912290573120117
-0.9354510307312012
0.6938626170158386
0.2673550248146057
-0.02202526293694973
0.9138083457946777
0.4475192427635193
-0.15612056851387024
-0.014801522716879845
0.6724812388420105
0.04588520526885986
0.3230256736278534
0.3422268033027649
0.6435960531234741
-0.4985392093658447
0.6662299036979675
0.5431731939315796
-0.47913438081741333
0.42349353432655334
0.42683252692222595
-0.0802958756685257
0.8975645303726196
0.4506034851074219
-0.23749355971813202
0.3937911093235016
0.44310617446899414
0.5918329954147339
-0.03930483013391495
-0.035781193524599075
0.6614075899124146
0.2904523015022278
0.2511325776576996
0.3866495192050934
0.23002929985523224
0.21786098182201385
0.4190598428249359
0.6291073560714722
0.1633317917585373
0.32819461822509766
0.22565880417823792
0.20846900343894958
0.2791481018066406
0.2070850431919098
0.8534858822822571
0.1837329864501953
0.7719199061393738
-0.021634483709931374
0.19119243323802948
0.4612225592136383
-0.40639886260032654
0.4563322961330414
0.4258520007133484
-0.21038818359375
0.7853583097457886
0.2121879607439041
-0.5424076914787292
-0.05316610261797905
0.5174768567085266
0.04411592334508896
0.10544195026159286
0.06600837409496307
-0.11359500885009766
0.1556953489780426
0.3586512506008148
-1.221998691558838
-3.868739604949951
-17.50999641418457
7.279017448425293
9.151604652404785
-3.1143646240234375
-11.501968383789062
5.794290065765381
-0.5859919190406799
-2.442729949951172
2.2221126556396484
-0.2761406898498535
-1.0359693765640259
1.5246812105178833
-0.658573567867279
0.017838764935731888
0.6044374704360962
-0.8100662231445312
0.17620258033275604
0.11749181896448135
-0.24129486083984375
0.11286039650440216
-0.35281363129615784
0.25218161940574646
-0.003959941677749157
-0.1006474494934082
0.011766147799789906
0.6140683889389038
-0.3628949224948883
-0.048966217786073685
0.7386140823364258
-0.22132444381713867
-0.27138376235961914
0.5164746046066284
-0.004837703891098499
-1.312860369682312
-0.011762809939682484
-0.40585795044898987
-0.19540491700172424
0.8223565220832825
0.3091545104980469
-0.7058976888656616
-1.4295165538787842
1.4260609149932861
-0.07207946479320526
0.3879210352897644
0.6389862298965454
0.6192706823348999
-1.7427747249603271
0.26875001192092896
0.3638691008090973
-1.3267028331756592
0.5123756527900696
0.18335437774658203
-0.20558109879493713
1.0143121480941772
-0.037332914769649506
-1.6283185482025146
-0.48122185468673706
0.5711219906806946
-0.9266675710678101
0.2992025315761566
0.3304508328437805
-0.6589993238449097
0.33036288619041443
0.7051345705986023
-0.8592637181282043
0.7954912185668945
0.29466313123703003
-0.2934369146823883
-0.455659955739975
0.7936228513717651
-1.5353538990020752
0.7119225263595581
-0.8650568723678589
-1.2737891674041748
1.0557096004486084
-0.037110425531864166
-0.8099206686019897
0.5242117643356323
0.4117606282234192
0.8833950161933899
-0.25959834456443787
0.03181447833776474
0.26602107286453247
0.16651038825511932
0.9328536987304688
0.037412263453006744
-0.202606201171875
-0.04777031019330025
-0.6188983917236328
0.9046866297721863
-0.2952755093574524
-0.4072687029838562
-0.37101849913597107
-0.941301167011261
0.4295169711112976
-0.2656826972961426
0.3101237416267395
1.3007524013519287
0.8160927891731262
-1.6328586339950562
-12.201154708862305
8.410751342773438
0.657784640789032
-8.995965957641602
4.81453800201416
-1.711716651916504
-1.623997688293457
3.300072193145752
-1.010419249534607
-0.8667615056037903
1.4965715408325195
-1.0183842182159424
-0.4457177221775055
0.14104028046131134
-0.6513389348983765
-0.04691038280725479
-0.28893548250198364
-0.2766725420951843
0.16145524382591248
-0.6410837173461914
0.11158914864063263
0.46001163125038147
-0.36085766553878784
0.23535947501659393
-0.22588495910167694
-0.37273263931274414
-0.16976837813854218
0.5209373831748962
0.6079972982406616
-0.9633145332336426
-0.5629108548164368
0.5044487714767456
-0.10898037254810333
0.0432308204472065
0.259525328874588
0.38888290524482727
0.5070784687995911
-0.6351305246353149
0.2781293988227844
1.118182897567749
-0.006094491574913263
-0.6568374037742615
-8.277893357444555e-05
0.39409786462783813
-0.2453106939792633
0.6137265563011169
0.3527999520301819
0.24615593254566193
0.21539124846458435
0.2339998185634613
0.4547409117221832
0.203229159116745
0.1388295590877533
0.30112165212631226
-0.12833967804908752
0.4973057806491852
0.24656343460083008
0.1867825984954834
0.20621457695960999
0.19288310408592224
0.7558556795120239
0.24348707497119904
0.6886827349662781
-0.1389237940311432
0.1860543191432953
0.8335415124893188
0.34176144003868103
0.7872549891471863
-0.17829962074756622
0.03570442274212837
0.5743578672409058
0.09405622631311417
0.12586364150047302
0.8744348287582397
0.17841339111328125
-0.22811508178710938
0.4633074700832367
0.375858873128891
0.05091867595911026
0.7965965270996094
-0.05972099304199219
0.2555311322212219
0.5422056913375854
0.10979986190795898
0.6100378036499023
0.09034261852502823
0.055465031415224075
0.28079596161842346
0.5059746503829956
0.630787193775177
-0.0824621170759201
0.17193707823753357
0.19421634078025818
0.11152563244104385
0.08019647747278214
0.3442690968513489
0.4130656123161316
-0.25800514221191406
-1.827541708946228
-3.040229320526123
-18.513473510742188
6.6940789222717285
10.320663452148438
-4.8764495849609375
-10.056286811828613
4.8490495681762695
-0.34344282746315
-2.613373041152954
2.182621717453003
-0.42916473746299744
-0.9753841161727905
1.2384816408157349
-0.6190225481987
-0.1434517353773117
0.38815250992774963
-0.40739935636520386
-0.04251270368695259
0.2436518669128418
-0.23565587401390076
0.0031921386253088713
-0.2706240713596344
0.1428721398115158
-0.23063087463378906
-0.2662438452243805
-0.08855047076940536
0.08177967369556427
0.24758291244506836
-0.21485766768455505
-0.12481317669153214
-0.2064465582370758
-0.5240508913993835
0.321973979473114
-0.6475264430046082
-0.5107847452163696
0.5199514627456665
0.19427061080932617
-0.18608741462230682
0.4505859315395355
0.015834618359804153
-0.5991867184638977
-0.1074792891740799
0.6159757375717163
-0.9329057931900024
-0.3454751968383789
-0.012067603878676891
-0.405434787273407
-0.3544860780239105
1.2725614309310913
-1.698296308517456
-0.45085200667381287
0.7491203546524048
-0.11090640723705292
0.24109554290771484
0.2891372740268707
0.32701873779296875
0.29840201139450073
0.10410938411951065
-0.3400789201259613
1.4530233144760132
-0.572806715965271
0.3148137927055359
-0.5320151448249817
-0.550402820110321
-0.29462966322898865
-0.862454891204834
1.0907648801803589
-0.03010721132159233
-0.5168169140815735
-0.0027647018432617188
0.5454615354537964
-0.24382133781909943
-0.09765148162841797
-0.3223188519477844
0.18629112839698792
0.46567219495773315
-0.5303508043289185
-0.5074392557144165
-0.4571368098258972
0.22615250945091248
-0.9149964451789856
-0.08245821297168732
-0.926103413105011
0.6602088212966919
-0.7789326906204224
-2.4935483932495117
2.282217025756836
-1.9495487213134766
0.6713439226150513
0.5917977094650269
-1.2635071277618408
0.1549360305070877
0.42158013582229614
0.6944448351860046
-0.7876158952713013
-1.430434226989746
1.8488781452178955
-2.243229389190674
-0.49958476424217224
-1.5800349712371826
1.1396324634552002
-13.506861686706543
9.43002700805664
-1.4322617053985596
-9.094903945922852
4.860511779785156
-1.6280866861343384
-1.8264732360839844
2.4321086406707764
-1.0873644351959229
-0.591310977935791
0.9586164355278015
-1.1245986223220825
0.19475269317626953
-0.03305811807513237
-0.9776605367660522
0.2885953485965729
0.042978573590517044
-0.7763837575912476
0.09309110790491104
-0.33030804991722107
-0.20599833130836487
0.29866498708724976
-0.2522711753845215
-0.22064323723316193
-0.29827412962913513
-0.5206229090690613
0.01371388416737318
0.5352400541305542
-0.01332998275756836
-0.11762485653162003
-0.13223965466022491
-0.022625159472227097
0.06598687171936035
0.565407395362854
-0.45748287439346313
-0.657434344291687
0.3273027539253235
-0.11447741836309433
-0.07401268184185028
0.7010760307312012
-0.29358023405075073
0.19521132111549377
0.30638089776039124
-0.09889982640743256
0.3080330789089203
0.11391117423772812
0.03900905326008797
0.5768237709999084
0.18882279098033905
-0.30085134506225586
0.9956706166267395
-0.03803692013025284
0.22645635902881622
0.483812153339386
0.37191301584243774
0.7451788187026978
0.29815977811813354
0.026304816827178
0.5142340660095215
0.26320725679397583
0.16624149680137634
0.6814188957214355
0.28922978043556213
0.05775456503033638
0.27476996183395386
0.9795618057250977
-0.04394035413861275
0.09487543255090714
0.4564754366874695
-0.12702813744544983
0.6483391523361206
0.5564289093017578
0.024405861273407936
0.6695787310600281
0.5880348086357117
-0.18200930953025818
0.3079361915588379
0.896409809589386
-0.15248450636863708
0.5937920808792114
0.618368923664093
-0.310093492269516
0.40020743012428284
0.32893839478492737
0.33713293075561523
0.6711854934692383
0.12130002677440643
0.10552358627319336
-0.1190212219953537
0.26910343766212463
0.26499873399734497
0.01465616188943386
-0.08617782592773438
0.40579909086227417
-0.14694900810718536
0.2619168162345886
0.23039302229881287
0.47761744260787964
-2.464963912963867
