-1.4613873958587646
-1.4613873958587646
-3.506430149078369
-0.9976708292961121
-1.1420032978057861
-0.8000323176383972
-0.5286778211593628
-0.04030408710241318
-0.6407419443130493
-0.4729544520378113
-0.09169416129589081
-0.485159695148468
-0.1114722266793251
-0.08606872707605362
0.1265132874250412
-0.3488568365573883
-0.3539814054965973
-0.38689231872558594
-0.15426254272460938
-0.11855630576610565
-0.09587793052196503
-0.6742140650749207
0.2759150564670563
-1.2704949378967285
0.1070893257856369
0.0584196075797081
-1.074334740638733
0.46993178129196167
-0.2900678515434265
-0.282998263835907
0.2652776837348938
-0.04638991504907608
0.28523969650268555
-0.17347440123558044
0.06774000823497772
-0.11701545864343643
0.7601304650306702
0.5988577604293823
-0.5233774781227112
0.2092747688293457
-0.5132079124450684
-0.11956298351287842
0.5367822647094727
-0.405403196811676
0.5057926774024963
0.08170588314533234
-0.2759172320365906
0.8796533346176147
0.7313543558120728
-0.5540581941604614
1.2243859767913818
0.733090877532959
-0.02617538534104824
1.4979491233825684
-0.35816454887390137
0.48208555579185486
-0.26982998847961426
-0.3082772195339203
1.2852829694747925
-0.4597437381744385
0.1800929307937622
0.8277468681335449
0.28313779830932617
0.28213921189308167
0.19346556067466736
0.4170798361301422
0.34701061248779297
-0.3084630072116852
1.5000569820404053
0.745901882648468
-0.5746188163757324
0.9573016166687012
-0.7396211624145508
-0.6248093843460083
1.3310816287994385
-0.1731172502040863
0.3437418043613434
0.3877538740634918
-0.019379138946533203
0.4645799696445465
0.33538275957107544
-0.07820673286914825
-0.09505967795848846
0.7589091062545776
1.4177265167236328
-0.4148279130458832
0.47900858521461487
0.3394051492214203
-0.08357067406177521
0.30479687452316284
-0.8136995434761047
0.07919883728027344
0.7273030281066895
0.10216140747070312
0.0734223872423172
0.36094942688941956
0.16675353050231934
-0.13627958297729492
0.3759133219718933
-1.197333574295044
0.41124939918518066
-5.1134772300720215
2.6384568214416504
11.434609413146973
-2.9570891857147217
-10.927892684936523
6.844411373138428
-1.3092167377471924
-1.8979127407073975
2.8327677249908447
-0.9105566143989563
-0.22063951194286346
0.820452094078064
-0.023284148424863815
-0.046159885823726654
0.045138169080019
0.2964732050895691
-0.19587059319019318
-0.2172757089138031
0.41149187088012695
-0.5516568422317505
0.25993767380714417
0.21249370276927948
-0.5080392956733704
0.12665262818336487
-0.3986557126045227
-0.3361330032348633
0.1696186065673828
-0.03919172286987305
-0.22482338547706604
0.04362468793988228
-0.3964635729789734
0.8582391738891602
-0.8685808181762695
-1.130904197692871
0.9173159599304199
0.23758602142333984
-0.828395664691925
0.46707773208618164
1.3956611156463623
-1.0555412769317627
-0.9755390286445618
0.4640195965766907
0.3960067629814148
-1.0406129360198975
0.8654049038887024
0.49205511808395386
-0.26040688157081604
-0.3042583465576172
-0.6918384432792664
0.8368545770645142
0.21120882034301758
0.2117013931274414
0.8107416033744812
-1.4544647932052612
-1.4173474311828613
1.3714452981948853
-0.7550662755966187
-0.5501272082328796
1.1646859645843506
-0.06918325275182724
0.3386615812778473
-0.1841444969177246
0.5496827960014343
0.12196006625890732
-1.4925639629364014
0.014673995785415173
-0.1912737786769867
1.323003888130188
-0.3692019581794739
0.2634490132331848
0.24463996291160583
-0.09749813377857208
-0.31856393814086914
-0.46400776505470276
-0.05301685258746147
0.8184837102890015
-1.076317548751831
0.6186721920967102
-0.9894055128097534
-0.054045677185058594
-0.9466603994369507
0.39099597930908203
-0.5865386128425598
0.48718395829200745
-0.8369470834732056
-1.079289197921753
-0.2581540048122406
-1.2785720825195312
1.812326431274414
-0.7231941819190979
-0.46718090772628784
-1.6597957611083984
1.0388997793197632
0.0360383503139019
-0.1635417938232422
-0.1879281997680664
0.29539114236831665
-0.6117175817489624
0.27708491683006287
-1.7884275913238525
-12.660074234008789
10.676039695739746
-2.0040676593780518
-8.756414413452148
5.3988752365112305
-2.778062343597412
-1.1951310634613037
3.2261414527893066
-1.6561944484710693
-0.7082953453063965
1.413079023361206
-0.6449858546257019
-0.33899277448654175
0.07600550353527069
-0.9133532643318176
-0.110995814204216
-0.1683143675327301
-0.31709975004196167
-0.19122786819934845
0.06890702247619629
-0.1090020164847374
-0.26260218024253845
0.5786515474319458
-0.45199060440063477
-0.10509123653173447
-0.40866827964782715
-0.24175448715686798
0.6249197721481323
0.43310579657554626
-0.6212413311004639
-0.7112644910812378
0.8727186918258667
-0.33363643288612366
0.214074969291687
0.28314870595932007
0.11354611068964005
0.30951207876205444
-0.24919012188911438
0.030925344675779343
1.2889087200164795
0.41404980421066284
-0.9616426229476929
-0.2149697244167328
0.3071945011615753
0.07083278894424438
-0.2797792851924896
0.729361891746521
0.30066901445388794
0.3784286379814148
0.30041077733039856
0.02062687836587429
0.17786650359630585
0.027016162872314453
-0.28867608308792114
0.6016725301742554
0.30947694182395935
-0.30440229177474976
0.9558340311050415
0.06238241121172905
-0.28244835138320923
1.2497884035110474
0.24926075339317322
0.17406539618968964
0.35447120666503906
-0.732572078704834
1.2219107151031494
0.4156632423400879
-0.20135489106178284
0.40340614318847656
0.2765766978263855
0.5605546236038208
0.3199571669101715
0.41085395216941833
0.5497740507125854
0.18274755775928497
0.4852650761604309
0.08410082012414932
0.23909035325050354
0.5572970509529114
0.42697829008102417
-0.014512729831039906
0.980079174041748
-0.13098135590553284
0.06707058101892471
0.09272298961877823
0.5733327865600586
-0.04802703857421875
0.1045931801199913
0.48869532346725464
0.10509701073169708
-0.09717883914709091
0.703169047832489
0.09636545181274414
-0.1767197549343109
0.4413076341152191
0.5812579393386841
-0.492097944021225
0.11930914223194122
-1.0592927932739258
-4.97001314163208
-14.25841999053955
4.837162494659424
3.4772274494171143
-4.794236183166504
-2.2109577655792236
0.9781166315078735
-1.1226377487182617
-0.09397697448730469
0.579025387763977
-0.6866149306297302
0.43824300169944763
0.046683501452207565
-0.5634678602218628
0.275186151266098
0.12390585243701935
-0.17312097549438477
-0.3320292532444
0.5526006817817688
-0.5193107724189758
0.10866709053516388
0.3013065457344055
-0.48331356048583984
0.18734130263328552
0.33966389298439026
-0.7060200572013855
-0.0420343391597271
0.2337149679660797
-0.2422979325056076
0.17331409454345703
-0.2470438927412033
-0.5051056146621704
0.04861412197351456
-0.032803915441036224
-0.9195400476455688
1.1125777959823608
-0.889431357383728
0.12070541083812714
0.22301903367042542
-0.9430806040763855
-0.702765166759491
0.23752804100513458
-0.41777533292770386
-0.09842433780431747
-0.23573359847068787
1.2010762691497803
-0.018813323229551315
-1.0098296403884888
0.32094669342041016
1.467780351638794
-2.7091639041900635
-0.08610095828771591
0.4680059552192688
-0.04759101942181587
0.7425203323364258
0.20082759857177734
-0.7203912734985352
-0.33175164461135864
1.2590675354003906
-0.10843773186206818
-0.2814573347568512
0.4348989427089691
-0.1407173126935959
0.11776161193847656
-0.6714838147163391
-0.19344349205493927
1.2256227731704712
-0.3084593713283539
-0.2147979736328125
-0.06767158210277557
0.021220970898866653
0.04716186597943306
0.12955474853515625
0.35647696256637573
-0.06019935756921768
-0.25521737337112427
0.3425593376159668
-1.3458797931671143
0.8064695596694946
-1.9587295055389404
1.0978186130523682
0.39409294724464417
-1.1142686605453491
-0.22015877068042755
-0.13169917464256287
-0.4575207829475403
-0.2695290446281433
-0.3457043766975403
-0.24112777411937714
-0.4493313729763031
0.2878771722316742
-0.9613803029060364
0.5942107439041138
-0.23285722732543945
1.0390905141830444
0.44288206100463867
-1.1431890726089478
0.4957771897315979
0.7850204706192017
-2.1024105548858643
0.6728585958480835
-13.004842758178711
8.54990291595459
0.7391389608383179
-9.667595863342285
5.510634422302246
-1.676369309425354
-1.7166751623153687
2.8788745403289795
-0.847091019153595
-0.8773185610771179
1.2140228748321533
-0.9223706126213074
-0.1446949988603592
-0.10290975868701935
-0.7612885236740112
0.04656419903039932
-0.10709057003259659
-0.2351675033569336
-0.1042957752943039
-0.15683326125144958
0.005449485965073109
-0.10501952469348907
-0.20937547087669373
-0.047750137746334076
-0.2874225974082947
-0.1753411740064621
-0.2712151110172272
0.49160146713256836
0.5458413362503052
-1.086461067199707
-0.37195533514022827
0.8852096796035767
-0.32752734422683716
-0.19878071546554565
0.26629287004470825
-0.08053098618984222
0.5129684209823608
-0.3093436360359192
0.11772050708532333
1.2510892152786255
-0.08126690238714218
-0.31693345308303833
-0.07612216472625732
0.41679853200912476
-0.08730864524841309
0.2144101858139038
1.165926218032837
0.3790619373321533
-0.42400988936424255
1.0038810968399048
0.39947885274887085
-0.06018972396850586
0.7534304857254028
-0.04869646951556206
0.48452049493789673
0.5087355375289917
0.5853796005249023
0.3666779398918152
0.5277618169784546
-0.27479028701782227
0.9181386232376099
0.04330029338598251
-0.09915456920862198
0.4083530008792877
-0.08168516308069229
0.6750935912132263
0.2829160690307617
0.18092480301856995
0.19803228974342346
-0.2667957842350006
0.6655255556106567
0.8230575323104858
-0.2596713900566101
0.8661730885505676
0.4412918984889984
-0.6646459698677063
0.31091660261154175
1.1032123565673828
-0.1687406599521637
0.9077639579772949
-0.6640458703041077
0.31963109970092773
0.5963282585144043
-0.3160134255886078
0.41526880860328674
0.7752572298049927
0.21238374710083008
-0.20779581367969513
-0.19503307342529297
0.6624255180358887
0.041924476623535156
0.11073217540979385
0.25856390595436096
-0.1831556260585785
0.27797919511795044
-0.10711536556482315
-0.14569978415966034
0.5562623739242554
-1.6511993408203125
-3.8962645530700684
-18.045230865478516
7.005035400390625
9.728120803833008
-7.03769063949585
-7.291650295257568
4.820348739624023
-1.3761953115463257
-2.065852165222168
2.3562498092651367
-0.8612683415412903
-0.6571880578994751
1.2313650846481323
-0.7421563863754272
-0.16159439086914062
0.3080403208732605
-0.4519105851650238
-0.11335372924804688
0.6289230585098267
-0.16516084969043732
-0.1382739096879959
0.007406807038933039
-0.2028243988752365
-0.17496070265769958
-0.15508480370044708
-0.3009565472602844
0.05150241777300835
-0.018359947949647903
0.22704581916332245
0.07097768783569336
-0.5016239285469055
-0.19467096030712128
0.29379385709762573
-0.24110440909862518
-1.089821457862854
0.4290696978569031
0.09655122458934784
-0.14190101623535156
0.11662273108959198
-0.4112551808357239
0.6132532358169556
1.3532676696777344
-1.5214875936508179
-0.6295735239982605
0.9208580255508423
-1.0484832525253296
-0.21416111290454865
0.5891973376274109
0.19077777862548828
-1.2954926490783691
0.7008260488510132
-0.5737409591674805
-0.9542716145515442
1.3620258569717407
-0.43435898423194885
0.35895615816116333
0.883151650428772
-0.3191778063774109
0.7051965594291687
0.4158526360988617
-0.9192453622817993
-0.24499988555908203
0.5636078715324402
-0.5234912037849426
-0.320656955242157
0.3348049223423004
0.670192539691925
-0.25979775190353394
-0.12166233360767365
0.08416862785816193
-0.20590057969093323
0.6144153475761414
-0.7463729977607727
0.06022834777832031
0.30207863450050354
-0.02287731133401394
0.1282060593366623
-0.30859261751174927
0.46476078033447266
-1.215684175491333
-0.2590580880641937
0.356173038482666
-0.7921791076660156
1.3055856227874756
-1.4789528846740723
0.4486752450466156
-1.3804532289505005
-0.10582218319177628
-2.650871992111206
2.3448281288146973
-0.3081727921962738
0.698980450630188
-0.9278097152709961
-0.2212538719177246
-0.4528544545173645
0.060419272631406784
-1.0110857486724854
0.1629287749528885
0.19169270992279053
-1.974590539932251
-1.620396375656128
-10.203662872314453
5.152089595794678
6.52712869644165
-14.26842975616455
2.699481248855591
3.483915328979492
-4.75609827041626
2.068408966064453
1.6578171253204346
-2.3943681716918945
1.4593900442123413
0.1568557769060135
-1.3606359958648682
0.5266119837760925
-0.8692939877510071
-0.05024395138025284
-0.023330306634306908
-0.22524580359458923
-0.19816379249095917
-0.014756250195205212
0.22843369841575623
-0.18173035979270935
-0.1043582409620285
-0.7922515869140625
0.3636150360107422
0.22408470511436462
0.6401382088661194
-0.39976614713668823
-1.1863911151885986
1.146665334701538
0.4047318398952484
-1.0094449520111084
0.860273003578186
0.5842232704162598
-0.5150682330131531
0.3308711051940918
0.7297040224075317
-0.5841115117073059
0.44603729248046875
0.06678809225559235
0.21860671043395996
0.6527371406555176
-0.15469017624855042
0.2907089591026306
0.6247731447219849
-0.2670381963253021
0.32059410214424133
0.8163068890571594
-0.24710151553153992
0.2506287097930908
0.13254432380199432
0.06629776954650879
0.729434609413147
-0.1484566628932953
0.5699582099914551
0.3079766631126404
0.18866562843322754
0.4996742308139801
0.07473807036876678
0.3846277594566345
0.131683349609375
0.6355371475219727
0.513797402381897
0.19684286415576935
0.22478218376636505
0.5580958127975464
0.005557727999985218
0.5014331936836243
0.32998761534690857
-0.19940948486328125
0.8604291677474976
-0.1776827871799469
0.5974518060684204
0.40402737259864807
-0.06820669025182724
0.31946811079978943
0.4758315086364746
-0.008017539978027344
-0.19189271330833435
0.432664692401886
0.534126877784729
0.14343300461769104
0.09309806674718857
0.6432226896286011
0.3040720820426941
-0.017853355035185814
0.4076462686061859
0.22101326286792755
0.08951444923877716
0.881101131439209
0.05009403079748154
-0.06588363647460938
0.3465002179145813
-0.37103167176246643
0.08890648186206818
0.4242745339870453
0.30834895372390747
0.2447536438703537
-2.314330816268921
-4.2109808921813965
-18.82318115234375
5.440905570983887
10.216700553894043
-3.209223985671997
-11.551803588867188
5.694011211395264
-0.5157346725463867
-2.6021671295166016
2.7408883571624756
-0.4620780050754547
-0.8237888216972351
1.034903883934021
-0.45353513956069946
-0.255850613117218
0.17354469001293182
-0.19314375519752502
-0.13713693618774414
0.5531249046325684
-0.26906728744506836
-0.2228473722934723
0.09388599544763565
-0.38439416885375977
0.12158747017383575
-0.09657736122608185
-0.3225948214530945
-0.15978488326072693
-0.10620288550853729
-0.31313103437423706
0.37022972106933594
-0.30946558713912964
-0.20664596557617188
0.6229459643363953
-1.2302980422973633
1.0639982223510742
-0.46645814180374146
-1.3233964443206787
0.7008490562438965
-0.6208913922309875
-0.20079803466796875
0.7395130395889282
-0.41649341583251953
-0.2864101529121399
-1.0823086500167847
0.39470234513282776
0.7289251089096069
-1.2909759283065796
0.14536266028881073
1.1275831460952759
-2.451505184173584
-0.10000534355640411
0.44536417722702026
-1.7419331073760986
0.5030710101127625
0.7980057001113892
-0.5098301768302917
-0.5300905108451843
0.31384867429733276
-0.650992214679718
0.45993900299072266
-0.2516586184501648
-0.48457175493240356
1.0604935884475708
-1.10125732421875
-0.01608581468462944
-0.11755142360925674
-0.016579817980527878
0.10073242336511612
-1.0439436435699463
-0.15995875000953674
-1.1651382446289062
0.36227768659591675
-0.6408683657646179
0.22130851447582245
0.2807055413722992
0.3724246025085449
0.06837282329797745
-0.3723627030849457
-1.1130311489105225
0.7274706959724426
-0.10033788532018661
0.04983806610107422
0.6058831214904785
-1.4322501420974731
-0.1568675935268402
1.5155270099639893
-1.5285093784332275
0.11374320834875107
-0.2014320343732834
-1.0020519495010376
-0.026094436645507812
0.1261790245771408
-0.3307194709777832
0.4893369674682617
-0.17465782165527344
-1.0247799158096313
-1.2826699018478394
0.9002523422241211
0.312716007232666
-2.973376512527466
-0.0035844803787767887
-12.947515487670898
10.741145133972168
-2.0845682621002197
-8.687620162963867
5.688159942626953
-2.9011752605438232
-0.950173556804657
2.88385009765625
-1.2795242071151733
-0.9452945590019226
1.0452945232391357
-0.9451128840446472
-0.4493512213230133
0.023003721609711647
-1.2579643726348877
0.0900820717215538
-0.18261341750621796
-0.5307828187942505
0.02727198600769043
0.19226360321044922
-0.35583657026290894
-0.12391410022974014
-0.1956731379032135
0.11204161494970322
-0.08684206008911133
-0.12618780136108398
-0.3564428687095642
0.22306212782859802
0.39740943908691406
-0.44482430815696716
-0.0044876099564135075
-0.12068712711334229
0.7721261382102966
0.02401505783200264
-0.7538873553276062
-0.5141047835350037
0.6713471412658691
-0.7707831859588623
0.4732878804206848
0.9322985410690308
-0.6754306554794312
0.22244448959827423
0.6553534269332886
-0.2684535086154938
0.3115052580833435
0.26875928044319153
0.3742451071739197
0.2461167573928833
0.15865759551525116
0.4637434482574463
0.20180194079875946
0.21969911456108093
0.3574138581752777
-0.17000475525856018
0.3486652374267578
0.19095730781555176
0.658706545829773
0.6342496871948242
0.05495757982134819
0.2871474325656891
0.16535744071006775
0.21292157471179962
0.5905655026435852
0.44434863328933716
0.023047352209687233
0.5757550001144409
-0.0298035629093647
0.22994336485862732
0.629814624786377
0.5459572672843933
0.015467929653823376
0.5551711320877075
0.48923635482788086
0.12179098278284073
0.013676357455551624
0.7359758615493774
0.2092105895280838
0.036684323102235794
0.43085163831710815
0.31548625230789185
0.2971957325935364
0.29667234420776367
0.15014171600341797
0.05231313779950142
-0.16607752442359924
-0.19328728318214417
0.3867734968662262
0.013627720065414906
0.7330392003059387
0.33030691742897034
-0.08426809310913086
0.13785067200660706
0.5603343844413757
0.19881868362426758
0.18660926818847656
0.49114036560058594
-0.26176968216896057
0.035306643694639206
-1.8982536792755127
-3.985539674758911
-18.59307861328125
6.780474662780762
9.14720344543457
-1.8848683834075928
-12.845067977905273
6.286135196685791
-0.87132328748703
-3.2679214477539062
2.4204418659210205
-0.06908826529979706
-1.0584467649459839
1.4991837739944458
-0.38674432039260864
-0.508933424949646
0.519245982170105
-0.3864898085594177
-0.3313160836696625
0.55888432264328
-0.5256749391555786
0.3944171965122223
0.20540094375610352
-0.3350551724433899
0.13255968689918518
0.04456329345703125
0.2480728179216385
-0.7230076789855957
0.7366321682929993
-0.19798488914966583
-0.42182618379592896
0.3703785836696625
-0.5755577087402344
0.12700919806957245
0.5824629068374634
-1.1959251165390015
0.13941964507102966
-0.44153279066085815
0.3468484878540039
0.32102394104003906
0.4586593508720398
-0.9941503405570984
-0.7537710070610046
0.3276258409023285
0.4083227217197418
-0.5209237337112427
0.3203529417514801
-0.2734294831752777
-1.4628269672393799
-0.408011257648468
0.45123785734176636
-0.20010681450366974
0.6418946385383606
-0.868003249168396
-0.32443714141845703
0.41414278745651245
0.2295234650373459
-0.3815406858921051
1.0806459188461304
-1.795495629310608
0.4297109544277191
-0.6218522787094116
-1.0215933322906494
-0.9898861050605774
-0.4305540919303894
-0.658585250377655
-0.5701590776443481
-0.06911049038171768
-0.9565855264663696
1.6735293865203857
-0.940693199634552
0.192515566945076
-0.21571406722068787
-2.0569565296173096
0.28654107451438904
-0.8848185539245605
-0.22117137908935547
-0.9079911112785339
-0.2762964367866516
0.9443889856338501
-0.6333824992179871
0.6065704226493835
-0.7893816232681274
-0.9385133981704712
0.5226367712020874
-0.38435059785842896
0.5359333753585815
-0.5849040150642395
-0.2986028790473938
0.5941521525382996
0.06059093400835991
0.6103241443634033
0.2460276186466217
-0.6069590449333191
-0.9889869689941406
-0.32929667830467224
-0.9179773330688477
0.3768669068813324
-0.4482487738132477
-0.11484374850988388
0.19854183495044708
0.5415167808532715
-14.771931648254395
10.954103469848633
-2.7976531982421875
-8.184106826782227
5.420228004455566
-2.940622329711914
-0.8411943316459656
3.6728508472442627
-2.174828052520752
-0.29934024810791016
1.2109849452972412
-1.1572744846343994
0.051589298993349075
0.05304255336523056
-0.8210542798042297
0.08851871639490128
-0.19843845069408417
-0.36621659994125366
-0.005691814236342907
-0.13678021728992462
-0.00034356117248535156
-0.29087430238723755
-0.16338762640953064
-0.36712560057640076
-0.00414962787181139
-0.4350765347480774
-0.4672830104827881
0.6694495677947998
0.4036673903465271
-0.8605019450187683
-0.703204870223999
0.8821325302124023
-0.3791053295135498
0.1610686331987381
0.674667239189148
-0.5905321836471558
0.1245756596326828
0.6129587292671204
-0.5262452960014343
0.5321211218833923
0.5307113528251648
0.10377441346645355
-0.2224564552307129
0.5266796350479126
0.15646788477897644
0.7825793027877808
0.47407007217407227
0.4129093289375305
-0.057535506784915924
1.077214002609253
0.15319672226905823
-0.4176594316959381
0.5125476121902466
0.6509906053543091
0.14267678558826447
0.5040702223777771
-0.0817498192191124
0.7237491011619568
0.49538737535476685
-0.4578438401222229
0.8521768450737
0.4461708068847656
-0.5254163146018982
0.4042177200317383
0.08329610526561737
0.3691181242465973
0.39784735441207886
-0.13046713173389435
0.9815584421157837
0.4634936451911926
0.09557142108678818
0.6329789161682129
0.1533045768737793
0.011760711669921875
0.40300923585891724
0.45419225096702576
-0.0924457535147667
0.6358808279037476
0.0367220863699913
0.3097071647644043
0.04824771732091904
-0.01973876915872097
0.1454695761203766
0.6458500623703003
0.12305907905101776
0.2987191081047058
0.35572901368141174
-0.01671886444091797
-0.0921657532453537
0.9043912887573242
-0.02216796949505806
0.0200329776853323
-0.17968015372753143
0.3398945927619934
-0.033292483538389206
0.5418732762336731
0.4690728187561035
0.047556210309267044
-2.691676378250122
-3.891749858856201
-18.56829833984375
5.56300687789917
9.738913536071777
-3.9908447265625
-9.394158363342285
3.875977039337158
-0.2805589735507965
-2.2677409648895264
1.9113372564315796
-0.37790775299072266
-0.5751084089279175
1.520202398300171
-0.7734159231185913
0.2002226859331131
-0.22983789443969727
-0.16757087409496307
0.44474610686302185
-0.06808385998010635
-0.052007198333740234
-0.04588460922241211
0.01411428488790989
-0.06525011360645294
0.12365694344043732
-0.1668957769870758
0.5691931843757629
-0.39297524094581604
0.6923192143440247
-0.5181043744087219
0.4257199168205261
0.13846683502197266
-0.3134474754333496
0.3440512716770172
0.011081695556640625
0.13760586082935333
-0.282379150390625
-0.9226167798042297
1.0713422298431396
-0.059696100652217865
-0.5743556022644043
1.0409053564071655
0.4419969618320465
-0.8092696070671082
-0.663064181804657
0.726459801197052
-0.8328321576118469
0.04092578962445259
1.1074968576431274
0.1656969040632248
-1.3997881412506104
-0.9236356616020203
0.9229398965835571
-0.5695921778678894
0.17980384826660156
-0.08482418209314346
-1.2200777530670166
0.34509342908859253
0.608953595161438
-0.5175813436508179
1.0138342380523682
-1.867374062538147
0.2839174270629883
-0.6802306175231934
0.12970885634422302
-0.8104317784309387
-0.27877330780029297
-0.09840469062328339
-0.052602387964725494
-0.7856624722480774
0.9612714052200317
-1.5748602151870728
-0.9390094876289368
-0.8872932195663452
0.4694802165031433
-0.740423858165741
0.9801515340805054
-0.10014381259679794
-0.9947892427444458
0.36444491147994995
-0.44250020384788513
1.134049654006958
-1.2479771375656128
0.1279260665178299
-1.3878384828567505
0.9309948682785034
-0.03721141815185547
0.23271122574806213
-1.263310432434082
1.0109436511993408
-1.4802354574203491
-0.26170769333839417
-0.004951667971909046
1.0039018392562866
1.0155922174453735
-1.879052758216858
0.08227071911096573
-1.1966954469680786
0.1831226348876953
1.0446386337280273
-3.3797218799591064
0.7610004544258118
-13.620271682739258
10.488638877868652
-2.310609817504883
-8.241011619567871
5.2034173011779785
-2.6414763927459717
-1.1054823398590088
2.8901116847991943
-1.7396504878997803
-0.5405174493789673
1.4013042449951172
-1.4787201881408691
-0.4007229804992676
0.278571754693985
-0.7255231142044067
-0.05195464938879013
-0.299324095249176
-0.36297979950904846
-0.2713754177093506
-0.39116960763931274
-0.22836609184741974
-0.4968736171722412
0.2455805242061615
-0.5844777822494507
-0.2135694921016693
-0.2773860991001129
-0.18853192031383514
-0.09097494930028915
0.10300431400537491
0.1377204954624176
-0.020081305876374245
-0.01930074766278267
0.41920655965805054
0.520812451839447
-0.4919668734073639
-0.494493305683136
1.0973613262176514
-0.05979619175195694
0.06397593021392822
0.7338505983352661
0.029552403837442398
0.41197124123573303
0.2426774799823761
-0.060457028448581696
0.09963653981685638
0.4326593279838562
0.039871037006378174
0.8633832931518555
-0.7596637010574341
0.42658481001853943
0.6724761724472046
-0.3204106390476227
0.22771653532981873
0.2664845585823059
-0.10642065852880478
1.021336317062378
-0.1419430673122406
-0.03760166093707085
1.2470186948776245
-0.20483660697937012
0.09591436386108398
0.35880860686302185
0.05427355691790581
0.5855371356010437
-0.06995892524719238
0.8429135084152222
-0.37907201051712036
0.37270107865333557
0.6773716807365417
0.4522697329521179
0.4703361392021179
0.31464728713035583
-0.1995229721069336
0.1609138548374176
0.8379747271537781
0.3699789047241211
0.3502488136291504
0.2161722183227539
0.200775146484375
0.14241285622119904
0.30765122175216675
0.06245451048016548
0.7530814409255981
-0.15941953659057617
-0.06719179451465607
0.6764665842056274
0.23064450919628143
-0.085187628865242
-0.18137864768505096
-0.1924259215593338
0.4615233540534973
0.7178109288215637
-0.13382616639137268
0.7311974763870239
-0.5462424755096436
-0.09975786507129669
0.5264922380447388
0.2505592405796051
-3.143979549407959
-3.815791606903076
-15.27538776397705
2.8792190551757812
2.8475329875946045
-2.479567766189575
-2.9387717247009277
0.7019697427749634
-0.8118323087692261
-0.5808323621749878
0.620526134967804
-0.38671940565109253
0.03735208511352539
0.0461331382393837
-0.2860671877861023
0.35069093108177185
0.14143304526805878
0.14196357131004333
-0.3121090829372406
0.2469779998064041
-0.15116748213768005
0.27989014983177185
-0.16667088866233826
-0.0960303321480751
0.2813970446586609
0.11162805557250977
-0.41931286454200745
-0.04639282077550888
-0.1453503668308258
-0.30417966842651367
-0.10078553855419159
0.4662711024284363
-0.48850107192993164
0.3155638575553894
-0.7901603579521179
-0.590492844581604
-0.3897891938686371
0.6353424191474915
-1.269081473350525
-1.4811506271362305
0.7903968691825867
0.05459308624267578
-0.9345580339431763
0.452606201171875
0.5164076089859009
-1.8455169200897217
-0.7297525405883789
0.5705426335334778
-0.3685230314731598
-0.6017897725105286
0.028955841436982155
-0.08093967288732529
-0.04886198043823242
1.4794580936431885
-1.4827505350112915
-0.4960644841194153
0.8172858953475952
-0.05953264236450195
-0.7974494099617004
0.6308349370956421
0.04279632493853569
-0.6109039187431335
-0.29708394408226013
-0.3308328688144684
-0.24039974808692932
-1.0031752586364746
-0.979993999004364
-0.1885627806186676
-0.19157934188842773
-0.09201240539550781
0.0791311264038086
-0.5151117444038391
0.06063861772418022
0.5064226388931274
0.3510875701904297
1.627281904220581
0.014223289676010609
-0.2575831413269043
0.0018787384033203125
-0.37370187044143677
-0.8380861282348633
1.0962200164794922
-0.7962888479232788
0.7628259658813477
-0.37848100066185
0.20875701308250427
0.5089613199234009
0.269132137298584
0.8350870013237
-1.0133473873138428
-0.15846490859985352
-0.1273677796125412
0.39323854446411133
-0.32542961835861206
0.4658120572566986
1.0626959800720215
0.03559165075421333
-1.1756988763809204
-0.425593763589859
-0.968537449836731
0.0339723601937294
-0.47612738609313965
-12.318446159362793
10.540556907653809
-1.5937639474868774
-8.6687593460083
5.666455268859863
-2.304668426513672
-1.4403846263885498
2.5638489723205566
-0.9140663146972656
-0.973853588104248
0.976220428943634
-0.7901060581207275
-0.062483884394168854
0.1260092705488205
-0.7309867143630981
-0.6451386213302612
-0.19323721528053284
-0.36107316613197327
-0.33035582304000854
-0.19492216408252716
-0.4632149636745453
-0.05245556682348251
0.41967707872390747
-0.7438070178031921
-0.4084222912788391
-0.15801572799682617
-0.7424483299255371
0.5319850444793701
0.4172531068325043
-0.7226802706718445
-0.4048932194709778
0.5633649230003357
-0.7262110710144043
0.23553939163684845
0.5412294268608093
0.1424621343612671
0.47187119722366333
-0.4595147967338562
0.016608525067567825
1.3720934391021729
-0.4211881756782532
-0.4076140522956848
0.19884160161018372
0.2589150071144104
0.03108745813369751
0.8830235600471497
-0.008423924446105957
0.0878903865814209
0.23671504855155945
0.16264255344867706
0.4694064259529114
-0.37747034430503845
0.8699647188186646
-0.5137224197387695
0.2361951321363449
1.2209937572479248
-0.379467636346817
0.6247981786727905
0.5683385729789734
-0.7576082944869995
0.8873351216316223
-0.019371699541807175
0.2813546061515808
0.5658988356590271
-0.38621243834495544
0.6929896473884583
0.23454837501049042
0.05174598842859268
0.45156344771385193
-0.15043067932128906
0.4465259611606598
0.5374838709831238
0.20115947723388672
0.5307925343513489
-0.18773841857910156
0.2692674696445465
0.09889049828052521
0.21806803345680237
0.5068967938423157
0.2789672017097473
0.18077993392944336
0.4239868223667145
0.23212985694408417
0.03340606763958931
-0.033377550542354584
0.8814204931259155
-0.10973501205444336
0.293234646320343
0.35784730315208435
0.4239690899848938
0.501272976398468
-0.22177286446094513
0.07722654193639755
0.22529907524585724
-0.026644229888916016
0.6776019334793091
-0.26898327469825745
0.56048983335495
-1.447727084159851
-3.921452283859253
-18.03802490234375
7.322796821594238
9.262803077697754
-4.4230804443359375
-9.743204116821289
4.518989562988281
-0.0808507427573204
-2.369870662689209
2.0038254261016846
-0.20496968924999237
-0.9027576446533203
1.253217101097107
-0.5427472591400146
-0.1323443353176117
0.7152098417282104
-0.38943400979042053
-0.16231432557106018
0.5341737866401672
-0.405970960855484
0.2346177101135254
0.07203416526317596
-0.7451915740966797
-0.09760208427906036
0.05998735502362251
-0.2777280807495117
-0.007993889041244984
0.3463565707206726
-0.18163824081420898
-0.4244551658630371
0.2765643000602722
-0.08378038555383682
-0.24621029198169708
0.6009902954101562
-1.1651809215545654
0.1954893171787262
0.5302153825759888
-0.9669824838638306
0.5731142163276672
0.07737483829259872
0.5815414190292358
-0.6324807405471802
-0.3794233202934265
-0.4150034785270691
-0.4590509533882141
0.3816297650337219
-0.17017784714698792
0.18501034379005432
0.593426525592804
-1.536131739616394
-1.0669409036636353
1.5178864002227783
-0.3697696626186371
-1.0948448181152344
1.1749165058135986
-1.1792796850204468
1.0527652502059937
0.4255315661430359
-1.014838457107544
-0.23427601158618927
0.6096621751785278
-0.8465093374252319
-0.08500156551599503
-0.19324913620948792
-1.3576610088348389
1.0327064990997314
-2.1760222911834717
0.608653724193573
0.4293133616447449
-0.8559511303901672
0.2295217514038086
0.7800465822219849
-0.5223014950752258
-0.09610500186681747
-0.5948521494865417
-0.13343830406665802
-0.1890895813703537
-0.0289459228515625
-1.562004804611206
1.1937001943588257
0.008192253299057484
0.6129406094551086
-1.2471091747283936
0.2064654380083084
-0.007742595858871937
0.10730151832103729
-1.1315081119537354
-0.12289848178625107
-0.483483225107193
-0.41424664855003357
0.4171261787414551
-0.686226487159729
0.056404877454042435
0.027748871594667435
-0.6774484515190125
0.19130249321460724
-0.8044624328613281
-0.6533064842224121
-0.8437356948852539
0.27280235290527344
-0.15597596764564514
-13.404518127441406
9.750032424926758
-1.2612428665161133
-8.674741744995117
4.834799766540527
-1.340428113937378
-1.4501845836639404
2.4304358959198
-1.301397681236267
-0.17416390776634216
0.7601656913757324
-0.9555594325065613
-0.030181502923369408
0.1648634970188141
-1.0139375925064087
0.318751722574234
-0.26735883951187134
-0.08967208862304688
0.38592392206192017
-0.7002019882202148
0.14449754357337952
0.3343471586704254
-0.5049271583557129
0.17573866248130798
0.04161267355084419
-0.8503979444503784
0.25189146399497986
0.3433266580104828
-0.015410256572067738
-0.1513204127550125
-0.9212279319763184
0.269625186920166
0.7216984629631042
-0.38654637336730957
0.25253528356552124
0.41207942366600037
0.3047184348106384
-0.8967761993408203
0.715567409992218
0.8762325048446655
-0.3052542209625244
0.46349772810935974
0.21394696831703186
-0.3965061902999878
0.40099626779556274
0.4923366904258728
0.09388836473226547
0.6477059125900269
0.025022219866514206
0.47738146781921387
-0.09552550315856934
0.04801473766565323
0.5592083930969238
-0.0359528549015522
0.48858919739723206
-0.4114876687526703
0.4537622928619385
0.9889628291130066
-0.06095476076006889
0.11433787643909454
0.406705379486084
0.10817871242761612
0.7923811078071594
0.28114479780197144
0.13832779228687286
0.20042458176612854
0.45004501938819885
0.23111209273338318
0.09255532920360565
0.4342048764228821
-0.20870943367481232
0.8775399327278137
0.2322392463684082
0.05883512645959854
0.6364757418632507
-0.09786681830883026
0.20005980134010315
0.5245428085327148
-0.24536657333374023
0.13553324341773987
0.4797733426094055
0.6020992994308472
0.18983927369117737
0.12494192272424698
0.11786441504955292
-0.028218841180205345
0.27555131912231445
0.27330437302589417
0.27930861711502075
0.0221086498349905
0.18229761719703674
0.47887229919433594
0.21368876099586487
0.18560847640037537
0.09702901542186737
0.0940699577331543
0.16457509994506836
0.07175922393798828
-1.3043352365493774
-4.465785503387451
-18.158058166503906
7.248597145080566
9.32402229309082
-3.572740077972412
-11.398714065551758
6.747586250305176
-1.4563909769058228
-2.872415542602539
2.8398537635803223
-0.703676164150238
-0.9363336563110352
1.1748448610305786
-0.488081693649292
-0.13817806541919708
0.44396933913230896
-0.35061606764793396
0.0897953063249588
0.3939135670661926
-0.3150509297847748
-0.4678661823272705
0.5079363584518433
-0.035173606127500534
-0.2645167410373688
-0.11842489242553711
0.302884578704834
-0.20010356605052948
-0.24623127281665802
0.46501588821411133
0.48974570631980896
0.08878155052661896
-0.13693150877952576
0.3699495196342468
-0.8652961850166321
-0.40714454650878906
0.23310604691505432
-0.45505285263061523
-0.1264863908290863
0.782116711139679
0.01804828643798828
0.21761932969093323
0.7272699475288391
-1.047123908996582
-0.15483474731445312
-0.8941110372543335
0.6370267868041992
-1.1167285442352295
0.7413514852523804
1.0665874481201172
-1.469732403755188
-1.2837128639221191
1.5669314861297607
-0.9424436688423157
-0.164692685008049
0.1814800202846527
0.1599327027797699
-1.3155463933944702
0.6176050305366516
0.6750510334968567
-0.5806072950363159
-0.31223374605178833
-0.5752059817314148
-0.04524564743041992
-0.38505640625953674
-0.17990246415138245
0.9114547967910767
-0.5928306579589844
-1.1393840312957764
-0.7197748422622681
0.01837625540792942
-0.05824222415685654
-1.0270715951919556
-0.6608396768569946
0.897591233253479
0.31497591733932495
-0.3251523971557617
-0.5182828903198242
0.4766479432582855
0.3745521605014801
0.9132848978042603
-0.7628296613693237
-0.4979483485221863
0.30457228422164917
-0.4504356384277344
-0.8947076797485352
0.7438907623291016
-0.5494837760925293
0.5002679824829102
0.25010889768600464
1.3039913177490234
-1.0940206050872803
0.3407880663871765
0.2950761914253235
-0.3919416069984436
-0.5020954012870789
-0.7057709097862244
0.9060840606689453
-0.031038666144013405
-0.5904331207275391
-0.21895018219947815
1.740485429763794
-13.577825546264648
11.027493476867676
-2.0982775688171387
-8.88053035736084
5.320133686065674
-2.6863434314727783
-0.9921724200248718
2.576514482498169
-1.329927682876587
-0.476381778717041
0.8973008394241333
-0.801043689250946
-0.5530484318733215
0.3226262629032135
-1.0562963485717773
0.14883045852184296
-0.01573348045349121
-0.47618943452835083
-0.15898756682872772
-0.08373880386352539
-0.18493667244911194
-0.33485230803489685
0.2312242090702057
-0.306715726852417
-0.023040151223540306
-0.3082512319087982
-0.3571546971797943
0.10389194637537003
0.23730655014514923
-0.4687984585762024
0.05215263366699219
0.15501029789447784
-0.0918944850564003
1.158743143081665
-1.0405136346817017
-0.6603351831436157
0.49761492013931274
0.020363640040159225
0.35258254408836365
0.25336790084838867
-0.39501646161079407
0.22001788020133972
0.30940693616867065
0.2566373646259308
0.3946000635623932
0.3417963683605194
0.16896507143974304
0.5808321833610535
-0.2610913813114166
-0.45515602827072144
0.9326556324958801
-0.12727126479148865
0.3137975335121155
0.7832239270210266
0.13082733750343323
0.4537428319454193
-0.09405340999364853
0.24632826447486877
0.17006707191467285
0.21317429840564728
0.04352908208966255
0.011763954535126686
-0.07598848640918732
0.7919710278511047
0.5208603739738464
-0.154988095164299
-0.012480640783905983
-0.10854196548461914
0.166730597615242
0.19873209297657013
0.055837441235780716
0.2853371500968933
0.17012996971607208
-0.0896950215101242
0.23459692299365997
0.41555890440940857
0.08264122158288956
0.0615077018737793
0.2584887444972992
0.393650621175766
-0.7361556887626648
0.5336132049560547
0.8898279070854187
-0.601495623588562
0.7489150762557983
0.18045644462108612
-0.25880900025367737
0.6296269297599792
0.292088121175766
0.19899120926856995
0.5541821718215942
0.028452491387724876
0.09161405265331268
0.28340578079223633
0.182115837931633
-0.3691684603691101
0.7027281522750854
0.6467338800430298
-2.6358413696289062
-3.993140459060669
-18.62299156188965
6.032423973083496
9.592649459838867
-3.9087843894958496
-9.409863471984863
4.360311985015869
-0.19511041045188904
-2.341101884841919
1.8379402160644531
-0.19578762352466583
-0.6154276728630066
1.1314958333969116
-0.7488047480583191
0.10419197380542755
0.3366335928440094
-0.5997048616409302
0.388310045003891
0.07483367621898651
-0.03929157182574272
-0.3879302144050598
0.5378987193107605
-0.26182812452316284
0.1350170075893402
-0.1772196739912033
-0.37081223726272583
0.04135837405920029
0.036961935460567474
-0.0331479087471962
0.16101741790771484
0.06925468146800995
-0.08949613571166992
0.7644160389900208
-0.3686089515686035
-0.473026841878891
-0.1869318038225174
-1.773197889328003
0.9772676229476929
-0.04755439609289169
-0.693689227104187
0.5965808629989624
0.9363008737564087
-1.788000464439392
-0.36161699891090393
1.232147216796875
-1.2534722089767456
0.45235881209373474
0.37507057189941406
1.073767900466919
-1.5648778676986694
-0.4234620928764343
1.7450215816497803
-1.1731518507003784
0.3509501516819
0.7281772494316101
-0.2541985511779785
-0.9058963656425476
1.1225922107696533
-1.2643487453460693
0.32651805877685547
0.5249544382095337
-1.5370196104049683
0.11067771911621094
-0.15380144119262695
-0.6951377987861633
-0.7847954630851746
-0.8329221606254578
0.06270065158605576
-0.20001907646656036
-1.2424148321151733
0.3730808198451996
0.16014328598976135
-0.2688409686088562
-0.04477071762084961
0.9390487670898438
-0.7842855453491211
-0.41431331634521484
0.12499532848596573
-0.4339284896850586
-0.19657596945762634
-0.23678675293922424
-1.1755858659744263
-0.12856940925121307
-0.19010992348194122
0.03614025190472603
-0.21988114714622498
0.6691128611564636
-0.15871810913085938
-0.6809425354003906
-0.0950864776968956
-0.6172462701797485
-0.26187801361083984
-0.4751446843147278
-0.039545439183712006
-0.03348579257726669
-0.02711038663983345
0.44905194640159607
0.7843936085700989
-0.8852839469909668
-1.2127431631088257
-0.7481032013893127
-11.83570671081543
10.514033317565918
-1.8504793643951416
-8.477330207824707
5.165191173553467
-2.0537400245666504
-1.5670417547225952
3.146198034286499
-1.6460702419281006
-0.2558407783508301
1.1925373077392578
-1.070770025253296
-0.048047684133052826
0.4934050440788269
-0.5740575790405273
-0.2977842688560486
0.30422359704971313
-0.617378830909729
0.37913864850997925
-0.179436594247818
-0.2430686056613922
-0.24627915024757385
0.25523510575294495
-0.6429384350776672
0.4344710409641266
-0.4946165978908539
-0.4752581715583801
0.8086593747138977
0.5360420942306519
-1.0227200984954834
-0.6749210953712463
0.8479137420654297
0.28496187925338745
-0.0523439422249794
-0.007759117987006903
-0.051253724843263626
0.6130589246749878
-0.12861268222332
0.11831662803888321
1.4115910530090332
0.08219575881958008
-0.8435260057449341
0.4349696636199951
0.4579915404319763
-0.0004025161324534565
-0.043378472328186035
0.4701710641384125
0.5746946930885315
-0.09109075367450714
-0.1137184128165245
0.6725668907165527
0.05651049688458443
0.5143589973449707
-0.14720673859119415
0.2962784171104431
0.0648985356092453
0.08077492564916611
0.5843212008476257
0.7229896187782288
0.2699536681175232
0.5546566247940063
-0.2682434022426605
0.29572027921676636
0.2954086363315582
0.571255087852478
0.9379523396492004
-0.45567283034324646
0.09754419326782227
0.5387369990348816
0.5563963055610657
0.38087016344070435
0.06883983314037323
0.44541558623313904
0.9363572001457214
-0.17689485847949982
0.09207143634557724
-0.3417348861694336
0.22428636252880096
0.49736279249191284
0.3571922183036804
-0.19068212807178497
0.05597095564007759
0.5480819940567017
-0.1286913901567459
0.5679823756217957
-0.023861408233642578
0.6503704190254211
0.047672174870967865
-0.3179166913032532
0.16068419814109802
0.4513302743434906
-0.20750555396080017
0.26622143387794495
0.04410505294799805
-0.24638041853904724
0.45989829301834106
0.5645571947097778
-0.1336352378129959
-0.9012606739997864
-3.8706955909729004
-17.786453247070312
7.572666168212891
9.343133926391602
-3.661681652069092
-11.392505645751953
6.644346714019775
-1.4901202917099
-2.475179672241211
2.487208843231201
-0.5901281237602234
-0.8827366828918457
1.3394898176193237
-0.38295143842697144
-0.19505318999290466
0.990983784198761
-0.900124192237854
-0.11530351638793945
0.2882388234138489
-0.3329474925994873
-0.4971713125705719
0.34668511152267456
-0.2217751443386078
-0.28679102659225464
-0.19792786240577698
-0.3157181739807129
-0.36275920271873474
-0.11218128353357315
-0.18043270707130432
0.08365116268396378
0.3381885588169098
-1.1233075857162476
0.13782863318920135
-0.3298233151435852
0.07689571380615234
0.1115318313241005
-0.06767330318689346
-0.7677973508834839
0.635937511920929
0.288809597492218
-1.2348781824111938
-0.33482950925827026
0.15317077934741974
-1.333348274230957
-0.05551014095544815
0.11844635009765625
-0.6233507394790649
0.05667819827795029
0.5737136602401733
-1.2742087841033936
-0.5517743825912476
0.5540803670883179
-0.5183242559432983
-0.2826782166957855
-0.18435955047607422
-0.9274334907531738
-0.45021525025367737
-1.0682101249694824
-0.2434154450893402
-0.8926138877868652
0.21416473388671875
0.7826663255691528
0.27283287048339844
0.21904774010181427
0.05277691036462784
0.07005281746387482
0.39601898193359375
-1.0678043365478516
-0.31772977113723755
-0.5820670127868652
0.014956092461943626
0.8626735806465149
0.17667503654956818
-0.2975313067436218
-0.6974892616271973
0.10858497768640518
-1.3055808544158936
-0.7718759179115295
0.11289024353027344
-1.1616525650024414
0.9970569610595703
-0.9256515502929688
-0.6329954266548157
0.23651018738746643
-1.2913222312927246
-0.1297244131565094
-0.4166943430900574
0.6221963763237
-0.1439065933227539
0.06977758556604385
-0.46523934602737427
-0.7566140294075012
-2.114607334136963
0.3253030776977539
-0.7801698446273804
-0.2409389466047287
0.06866149604320526
0.311876118183136
-0.028629302978515625
-1.336510181427002
-1.1951123476028442
-12.310661315917969
10.486059188842773
-1.7827705144882202
-8.464643478393555
5.409416198730469
-2.9352893829345703
-1.0873329639434814
2.9853293895721436
-1.7136774063110352
-0.34456855058670044
1.1867717504501343
-0.9854242205619812
-0.21764564514160156
0.32094889879226685
-0.9147246479988098
-0.16384553909301758
-0.037282753735780716
-0.287689208984375
-0.04254207760095596
-0.013262462802231312
-0.7206848859786987
-0.06095714494585991
0.45695358514785767
-0.23940105736255646
-0.21444424986839294
0.2463172972202301
-1.0464019775390625
0.6260773539543152
0.6497913599014282
-1.280839204788208
-0.21541710197925568
0.7493250370025635
-0.3533112406730652
0.3351418972015381
0.14688125252723694
0.16999009251594543
0.10145200788974762
-0.16811847686767578
0.6838308572769165
0.7850300073623657
-0.20000891387462616
-0.25733113288879395
0.6642760038375854
-0.21098634600639343
0.07743861526250839
1.0986450910568237
-0.060379765927791595
0.39637044072151184
0.5662544369697571
-0.11631865799427032
0.8435865640640259
0.27188530564308167
0.6203072667121887
-0.24659419059753418
0.5630091428756714
0.5678784847259521
-0.33034855127334595
0.765809953212738
0.2810092866420746
-0.1613607406616211
0.9283912777900696
0.054479122161865234
0.41500765085220337
0.40368184447288513
0.33387264609336853
0.8581793904304504
0.07046222686767578
0.7047877311706543
0.15567970275878906
0.0071350098587572575
0.5367211103439331
0.2897520065307617
0.6981843709945679
0.5937849879264832
-0.2559959292411804
0.18932990729808807
0.2685381770133972
0.26544514298439026
0.2079610824584961
0.17205771803855896
0.4862523078918457
-0.09461946785449982
-0.20330075919628143
0.6202484369277954
0.5010346174240112
-0.3741455078125
0.7764663696289062
0.47172537446022034
-0.3451322615146637
-0.09921236336231232
0.3455409109592438
-0.1798872947692871
0.37255221605300903
-0.13082551956176758
0.43998947739601135
0.018725872039794922
-0.38620251417160034
0.2249419242143631
-0.8676166534423828
-4.2870683670043945
-18.083141326904297
5.947971343994141
10.49886703491211
-3.4541354179382324
-11.793103218078613
6.4026360511779785
-0.929343044757843
-2.9827404022216797
2.6715312004089355
-0.2561652660369873
-1.1449768543243408
0.7186770439147949
-0.32099372148513794
-0.21837472915649414
0.24823245406150818
-0.20440587401390076
-0.0415891632437706
0.6523579359054565
-0.34698230028152466
-0.16157445311546326
0.2772345542907715
-0.2574998736381531
-0.35421037673950195
0.1539512574672699
-0.2151431143283844
-0.10902033001184464
-0.09005451202392578
-0.4093661904335022
-0.5155819654464722
-0.08736219257116318
0.022969627752900124
-0.7363588213920593
-0.1596446931362152
-1.0280497074127197
0.6813376545906067
-1.2575805187225342
-0.47747641801834106
0.7349532842636108
0.3699287474155426
-0.6603742837905884
-0.4891067445278168
0.42119693756103516
0.23913879692554474
-0.24774542450904846
1.8767387866973877
0.005694770719856024
-0.992414116859436
0.4836004376411438
0.3380775451660156
0.06064949184656143
-1.0112721920013428
0.9466081857681274
-0.9569576978683472
0.10261039435863495
0.6233725547790527
-0.538265585899353
-0.1942124366760254
0.343984991312027
-1.6052742004394531
0.6703687906265259
0.23025330901145935
0.11032924801111221
0.3930644094944
-0.8486635088920593
-0.3437480926513672
-0.4812912046909332
-0.41695746779441833
1.3017280101776123
-0.6547318696975708
-0.6326677203178406
0.4274742007255554
-0.5029815435409546
0.39572200179100037
0.14320774376392365
-0.5448232889175415
1.6608107089996338
-0.21590594947338104
-0.25648927688598633
-0.2374652922153473
-0.9867215156555176
0.6560562252998352
0.008998965844511986
0.22048015892505646
0.12883873283863068
-0.7608944773674011
-0.38969793915748596
0.02474393881857395
-1.2386724948883057
-0.14117678999900818
0.30085593461990356
-0.1429339349269867
-0.8103706240653992
-1.2930988073349
0.4991687834262848
0.14091110229492188
0.5668894648551941
-0.1351408064365387
0.4623604714870453
-1.6990883350372314
0.320648729801178
-10.953210830688477
5.842514514923096
0.7001215219497681
-6.978848934173584
2.9852774143218994
-1.7156105041503906
-1.1613322496414185
2.126722812652588
-0.892754852771759
-0.6578438878059387
0.5754400491714478
-0.3943869471549988
-0.41693535447120667
-0.22988834977149963
-0.20105409622192383
-0.2017131745815277
-0.15283723175525665
-0.46706563234329224
-0.3502405285835266
-0.16814842820167542
-0.2311197817325592
0.20414748787879944
-0.6331669688224792
-0.7254035472869873
-0.43734946846961975
1.246984839439392
0.11183695495128632
-0.21460910141468048
-0.7004626393318176
0.44957008957862854
0.43674254417419434
-0.1697300374507904
0.10939965397119522
0.6183651089668274
-0.5936466455459595
0.30404624342918396
0.48477450013160706
-0.3498339056968689
1.1550003290176392
-0.23494558036327362
-1.0361602306365967
0.8985077142715454
0.03994983434677124
-0.06632008403539658
1.2853196859359741
-0.04254446178674698
-0.386811226606369
0.30076301097869873
0.6705347299575806
-0.4693012833595276
0.31680458784103394
0.7675356864929199
0.24697139859199524
-0.1213296428322792
0.5987492799758911
0.3895580768585205
0.27977102994918823
0.12837830185890198
-0.0560302734375
0.05473146587610245
0.11800537258386612
0.391480028629303
0.23756933212280273
0.7255827188491821
0.16003437340259552
0.12095928192138672
0.6813980340957642
0.19580097496509552
0.7594764828681946
-0.5409015417098999
0.5177100300788879
0.5167721509933472
-0.5338234901428223
0.6895138621330261
0.7070382237434387
-0.299281507730484
0.3307400643825531
0.12940330803394318
0.1261425018310547
0.13193626701831818
0.020438004285097122
0.44871407747268677
-0.05667076259851456
0.6008261442184448
0.0016180991660803556
0.06208210065960884
0.19123773276805878
0.1522751748561859
0.45189276337623596
0.1655062735080719
0.05210075527429581
0.14161768555641174
0.05717334896326065
0.06376676261425018
0.28834113478660583
0.15947332978248596
-0.19825688004493713
0.6824016571044922
-2.3143868446350098
-3.795396327972412
-18.277587890625
7.131660461425781
9.040018081665039
-4.371175289154053
-9.41777515411377
3.9900946617126465
0.07302799075841904
-2.2943215370178223
1.7841686010360718
-0.27820175886154175
-1.070037841796875
1.2367290258407593
-0.22733497619628906
-0.0716773048043251
0.3975977897644043
-0.2580536901950836
0.122209832072258
0.11041907966136932
0.020796965807676315
-0.10219259560108185
-0.2134753167629242
0.07626714557409286
-0.08747740089893341
0.0849694237112999
-0.16494932770729065
0.4695920944213867
0.026061534881591797
0.0804116278886795
0.3456154763698578
-0.30427131056785583
0.23506727814674377
0.09631061553955078
-0.09077911078929901
-1.4011461734771729
0.14283713698387146
-0.0734594315290451
-0.6795686483383179
1.0008604526519775
0.09743709862232208
-0.3397582173347473
-0.6748377680778503
0.36337384581565857
-0.9825800061225891
0.2537633776664734
-0.9743080139160156
-0.7717145681381226
0.73175448179245
0.13121700286865234
-1.6824630498886108
-0.23761959373950958
0.7856557965278625
-0.6268872022628784
0.2537870407104492
0.4418605864048004
-0.9507349729537964
0.5949960947036743
-0.4472412168979645
-1.1167888641357422
0.7093511819839478
0.5879720449447632
-0.6419656872749329
0.1928737610578537
0.5554184913635254
-0.9179084897041321
1.3327833414077759
-2.0615694522857666
0.8237842321395874
-0.13601168990135193
-0.9289247393608093
0.2015056610107422
-0.3782413601875305
0.3172130584716797
0.018836021423339844
0.03908386081457138
-0.565204918384552
-0.24710407853126526
-0.8391644358634949
0.241322323679924
-0.2448280304670334
-1.0508531332015991
-0.8359099626541138
0.26449260115623474
-0.4074026048183441
-0.127506822347641
-0.7875726819038391
-0.34501567482948303
-0.48501530289649963
-0.3347843289375305
0.00871133804321289
-1.4742692708969116
1.462570309638977
0.2768288552761078
0.15142583847045898
0.25667858123779297
0.9717885851860046
-0.779459536075592
0.6956698298454285
0.29706835746765137
-0.22934989631175995
-1.5795567035675049
-11.006521224975586
9.939382553100586
-2.9097747802734375
-7.631131172180176
6.281942844390869
-3.613900661468506
-1.1390472650527954
3.3861992359161377
-2.105233669281006
-0.06795511394739151
1.1322460174560547
-0.9444898366928101
0.42947158217430115
0.20463600754737854
-1.17339289188385
0.13067516684532166
-0.06720571219921112
-1.003456473350525
0.3917061686515808
0.40709084272384644
-0.7830879092216492
0.3983624577522278
-0.03919415548443794
-0.4417390823364258
-0.15294785797595978
0.27671900391578674
-0.33261212706565857
0.17844443023204803
0.010407638736069202
-0.598240077495575
-0.25497007369995117
0.686485230922699
-0.7901167869567871
0.2658703923225403
0.3017217516899109
-0.09146706759929657
0.11308147758245468
0.2176356315612793
0.06945957243442535
0.22536878287792206
0.33805277943611145
0.5601629018783569
0.4886060357093811
-0.18236343562602997
0.16463033854961395
0.46591243147850037
-0.0946141704916954
0.0563533790409565
0.681654155254364
0.3478737771511078
0.6198375225067139
-0.43413209915161133
0.3994447588920593
0.42924538254737854
-0.28987783193588257
0.4271136224269867
0.06234264373779297
0.5414664149284363
1.039071798324585
-0.5073303580284119
0.6111454367637634
0.40134015679359436
-0.40276771783828735
1.292440414428711
-0.2499656230211258
0.5661888122558594
0.5359461903572083
-0.3730487823486328
0.7192816734313965
0.27769821882247925
0.35887011885643005
-0.027916718274354935
0.5920054316520691
0.0817781463265419
0.08894424140453339
0.9756284952163696
-0.04873962327837944
0.6222885847091675
0.4362195134162903
-0.07399816811084747
0.8661735653877258
0.028832245618104935
0.13823994994163513
-0.10963811725378036
0.40049535036087036
0.3089374601840973
0.024064064025878906
0.4610949456691742
-0.09440088272094727
0.35778912901878357
-0.261197954416275
0.3801793158054352
0.15275545418262482
0.03477125242352486
-0.06333589553833008
0.3030446171760559
0.1472945213317871
-0.2310630828142166
-2.490154981613159
-3.831406354904175
-19.198238372802734
5.456847190856934
9.542085647583008
-3.776087999343872
-9.166872024536133
3.4461605548858643
-0.22209104895591736
-2.15513277053833
1.5301915407180786
-0.21172456443309784
-1.2101149559020996
1.4000310897827148
-0.8240216374397278
-0.49100399017333984
0.4403684735298157
-0.6564955711364746
0.13037614524364471
0.15639591217041016
-0.34903115034103394
-0.005233573727309704
0.20054921507835388
0.016099071130156517
0.0022513389121741056
-0.4189380705356598
0.031227778643369675
-0.02003622055053711
-0.6101493835449219
0.296640008687973
0.5473299026489258
-0.07884693145751953
-0.7797500491142273
0.2810686230659485
-0.2820947766304016
-0.059073638170957565
-0.7343395352363586
-0.6189001202583313
0.4597497880458832
0.13606032729148865
-0.6297367215156555
2.1228015422821045
-0.0452091209590435
-1.9334917068481445
0.33665066957473755
-0.1217014342546463
0.13223667442798615
-0.14418086409568787
-0.3468818664550781
0.2329847365617752
-0.6117496490478516
0.06710205227136612
-0.16993102431297302
-0.8980790376663208
0.615666389465332
-0.14406833052635193
-1.0108567476272583
0.7259982824325562
0.012600326910614967
-0.38557785749435425
-0.26320552825927734
-0.2177869826555252
-0.5450439453125
-0.04778747633099556
-1.5201213359832764
0.7484359741210938
-0.5659526586532593
0.40932005643844604
-0.9423085451126099
0.07875728607177734
-0.1351902037858963
0.5336170196533203
-0.18523597717285156
-0.4678041338920593
-0.2721223831176758
-0.3407150208950043
0.07399511337280273
0.23113489151000977
-1.5122003555297852
0.5738245248794556
-1.228015422821045
-0.06443528831005096
-1.5136690139770508
-0.6815856695175171
1.203917384147644
-1.6967843770980835
0.38356512784957886
-0.2423427551984787
0.29339438676834106
0.7832511067390442
0.28524503111839294
-0.09986267238855362
-0.26948127150535583
0.3081333637237549
-0.42950424551963806
-0.6901739239692688
-1.5136120319366455
-0.40950265526771545
0.7884919047355652
-2.178502321243286
-0.39812174439430237
1.4441043138504028
-13.186670303344727
10.977185249328613
-2.122692823410034
-8.503399848937988
5.356052398681641
-2.699810743331909
-0.723453164100647
2.705618381500244
-1.345362901687622
-0.18799886107444763
0.8380914926528931
-1.0851459503173828
0.11767854541540146
-0.31014418601989746
-0.3833668828010559
0.10709323734045029
-1.016998052597046
0.21191033720970154
-0.2884138524532318
-0.16805358231067657
-0.1405278742313385
-0.3280377984046936
0.1154107078909874
-0.1575545370578766
0.07279901206493378
0.004249286837875843
-0.7365824580192566
0.21311140060424805
0.7475754022598267
-0.8728448748588562
0.2542189657688141
0.16931676864624023
0.25079432129859924
0.6929011344909668
-0.7919471859931946
-0.664284884929657
1.031018614768982
-0.15964552760124207
0.1372508555650711
0.4528188109397888
0.3016389012336731
0.2642715275287628
-0.21779413521289825
0.17167448997497559
0.22607223689556122
0.18397799134254456
0.27228206396102905
0.4785332679748535
-0.5549607276916504
0.26048219203948975
0.7334237098693848
-0.035088442265987396
0.19225633144378662
0.14950890839099884
-0.3500428795814514
1.3915077447891235
0.5709426403045654
0.015630340203642845
0.27492713928222656
0.27161526679992676
-0.12216620147228241
0.2559102177619934
0.3962356150150299
0.2121361792087555
0.10636071860790253
0.24818411469459534
0.5579322576522827
0.32880401611328125
-0.27203235030174255
0.6430267095565796
0.7020152807235718
0.019727325066924095
0.5243434906005859
0.2498411238193512
-0.10527229309082031
0.2134242057800293
0.3791767954826355
0.3988170623779297
0.2821725904941559
-0.06704692542552948
0.46278372406959534
0.3179049491882324
-0.4271591305732727
0.12754392623901367
0.5277808904647827
0.2288132607936859
0.44101008772850037
0.5332640409469604
0.1705847680568695
-0.11349248886108398
0.5433549880981445
0.45931100845336914
0.05539283901453018
-0.1815418303012848
0.5503818392753601
0.1607091873884201
0.15682220458984375
0.10877523571252823
-1.6247020959854126
-3.697415828704834
-18.355743408203125
6.196105003356934
10.013991355895996
-3.1999573707580566
-11.263761520385742
6.1353654861450195
-1.131513237953186
-2.4764962196350098
2.4810986518859863
-0.6605504751205444
-0.8418682813644409
1.5123016834259033
-0.44868606328964233
-0.25494813919067383
0.30410927534103394
-0.2809566557407379
-0.10759945213794708
-0.3698854446411133
-0.22052574157714844
0.25672778487205505
-0.2062530517578125
0.2427852600812912
-0.44929665327072144
0.35920220613479614
0.11218766868114471
0.09103183448314667
-0.09003200381994247
-0.1223265677690506
0.30914974212646484
0.008657550439238548
-0.3886798918247223
0.24542789161205292
-0.0642574280500412
-0.7736212611198425
0.3191116452217102
0.06382999569177628
-0.7542579770088196
1.153028130531311
-0.592165470123291
-1.1606031656265259
0.8108911514282227
-0.5319352149963379
0.08107127994298935
0.6978864669799805
0.1523379385471344
0.021172523498535156
0.9577086567878723
1.203065276145935
-1.5774800777435303
-0.480324923992157
0.8806709051132202
-0.45132341980934143
-0.8367959856987
0.8439834713935852
-0.6701577305793762
-0.43415242433547974
0.33508625626564026
0.007818793877959251
-0.27886390686035156
-0.7792233228683472
-0.06008730083703995
0.2734823226928711
-0.8845475316047668
0.527304470539093
-0.10363034904003143
-0.7340573072433472
0.6375395059585571
0.5752648115158081
-0.331913560628891
-1.1691571474075317
-0.1573261320590973
-0.389460951089859
-0.5768117904663086
0.2606733441352844
-0.6175373196601868
-0.7177125811576843
0.7567999958992004
0.14509133994579315
0.024227332323789597
0.5274197459220886
-0.7648452520370483
-0.4271833300590515
0.09500522911548615
-1.6440547704696655
-0.7140566110610962
-0.2996629774570465
-1.5326039791107178
-0.04769124835729599
0.273773193359375
-0.4906272888183594
-0.12323246151208878
-1.6668800115585327
0.6353389620780945
-2.304062604904175
0.07468061149120331
0.45715004205703735
0.18717236816883087
0.755821704864502
-1.652095079421997
-1.5805881023406982
-11.783246994018555
11.232040405273438
-4.7292046546936035
-7.041001319885254
4.934460163116455
-3.0537269115448
-0.14015083014965057
2.7038776874542236
-1.6480627059936523
0.026737118139863014
0.504279613494873
-0.5631467700004578
0.16542978584766388
-0.4506779611110687
-0.2288719117641449
0.10475616157054901
-0.43738269805908203
-0.4239773154258728
-0.07619480788707733
-0.20336827635765076
-0.1825445145368576
0.1875992715358734
-0.03427004814147949
-0.6232458353042603
0.005898141767829657
-0.25003495812416077
-0.5561696290969849
0.46536785364151
0.2678796052932739
-0.41093721985816956
0.01489038486033678
0.25883007049560547
-0.04554321616888046
0.5108761787414551
-0.43664246797561646
-0.6024907231330872
1.1851054430007935
-0.2820872366428375
0.3929589092731476
0.832147479057312
0.003525990294292569
-0.2993185818195343
0.3235264718532562
0.17974840104579926
0.06765814125537872
0.4474288821220398
0.42962130904197693
0.34238171577453613
-0.2967512309551239
0.6299369931221008
0.27653563022613525
-0.3647159934043884
0.49014440178871155
0.9404025077819824
0.47313016653060913
0.5313249826431274
0.5480584502220154
0.7641836404800415
0.6925759315490723
-0.9767098426818848
0.0522424690425396
0.6611106991767883
-0.105329230427742
0.49864473938941956
0.18005713820457458
0.02583007887005806
0.3839097023010254
0.37586134672164917
0.4372785687446594
-0.12260198593139648
0.8681392669677734
0.24409666657447815
0.45608100295066833
-0.1974606066942215
0.9571983218193054
-0.2987435460090637
-0.03682250902056694
0.9562724828720093
0.3113881051540375
0.031893063336610794
1.0369834899902344
-0.14341039955615997
0.10312128067016602
0.19171199202537537
0.39441928267478943
-0.04553937911987305
0.23434504866600037
0.5417174100875854
0.11655636131763458
0.6252058744430542
-0.07586669921875
-0.16724586486816406
0.4443117082118988
-0.34263715147972107
0.17583036422729492
0.44609880447387695
0.15866823494434357
0.07842664420604706
-1.7959750890731812
-4.119292259216309
-19.704708099365234
6.139785289764404
11.264054298400879
-4.3277130126953125
-12.298954963684082
7.09528112411499
-1.2563507556915283
-2.9012670516967773
2.851870536804199
-0.45285606384277344
-0.9321922063827515
1.6265569925308228
-0.7155224680900574
-0.1844605952501297
0.2161295861005783
-0.20508679747581482
0.01510543841868639
-0.5747798681259155
0.03403978422284126
0.003247928572818637
0.1652667075395584
-0.5430050492286682
0.10674657672643661
-0.01532745361328125
-0.3080315589904785
0.34892645478248596
-0.620603084564209
-0.002369785215705633
-0.9832104444503784
0.24183769524097443
-0.10829506069421768
0.09149990230798721
-0.7250273823738098
0.07380113750696182
0.4369930326938629
-1.551387071609497
0.16158942878246307
1.0287349224090576
-0.7346066236495972
-0.9955671429634094
-0.1154058426618576
0.12287883460521698
-1.0442272424697876
-0.5634405016899109
-0.2586892247200012
0.2554156184196472
0.5223485827445984
0.22973518073558807
0.06853675842285156
-1.9063265323638916
1.6124885082244873
-1.1095387935638428
-0.4104068875312805
-0.6749503016471863
-0.7049852609634399
0.5255802273750305
-0.08621921390295029
0.7390111684799194
-1.0306719541549683
0.2947317063808441
-0.7484410405158997
0.386007696390152
0.7286443710327148
-1.5849554538726807
0.5081793665885925
-0.8997642397880554
0.32262468338012695
-0.443259060382843
0.41538286209106445
0.24335375428199768
-1.0122089385986328
0.4013700485229492
-0.33138495683670044
0.42181968688964844
0.24850329756736755
-1.016372799873352
0.47570857405662537
-0.5311986804008484
-0.3773503303527832
-0.6866819262504578
0.5614655613899231
-0.8849855661392212
0.8102231025695801
-0.816731333732605
1.0565115213394165
-0.53448086977005
-1.0032578706741333
-0.38547953963279724
0.5529449582099915
0.4981350898742676
-1.6884558200836182
-0.4417348802089691
0.6305106282234192
0.6815906763076782
-0.26158785820007324
-0.014268875122070312
-1.3506176471710205
-0.35783833265304565
-0.5072057843208313
-1.0440866947174072
-12.721587181091309
10.100912094116211
-1.6832025051116943
-8.766989707946777
5.396740436553955
-2.5424201488494873
-1.3529220819473267
2.8016016483306885
-1.2836109399795532
-0.5940614938735962
0.8222219347953796
-1.4155733585357666
-0.13069716095924377
0.025361966341733932
-0.9386741518974304
-0.18644066154956818
-0.5571238398551941
-0.41862502694129944
-0.07353129237890244
-0.40945205092430115
-0.4552549719810486
-0.13646849989891052
0.1739354133605957
-0.510342538356781
-0.21121831238269806
-0.15168070793151855
-0.9123727679252625
0.33084040880203247
0.10525894165039062
-0.8290214538574219
0.27239102125167847
0.16942527890205383
0.4562540650367737
0.685621976852417
-1.0316637754440308
-0.4368991255760193
0.898842990398407
-0.5677962303161621
0.35204169154167175
1.0974727869033813
-0.5715662837028503
0.18514084815979004
0.4292779862880707
-0.489521324634552
0.5146254897117615
0.6722531914710999
0.10387839376926422
0.8053914904594421
-0.4585980772972107
-0.19213227927684784
1.1037013530731201
-0.02335941791534424
0.6883991360664368
-0.1423124372959137
-0.21903443336486816
0.8074030876159668
0.588400661945343
-0.10241679847240448
0.2449902594089508
0.6478970646858215
0.038640689104795456
0.27615928649902344
0.4377238154411316
-0.42541390657424927
0.80450439453125
0.7674296498298645
-0.3604676127433777
1.4987025260925293
-0.28022241592407227
-0.679538905620575
0.9406983256340027
0.15938806533813477
0.22888469696044922
-0.210765078663826
0.6565744280815125
0.4099102020263672
-0.2555028796195984
0.21226397156715393
0.44322243332862854
0.6422548294067383
0.3095731735229492
0.42960041761398315
-0.17751017212867737
0.12326230853796005
0.6207510828971863
-0.034816838800907135
0.2698078155517578
0.2774392068386078
0.28529471158981323
0.23173275589942932
0.833107590675354
-0.7349002957344055
1.1467819213867188
0.16593579947948456
-0.2505354881286621
0.264443576335907
-0.1058749184012413
0.29529428482055664
-0.405870258808136
-4.056911945343018
-18.453380584716797
7.563335418701172
8.98444938659668
-3.002683162689209
-11.649773597717285
6.444937229156494
-1.3814321756362915
-2.6125264167785645
2.5102267265319824
-0.3537704050540924
-0.9886525869369507
1.5646779537200928
-1.0656960010528564
0.28188371658325195
0.2056516706943512
-0.5508190393447876
-0.04124574735760689
0.1511787474155426
-0.1988324224948883
-0.24809961020946503
0.6744382977485657
-0.18105697631835938
-0.1821468323469162
-0.1118779182434082
-0.10206489264965057
0.10647659003734589
-0.2717035412788391
-0.08322687447071075
-0.18121853470802307
0.011723995208740234
-0.0566064827144146
0.7565892934799194
-1.0875980854034424
-0.3693092465400696
0.5685443878173828
-0.3373800218105316
0.1671408712863922
1.0305194854736328
0.09087753295898438
-0.6146280169487
-0.3493820130825043
0.12684878706932068
-0.7418572306632996
-0.9473589658737183
0.8938094973564148
-1.0621559619903564
0.0833892822265625
1.362287163734436
-0.46460646390914917
-0.45643168687820435
0.058025360107421875
0.19351358711719513
-0.13638858497142792
0.899821937084198
0.4077644348144531
-1.085190773010254
0.4045352041721344
-0.6773595809936523
0.013713836669921875
-0.4987522065639496
0.016360092908143997
-0.5337880849838257
0.7040932774543762
0.356344610452652
0.7670081853866577
-2.096447706222534
0.35801830887794495
0.31644678115844727
-0.49140530824661255
-1.57692551612854
0.9038499593734741
-1.0091166496276855
0.9103171229362488
-1.3840157985687256
0.5604926943778992
-0.47878018021583557
-0.11141548305749893
-0.7271373867988586
-0.3370094299316406
-0.13540716469287872
0.475241094827652
0.2557066082954407
-0.03070049360394478
0.0032669068314135075
-0.6126397252082825
-0.23125609755516052
0.37030497193336487
0.008501911535859108
-0.7649121880531311
0.48080700635910034
-0.737648606300354
-0.02626943588256836
0.24180345237255096
-0.056307602673769
0.3624201714992523
-0.7691945433616638
-0.6171702146530151
-0.7946014404296875
-0.3086906373500824
1.0574201345443726
-13.751642227172852
9.600098609924316
-1.5216835737228394
-8.530744552612305
4.658673286437988
-2.16767954826355
-1.5768916606903076
2.737934112548828
-1.66313898563385
-0.31519049406051636
0.5785220861434937
-0.8608182668685913
-0.2002239227294922
0.2420562207698822
-0.9316114187240601
0.025918006896972656
-0.17659807205200195
-0.7226399779319763
0.03113269805908203
-0.6630880832672119
0.12718696892261505
-0.3576027452945709
-0.22531723976135254
-0.013129711151123047
-0.27075323462486267
-0.47906509041786194
-0.19188299775123596
0.770104706287384
0.24440915882587433
-0.36503034830093384
-0.8397027254104614
0.7497684955596924
-0.20737449824810028
-0.18579772114753723
0.3103119730949402
-0.16721899807453156
0.724156379699707
-0.5304707288742065
0.3141786456108093
1.487212896347046
-0.5316632986068726
-0.18726471066474915
0.01450870931148529
0.08134482055902481
0.10795438289642334
0.4194306433200836
0.36955294013023376
0.23916104435920715
-0.26418033242225647
0.5372557044029236
0.6786198019981384
-0.4994310438632965
0.27167731523513794
0.025365257635712624
1.2171087265014648
0.5427777767181396
-0.1569940149784088
0.27748003602027893
0.7546242475509644
-0.281829833984375
0.5636805295944214
-0.18519282341003418
0.24574871361255646
0.8827473521232605
0.04908895492553711
0.3767986297607422
-0.1393139809370041
0.343723863363266
0.7052172422409058
-0.26988402009010315
0.5761327743530273
0.5694423913955688
0.3984799385070801
-0.14418621361255646
0.14705438911914825
0.2556171417236328
0.11154117435216904
0.28118830919265747
0.4850153923034668
0.37447699904441833
0.364360511302948
0.5263465046882629
-0.012906360439956188
0.27283191680908203
-0.27341270446777344
0.012056159786880016
0.4387703835964203
0.39152345061302185
0.21611404418945312
-0.211493581533432
-0.10887517780065536
0.49396467208862305
-0.206004336476326
0.07509031146764755
0.24496221542358398
0.291290283203125
-0.47886520624160767
0.7701807022094727
-1.2923330068588257
-4.404606819152832
-17.958951950073242
6.203506946563721
10.361457824707031
-7.021540641784668
-7.326479911804199
5.298949718475342
-2.1083004474639893
-1.6366856098175049
2.7194037437438965
-1.2978214025497437
-0.39793819189071655
1.4966785907745361
-0.7267792224884033
-0.15709944069385529
0.22528886795043945
-0.15273627638816833
0.23179034888744354
0.1251688003540039
-0.1250714361667633
-0.29611483216285706
0.11726150661706924
0.2789071202278137
0.21808890998363495
-0.41078099608421326
0.05945120006799698
-0.26203975081443787
0.6339339017868042
-0.13900843262672424
0.7981424331665039
-0.2319987267255783
-0.13144007325172424
0.7529394030570984
-0.2678568959236145
0.40071526169776917
-0.8015822172164917
-1.0444458723068237
1.259482979774475
-0.5545943379402161
0.6633098721504211
0.5678747296333313
-0.38414135575294495
-1.1247681379318237
0.951449990272522
-0.7252423167228699
-0.40752142667770386
0.344282329082489
0.35772305727005005
-0.47526130080223083
1.1583855152130127
0.7484142184257507
-2.915853500366211
0.2120801955461502
0.8510971069335938
-0.14677754044532776
1.12080979347229
-0.5044641494750977
-0.2602197527885437
0.5023765563964844
0.38337382674217224
-0.11746768653392792
0.47768402099609375
-0.004590034484863281
0.3590158522129059
-0.9197705984115601
0.2150125503540039
-0.7938319444656372
0.5346988439559937
0.9736839532852173
0.9014368057250977
-0.07761211693286896
0.2579197883605957
-0.9060638546943665
0.10357227176427841
0.021382426843047142
0.35286903381347656
-1.1380198001861572
0.5330410003662109
-0.3557075560092926
0.6057065725326538
-0.5553919672966003
0.23434753715991974
-0.5537740588188171
-0.3530253767967224
0.45581865310668945
-1.1613905429840088
-0.1754341572523117
0.23175735771656036
-1.06257164478302
-0.5757527351379395
0.12188491970300674
0.367941290140152
0.013958072289824486
0.22479887306690216
1.0993735790252686
0.3610437512397766
0.10536976158618927
-0.8141999244689941
1.6451927423477173
-2.000067949295044
-1.0157941579818726
-12.23261547088623
10.15141773223877
-1.4063348770141602
-8.607427597045898
5.413166046142578
-2.144117593765259
-0.8595519065856934
3.0019309520721436
-1.8797938823699951
-0.5336678624153137
1.6073753833770752
-1.0701336860656738
0.008329296484589577
0.2116258144378662
-1.2598224878311157
0.11585168540477753
-0.18139143288135529
-0.2082166224718094
-0.018261242657899857
-0.05662703514099121
-0.2603530287742615
0.12842197716236115
0.39697974920272827
-0.25580573081970215
-0.09764323383569717
-0.19599933922290802
-0.6094847917556763
0.6603345274925232
0.43703240156173706
-1.218610405921936
-0.3979814946651459
1.0909748077392578
-0.2367418110370636
0.2523840367794037
-0.10812635719776154
0.11104221642017365
0.3678879737854004
-0.30606263875961304
-0.029601145535707474
0.45733386278152466
0.0524764284491539
-0.08166811615228653
0.47715917229652405
0.41831541061401367
-0.35848209261894226
0.33895930647850037
0.31874316930770874
0.24137739837169647
0.17978858947753906
0.022351408377289772
0.4515855312347412
-0.28044670820236206
0.4841906428337097
-0.15254703164100647
0.11166667938232422
0.7956748604774475
0.04072403907775879
0.13337454199790955
0.2632219195365906
0.3795672357082367
0.7047176361083984
-0.39971333742141724
0.2838936746120453
0.2785138189792633
0.4440811574459076
0.5565301179885864
0.1094643622636795
-0.32453852891921997
0.42010870575904846
-0.03642711788415909
0.8428851962089539
0.14291152358055115
0.23062047362327576
0.29800575971603394
0.41109102964401245
-0.297097772359848
1.022219181060791
0.909733772277832
-0.5930711627006531
0.4917544424533844
0.28999441862106323
-0.08797483146190643
0.48223915696144104
0.14466829597949982
0.365060031414032
0.17546653747558594
0.03792877122759819
0.3798828125
0.10161934047937393
0.09291543811559677
0.38102293014526367
0.17001810669898987
-0.17615404725074768
0.5454370379447937
0.06125288084149361
0.2000727653503418
0.22679777443408966
0.04447660595178604
-0.8530595898628235
-3.8571345806121826
-18.11043357849121
6.4201531410217285
9.61169147491455
-5.113661289215088
-8.75084400177002
5.743624210357666
-1.2288579940795898
-2.417412281036377
2.673708438873291
-0.7480313777923584
-0.9630705118179321
1.5542815923690796
-1.006018042564392
-0.31854742765426636
0.6937588453292847
-0.8337720036506653
0.3669012188911438
-0.11258707195520401
-0.08507709205150604
0.24845513701438904
0.21589002013206482
-0.05092296749353409
0.06719017028808594
-0.010376644320786
-0.017824459820985794
-0.16433420777320862
0.03793745115399361
-0.17717409133911133
0.013221931643784046
-0.2866692543029785
0.15649691224098206
-0.24330024421215057
-0.8266993761062622
0.49459561705589294
-0.9175176620483398
-1.1751224994659424
0.05540771409869194
0.14995555579662323
-0.5540100336074829
1.0666528940200806
-0.728798508644104
-0.7609761357307434
0.8997476696968079
0.211517333984375
0.017632197588682175
-0.4305528700351715
1.0396747589111328
-0.27703341841697693
1.6788196563720703
-0.39340895414352417
-1.024796724319458
-0.804064154624939
0.5701030492782593
-0.5954059362411499
0.6169604063034058
0.03752899169921875
-0.02949199639260769
0.1942453384399414
-1.2475265264511108
0.048572540283203125
1.218889832496643
-1.828961968421936
0.7058378458023071
-0.07618160545825958
-0.660460352897644
0.22503051161766052
-1.0393224954605103
-1.0260483026504517
0.14087124168872833
0.9187318682670593
-0.40466004610061646
-0.22375306487083435
1.418135404586792
-1.3495829105377197
0.5002342462539673
-0.7722553014755249
-0.0959087386727333
0.03374137729406357
-0.4393211305141449
-0.10885210335254669
0.7256650924682617
-0.807905375957489
0.3131607174873352
0.25944823026657104
0.21582841873168945
-0.2284456193447113
0.32546234130859375
-0.9630733728408813
0.021071434020996094
-0.6641477346420288
0.34888148307800293
0.49852830171585083
-0.6767030954360962
0.14479494094848633
-0.6265228390693665
-0.47073572874069214
-0.18227596580982208
-1.2521806955337524
-0.35419121384620667
-1.6653096675872803
-11.727546691894531
9.483050346374512
-1.8462879657745361
-8.355474472045898
5.290703296661377
-2.8058972358703613
-1.4614458084106445
3.1514599323272705
-1.185234785079956
-0.8463436365127563
1.1408133506774902
-1.1993882656097412
-0.06902436912059784
0.257101833820343
-0.6409829258918762
-0.2985759675502777
0.04154486581683159
-0.14346475899219513
-0.41294145584106445
0.0490909107029438
-0.34835776686668396
-0.5374068021774292
0.03626880794763565
-0.015782451257109642
-0.1645851582288742
0.032888174057006836
-0.5337837934494019
0.4919285774230957
0.28007715940475464
-0.5316717028617859
-1.0491724014282227
0.9971851110458374
0.24604091048240662
-0.40651360154151917
0.683244526386261
-0.23266220092773438
0.2072868049144745
-0.0008429884910583496
0.3547074496746063
0.7364708185195923
-0.018589187413454056
0.14658157527446747
0.5638357400894165
-0.2935022711753845
0.48984813690185547
0.07874550670385361
0.13867393136024475
0.3864017128944397
0.6078764200210571
0.5502530336380005
0.358997106552124
-0.48950427770614624
0.26394161581993103
0.2998049259185791
0.23874743282794952
0.8485202789306641
-0.35542935132980347
0.5554426908493042
0.9062451124191284
0.1763552725315094
0.5884283185005188
-0.3901664614677429
-0.02848515473306179
0.7240908741950989
-0.03435220569372177
0.32592645287513733
0.5282743573188782
0.5547336339950562
-0.019200801849365234
0.08614043891429901
0.7543462514877319
0.5009792447090149
0.12774161994457245
-0.018187904730439186
1.243931531906128
-0.30816954374313354
-0.15560531616210938
0.7775284051895142
0.0037080764304846525
0.22551794350147247
0.5698944926261902
-0.22749662399291992
0.5317190289497375
0.11024341732263565
0.2660251557826996
-0.16172008216381073
0.6043368577957153
0.13329534232616425
-0.002109050750732422
0.36872243881225586
-0.2390693724155426
0.36740827560424805
0.09676952660083771
0.39090079069137573
0.042902566492557526
0.5773290395736694
-0.24582138657569885
0.1040029525756836
-0.6850163340568542
-3.7015438079833984
-17.874469757080078
7.022481441497803
9.394706726074219
-6.1866044998168945
-7.388871192932129
4.795173645019531
-1.405849814414978
-1.9358806610107422
2.467303514480591
-0.7682567238807678
-0.3036138415336609
1.1936532258987427
-1.0094696283340454
-0.03994894027709961
0.17035388946533203
-0.1768135130405426
0.053783416748046875
-0.009059334173798561
-0.07591180503368378
-0.4575618803501129
0.043670654296875
-0.2016691267490387
0.32058972120285034
-0.3649676442146301
0.1475781500339508
0.27263060212135315
0.13622045516967773
-0.3632315695285797
-0.08270826190710068
-0.5124400854110718
0.10655832290649414
-0.5667451620101929
-0.3135256767272949
-0.045598410069942474
0.6660639047622681
0.6189931035041809
-1.1834053993225098
-1.5382035970687866
0.5551109313964844
0.7255443334579468
-0.09816646575927734
0.18900927901268005
1.3175139427185059
-1.7889230251312256
-0.9747081995010376
0.49875345826148987
-0.45424357056617737
0.5017240643501282
0.31729355454444885
0.9133184552192688
-1.4652460813522339
0.05048332363367081
-0.13813629746437073
-0.9071582555770874
0.07473602145910263
0.4971683621406555
-0.5097230672836304
0.8818192481994629
-0.6736753582954407
0.025266265496611595
0.28150081634521484
-0.17969664931297302
-0.8226815462112427
1.3514363765716553
-2.1180596351623535
1.158455491065979
-1.361617088317871
-0.054639626294374466
-0.8377933502197266
0.31322184205055237
-0.6332387924194336
0.8846080899238586
-1.2073251008987427
0.7835478782653809
0.2779325544834137
-0.18063220381736755
-1.65461003780365
1.192793846130371
-0.23986510932445526
-0.10568208992481232
0.1039455384016037
0.45753222703933716
-1.0885957479476929
0.3918994963169098
-0.8304635882377625
0.2799410820007324
0.49882450699806213
-0.685070812702179
-0.49230489134788513
-0.7275435924530029
-0.8306273221969604
0.4799114167690277
-0.6729250550270081
0.06816031783819199
-1.6750999689102173
0.7572509050369263
-1.6660592555999756
0.9755600094795227
-2.2016754150390625
1.7421445846557617
-14.125604629516602
10.397321701049805
-2.1983017921447754
-8.598014831542969
5.236536979675293
-2.8634066581726074
-1.4865977764129639
2.7381980419158936
-1.515418291091919
-0.9702225923538208
1.1109142303466797
-1.5277888774871826
-0.028969239443540573
0.3407350480556488
-1.0226435661315918
-0.18191441893577576
-0.012505531311035156
-0.7432284951210022
0.08077259361743927
0.0949462428689003
-0.5094454884529114
0.09961819648742676
0.05641131475567818
-0.6875194907188416
0.06714925915002823
0.25186148285865784
-0.6121317744255066
0.39448174834251404
0.03851580619812012
-0.49668368697166443
0.28719401359558105
0.10745592415332794
0.31535857915878296
0.5264248847961426
-0.7634280920028687
-0.7633047103881836
0.8850456476211548
-0.2702030539512634
0.31519952416419983
0.5584149956703186
-0.5505498647689819
0.6154998540878296
0.04730059951543808
0.19054089486598969
-0.07014685869216919
0.7323504686355591
0.0628247857093811
0.6099885106086731
-0.21854305267333984
-0.07564230263233185
0.6289626359939575
0.01751413382589817
0.4373733401298523
0.5330579876899719
0.1579066812992096
0.7821995615959167
-0.2682962417602539
0.15428562462329865
0.11397566646337509
-0.25416332483291626
1.2035446166992188
0.22156210243701935
-0.5990267992019653
0.11862172931432724
0.32835960388183594
0.6924875378608704
-0.40599656105041504
0.26086702942848206
0.21984072029590607
0.017420481890439987
0.35523954033851624
0.7618975639343262
-0.3060874044895172
0.5508453249931335
0.26709404587745667
0.448932945728302
0.3242950439453125
0.29091042280197144
-0.04023732990026474
0.9804036021232605
-0.022591019049286842
0.1025012955069542
0.31627780199050903
0.13657598197460175
0.10930509865283966
-0.31822386384010315
0.6698728799819946
0.30000829696655273
0.02634410932660103
0.04693174362182617
0.42477160692214966
-0.2314305305480957
-0.14502935111522675
0.6759953498840332
-0.3733116090297699
0.21201781928539276
0.08973608165979385
0.2379656732082367
-0.6120560765266418
