-1.4163073301315308
-1.4163073301315308
2.378713607788086
-3.038651466369629
-0.11563105881214142
-1.4546737670898438
-0.5258879661560059
1.1065030097961426
-1.0604804754257202
0.08065059036016464
-0.05271837115287781
0.09384161233901978
-0.2455839216709137
-0.6122533082962036
0.3524988889694214
0.02669703960418701
-0.36141106486320496
-0.17470714449882507
0.08510570228099823
2.072230815887451
0.81707763671875
-1.6680606603622437
1.3366819620132446
-1.982240915298462
-2.003170967102051
1.1467289924621582
-1.0400125980377197
-0.2606552541255951
0.9277325868606567
-0.5148070454597473
-0.27017292380332947
0.7089591026306152
-0.2285485714673996
0.24154484272003174
-0.33645692467689514
-0.00990153569728136
1.0950777530670166
0.1923753023147583
-0.8795612454414368
0.8010339736938477
-1.8269929885864258
-0.6279417276382446
0.6480329036712646
-0.4422505795955658
0.19078174233436584
1.1023187637329102
0.4014734625816345
-0.6281781196594238
-0.14147332310676575
0.0949532762169838
-1.025036096572876
-1.0102132558822632
1.8469581604003906
0.37845364212989807
-1.7489467859268188
0.9662145376205444
-1.7351405620574951
-0.0450277104973793
1.4730713367462158
-1.3039213418960571
0.30080994963645935
0.32879355549812317
-0.1909981220960617
0.27264299988746643
-0.24100366234779358
0.16380007565021515
0.08404812961816788
0.20372864603996277
1.680721640586853
0.3856646418571472
-1.2600626945495605
0.9469364285469055
-1.381717562675476
0.3730105757713318
1.946082353591919
-1.373077154159546
0.7935630679130554
-0.020225226879119873
-1.616652488708496
0.16034582257270813
0.8437164425849915
-0.43232083320617676
0.032362520694732666
0.6582685708999634
0.5922082662582397
-0.26712507009506226
0.07211875915527344
0.4479965567588806
-0.4900229871273041
-0.29802706837654114
-0.10281045734882355
-0.818698525428772
0.610059380531311
-0.8991996049880981
0.2023780792951584
-0.015582012943923473
-0.47762733697891235
0.19209957122802734
-0.022941112518310547
0.5173560976982117
1.5240721702575684
4.6649603843688965
-3.1938424110412598
0.9369750022888184
-0.9158674478530884
1.944044828414917
-0.5311861038208008
-1.0420284271240234
1.5928741693496704
-0.26240330934524536
0.3322318196296692
-0.07562589645385742
-0.09527353942394257
-1.12055242061615
0.08794579654932022
0.2105499804019928
-1.3057947158813477
0.7543669939041138
0.35158267617225647
-1.2608755826950073
0.642763614654541
-0.13554100692272186
-0.33758053183555603
0.15904894471168518
-0.9268589019775391
0.2953647971153259
0.2752090096473694
-0.14990845322608948
0.25445303320884705
-0.09157709777355194
0.0038579939864575863
0.134172722697258
-0.4483996331691742
0.34352707862854004
0.48941630125045776
-0.6252907514572144
0.10965299606323242
0.9231055378913879
-0.6576517820358276
0.5231109261512756
0.0005087852478027344
0.19925884902477264
-0.050848912447690964
-1.0481189489364624
0.4599236845970154
-0.002094268798828125
-0.5938060879707336
0.03472304344177246
0.271707147359848
-0.26280102133750916
0.09106965363025665
-0.17468324303627014
-0.13275691866874695
0.7441583871841431
-0.605358362197876
0.68500155210495
-0.2656257152557373
0.005639838986098766
0.6118301153182983
-0.3955579698085785
-0.554733395576477
0.3361131250858307
-1.0362708568572998
0.3336995542049408
0.2201368361711502
-0.41819533705711365
-0.28638994693756104
0.48959317803382874
0.2848471701145172
0.20571847259998322
-0.48347288370132446
0.08180177211761475
0.08012094348669052
-0.11990292370319366
-0.08068444579839706
0.10071058571338654
-0.3249497711658478
0.9105225801467896
-1.4878435134887695
0.26158562302589417
0.3292763829231262
-0.8497246503829956
0.6877344250679016
0.04912405088543892
-0.5886070132255554
-0.10465322434902191
0.23754672706127167
-0.29632264375686646
0.5467758178710938
0.06119713932275772
-0.62654048204422
0.6280677914619446
-0.0711003765463829
-0.43131595849990845
-0.07424023002386093
-0.2916932702064514
0.3051997125148773
-0.45527952909469604
0.09913302958011627
-0.4761279225349426
0.03590819984674454
-3.1609129905700684
0.5705772638320923
0.7509649991989136
-1.7293612957000732
-0.21570880711078644
1.1183216571807861
-1.1650012731552124
-0.16113264858722687
0.4747437834739685
-0.5687490701675415
0.3043878972530365
-0.7488011121749878
-0.04363860934972763
0.31577640771865845
0.39592260122299194
-0.1406255066394806
-0.4403034746646881
0.128646582365036
-0.2919251322746277
-0.1873503029346466
0.0703095942735672
-0.38572585582733154
-0.33774086833000183
0.23625627160072327
0.1377222239971161
-0.8451717495918274
-0.26556143164634705
0.9229024648666382
-0.05907099321484566
-0.6551963090896606
-0.131931871175766
0.0721747875213623
0.3841822147369385
-0.08788935840129852
0.03445538878440857
0.3054618239402771
-0.4701600968837738
-0.23187413811683655
0.2708094120025635
0.19535136222839355
0.5013687610626221
-0.9813810586929321
-0.5300052762031555
1.4420502185821533
-1.1185740232467651
0.1827399879693985
0.759143054485321
-0.4538150727748871
0.04699065536260605
0.6176038980484009
-0.5824097990989685
0.04043591022491455
0.5178779363632202
-0.26253271102905273
-0.1346937119960785
0.3795969486236572
-0.3885089159011841
0.36501628160476685
0.141725555062294
-0.21410100162029266
-0.10526826232671738
-0.43079739809036255
-0.05105794593691826
0.13033664226531982
-0.006073737051337957
-0.39342883229255676
-0.31365281343460083
0.17488634586334229
0.2998824119567871
0.011478781700134277
0.24476031959056854
-0.07378573715686798
0.19854971766471863
0.11136852204799652
-0.5192619562149048
0.1925058662891388
-0.03398006036877632
-0.45197853446006775
0.4249626696109772
-0.2366115301847458
0.11858886480331421
0.15023638308048248
-0.15144579112529755
0.03752213716506958
0.6378946304321289
-0.2057022750377655
0.4231145977973938
-0.6097065210342407
0.3417091369628906
0.5966557264328003
-0.2791368067264557
-0.47974950075149536
0.6636880040168762
0.19266833364963531
-0.6347337365150452
0.11660393327474594
0.37182313203811646
0.007003217935562134
-0.22390389442443848
-0.7379222512245178
-2.8526902198791504
3.8543388843536377
-0.6132031083106995
-2.1759796142578125
1.8708724975585938
-0.9888089299201965
-0.20781469345092773
1.5240281820297241
-0.05706372112035751
-0.8909894824028015
0.8148994445800781
-0.6863300204277039
-0.6515348553657532
0.7130467295646667
-0.13614673912525177
-0.29000240564346313
0.8159950375556946
-1.4117794036865234
0.08710213005542755
0.8331891298294067
-0.7953306436538696
0.14197468757629395
0.5612421035766602
-0.9082359075546265
0.16201309859752655
0.2132706642150879
-0.7133457660675049
0.42383870482444763
0.06687469780445099
-0.2778414785861969
-0.4917086064815521
0.2702518105506897
0.6755481958389282
-0.7390668392181396
0.0385894775390625
0.864698588848114
-0.9363679885864258
0.1784898340702057
0.4971524178981781
-0.16817203164100647
0.1799328327178955
-0.2285090982913971
0.035128116607666016
0.04056234285235405
-0.5708397626876831
0.20872125029563904
-0.11938343197107315
-0.09365105628967285
-0.09985627979040146
-0.1634049415588379
0.20809216797351837
0.016391849145293236
0.2600778639316559
0.18774275481700897
-0.6442083120346069
-0.5084193348884583
0.8126714825630188
-1.3063050508499146
0.5843627452850342
-0.4326232373714447
-0.19435682892799377
0.5757814645767212
-1.326852560043335
0.6410437822341919
0.8252649307250977
-0.8089353442192078
-0.3670221269130707
0.15247893333435059
0.12213225662708282
-0.7963288426399231
0.2682672441005707
-0.6455109119415283
-0.6483606100082397
-0.11242761462926865
0.04918017238378525
-0.7166211605072021
0.17169992625713348
-0.18350179493427277
0.009560680016875267
-0.3083108067512512
0.20103104412555695
-0.15134134888648987
0.11530039459466934
-0.6306366920471191
-0.9101402163505554
0.1402367800474167
0.11331935226917267
-0.2463022768497467
-0.12197382748126984
0.16898247599601746
-0.6608675718307495
-0.1458168923854828
0.5735623836517334
-0.66539067029953
-0.17114870250225067
0.7465113401412964
-1.0007754564285278
-0.18362876772880554
-0.06765856593847275
-0.5360084772109985
-4.293599605560303
3.7049801349639893
-0.4697767198085785
-2.1448917388916016
0.3990322947502136
0.48280391097068787
-1.2742725610733032
0.46050119400024414
0.07908465713262558
-0.8300272226333618
0.3801513612270355
-0.18940766155719757
-0.8317321538925171
1.2800496816635132
-0.482077419757843
-0.34224557876586914
0.5487057566642761
-0.4682554304599762
-0.1552455574274063
0.0022934197913855314
-0.4353182315826416
-0.0035983086563646793
-0.09671337902545929
-0.16096456348896027
0.29695403575897217
-0.7187855839729309
-0.5068981051445007
0.9343768358230591
-0.1774871051311493
0.1694382131099701
-1.1298781633377075
0.024032164365053177
0.598840594291687
0.004906988237053156
-0.6084530353546143
0.2369770109653473
0.14835484325885773
-0.1918889582157135
-0.37144264578819275
0.22008132934570312
0.8341540098190308
-0.9117546081542969
-1.1543004512786865
0.8519119024276733
-0.7101100087165833
0.07323107868432999
0.4390678405761719
-0.30789679288864136
0.3330501914024353
0.11807768046855927
-0.5114495158195496
0.10038463026285172
0.17330116033554077
0.2876806855201721
-0.6033841371536255
-0.025539029389619827
-0.0718085989356041
0.042832184582948685
0.16863147914409637
0.10983245074748993
-0.34612417221069336
0.4280628263950348
-0.15769171714782715
0.13801006972789764
0.14193376898765564
-0.22132344543933868
0.04525483772158623
-0.4327625334262848
0.10670974105596542
0.3246217668056488
-0.14083819091320038
-0.2311634123325348
0.21266505122184753
-0.11989335715770721
0.6493468284606934
0.31200432777404785
0.1303962767124176
-0.07181136310100555
-0.06628493219614029
0.2373553216457367
0.3960450291633606
-0.11332688480615616
-0.15156343579292297
-0.29793334007263184
0.3909519612789154
0.2872563898563385
-0.2871348261833191
0.17697212100028992
-0.07022400200366974
0.2719763219356537
0.09209305047988892
0.2598694860935211
0.12678676843643188
0.1621561199426651
-0.6508829593658447
0.478555828332901
-0.12747597694396973
-0.24554172158241272
0.2175527811050415
-0.7993770241737366
-1.5851905345916748
1.9241024255752563
-0.2870945334434509
-2.677065134048462
2.1929168701171875
-2.0757529735565186
-0.3375818729400635
0.7522217035293579
-0.05505866929888725
0.8857004046440125
-0.966159999370575
-0.635665237903595
0.16163873672485352
-0.5441979169845581
0.5425992608070374
-0.22771087288856506
-0.04829774051904678
0.07989878952503204
-0.17960019409656525
0.07710261642932892
-0.17054018378257751
-0.22985807061195374
0.08142109215259552
0.026957035064697266
0.13541670143604279
-0.36248141527175903
0.1428147256374359
-0.0617612823843956
-0.14796510338783264
-0.785065770149231
0.8864678144454956
-0.27311381697654724
-0.5577439069747925
0.41313210129737854
-0.3715277314186096
-0.15066704154014587
0.8095996975898743
-0.20168980956077576
-0.4779126048088074
0.0571102611720562
-0.41908031702041626
0.8887941241264343
-0.2810536026954651
0.7485662698745728
-0.07422397285699844
-0.733568012714386
0.24109411239624023
-0.5247691869735718
0.5754420161247253
0.6080124974250793
-0.784793496131897
0.5584810972213745
0.009584665298461914
-0.2663039565086365
0.8478261828422546
-0.7040730714797974
0.18430042266845703
0.1134243980050087
-0.6504287719726562
0.5076233148574829
0.1544952392578125
-0.7261322140693665
1.2571650743484497
0.14462533593177795
-0.5709894299507141
-0.1929657906293869
-0.27882346510887146
0.2979068458080292
-0.2690941393375397
0.12965384125709534
-0.48837965726852417
-0.14674103260040283
-0.17969372868537903
0.05118265002965927
0.2700980603694916
-0.18146145343780518
-0.5557255148887634
-1.2884390354156494
0.10190252959728241
-0.26565688848495483
-0.3207520544528961
0.20447249710559845
0.14332237839698792
-0.18120285868644714
-0.5442231893539429
-0.086464062333107
0.11477460712194443
0.2033664733171463
-0.21913933753967285
-0.270873486995697
-0.07967936992645264
-0.24585390090942383
-0.263508141040802
0.3970656096935272
-0.3553672134876251
-0.7518736124038696
0.7936086654663086
-0.45968085527420044
-0.9897340536117554
-0.3878936767578125
-7.643277645111084
7.803681373596191
6.656800270080566
-11.476022720336914
0.37583857774734497
5.297820091247559
-5.309395790100098
0.9221915006637573
1.841446876525879
-2.5491256713867188
1.133008360862732
0.4122493863105774
-1.1866196393966675
1.2411630153656006
0.6249468922615051
-1.466583013534546
0.6817376613616943
-0.37897229194641113
-0.21729406714439392
-0.024670004844665527
-0.47309184074401855
0.44973307847976685
0.0640663132071495
-1.3862847089767456
0.20281071960926056
0.27753159403800964
0.1411040723323822
-0.024010514840483665
-1.0230224132537842
0.09960822761058807
-0.17725877463817596
0.35524821281433105
-0.015480661764740944
0.07066116482019424
-0.40706855058670044
-0.1426127403974533
0.05076346546411514
-0.2514079511165619
-0.21698398888111115
0.8591886758804321
-0.12326033413410187
-0.39558714628219604
-0.4079057276248932
-0.107263945043087
0.6473368406295776
-0.4632641673088074
0.45019230246543884
0.8257883191108704
-0.828721821308136
-0.6476603746414185
0.35862523317337036
-0.034442123025655746
-0.2907629907131195
0.4059833586215973
-0.5698589086532593
0.6674419641494751
0.12075129896402359
-0.6062859296798706
0.17198514938354492
-0.0689375177025795
-0.31705617904663086
-0.11976516246795654
-0.2836535573005676
0.2897055745124817
0.06089351326227188
-0.32308393716812134
0.3719863295555115
-0.5983213186264038
0.1924586296081543
0.4358882009983063
-0.29160362482070923
0.4870516359806061
-0.447936475276947
0.0014974117511883378
0.6179895997047424
-0.1660587191581726
-0.1577826738357544
-0.23379187285900116
0.1220390573143959
0.26217514276504517
0.25193509459495544
0.06253866851329803
-0.25236719846725464
0.21192984282970428
-0.43859291076660156
0.32815104722976685
-0.5253185033798218
0.487220823764801
-0.2712925374507904
0.3911275863647461
-0.1733587384223938
-0.3485075831413269
0.7636193037033081
-0.793239414691925
0.12530402839183807
0.5248040556907654
-0.3068791627883911
0.14430725574493408
0.22853119671344757
-0.4426809847354889
-2.227170705795288
2.2036378383636475
0.006155848503112793
-2.170119524002075
1.9827253818511963
-0.3780568838119507
-1.5077117681503296
0.5454152822494507
0.4884234368801117
-0.13767412304878235
-0.987501323223114
0.8916485905647278
-0.868902325630188
0.5715910792350769
-0.6480341553688049
-0.8997532725334167
0.8769094347953796
-0.970779299736023
0.03238100931048393
0.1678745299577713
-0.5646413564682007
-0.23531174659729004
0.4146152436733246
-0.03711419180035591
0.09084086120128632
0.0957193374633789
-0.23667211830615997
-0.47295770049095154
0.20940351486206055
-0.1861860305070877
-0.2785741686820984
0.3582393527030945
-0.26263269782066345
-0.5321823358535767
0.9638347625732422
-0.6906784176826477
-0.36986470222473145
0.1915111541748047
-0.27533334493637085
0.06565923988819122
1.0962779521942139
-1.0348761081695557
1.2980537414550781
-0.36925753951072693
-0.4933863580226898
0.3369545042514801
-0.43804630637168884
-0.13716483116149902
0.11856069415807724
-0.590302586555481
0.15664681792259216
0.19068045914173126
-0.6543620228767395
0.07243721187114716
-0.041965581476688385
-0.0022062778007239103
0.06323699653148651
0.5569535493850708
-0.7133901715278625
0.02093987539410591
0.29197412729263306
-0.05891723558306694
0.5578347444534302
-0.8596769571304321
-0.04714160040020943
0.022661829367280006
-0.5758715867996216
0.7861256003379822
0.09501447528600693
-0.13671040534973145
0.4172457158565521
-0.45735079050064087
-0.007951688952744007
0.11082161962985992
-0.7000110745429993
0.22505560517311096
-0.8282179832458496
-1.0527695417404175
0.7858704328536987
-0.2898000478744507
-0.10478787124156952
-0.20882949233055115
0.09729757159948349
0.1635083258152008
-1.063598394393921
0.3075719475746155
0.25363782048225403
-0.32176175713539124
-0.3953145146369934
-0.0686538964509964
-0.2755511403083801
-0.15759077668190002
0.174442857503891
0.0754011869430542
0.5057480931282043
-0.9760993123054504
-0.2922787070274353
0.6414188146591187
0.012267613783478737
-0.958477795124054
-2.819537878036499
0.4403536915779114
0.5618433356285095
-1.4282944202423096
-0.7177303433418274
1.374108076095581
-1.497759461402893
0.08222351968288422
0.4059746265411377
-0.8935224413871765
0.6243109703063965
-0.2865838408470154
-0.31523552536964417
0.6949883699417114
0.26458725333213806
0.16361300647258759
-0.18273097276687622
0.14052048325538635
-0.027855943888425827
-0.8425033688545227
0.055382825434207916
0.2347913235425949
-0.6273165941238403
-0.06224427372217178
-0.07725415378808975
-0.6884865164756775
-0.6444231271743774
0.9353599548339844
-0.7408634424209595
-0.4179633557796478
0.21572455763816833
-0.07168591022491455
0.7095062136650085
-0.08817096799612045
-0.6828432083129883
-0.13349328935146332
0.8641971349716187
-0.5076422691345215
-0.5370975732803345
0.5328624844551086
0.506675124168396
-0.26533928513526917
-0.21529650688171387
0.0931108221411705
-0.13641829788684845
-0.21224868297576904
0.03805243968963623
0.05812413617968559
0.4748404920101166
0.4982043206691742
-0.7439559698104858
-0.15857279300689697
0.49167928099632263
-0.20843878388404846
-0.15651248395442963
0.07208096981048584
-0.08724348247051239
0.15531066060066223
-0.03812520578503609
-0.048889897763729095
0.17149385809898376
-0.1359565556049347
-0.20926697552204132
0.29669034481048584
0.17279645800590515
-0.20691123604774475
0.004478835966438055
-0.3210548758506775
-0.09309134632349014
-0.15124386548995972
0.7179515361785889
0.37606677412986755
-0.495185524225235
0.09168734401464462
-0.254879891872406
0.7266436815261841
-0.3121897578239441
-0.4765097498893738
0.09607116132974625
0.7396987676620483
-0.6522899866104126
0.04354657977819443
-0.021485691890120506
0.22079364955425262
-0.3994271755218506
0.3315487504005432
-0.4092281758785248
0.5229161381721497
-0.43882617354393005
-0.0936262235045433
-0.09048274159431458
0.05496268719434738
0.25354304909706116
-0.48700371384620667
0.2863265573978424
0.1880495846271515
-0.1543884575366974
0.059469353407621384
0.15827324986457825
-0.9019023180007935
-1.5175443887710571
3.269373655319214
-1.121895432472229
-2.1180520057678223
2.307359218597412
-1.3955694437026978
-1.4790571928024292
1.31429922580719
-0.017255449667572975
0.6344478130340576
-0.8091785311698914
-0.8142313957214355
0.7694553732872009
-0.598253607749939
0.1425953358411789
-0.02816190756857395
-0.013436985202133656
0.24859657883644104
-0.7407650351524353
-0.26394546031951904
-0.30588898062705994
-0.027015160769224167
0.7502675652503967
-0.8274840116500854
-0.8164278268814087
0.746870756149292
-0.515031099319458
0.29184943437576294
0.7686882615089417
-0.9399127960205078
0.44975972175598145
-0.24726811051368713
-0.006927490234375
0.20560255646705627
-0.4655344486236572
0.1682628095149994
-0.5777480602264404
-1.1883597373962402
0.3803831934928894
0.6820647716522217
-0.01854724809527397
-0.06423864513635635
0.022548388689756393
0.1334829330444336
0.28648003935813904
-0.03579220920801163
0.029681634157896042
-0.03517455980181694
-0.2107590138912201
0.3883662819862366
-1.041237235069275
-0.07109260559082031
0.33179378509521484
-0.6514486074447632
-0.060782670974731445
0.636152446269989
0.23494243621826172
-0.4261033535003662
-0.8155606389045715
0.7813200354576111
0.31264954805374146
-0.8179712295532227
1.0201807022094727
0.031434059143066406
0.06377878040075302
0.11941709369421005
-0.10796971619129181
-0.30944234132766724
0.22105154395103455
0.21920719742774963
-0.8259148597717285
0.2724742591381073
-0.5664321184158325
0.3290761113166809
0.5182612538337708
-1.0729496479034424
0.04737752676010132
-0.07921967655420303
-0.1291540563106537
-0.324072927236557
-0.12213430553674698
-0.16043460369110107
0.2052195966243744
0.12908706068992615
-0.504949152469635
0.20553097128868103
0.15819498896598816
-0.2551482319831848
-0.38766568899154663
0.06969163566827774
-0.7358349561691284
0.7634855508804321
-0.2040598839521408
-0.08815214782953262
0.632365882396698
-0.7770283222198486
-0.32753443717956543
-0.2979779541492462
-1.2193458080291748
-0.46110963821411133
-3.781578779220581
2.8934903144836426
-0.032268475741147995
-3.099292516708374
1.3620749711990356
0.5838521122932434
-1.6064891815185547
0.207284614443779
0.32718974351882935
-0.6836267709732056
0.3782183825969696
-0.33832231163978577
-0.3418455719947815
0.24694135785102844
0.04298360273241997
-0.1528625786304474
0.48421573638916016
-0.09216852486133575
-0.5380375981330872
0.259030818939209
-0.12254323810338974
-0.5512107610702515
0.5099772214889526
-0.08662459999322891
-0.3102610111236572
-0.04539148882031441
-0.4920210838317871
0.5484360456466675
-0.034484364092350006
0.18414807319641113
-1.0829719305038452
0.1351129561662674
0.09349961578845978
-0.1695033311843872
-0.28967180848121643
0.20499280095100403
0.1704421490430832
-0.7197526097297668
0.3819449543952942
0.5154159665107727
0.2760172486305237
-1.007798433303833
0.36553868651390076
-0.18941690027713776
-0.5416063070297241
-0.012309742160141468
-0.08996438980102539
-0.45782166719436646
0.7405070662498474
0.3838438093662262
-0.8596027493476868
0.007725572679191828
0.3888501822948456
-0.283755898475647
0.30782777070999146
-0.43399935960769653
0.45791953802108765
0.13588950037956238
-0.04994978755712509
0.27041053771972656
-0.37264829874038696
-0.06076161190867424
-0.5610818266868591
0.6771275401115417
-0.08369844406843185
0.2495875358581543
-0.7134784460067749
0.07764346897602081
0.038072895258665085
0.15912990272045135
0.20015481114387512
0.01558992825448513
0.16341322660446167
0.10077619552612305
0.19535835087299347
-0.11543749272823334
-0.28573542833328247
0.6392529010772705
0.0008720398182049394
-0.24291417002677917
0.7037166357040405
-0.17061027884483337
-0.3677244186401367
-0.19602346420288086
0.1509418934583664
-0.15480342507362366
0.19004316627979279
0.06174580007791519
0.08572838455438614
0.26538193225860596
-0.1699383705854416
0.3001231551170349
-0.3769720196723938
0.10473617166280746
0.4218842387199402
-0.4852426052093506
0.3989527225494385
0.3167453408241272
-1.0853383541107178
-0.59297114610672
-1.6797815561294556
2.207267999649048
-0.7647323608398438
-2.911795139312744
2.441467523574829
-1.401195764541626
-0.6443466544151306
0.8703940510749817
-0.07301636040210724
0.6076881885528564
-0.6863837242126465
-0.4025326371192932
0.26441845297813416
-0.7520045042037964
0.2808803617954254
0.29064249992370605
0.08088169246912003
0.01703019067645073
-0.15728425979614258
0.28922003507614136
-0.8956610560417175
0.25254353880882263
0.20368480682373047
-0.17173638939857483
-0.3420766294002533
0.6077772974967957
-0.7042275071144104
0.20005850493907928
-0.39751607179641724
-0.5555090308189392
0.76850426197052
-0.19441990554332733
-0.4079012870788574
0.6172043085098267
0.12295351177453995
-0.3479538857936859
0.016918372362852097
-0.34142690896987915
0.16604581475257874
-0.6303264498710632
-0.057837583124637604
-0.23173394799232483
0.7243706583976746
-0.7085738182067871
0.18766622245311737
0.01570720598101616
-0.7112050652503967
0.08072352409362793
-0.23497846722602844
0.31268244981765747
0.07566747814416885
0.08516831696033478
-0.07424278557300568
-0.3499465882778168
0.7479502558708191
-0.517648458480835
-0.15776953101158142
-0.7471661567687988
-0.738457977771759
0.6420236229896545
0.3136606216430664
-0.7200316190719604
-0.032379817217588425
-0.5715638399124146
-0.46404829621315
0.3939553201198578
-0.06809405982494354
-0.05099523067474365
0.14890488982200623
0.38167065382003784
-0.6537719368934631
-0.06241965293884277
-0.4597242474555969
0.5476201176643372
0.3121859133243561
-0.7666124105453491
0.5834994316101074
0.018464278429746628
-0.6358919739723206
-0.027446603402495384
0.18029531836509705
0.2416941225528717
0.19374804198741913
-0.5349968671798706
-0.4852047860622406
-0.28933069109916687
0.18941175937652588
-0.3600364327430725
0.17911440134048462
0.37673884630203247
0.3497588038444519
-0.8087283372879028
0.21727535128593445
0.11013802140951157
-0.3932684063911438
-0.41444921493530273
1.029211401939392
-0.9435960054397583
-0.42182016372680664
-0.28872814774513245
-2.8214471340179443
0.6593378782272339
1.016822099685669
-2.4169445037841797
0.3501986861228943
0.9351187944412231
-1.5923525094985962
0.5852413177490234
0.3653581738471985
-1.1690294742584229
0.25184398889541626
0.057610344141721725
0.1053045243024826
-0.24954476952552795
0.07454433292150497
0.15412494540214539
-0.030463432893157005
0.2761644423007965
-0.06344113498926163
0.07758841663599014
-0.21025843918323517
-0.1250217854976654
0.09407863765954971
0.05298199504613876
0.3666141927242279
-1.1664785146713257
-0.30662935972213745
0.8630720376968384
-0.7652674913406372
0.24248237907886505
-0.2831788957118988
-0.27836257219314575
1.0676391124725342
0.26316362619400024
-1.1087839603424072
-0.3412347733974457
0.3695373833179474
-0.6054128408432007
0.10741166025400162
0.3508989214897156
0.7776193618774414
-0.5475462675094604
-0.472647488117218
0.56068354845047
-0.39011111855506897
-0.2662420868873596
0.5306938886642456
-0.16179847717285156
-0.08201911300420761
-0.49548497796058655
-0.07450687885284424
0.2738977074623108
-0.020708072930574417
0.11149130016565323
-0.35387206077575684
-0.07719890773296356
0.5637549161911011
-0.04262280464172363
0.3970407545566559
0.12304730713367462
-0.4198221266269684
0.15925441682338715
0.2915806472301483
-0.6297399401664734
0.3808240592479706
0.010766720399260521
-0.07966708391904831
0.200307697057724
-0.273904949426651
0.016393471509218216
0.45163822174072266
-0.6159780621528625
0.19223499298095703
-0.10652923583984375
0.19684024155139923
0.24505797028541565
-0.03953217715024948
-0.2069168984889984
0.2691477835178375
0.35210588574409485
0.024668503552675247
0.06977065652608871
0.023723935708403587
0.14653077721595764
0.43610915541648865
0.12411408126354218
-0.0800032690167427
0.3067013621330261
0.060692835599184036
-0.5991086959838867
0.631389856338501
-0.3193795382976532
0.05634789541363716
0.23985238373279572
0.42011991143226624
-0.10360996425151825
-0.127559095621109
0.286436527967453
-0.5395192503929138
-0.7799261212348938
-2.8953964710235596
3.561933994293213
0.2740613520145416
-2.242366075515747
1.2393831014633179
-0.8040240406990051
-0.4744410514831543
0.9562301635742188
-0.1761246621608734
-0.40518489480018616
0.5183972120285034
0.09392604976892471
0.044014714658260345
-0.029989194124937057
-0.49044427275657654
-0.8804179430007935
0.02353639528155327
-0.14561089873313904
-0.7985367774963379
0.42612868547439575
0.4538838863372803
-0.7581044435501099
0.7653742432594299
0.1981493979692459
-0.3828966021537781
0.4414389729499817
-0.42041531205177307
-1.283922791481018
0.9949377179145813
-0.2497425526380539
-0.8613631129264832
0.4458286762237549
0.09939265251159668
-1.708406686782837
0.5448276996612549
0.34386682510375977
0.08434055000543594
0.05514078214764595
0.034508801996707916
-0.32174617052078247
-0.251580148935318
-0.27899423241615295
-0.004959726240485907
0.4744296669960022
-0.610322117805481
0.024758148938417435
-0.301877498626709
0.15572571754455566
-0.2249644249677658
-0.7920166850090027
0.4425097107887268
-0.263593852519989
-0.3027788996696472
0.6686193346977234
-0.933768093585968
-0.2497260570526123
0.637080192565918
-1.5749245882034302
0.46589165925979614
0.0718531608581543
-0.33745649456977844
0.3144923746585846
-0.3731577694416046
0.22519803047180176
-0.40506353974342346
0.28835922479629517
0.09626126289367676
-0.4648706316947937
0.9413563013076782
-0.5042406916618347
-0.3525601625442505
0.23305411636829376
-0.5184699296951294
-0.05140385776758194
0.28993114829063416
-0.9797941446304321
-0.6265332102775574
0.3025546371936798
0.0737823024392128
-1.0507360696792603
0.0067355274222791195
-0.4936015009880066
-0.19178728759288788
-0.30538296699523926
-0.22033433616161346
-0.03883788734674454
-0.4170752167701721
-0.08194535970687866
-0.17520086467266083
-0.19499479234218597
-0.4039577543735504
-0.21008682250976562
0.1862146407365799
-0.4357846677303314
-0.10900650173425674
-0.17953135073184967
0.6538138389587402
-0.3841562867164612
-0.35382649302482605
-0.5241650342941284
-3.127098560333252
0.6184998750686646
0.7285993695259094
-1.9849326610565186
-0.32144004106521606
1.1532560586929321
-1.5305569171905518
0.7034757733345032
0.09386563301086426
-0.5320841670036316
0.1241692304611206
-0.07227401435375214
-1.0109443664550781
0.6479429602622986
0.37514835596084595
-0.16335198283195496
0.05656785890460014
0.09092531353235245
-0.4003826081752777
0.6994220614433289
-0.3379577100276947
0.2507495582103729
-0.4467291831970215
-0.053549885749816895
0.3848131597042084
-0.7574155926704407
-0.39185768365859985
1.0257725715637207
-0.07806117832660675
-0.28871604800224304
-0.9738405346870422
0.4142085909843445
0.694306492805481
-0.7171860933303833
0.33160102367401123
0.24407868087291718
-0.49650734663009644
-0.5129261016845703
0.024506771937012672
0.2724387049674988
0.8626651763916016
-0.7925534248352051
-1.1833486557006836
0.8667032122612
-0.08729276806116104
-0.8172550201416016
0.7387605905532837
0.09805051982402802
-0.2511240839958191
0.8813210725784302
-0.35893481969833374
-0.686758279800415
0.2385045737028122
0.09877441078424454
0.13936619460582733
0.04991760104894638
-0.16949142515659332
-0.13786642253398895
0.2737125754356384
0.08729861676692963
-0.3529091477394104
0.030231142416596413
-0.21585464477539062
-0.18826046586036682
0.21010224521160126
0.011324966326355934
-0.19447112083435059
0.08147786557674408
-0.13284051418304443
-0.005376362707465887
0.3325900435447693
-0.07181177288293839
0.4528113007545471
-0.5005849003791809
-0.07878460735082626
-0.5370379686355591
0.49395379424095154
0.22790849208831787
0.28695645928382874
-0.4433716833591461
0.05360136181116104
0.11704297363758087
0.055692266672849655
0.16814503073692322
0.0058028846979141235
-0.07832672446966171
0.22553667426109314
-0.33239278197288513
0.11255030333995819
0.12203739583492279
0.2801152765750885
0.4435005187988281
-0.8269222378730774
0.5874745845794678
0.6706305146217346
-0.06505449116230011
0.07959315180778503
-0.4079686999320984
0.2963019907474518
-0.34584105014801025
-1.5278290510177612
2.2261176109313965
-0.4278701841831207
-2.6260485649108887
2.5194613933563232
-1.5045864582061768
-0.24163785576820374
0.6902762651443481
0.03760242462158203
0.4933292865753174
-0.8719292879104614
0.028336714953184128
0.5879269242286682
-0.785868763923645
0.47562360763549805
-0.4627932012081146
-0.579190731048584
-0.15344977378845215
0.17356272041797638
-0.4569101333618164
-0.2587404251098633
0.35149773955345154
0.19078950583934784
0.37376514077186584
-0.155901238322258
0.12775631248950958
-0.2344312220811844
0.41193342208862305
0.18909788131713867
-0.38925233483314514
0.09567804634571075
-0.20989088714122772
-0.4916560649871826
0.979701817035675
0.027805089950561523
-0.6379359364509583
-0.25316041707992554
-0.3187940716743469
-0.1391899138689041
-0.2526278495788574
-0.26381126046180725
0.8405736684799194
0.5712087154388428
-0.7888630032539368
-0.7165937423706055
1.1143118143081665
0.05831317976117134
-0.7261506915092468
0.34776240587234497
0.1560286581516266
0.10463190078735352
0.33068838715553284
-0.8547792434692383
-0.7230834364891052
0.6502247452735901
-0.12614870071411133
-0.7368658185005188
0.5764855146408081
-0.013487100601196289
-0.9203014373779297
-0.5680860280990601
-0.21054024994373322
-0.1531139314174652
0.3493264317512512
-0.6900555491447449
0.19825008511543274
-0.6505869626998901
0.2454412430524826
-0.4459366202354431
0.33421871066093445
-0.9799984097480774
-0.1596648246049881
0.5712499022483826
-0.6175063252449036
0.552200198173523
-1.2358694076538086
-0.005534529685974121
0.24924373626708984
-0.24659724533557892
0.0037392855156213045
-0.403780460357666
-0.5604637265205383
0.25161197781562805
0.389081209897995
-0.5076772570610046
-0.1750507801771164
-0.773353636264801
-0.16506242752075195
0.08525338023900986
0.008486109785735607
-0.9532701373100281
0.7445570826530457
-0.6179913282394409
-0.9776356816291809
0.6600164175033569
-0.2396588772535324
-0.17428281903266907
0.41222208738327026
-0.2142828404903412
-0.2774776816368103
-2.391540765762329
1.3809537887573242
0.19678020477294922
-1.4027903079986572
-0.15876655280590057
0.7384318113327026
-1.286837100982666
0.07544346153736115
0.7571724653244019
-1.2110522985458374
0.5278753042221069
0.19839516282081604
-0.6637534499168396
-0.01755974255502224
0.6902866363525391
-0.4535652995109558
0.15612486004829407
0.19386765360832214
-0.35874253511428833
0.3340616822242737
-0.07814349979162216
-0.6098281145095825
0.0766245499253273
0.030318379402160645
-0.20641255378723145
-0.7516134977340698
-0.41955065727233887
1.3238656520843506
0.10595683753490448
-0.4811099171638489
-0.9725421667098999
0.29603278636932373
0.38678890466690063
0.053380418568849564
-0.17124880850315094
0.17936138808727264
-0.17100611329078674
-0.06057796627283096
-0.6607924699783325
-0.07905431091785431
0.5559294819831848
-0.4553236961364746
-0.03506257385015488
-0.09159622341394424
-0.6131202578544617
0.32175710797309875
-0.27561861276626587
-0.0435832254588604
0.6685017347335815
-0.38308030366897583
-0.1841980665922165
0.2825087606906891
-0.6007084250450134
-0.47832202911376953
0.4275738596916199
0.16703948378562927
0.13165612518787384
0.20920857787132263
-0.2809576392173767
0.1401934176683426
-0.02696065977215767
0.38758060336112976
-0.08781883865594864
0.10617221891880035
-0.12880514562129974
0.3421925902366638
0.1867378056049347
-0.2415224015712738
0.10728343576192856
-0.40784940123558044
0.7141331434249878
-0.6017886996269226
0.4044429659843445
0.08926713466644287
0.20976965129375458
0.040569234639406204
-0.22907860577106476
-0.10082776844501495
-0.013903021812438965
0.04379170015454292
-0.002615678356960416
-0.2013361155986786
0.2735091745853424
0.3238666355609894
-0.1730000376701355
0.1620163470506668
0.6411626935005188
-0.36470118165016174
-0.13313248753547668
0.4846286177635193
-0.7734789848327637
-0.09877791255712509
-0.13185791671276093
-0.12550559639930725
0.2647670805454254
0.0675332099199295
-0.4737797677516937
0.2438475638628006
-0.7428934574127197
-0.4507175087928772
-2.358088970184326
2.677119016647339
-0.6068936586380005
-1.8785440921783447
1.6105172634124756
-1.4697282314300537
-0.5541861653327942
0.802775502204895
-0.2197284698486328
0.09955930709838867
-0.812213122844696
-0.5286211967468262
0.45474275946617126
-0.20274150371551514
0.5293210744857788
-0.7430938482284546
-0.3376767039299011
0.18008093535900116
-0.09771423041820526
0.31584787368774414
-0.4531773626804352
-0.43136706948280334
0.20483627915382385
0.002424001693725586
-0.5248346924781799
0.8396266102790833
0.3545970022678375
-0.6475797891616821
0.5285614728927612
0.490304559469223
0.11815919727087021
-0.07781734317541122
0.8730884790420532
0.07563676685094833
-0.41842547059059143
-0.305399090051651
1.0200989246368408
-0.4249791204929352
0.1678866446018219
0.23602446913719177
-0.3620162904262543
0.32084161043167114
0.03633851930499077
-0.07292506843805313
-0.20314612984657288
0.23483672738075256
-0.10930609703063965
-0.5497465133666992
0.18160848319530487
0.7208765745162964
-0.1546647548675537
0.30701184272766113
-0.37296947836875916
-0.38544464111328125
-0.020592879503965378
0.43995562195777893
0.38386091589927673
0.07549066841602325
0.8878757357597351
-0.020310020074248314
0.28380757570266724
0.06990794837474823
-0.07461776584386826
0.1081676036119461
0.09565100818872452
-0.023339033126831055
0.6547695994377136
-0.45917826890945435
0.038658760488033295
-0.41016560792922974
-0.2275412380695343
-0.11989951133728027
0.1395522654056549
-0.5292612910270691
0.13019302487373352
-0.26281824707984924
0.0018151759868487716
0.04327983781695366
-0.5622113943099976
0.16995389759540558
0.2936306893825531
-0.11299905925989151
0.1288515031337738
0.17520537972450256
-0.5646125078201294
-0.5393839478492737
-0.1297488957643509
-0.5893542170524597
-0.1414763629436493
-0.30379828810691833
-0.4383328855037689
0.01659245416522026
-0.5709599852561951
-0.05392568185925484
0.17502638697624207
-1.0789909362792969
0.7266965508460999
-0.21749761700630188
-1.7361571788787842
-0.16608761250972748
-2.635310173034668
0.41682547330856323
0.9416249990463257
-1.879030466079712
-0.15792147815227509
1.2641466856002808
-1.7024571895599365
0.5790120363235474
0.18198716640472412
-1.057597041130066
0.7355883717536926
-0.43025803565979004
-0.18414106965065002
0.05310864374041557
0.08597812801599503
0.3978852331638336
-0.2969714403152466
0.09056200832128525
0.07913362979888916
0.17793013155460358
-0.7128582000732422
0.20417392253875732
-0.325847327709198
-0.2946126461029053
0.48710641264915466
-0.6625858545303345
-0.5087097883224487
0.8337289690971375
-0.5647168159484863
-0.23777489364147186
-0.07887008041143417
-0.10911808162927628
0.9959256052970886
0.17832450568675995
-0.6316954493522644
-0.621270477771759
0.4425733685493469
-0.0015607833629474044
-0.44121208786964417
0.49434366822242737
1.0062158107757568
-0.5051332712173462
-0.7575781941413879
0.8104451894760132
-0.11963605880737305
-0.3151310086250305
0.39919283986091614
0.0913718193769455
-0.08811883628368378
0.18854454159736633
0.23450103402137756
-0.5952721238136292
0.3960995674133301
0.34424176812171936
-0.13642223179340363
0.5652769207954407
0.20115630328655243
0.26222866773605347
-0.03375241905450821
0.32433754205703735
0.46627750992774963
-0.1346428096294403
-0.3506559431552887
0.7910737991333008
0.2358511984348297
-0.1723775416612625
0.4032861590385437
0.35268983244895935
0.3616642355918884
0.22301355004310608
0.6763019561767578
0.10367126762866974
-0.022231325507164
0.4686428904533386
0.07733428478240967
0.7415157556533813
-0.13794639706611633
-0.01994493044912815
0.26622694730758667
-0.6658619046211243
0.5624068975448608
-0.10736563056707382
-0.19375446438789368
-0.17807823419570923
-0.055643416941165924
-0.11838773638010025
0.36292529106140137
-0.12668076157569885
-0.39513370394706726
0.280737966299057
0.5519294738769531
-0.13972823321819305
-0.47019562125205994
0.09224109351634979
-0.10163478553295135
0.03443240001797676
-0.16850081086158752
0.23248231410980225
-0.6971086263656616
-0.8248741030693054
-1.8303320407867432
2.2910728454589844
-0.1612924337387085
-3.1573708057403564
2.0034232139587402
-0.8947387933731079
-1.4079153537750244
1.2589032649993896
0.6563920974731445
-0.28768229484558105
-0.956263542175293
0.0007143974071368575
0.641391932964325
-0.9866851568222046
0.3358806073665619
0.26608872413635254
-0.35337862372398376
-0.18735142052173615
-0.331684410572052
-0.13443145155906677
-0.7547115087509155
0.5606490969657898
-0.09918908774852753
-0.9527789354324341
0.2718173563480377
0.34901562333106995
-0.7714117765426636
0.4064207673072815
-0.7800899744033813
0.003531169844791293
0.4162423610687256
-0.0012360572582110763
-0.1904570311307907
0.6212660074234009
-0.5269671678543091
0.4232390522956848
0.012455081567168236
-0.2637747824192047
0.6491125226020813
-0.21600374579429626
-0.3147696852684021
0.20850510895252228
-0.0894622802734375
-0.07396955788135529
-0.0769939199090004
0.4061318039894104
0.5601065754890442
-0.34198617935180664
0.013224268332123756
-0.2668584883213043
-0.1463085114955902
-0.22300048172473907
-0.05847754329442978
0.25434988737106323
-0.30838724970817566
-0.1286117136478424
0.5262333750724792
0.2820500433444977
0.04536175727844238
-0.06951279938220978
0.7091805338859558
-0.004821681883186102
-0.06792803108692169
-0.1592356264591217
0.40286388993263245
0.623004674911499
0.08718562126159668
-0.01561126671731472
0.7671310305595398
0.021460866555571556
-0.14762508869171143
0.18996667861938477
0.7608340978622437
-0.6286019086837769
0.20851477980613708
0.5797138214111328
-0.30000796914100647
-0.5065164566040039
0.7296065092086792
-0.5723195672035217
-0.028971290215849876
0.798729658126831
-0.6215525269508362
-0.014074849896132946
0.36642706394195557
-0.5040841698646545
-0.08867113292217255
0.7701621055603027
-0.7767364382743835
-0.3151353895664215
0.3280177712440491
-0.1309630125761032
-0.7241981029510498
0.24522586166858673
-0.17393836379051208
0.6914191842079163
-1.5539453029632568
-0.33626699447631836
0.741925060749054
0.018984055146574974
-3.4716715812683105
1.0437960624694824
0.1742161214351654
-1.8117506504058838
0.4390660226345062
0.6625463962554932
-0.9969511032104492
0.24135509133338928
0.19496139883995056
-1.0128231048583984
0.3899006247520447
-0.034785009920597076
-0.2992325723171234
-0.1426192820072174
0.26874086260795593
0.5851359963417053
-0.3048868775367737
-0.4474825859069824
0.01804487779736519
0.08245482295751572
-0.4195755124092102
0.3614819347858429
-0.3665884733200073
0.18267492949962616
-0.16244900226593018
-0.1851389855146408
-0.818032443523407
0.8729285001754761
0.054232560098171234
-0.29153138399124146
-1.076892614364624
0.38960519433021545
0.5336653590202332
-0.02995019033551216
-0.3027120530605316
-0.08833318948745728
-0.22033043205738068
0.3066803514957428
-0.1976177990436554
-0.4799070358276367
0.6362186670303345
-0.884982705116272
-0.687256932258606
0.6977421045303345
-1.069148302078247
0.33608269691467285
0.2521533966064453
-0.6607966423034668
0.42398396134376526
0.6885993480682373
-0.508533239364624
0.20292167365550995
-0.34843870997428894
0.1091359481215477
0.20636847615242004
0.11942730098962784
-0.17065434157848358
0.3299981653690338
0.13613371551036835
-1.179427146911621
0.5817883610725403
-0.3324245810508728
-0.07438913732767105
0.17685039341449738
-0.17899315059185028
-0.21254268288612366
0.6203188896179199
-0.022915322333574295
-0.22001099586486816
0.3429695963859558
-0.088653564453125
-0.044107984751462936
0.15192607045173645
-0.13858525454998016
-0.33297133445739746
0.6070941090583801
0.3211439549922943
-0.48561573028564453
-0.08717753738164902
0.3621266782283783
-0.11560561507940292
0.41063499450683594
-0.16400673985481262
0.24143214523792267
-0.07170606404542923
-0.18971985578536987
0.2211640626192093
0.23369517922401428
0.11401788890361786
0.3843127191066742
0.1269894242286682
-0.10340587049722672
0.11521834135055542
0.4660794138908386
-0.39844322204589844
-0.016877006739377975
-0.1034417599439621
0.5250991582870483
-0.13781151175498962
-1.052437424659729
-1.195493459701538
3.0556976795196533
-1.2457797527313232
-1.7436262369155884
1.7151739597320557
-1.1934821605682373
-0.750946044921875
1.3606812953948975
-0.24593797326087952
0.8937400579452515
-0.6971108913421631
-1.1484193801879883
0.8845766186714172
-1.018931269645691
0.24057301878929138
0.854170024394989
-0.7105758190155029
-0.1344362199306488
0.06772837787866592
0.22054676711559296
-0.8797176480293274
0.07723669707775116
0.49739331007003784
-0.7656634449958801
0.5515927672386169
-0.35496944189071655
-0.6772834658622742
0.8413432240486145
-0.6469718217849731
0.30383023619651794
-0.26408857107162476
0.05824589729309082
-0.3880841135978699
0.2974904179573059
-0.07489629089832306
-0.2291114330291748
0.7722181677818298
-0.8527719378471375
-0.45264238119125366
0.3831029534339905
-0.6432979106903076
0.3374488949775696
0.22403712570667267
-0.9122121930122375
0.7973266839981079
-0.05043845251202583
-0.12094449996948242
0.19585160911083221
-0.5220508575439453
-0.042337846010923386
-0.1307167112827301
-0.02108621597290039
0.05875658988952637
0.3511289060115814
0.3477165102958679
-0.8973873257637024
0.10673923790454865
0.23420090973377228
-0.19459368288516998
-0.060427047312259674
-0.8302562832832336
0.28872019052505493
-0.08342685550451279
-0.1963215321302414
0.23349051177501678
-0.0627162903547287
-0.6832283735275269
-0.21465758979320526
0.3521610200405121
-0.26950979232788086
-0.2472257912158966
-0.32633283734321594
0.11057400703430176
-0.08197109401226044
0.08583502471446991
0.028661107644438744
0.18745321035385132
-0.31292879581451416
0.17763379216194153
-0.4438592791557312
0.31314992904663086
-0.14160630106925964
0.11752692610025406
0.18276257812976837
-0.5623306035995483
0.11752314865589142
-0.35252195596694946
0.04698185995221138
0.37360677123069763
-0.47271862626075745
0.17071223258972168
0.8133373260498047
-0.23421891033649445
-0.34869593381881714
0.5257089734077454
-1.1925511360168457
-0.17671634256839752
0.1073305606842041
-0.6277788281440735
0.07881063222885132
-2.740042209625244
0.4470927119255066
0.908250629901886
-1.9610283374786377
-0.03304560109972954
1.6072441339492798
-1.6192728281021118
0.1902557760477066
0.2922417223453522
-0.598483681678772
0.21092072129249573
0.07666601985692978
-0.46062469482421875
0.01842040941119194
0.24390089511871338
0.2576160728931427
-0.057960666716098785
0.0075373174622654915
0.035214997828006744
0.1940010040998459
-0.2470371276140213
-0.16819815337657928
0.22424933314323425
-0.2527443468570709
0.3754092752933502
-0.9565046429634094
0.035852931439876556
0.4555392861366272
0.1359449326992035
-0.5208487510681152
-1.047912836074829
0.4831921458244324
0.2852591574192047
-0.21480640769004822
0.3205067217350006
-0.37747806310653687
-0.227256178855896
-0.4229440689086914
-0.12341489642858505
0.6740742921829224
0.8483079671859741
-1.5460374355316162
-0.8339985013008118
1.4591282606124878
-0.9177276492118835
-0.32605263590812683
0.6905614733695984
-0.44667595624923706
0.1559230536222458
0.7487406134605408
-0.9308111071586609
-0.4113847315311432
0.17406737804412842
0.28971052169799805
-0.008180404081940651
0.1737307906150818
0.7065500020980835
-0.09351308643817902
0.3103596270084381
0.3275185227394104
-0.6031092405319214
0.259427934885025
-0.47519856691360474
0.0573345310986042
0.35760921239852905
-0.3686164617538452
0.5087935924530029
-0.8359277844429016
0.16313734650611877
1.0510838031768799
-0.3721146285533905
-0.25546759366989136
-0.16961857676506042
0.4615943431854248
-0.12737801671028137
0.7151067852973938
-0.015839481726288795
0.08318555355072021
0.030450284481048584
0.04403149336576462
0.3444388806819916
0.46062570810317993
-0.5014210939407349
0.3063601553440094
0.48864197731018066
-0.6774604320526123
-0.24254126846790314
0.15715724229812622
0.38534751534461975
0.3830060064792633
0.03977755457162857
-0.06650812923908234
0.06082233786582947
-0.0595303550362587
0.5800448060035706
0.22220413386821747
0.3573324680328369
-0.2825978100299835
-0.1451602727174759
-1.3496809005737305
-1.7932226657867432
2.119446039199829
-0.24107453227043152
-2.0710644721984863
2.5920543670654297
-1.102308988571167
-1.7308235168457031
1.3212518692016602
-0.5330983400344849
0.11509017646312714
-0.27672848105430603
0.9089492559432983
-0.540805995464325
-0.5940570831298828
0.9985064268112183
-0.263251394033432
-0.3563322424888611
-0.2232176810503006
-0.2690000534057617
0.4800291061401367
-1.0285223722457886
-0.1681988686323166
0.5179013013839722
-0.4511701464653015
0.42498189210891724
-0.3582208752632141
-0.22381949424743652
-0.26894575357437134
-0.12964186072349548
0.2859609127044678
-0.685663104057312
-0.5423892736434937
0.4966356158256531
0.2016901969909668
0.044396352022886276
0.5176498889923096
-0.07145271450281143
-1.1008447408676147
0.21039032936096191
0.49518656730651855
-0.5520094037055969
-0.5294378995895386
0.9728448987007141
-0.25192779302597046
-0.6657328009605408
0.13582496345043182
0.3541296422481537
-0.4849699139595032
-0.3260881304740906
0.5348755717277527
0.09742546081542969
-0.39044904708862305
0.2793978154659271
-0.5484824180603027
0.2643493115901947
0.26577529311180115
-0.5552077889442444
0.6933882832527161
0.5452108979225159
-0.16724248230457306
0.04765291139483452
-0.01530842762440443
-0.026074837893247604
0.13139817118644714
0.3084985613822937
-0.6361721158027649
-0.026755666360259056
0.6274906396865845
0.08585510402917862
0.4042726457118988
-0.15825685858726501
-0.45595794916152954
0.049631547182798386
-0.0805993527173996
-0.4415799081325531
0.04511680454015732
-0.24918170273303986
0.49551624059677124
0.2571994960308075
-0.11023800075054169
-0.11210016906261444
-0.03963904455304146
0.8012154698371887
-0.6588422060012817
0.391379714012146
-0.05762844160199165
-0.19214403629302979
-0.1362616866827011
-0.39241063594818115
-0.3219899535179138
0.9327046275138855
-0.2801477313041687
0.4566831588745117
-0.4911281168460846
-0.46233707666397095
0.611348032951355
-0.13349846005439758
-0.8400479555130005
-0.022478843107819557
-0.31332969665527344
1.2065558433532715
-5.841041088104248
2.530323028564453
1.1619889736175537
-3.1566035747528076
2.3121073246002197
-1.0039122104644775
-1.0860017538070679
1.355066180229187
-0.9331347346305847
0.14619708061218262
0.00373513693921268
-0.7149836421012878
0.24962258338928223
0.5609750151634216
-0.1472848355770111
-0.12858787178993225
-0.0092941764742136
0.09294428676366806
0.27866271138191223
0.0289108045399189
-0.5670434832572937
0.36166438460350037
-0.8010414838790894
-0.21489903330802917
0.4925028681755066
0.3923693895339966
-0.5809108018875122
-0.9477388262748718
0.29803571105003357
0.3306598365306854
-0.5909916162490845
0.2633592486381531
-0.3390815854072571
-0.3978108763694763
-0.2687360644340515
0.304257333278656
0.5887181758880615
-0.0636553019285202
-1.2982285022735596
-0.580914318561554
0.6575129628181458
-0.7006850242614746
-0.6562454104423523
0.7453147172927856
0.24298174679279327
-0.05670185014605522
-0.475756973028183
0.6062527298927307
-0.32195037603378296
-0.08543064445257187
-0.19251234829425812
0.019997620955109596
0.019899463281035423
0.08856785297393799
-0.11107927560806274
0.5569220185279846
-0.1916479617357254
0.012861967086791992
0.33776864409446716
-0.2704503536224365
0.7060133814811707
-0.377566397190094
-0.27712303400039673
0.18550297617912292
-0.042894769459962845
-0.05342523008584976
0.3724950850009918
-0.12507352232933044
-0.25194695591926575
0.1619352102279663
0.3520583510398865
0.10303349792957306
0.11899413913488388
0.20909181237220764
-0.5975619554519653
0.31958118081092834
0.20644359290599823
-0.4722617268562317
0.475655734539032
-0.23867961764335632
0.2801602780818939
0.395733505487442
-0.05136512592434883
0.008724143728613853
-0.12321639060974121
0.17304323613643646
0.010212540626525879
0.3784484565258026
-0.05310918018221855
0.34549733996391296
0.054519057273864746
0.05733106657862663
-0.13154196739196777
0.19872501492500305
0.3324134349822998
0.30478888750076294
-0.20153775811195374
-0.3743952512741089
-1.0799076557159424
-1.220663070678711
2.6670174598693848
-0.7220613360404968
-3.2963287830352783
2.656083345413208
-1.6595680713653564
-1.1125404834747314
1.3985414505004883
0.08005251735448837
0.8461383581161499
-0.8078664541244507
-0.38592880964279175
0.3596598505973816
-1.148324966430664
0.11477508395910263
0.29770055413246155
-1.0581886768341064
0.3469270169734955
0.23171882331371307
-0.09654860198497772
-0.17818693816661835
-0.13904395699501038
-0.2549019455909729
-0.021056462079286575
-0.12423477321863174
0.18144898116588593
-0.45873355865478516
-0.09009122848510742
0.481462299823761
-0.20579639077186584
-0.6975325345993042
-0.5827606916427612
0.7490131258964539
-0.2857537269592285
-0.2701869606971741
0.16667604446411133
0.18050937354564667
-1.3777761459350586
0.45897847414016724
1.0012991428375244
-0.733383297920227
0.6910281181335449
0.45044049620628357
-1.1383565664291382
0.6835899353027344
0.09805379062891006
-0.5345374345779419
0.018791580572724342
0.6569761037826538
-0.12728147208690643
-0.36673659086227417
-0.37020793557167053
-0.049208879470825195
-0.16742286086082458
0.314288854598999
-0.20317105948925018
-0.43211913108825684
0.8995374441146851
-0.6805989146232605
-0.18337610363960266
0.7242122888565063
-0.7127142548561096
-0.5718700885772705
0.4656347334384918
-0.3453550338745117
-0.35392624139785767
0.21940791606903076
-0.6108698844909668
0.04308512061834335
-1.0197532176971436
-0.027662944048643112
-0.2619813084602356
-0.287047803401947
-0.4867536425590515
0.07253208011388779
-0.24207353591918945
0.5312440991401672
-0.023604536429047585
-0.25179117918014526
0.34916847944259644
-0.24472534656524658
-0.4270004332065582
0.2946782112121582
-0.6856164932250977
0.21013040840625763
0.5893919467926025
-0.6279457807540894
0.2388744056224823
0.6620600819587708
-1.2150629758834839
0.14314201474189758
-0.14325746893882751
-0.5943576693534851
0.20166826248168945
-0.16065016388893127
-0.12495949119329453
0.01550140418112278
-0.30008822679519653
0.21482637524604797
-1.0170139074325562
-3.7586216926574707
3.222130298614502
0.5836988687515259
-3.7748348712921143
1.6591554880142212
0.8455116152763367
-1.701472520828247
1.2379992008209229
-0.1625100076198578
-0.7648434638977051
0.5008946657180786
-0.4277156889438629
-0.4992958903312683
0.4239681363105774
0.20809511840343475
0.10962243378162384
0.29730409383773804
0.06267689168453217
0.00037963391514495015
-0.0385204553604126
-0.050919342786073685
-0.3350919783115387
-0.18719348311424255
0.07989753782749176
0.5516530275344849
-0.3314453363418579
-0.3635067343711853
0.34606266021728516
0.08794426918029785
-0.8740663528442383
-0.3893025517463684
0.2333267629146576
0.20914828777313232
-1.025344967842102
0.955645740032196
0.7253652811050415
-1.1571457386016846
-0.10191844403743744
0.1228170394897461
-0.13382604718208313
-0.30151769518852234
0.12892338633537292
-0.11822517216205597
0.14523330330848694
-1.0066355466842651
0.6259783506393433
0.12214410305023193
-0.5187687277793884
0.33275896310806274
0.2424929440021515
-0.6626443266868591
-0.397530734539032
-0.23678655922412872
-0.008838050067424774
0.13293877243995667
0.03947310522198677
0.19767549633979797
0.49981164932250977
-0.625422477722168
0.314353883266449
-0.19527170062065125
-0.10676449537277222
0.3749018609523773
-0.4911572337150574
-0.3669606149196625
0.4078797399997711
-0.19417844712734222
-0.07480137050151825
0.02465270832180977
0.7642434239387512
0.04398714378476143
0.5847861170768738
-0.5883301496505737
-0.05220324918627739
-0.16049857437610626
0.5342525243759155
-0.3464820981025696
-0.06826285272836685
-0.11845298111438751
-0.13343892991542816
-0.07828693091869354
0.8291527032852173
-0.4225853979587555
0.04191577434539795
0.13891635835170746
-0.1527496576309204
0.1620769202709198
0.05554495006799698
-0.00857478380203247
0.23239096999168396
0.3203026056289673
0.20421405136585236
0.022660935297608376
-0.581900954246521
0.20695337653160095
0.16565999388694763
-0.5442714691162109
0.24542102217674255
-0.4273281991481781
-0.8944970369338989
-1.517249345779419
2.7061233520507812
-0.6744626760482788
-3.423833131790161
2.594977855682373
-1.386547327041626
-0.6452165842056274
1.2002170085906982
-0.2525375485420227
0.25658273696899414
-0.3792635500431061
-0.5762443542480469
0.39492154121398926
-0.26448526978492737
0.3404195308685303
-0.06742329895496368
-0.6404802799224854
0.07323908805847168
-0.40303754806518555
0.20010414719581604
-0.8421940803527832
0.7023665308952332
-0.06161336973309517
0.0038224696181714535
-0.3426203727722168
-0.38992929458618164
0.10800056159496307
-0.07060670852661133
-0.49399861693382263
-0.01891765557229519
0.5559149980545044
-0.6119192838668823
-0.3811946511268616
-0.03517737239599228
0.19874492287635803
-0.024436568841338158
-0.12184377014636993
0.1331011801958084
0.06019921228289604
-0.9683324098587036
-0.2508738040924072
0.07228870689868927
0.23289021849632263
-0.21532383561134338
-0.016443777829408646
0.24148325622081757
0.20902013778686523
0.12281761318445206
0.2534410357475281
-0.5775723457336426
-0.32358407974243164
0.23833222687244415
-0.027084875851869583
-0.41240620613098145
-1.1166588068008423
0.025940513238310814
-0.3867601454257965
0.16807794570922852
0.0166031364351511
0.008081269450485706
0.06783370673656464
-0.8626761436462402
0.42419975996017456
-0.4883953034877777
-0.5398949384689331
0.15094232559204102
-0.21944093704223633
-0.1296350061893463
-0.834222674369812
-0.21783466637134552
-0.004579997155815363
-0.07159866392612457
-0.9989444613456726
-0.15087835490703583
-0.27161166071891785
0.19937750697135925
-0.5364238619804382
-0.2744200825691223
-0.4439440369606018
0.2398281842470169
-0.0488949678838253
-0.37085288763046265
-0.16277790069580078
-0.3070130944252014
0.21356458961963654
0.02928735688328743
-0.16769424080848694
-0.047228939831256866
-0.6944133043289185
-0.6364765167236328
0.7761478424072266
-1.2959356307983398
-0.223371222615242
0.6751523613929749
-0.22986432909965515
0.5783579349517822
-0.233512282371521
-0.2955034375190735
-0.26534503698349
-0.662967324256897
-2.7875266075134277
0.7768447995185852
0.546472430229187
-1.6068553924560547
-0.24645110964775085
0.9785318374633789
-1.6489813327789307
0.5377143621444702
0.11577586829662323
-0.32099518179893494
0.0028218268416821957
0.12735705077648163
0.1359957605600357
-0.1269744485616684
-0.4602009356021881
0.32066431641578674
1.2550947666168213
-0.6927963495254517
-0.6696542501449585
0.7199021577835083
-0.39626479148864746
0.17913851141929626
0.23781681060791016
-0.012757157906889915
-0.4861043095588684
-0.01574103906750679
-0.4869552552700043
0.3671890199184418
-0.38706833124160767
-0.2684350311756134
-0.016756201162934303
-0.43536195158958435
1.1432416439056396
0.37240490317344666
-0.8088659048080444
-0.7698790431022644
0.24722608923912048
0.12494806945323944
-0.16191904246807098
0.3602736294269562
1.1385130882263184
-0.6244030594825745
-0.1003817692399025
0.3200458884239197
-0.30403897166252136
-0.4972395896911621
0.3369937539100647
0.6260382533073425
-0.42250218987464905
-0.4609798491001129
0.4598909914493561
0.0010214566718786955
0.26475054025650024
0.2501893937587738
-0.006286191754043102
0.15125629305839539
0.15774035453796387
-0.13035857677459717
-0.28185245394706726
0.2815585136413574
-0.41229772567749023
0.21260829269886017
-0.05568094179034233
-0.12474341690540314
0.2754538953304291
-0.14109495282173157
0.30006077885627747
0.3074714243412018
0.19613724946975708
0.6069109439849854
-0.45286139845848083
0.19991397857666016
-0.16807910799980164
-0.13096073269844055
0.026823317632079124
0.41902023553848267
0.07136724889278412
-0.12057330459356308
0.09278734028339386
-0.06761495769023895
0.5718780755996704
-0.08882293850183487
-0.42995744943618774
0.13216917216777802
0.009551668539643288
-0.33177614212036133
0.030506646260619164
0.37760084867477417
-0.08445868641138077
-0.2562343180179596
0.378866046667099
0.016765689477324486
-0.09384859353303909
0.06902973353862762
-0.34359344840049744
0.4511217474937439
0.09520997852087021
-0.2851242423057556
-0.16467486321926117
-0.3827034831047058
-1.7838847637176514
3.1054580211639404
-0.9826818704605103
-1.7523800134658813
2.126248836517334
-1.6436231136322021
-0.7920535206794739
0.8445509076118469
-0.329193651676178
0.2849408686161041
0.06680641323328018
0.06610097736120224
-0.9404122233390808
0.16275553405284882
-0.004388284869492054
-1.0276362895965576
-0.057699013501405716
0.6432280540466309
-0.8981788754463196
-0.4360544681549072
0.14485971629619598
-0.38302987813949585
0.026873111724853516
-0.9685317873954773
0.24027052521705627
-0.5365245342254639
-0.13775643706321716
-0.5540176630020142
-0.1374342441558838
0.3933301866054535
-0.767254114151001
-0.41392478346824646
0.03364915773272514
0.31429338455200195
-0.962541401386261
0.4474942088127136
-0.6217952370643616
-0.4779096245765686
0.022692346945405006
0.09217147529125214
-0.27792835235595703
-0.017768001183867455
-0.06389851868152618
-0.10727429389953613
-0.33078891038894653
0.011887932196259499
-0.25695228576660156
-0.15642209351062775
-0.0962582603096962
0.9258003234863281
-0.5687674283981323
-0.11222324520349503
1.029564619064331
-1.518405795097351
0.42978939414024353
0.01845378801226616
0.14090988039970398
-0.13256259262561798
-0.2654854357242584
0.3456694185733795
-0.5219306349754333
0.488593727350235
0.39858347177505493
-0.5298609733581543
-0.12438488006591797
0.20703737437725067
-0.7392347455024719
-0.43719953298568726
0.1896786242723465
0.3889428973197937
-0.6314532160758972
-0.12103410065174103
-0.40061941742897034
0.5846393704414368
-0.4939190745353699
-0.011997508816421032
-0.1546052247285843
0.29760631918907166
-0.058142662048339844
-0.40530914068222046
-0.16135907173156738
0.003436184022575617
-0.9486604928970337
0.5918007493019104
0.7948736548423767
0.011678194627165794
0.06979522854089737
0.02954118326306343
-0.19224229454994202
0.4316432476043701
-0.2905021011829376
-0.049380652606487274
-0.17935864627361298
-0.148079514503479
-0.5649874210357666
0.20193663239479065
-0.23781733214855194
0.03935685008764267
-0.8171831369400024
1.1154999732971191
-1.6100056171417236
-2.319408893585205
2.3684756755828857
-2.4616587162017822
-0.32086607813835144
1.7049099206924438
-2.1576740741729736
-0.026534060016274452
0.9042371511459351
-1.5025519132614136
0.5236647725105286
-0.28549039363861084
-0.577730655670166
0.7383731603622437
-0.650952935218811
-0.39765429496765137
0.7201666235923767
0.33395200967788696
-0.7985059022903442
0.41441473364830017
-0.17541632056236267
-0.23144909739494324
0.16438111662864685
-1.0140081644058228
0.4831441044807434
-0.6346282958984375
-0.45211154222488403
0.6716184020042419
-0.5426413416862488
-0.07516896724700928
0.020398449152708054
-0.6093400716781616
1.326596975326538
0.20464162528514862
-1.450877070426941
-0.6230021715164185
0.5542702078819275
-0.32012510299682617
-0.22829583287239075
0.6802176833152771
0.08164296299219131
-0.508992075920105
0.17787060141563416
0.17829880118370056
-0.6133021116256714
0.21262192726135254
0.16275396943092346
0.12438943237066269
-0.1193171888589859
-0.757225513458252
0.6288068294525146
-0.7619637250900269
-0.2369004487991333
-0.21116557717323303
-0.3687717318534851
0.0030106068588793278
0.20820112526416779
-0.09315536171197891
-0.009753298945724964
0.1726127415895462
-0.4221772253513336
0.32296115159988403
-0.10283014923334122
-0.25409966707229614
0.7256406545639038
-0.31870898604393005
-0.5506832599639893
0.06594438850879669
0.011246204376220703
0.3550984859466553
-0.34336093068122864
0.4022059440612793
-0.08295509964227676
0.2647882401943207
0.021706905215978622
0.26759737730026245
-0.12194131314754486
-0.269715815782547
0.5278581380844116
-0.21230635046958923
0.18956756591796875
0.0011795877944678068
-0.045043349266052246
0.21389102935791016
-0.0363973006606102
-0.03178230673074722
0.17652447521686554
-0.34064725041389465
0.23843351006507874
-0.28602737188339233
0.23927167057991028
-0.2672773003578186
-0.24683623015880585
0.1938372552394867
0.10414667427539825
-0.21630588173866272
-0.011468547396361828
0.13233083486557007
0.38685232400894165
-1.5911881923675537
-0.704800009727478
2.840700626373291
-1.8214499950408936
-1.259314775466919
1.623009443283081
-1.1132771968841553
-1.1390762329101562
1.2125781774520874
-0.2818880081176758
0.5778273940086365
-0.8100054860115051
-0.3806878626346588
0.36208072304725647
0.41821783781051636
-0.032746218144893646
-0.6094741225242615
-0.20134949684143066
0.6471104025840759
-0.36422738432884216
0.2620834708213806
-0.6324416399002075
0.7613076567649841
0.14445695281028748
-0.8137069940567017
0.28258243203163147
-0.21190576255321503
-0.7853696346282959
0.21254730224609375
0.37133318185806274
0.039763353765010834
-0.26504823565483093
0.37157702445983887
-0.33936938643455505
-0.13565631210803986
-0.4040305018424988
0.41042500734329224
0.22387996315956116
-0.5337716341018677
0.3513590693473816
0.9193751215934753
-1.0637562274932861
0.5521562099456787
0.8081987500190735
-0.48968830704689026
0.4205464720726013
-0.8957125544548035
0.14366988837718964
0.567206621170044
-0.8210334777832031
0.5631057620048523
0.048688460141420364
-0.5733155608177185
0.3473154604434967
0.63196861743927
-0.5375570058822632
-0.27282556891441345
-0.00859079323709011
0.20073899626731873
-0.26114970445632935
0.14066410064697266
-0.05843234062194824
0.09860043227672577
0.25350531935691833
-0.8050810098648071
0.4773266911506653
-0.6782047152519226
-0.33889082074165344
-0.2151966542005539
0.1345401108264923
0.29203638434410095
-0.3724510669708252
-0.908369243144989
-0.41382455825805664
-0.17913751304149628
0.4436822831630707
-0.5266824960708618
-0.2762192189693451
0.2073478251695633
-0.4230130612850189
0.7654017210006714
-0.5056058168411255
-0.6790369749069214
-0.4253609776496887
1.1338551044464111
-0.9577091932296753
-0.4027620255947113
0.5623593330383301
-0.5796076655387878
-0.20514145493507385
0.1390034705400467
0.1934930384159088
0.14778561890125275
-0.6443821787834167
0.227664515376091
0.0025511502753943205
-0.002552080200985074
0.12135393917560577
0.9897457361221313
-0.8897956609725952
-0.42336305975914
-2.203547477722168
0.4270137846469879
0.7225497961044312
-1.8072478771209717
-0.04918157309293747
0.9414615631103516
-1.2403159141540527
0.6251333355903625
-0.28753456473350525
-0.4859209656715393
0.4042004644870758
-0.0433034785091877
-0.4067174792289734
0.49252718687057495
-0.16166789829730988
0.18054237961769104
0.3462134301662445
-0.20659418404102325
-0.12257387489080429
-0.0355379581451416
0.05764586851000786
0.5140683054924011
-0.37939053773880005
-0.3662789463996887
0.3442266583442688
-0.8389530181884766
-0.36219942569732666
0.5005718469619751
0.049263667315244675
-0.15332229435443878
-0.28283101320266724
-0.2316426783800125
0.660243809223175
0.5463318824768066
-0.9107394218444824
-0.7895782589912415
0.8698347210884094
-0.14963297545909882
0.33997493982315063
-0.17425236105918884
0.7655729055404663
-0.44754156470298767
-0.392831951379776
0.2396508902311325
0.4049849510192871
-0.460728257894516
0.26465922594070435
0.4981403350830078
-0.19497022032737732
-0.06775609403848648
-0.02284369431436062
-0.3604915738105774
0.092464879155159
0.4608977735042572
0.05183587223291397
0.5695253610610962
-0.04207967594265938
-0.03051013872027397
-0.48292747139930725
0.3061029314994812
-0.25573965907096863
-0.13113625347614288
-0.13356958329677582
0.33732324838638306
0.6232876777648926
0.454708993434906
-0.10658147186040878
0.08929309993982315
0.14397047460079193
0.19199979305267334
-0.6609838008880615
-0.08998877555131912
0.2935947775840759
0.11263419687747955
-0.23064689338207245
0.2908981442451477
0.2706809639930725
0.10584463179111481
0.26278552412986755
-0.326019823551178
0.0632801428437233
0.5885612368583679
-0.46845537424087524
0.05065440014004707
0.38436704874038696
0.3849765360355377
-0.5773437023162842
0.03660610318183899
0.7060964107513428
-0.20017090439796448
-0.09085424244403839
0.48667222261428833
-0.729720950126648
0.06295116245746613
0.2777891755104065
0.28845661878585815
-0.4279697835445404
0.09048565477132797
-0.01777707226574421
-0.8337351679801941
-1.9787397384643555
3.0151212215423584
-0.8968976736068726
-2.4548401832580566
2.0811336040496826
-0.7309470772743225
-0.9646002054214478
1.1691253185272217
-0.31224092841148376
0.9570226669311523
-1.137057900428772
-0.6742987632751465
0.10491909831762314
-0.6334846019744873
0.2971982955932617
-0.12870922684669495
-0.49739521741867065
-0.11256837844848633
-0.35533395409584045
1.054037094116211
-1.2835184335708618
0.5755557417869568
-0.019634628668427467
-0.5879672765731812
0.666094183921814
-0.01685771904885769
-0.5479924082756042
-0.010299062356352806
-0.3400231897830963
0.4218032956123352
-0.6540333032608032
-0.07925663143396378
0.2331143319606781
-0.09708595275878906
-0.29027706384658813
-0.32560762763023376
-0.4954455494880676
-0.38244733214378357
0.18638578057289124
0.05115699768066406
-0.16953535377979279
-0.2499200403690338
0.20545320212841034
-0.5904442071914673
-0.15980644524097443
0.5153168439865112
-1.1216462850570679
0.3612683117389679
0.14558377861976624
0.28507623076438904
-0.6290988922119141
0.23942509293556213
-0.1076296791434288
0.15384674072265625
0.2389947474002838
-0.8720949292182922
0.1227623000741005
0.35907140374183655
-0.583999752998352
-0.32434195280075073
0.39382028579711914
-0.5287488698959351
-0.08373036235570908
-0.20530445873737335
0.1735576093196869
-0.5040198564529419
-0.3508238196372986
-0.09914741665124893
0.010975289158523083
0.42872220277786255
-0.11579437553882599
-0.5744050145149231
-0.07565100491046906
-0.576464056968689
-0.35808712244033813
-0.3096254765987396
0.23289355635643005
-0.6671258807182312
-0.15877655148506165
-0.29963093996047974
0.1469830572605133
0.181233748793602
-0.15053348243236542
-0.4806029200553894
0.19585448503494263
-0.11419598013162613
0.03317754343152046
-0.2074948102235794
-0.3590274751186371
-0.1902584582567215
-0.10149242728948593
-0.36640244722366333
-0.11527816951274872
-0.7598181366920471
0.18869099020957947
-0.13971278071403503
-0.198233500123024
0.8832198977470398
-0.7015413641929626
-0.7227661609649658
-2.092315196990967
1.2955172061920166
-0.06611160933971405
-1.216081976890564
-0.3014407753944397
1.1381404399871826
-1.2922842502593994
0.1837681531906128
0.5073606371879578
-0.7521847486495972
0.4098219871520996
-0.47087520360946655
-0.23300984501838684
0.18488983809947968
-0.030992960557341576
0.12497396767139435
0.1495399922132492
-0.010590553283691406
-0.5156591534614563
0.19744972884655
-0.35619238018989563
0.05712489038705826
-0.247468039393425
0.21958355605602264
-0.031507182866334915
-1.059626817703247
-0.030623245984315872
0.6718382239341736
0.25970613956451416
-0.5413830876350403
-1.1671836376190186
0.4700454771518707
0.42802515625953674
-0.3259190618991852
0.21682509779930115
0.09419476985931396
-0.4062027335166931
-0.1986713707447052
-0.25411224365234375
0.2124778777360916
1.075147032737732
-1.315542459487915
-0.6540219783782959
0.7795487642288208
-0.3150203824043274
-0.37091249227523804
0.41982874274253845
-0.5265277624130249
0.8251112103462219
0.07588239014148712
-0.2422424554824829
-0.04549968242645264
0.5389562845230103
-0.16969682276248932
-0.49851900339126587
0.12884469330310822
0.2616690695285797
0.05262625217437744
0.15256111323833466
0.3089582324028015
-0.42371994256973267
0.35436612367630005
-0.477031946182251
0.21964097023010254
0.6169710755348206
0.10312135517597198
-0.4923567771911621
0.2985900640487671
0.3233657479286194
0.3485366702079773
-0.5446560382843018
-0.41902297735214233
0.40354475378990173
0.5351222157478333
-0.688494086265564
0.07047917693853378
0.40354928374290466
0.07998917251825333
-0.3024514317512512
-0.061361342668533325
0.33387914299964905
0.21886393427848816
0.1557297706604004
-0.33775365352630615
0.2730552554130554
0.12215093523263931
-0.554212212562561
0.13067421317100525
0.29685133695602417
0.13241538405418396
-0.15782025456428528
-0.002174592111259699
-0.008248758502304554
0.37232059240341187
0.2685605585575104
-0.2879670262336731
0.5380144119262695
-0.3016386032104492
-0.599126935005188
-0.3889074921607971
-2.1339826583862305
2.381321430206299
-0.5255258679389954
-2.290616750717163
2.5859553813934326
-1.3557567596435547
-0.2692418694496155
0.8345211744308472
0.09283185005187988
1.0054457187652588
-0.45491522550582886
-1.163493037223816
0.6018775105476379
0.08217048645019531
-0.2385198175907135
-0.6272729635238647
0.29992929100990295
-0.6901825666427612
0.09784293174743652
0.5817635655403137
-0.6946970820426941
-0.031055498868227005
0.1333601027727127
-0.3177419602870941
-0.18314595520496368
-0.19549092650413513
-0.5485059022903442
-0.11823072284460068
-0.3500274121761322
0.5238522291183472
-0.1383257359266281
-0.5354238748550415
0.5743633508682251
0.0013284683227539062
-0.8809309005737305
1.0022051334381104
0.014905977062880993
-0.5575075745582581
-0.062166593968868256
-0.5973364114761353
-0.7649149298667908
0.4134367108345032
0.3364207148551941
-0.3584928512573242
0.25211334228515625
-0.40686243772506714
0.32192444801330566
-0.38933032751083374
0.36133360862731934
-0.8722131848335266
0.32772621512413025
0.008931541815400124
0.742713451385498
-0.8971650004386902
-0.25958672165870667
0.17242570221424103
-0.1860349476337433
0.21242418885231018
-0.3884755074977875
0.2391885221004486
-0.15180858969688416
-0.7266048192977905
-0.24422964453697205
0.6642710566520691
-0.22370199859142303
0.07840056717395782
-0.05165379121899605
-0.0310193058103323
-0.8416610956192017
0.7688825726509094
-0.5514078140258789
-0.36983951926231384
1.3948335647583008
-0.8726043701171875
-0.20710039138793945
-0.1546126902103424
-0.011907076463103294
-0.2990800142288208
-0.21973344683647156
0.010786461643874645
-0.31433647871017456
0.36300796270370483
-0.5039860010147095
-0.2993434965610504
0.3106076717376709
-0.40364113450050354
0.15772795677185059
-0.2563442885875702
0.6482941508293152
-0.8283856511116028
-0.4534420073032379
0.3670048713684082
-0.22843115031719208
0.3211509883403778
-0.4923955798149109
-0.0104752779006958
0.10272695869207382
-0.6460736393928528
0.5649283528327942
-0.846932590007782
-2.9220361709594727
0.8133498430252075
0.5083892941474915
-1.857198715209961
0.16807544231414795
1.0009078979492188
-1.8651586771011353
0.5349869132041931
0.4899384081363678
-0.5367578268051147
-0.006980633828788996
0.0764307975769043
-0.3984823226928711
0.39355945587158203
0.2592119574546814
0.08696629106998444
-0.1736699640750885
0.18285319209098816
-0.2235104739665985
-0.39168524742126465
0.2565619945526123
-0.5509881377220154
-0.07532653957605362
-0.0017819643253460526
-0.14467819035053253
-0.7338584661483765
-0.33350908756256104
0.9723750948905945
0.11684446036815643
-0.8618151545524597
-0.9359046816825867
0.5877754092216492
0.1364511251449585
-0.32070499658584595
0.019272852689027786
-0.15245962142944336
0.24481657147407532
-0.2602091431617737
-0.04386425018310547
0.483830064535141
0.5950180888175964
-0.5464907288551331
-0.7229121923446655
0.1972859650850296
-0.05660562589764595
-0.08239562809467316
0.9262232780456543
-0.6065056920051575
0.06435360014438629
-0.3083992898464203
-0.17526714503765106
-0.5649040937423706
0.42126035690307617
-0.1179666519165039
-0.01444387435913086
0.08160650730133057
-0.05270209163427353
0.23805899918079376
-0.4518813490867615
0.685235321521759
-0.30043596029281616
0.11905501037836075
-0.4351339340209961
0.28762081265449524
0.012053882703185081
-0.5296551585197449
-0.1251363754272461
0.7780251502990723
-0.533911943435669
0.11551876366138458
0.12375997006893158
0.468646764755249
0.19472549855709076
-0.28169378638267517
0.036703623831272125
0.44904541969299316
0.031169647350907326
-0.5690329670906067
-0.050339389592409134
0.22719614207744598
-0.017706740647554398
-0.5334992408752441
-0.1288260519504547
0.8603842854499817
-0.3954054117202759
-0.06043484807014465
0.23426225781440735
-0.14042119681835175
-0.23093393445014954
0.2870074212551117
-0.10114528238773346
0.37032681703567505
-0.10210015624761581
0.1202029138803482
0.34944868087768555
-0.4649019241333008
0.0747452974319458
0.38141149282455444
-0.8820702433586121
-0.6115695834159851
-1.622510313987732
2.702686071395874
-0.6563246846199036
-2.1563849449157715
1.6821060180664062
-1.0530152320861816
-0.8422418832778931
1.2877594232559204
-0.7517236471176147
0.718025803565979
-0.5332837104797363
-0.5160239338874817
0.21363615989685059
-0.2943805456161499
-0.41137823462486267
0.332383930683136
-0.021648216992616653
-0.12642307579517365
-0.1156378760933876
0.07513809204101562
-0.556423008441925
-0.019542407244443893
-0.08628392219543457
-0.6392632722854614
-0.06572618335485458
-0.04768190532922745
0.021874094381928444
0.5391467809677124
-0.9906447529792786
0.5646806359291077
-0.15352535247802734
-0.6014944314956665
0.48282390832901
-0.14912930130958557
-0.7372029423713684
0.20375590026378632
-0.09033479541540146
0.099870964884758
0.1023070365190506
-1.032987356185913
-0.03902840614318848
1.2168381214141846
-0.5656862854957581
-0.4884161949157715
0.9155260324478149
-0.8298139572143555
0.04049878194928169
0.1554093360900879
-0.676282525062561
0.08440065383911133
0.6560612320899963
-0.29982632398605347
0.13043999671936035
-0.415793240070343
0.08800654113292694
0.14863653481006622
-0.18655042350292206
-0.6398933529853821
-0.4593333601951599
0.05894126743078232
0.12054691463708878
0.4504327178001404
-0.5295007228851318
-0.26808077096939087
-0.17914171516895294
0.2540016770362854
0.24440160393714905
-0.9231534004211426
0.3044676184654236
0.3367677330970764
-0.3807031512260437
-0.5536920428276062
-0.3796740174293518
0.44862866401672363
0.33430033922195435
-0.7897013425827026
-0.6185036301612854
0.20106938481330872
0.6871901154518127
-0.21094751358032227
-0.7900069952011108
-0.06105945259332657
0.5932630896568298
-0.9086731672286987
-0.40988898277282715
-0.65481036901474
0.44583988189697266
0.06353233754634857
-0.09916327148675919
0.2175782173871994
-0.3541030287742615
-0.1569390594959259
-1.1219581365585327
0.5782984495162964
-0.9259018898010254
-0.27527090907096863
0.39146631956100464
0.06290904432535172
-0.6336889266967773
-0.16106028854846954
-2.9410006999969482
0.4866255819797516
1.0229780673980713
-2.029827356338501
-0.27366238832473755
1.306577444076538
-1.4305527210235596
0.4159446656703949
0.23382623493671417
-0.6485584378242493
0.2604535222053528
-0.0011028290027752519
-0.5218485593795776
-0.290432333946228
0.14519962668418884
0.35326921939849854
-0.3365743160247803
-0.41340121626853943
0.3201069235801697
-0.21050730347633362
-0.09469946473836899
0.09044233709573746
0.16562440991401672
-0.9058426022529602
0.07301972061395645
-0.7840860486030579
-0.012340640649199486
0.9081020355224609
0.08782128989696503
-0.7767481803894043
-1.1903419494628906
0.8828139305114746
-0.09274711459875107
-0.12396254390478134
-0.35215482115745544
0.022976160049438477
0.08459532260894775
0.12342516332864761
-0.08307149261236191
-0.2809692919254303
0.16570886969566345
-0.01672067679464817
-0.6255462765693665
0.08078993856906891
-0.20065757632255554
-0.07485365122556686
0.1995382010936737
-0.2040025293827057
0.3509446978569031
0.0837780237197876
-0.18434913456439972
-0.3209126591682434
0.6746664643287659
-0.46889108419418335
0.12252721935510635
0.09920528531074524
0.726194441318512
-0.283812940120697
-0.2566259503364563
-0.03536956384778023
-0.5174001455307007
0.294710248708725
0.334530770778656
-0.28670603036880493
0.0986030325293541
0.0644678846001625
-0.4515254497528076
0.666569173336029
0.20965047180652618
-0.6819012761116028
0.8150184750556946
-0.09512599557638168
0.22092798352241516
0.48393481969833374
-1.0378696918487549
0.24153456091880798
0.18549039959907532
-0.1663956493139267
0.4173220694065094
-0.4219910204410553
-0.4740529954433441
0.8395993113517761
-0.7306420207023621
0.09660334885120392
0.36240795254707336
-0.08931152522563934
-0.06407420337200165
0.3213950991630554
-0.17895075678825378
0.3996604084968567
0.1877882480621338
-0.27040666341781616
0.4540002942085266
-0.5309543013572693
0.13113601505756378
0.045597754418849945
0.09202241152524948
-0.2679153084754944
-0.5783804655075073
-0.8730355501174927
-1.507760763168335
2.0795369148254395
-0.12970981001853943
-3.0182929039001465
2.017423629760742
-1.2543919086456299
0.12577800452709198
0.9389484524726868
-0.5274065136909485
0.42000240087509155
-1.2214151620864868
0.1484180986881256
0.6179561614990234
-1.0084508657455444
0.6148213744163513
-0.15913157165050507
-0.6389004588127136
0.17844267189502716
-0.2961854040622711
0.46360117197036743
0.16676226258277893
-0.20133014023303986
0.37872228026390076
-0.3045147955417633
-0.5745908617973328
0.25955647230148315
-0.45509347319602966
0.3627380430698395
-0.19327755272388458
0.369528204202652
-0.3454553186893463
0.006197071168571711
0.2633451819419861
-0.0879901871085167
-0.2296411544084549
0.09440560638904572
0.15504364669322968
-0.06890340149402618
-0.04390106350183487
-0.15581569075584412
-0.4333992600440979
0.12103919684886932
0.2919174134731293
-0.8303300738334656
0.6983952522277832
0.45767244696617126
0.05298648029565811
-0.035501621663570404
0.10296635329723358
-0.6770366430282593
-0.0937274917960167
-0.1242137923836708
0.055776309221982956
-0.6063783168792725
0.523318350315094
0.13796815276145935
-0.7417014241218567
0.4896344244480133
-0.3341760039329529
-0.08725485950708389
-0.016766738146543503
-0.47242894768714905
0.4734579026699066
-0.597691535949707
-0.10491766780614853
0.26822224259376526
-0.07947225868701935
0.49424466490745544
-0.43026047945022583
-0.47570914030075073
0.19877639412879944
-0.052842237055301666
0.3255701959133148
-0.1122332364320755
-0.6745845675468445
-0.35552656650543213
-0.21500268578529358
-0.8139670491218567
0.1479981243610382
0.6542571187019348
-0.5970428586006165
-0.8326889872550964
0.719014048576355
0.3148285448551178
-0.6173826456069946
-0.01128840446472168
-0.16405507922172546
0.05226583406329155
0.03671259805560112
-0.02138691022992134
0.1659870445728302
-0.2105519026517868
0.16862353682518005
-0.06084334850311279
0.09848960489034653
-0.16840258240699768
0.4893287718296051
-0.45144766569137573
-0.6187360286712646
0.049245066940784454
-3.009363889694214
0.6856807470321655
1.0972511768341064
-2.109149932861328
0.0014264285564422607
1.0530753135681152
-1.093619704246521
0.08417649567127228
0.38076865673065186
-0.4635906219482422
-0.10951030254364014
0.2687699794769287
-0.2870616018772125
0.309400737285614
-0.05036614090204239
-0.29313531517982483
0.047473907470703125
0.2614295482635498
-0.5666559934616089
0.04901402071118355
-0.528293251991272
-0.1175735592842102
0.043595362454652786
0.05252646654844284
-0.09025351703166962
-0.7981690168380737
-0.5655788779258728
0.8227437138557434
-0.37407901883125305
0.027272284030914307
-0.8527790904045105
-0.23164430260658264
0.7742923498153687
-0.0819820910692215
-0.8406841158866882
-0.7482270002365112
0.9863373041152954
-0.1439136266708374
-0.9333522915840149
0.18065376579761505
0.5143247842788696
-0.4091064929962158
-0.27990055084228516
0.8460601568222046
-0.6290310621261597
-0.08583442121744156
0.052976083010435104
0.41417914628982544
-0.3476737141609192
-0.21088139712810516
-0.15209457278251648
-0.16279420256614685
0.3952937722206116
-0.3077561855316162
-0.25038647651672363
-0.030532587319612503
0.4437161386013031
-0.3008350729942322
-0.06692364066839218
-0.005720198154449463
-0.1964719593524933
-0.02834106609225273
-0.1497584730386734
0.1932017207145691
-0.026472652330994606
-0.6151857376098633
0.028977036476135254
0.1579502373933792
0.13013723492622375
-0.5319687724113464
-0.21878063678741455
-0.09081363677978516
0.4424051344394684
-0.7102352380752563
0.507838785648346
-0.46425509452819824
0.25787046551704407
0.3488313853740692
-0.5950838327407837
0.19111263751983643
-0.23415295779705048
-0.2537693381309509
0.1171606034040451
-0.04283982515335083
0.1156127080321312
-0.28955259919166565
-0.042574573308229446
-0.4614173471927643
-0.13996431231498718
0.1895025223493576
0.09323510527610779
0.07738431543111801
0.0007682800060138106
-0.20254965126514435
0.21672633290290833
0.006415951065719128
0.08067800104618073
0.10045506060123444
-0.31251755356788635
