-1.466373324394226
-1.466373324394226
3.9407989978790283
-4.9955925941467285
0.24710440635681152
1.2279181480407715
-1.403490662574768
1.1639363765716553
-0.3542218506336212
-0.884480357170105
1.0369583368301392
-0.6502504944801331
-0.2853063941001892
0.3319834768772125
-0.22429248690605164
-1.3477141857147217
0.6795431971549988
1.136529803276062
-1.2354811429977417
0.5285561084747314
0.07972776889801025
0.30893486738204956
1.0255146026611328
-0.6701661944389343
-1.3457978963851929
-0.5878711938858032
0.896201491355896
-1.142991065979004
1.2135322093963623
1.475881814956665
-1.6980119943618774
0.8670973777770996
0.07471766322851181
-1.5495269298553467
0.7912585139274597
0.055947113782167435
-3.8878655433654785
1.1765450239181519
0.9434321522712708
-1.2634985446929932
0.8009977340698242
2.326197385787964
-0.2173370122909546
0.2971891760826111
-0.7140905261039734
-0.06677279621362686
0.3190217614173889
-0.09008507430553436
-2.0795140266418457
-0.7699090838432312
1.2630068063735962
-0.35278820991516113
-0.3065522015094757
1.8740421533584595
-1.387486219406128
-0.5127301812171936
0.7830475568771362
-0.6388406157493591
-0.00849800743162632
0.09326080977916718
-0.7517772316932678
1.2333835363388062
-0.440081924200058
-0.3354874551296234
0.5401954054832458
-0.12136272341012955
-0.27357661724090576
0.013084234669804573
0.2687072455883026
-0.2943858206272125
1.428542971611023
0.18567410111427307
-0.70671147108078
-0.27246564626693726
-0.14841099083423615
-0.17894336581230164
-0.2884596884250641
-0.5548807382583618
-0.903928279876709
1.4949179887771606
-0.5381793975830078
-0.3481953740119934
1.8150217533111572
0.12350521236658096
-0.5555604696273804
0.9660358428955078
-0.4872438907623291
-0.20024295151233673
1.1532342433929443
-1.6229747533798218
-0.07416918128728867
0.6906334757804871
-2.2468554973602295
0.736590564250946
2.5756776332855225
-2.0104525089263916
0.901502251625061
0.6409227848052979
-0.0746905580163002
0.5518462657928467
-0.972845196723938
-0.5456234216690063
9.51085090637207
-9.413223266601562
2.323859453201294
2.824864149093628
-3.8776333332061768
2.377403736114502
0.5953596234321594
-1.200386881828308
1.6671148538589478
-1.0129181146621704
-0.6162962913513184
0.512821614742279
-0.4299277663230896
0.1276434361934662
0.6270463466644287
-0.5118013024330139
-0.4568352699279785
0.6122142672538757
-0.029309988021850586
-0.4960351884365082
0.3078802525997162
-0.1713114231824875
-0.25571760535240173
-0.16433468461036682
0.5237634181976318
-0.6010864973068237
0.07675027847290039
0.2528408169746399
-0.04379444196820259
-0.48968929052352905
0.11673269420862198
0.3192214369773865
-0.2782730460166931
0.08153986930847168
0.7153494954109192
-0.7452712655067444
0.20661267638206482
0.00973210297524929
-0.9111196398735046
0.30807963013648987
0.1167898178100586
-0.19031257927417755
-0.017248202115297318
0.8397833108901978
-0.4922240674495697
-0.567192554473877
0.3144712448120117
-0.3891991674900055
0.19716382026672363
0.11979474872350693
-0.5146331191062927
0.16092714667320251
0.3197605013847351
-0.7528759241104126
-0.33088797330856323
0.5398437976837158
-0.7219474911689758
-0.09583811461925507
-0.4557197093963623
-0.04080162197351456
-0.5124508142471313
0.5733425617218018
-0.3306640684604645
0.10492172092199326
0.24829712510108948
-0.3170529305934906
-0.1260846108198166
0.07236871868371964
-0.5087996125221252
0.21321611106395721
-0.6070598363876343
-0.10601000487804413
-0.7645643353462219
-0.17730486392974854
0.21985360980033875
0.9368603825569153
-0.782503604888916
-0.16381414234638214
0.23978090286254883
-0.7777796983718872
-0.3999360501766205
-0.10993566364049911
-0.7050901651382446
-0.2710762917995453
-0.05389540269970894
-0.02918114699423313
-0.33169835805892944
0.18132945895195007
0.01257181167602539
-0.16227364540100098
-0.05871039628982544
0.3061465322971344
-0.34764936566352844
-0.3493657112121582
-0.3720175325870514
-0.16468843817710876
0.5510493516921997
-0.7545768618583679
-0.296584814786911
-2.3680477142333984
1.1309995651245117
-0.11917197704315186
-1.7397425174713135
-0.0015796602237969637
0.6667567491531372
-0.8616198301315308
-0.2575370669364929
0.33181679248809814
-0.9448606371879578
0.1901390254497528
-0.3314136564731598
-0.2946603298187256
0.3862759470939636
0.03563270717859268
0.12327984720468521
-0.008397877216339111
-0.11694321781396866
-0.014542150311172009
-0.35322433710098267
0.06867082417011261
-0.10907639563083649
-0.7146561741828918
0.1917235106229782
0.20904967188835144
-0.8896875381469727
-0.40380826592445374
0.8629782795906067
-0.23220539093017578
-0.19903866946697235
-0.5012986063957214
-0.1229204386472702
1.1136385202407837
0.4176190495491028
-1.228587031364441
-0.5659952163696289
0.04432821273803711
0.19114847481250763
-0.14365021884441376
0.33014482259750366
0.5013337731361389
-0.5565822720527649
-0.5205448865890503
0.6660252213478088
0.5192345976829529
-0.56855708360672
0.5222795605659485
0.07156703621149063
-0.39345914125442505
-0.16910699009895325
0.23326201736927032
0.3241834044456482
0.009892880916595459
0.23424842953681946
-0.19093859195709229
0.4254175126552582
-0.0027991770766675472
0.022452140226960182
0.5398263931274414
-0.22173622250556946
0.32613569498062134
0.018196772783994675
-0.060265280306339264
0.4243871569633484
0.26807621121406555
0.13592270016670227
-0.052115876227617264
0.44451403617858887
-0.10477552562952042
0.14823627471923828
0.1813482642173767
0.07385076582431793
-0.11332490295171738
-0.04866297170519829
-0.32427746057510376
0.4457883834838867
0.014127480797469616
-0.15399721264839172
0.014745568856596947
0.14446628093719482
-0.22165513038635254
0.21415996551513672
-0.49376168847084045
0.3908444046974182
0.5059582591056824
-0.34396713972091675
-0.20413441956043243
0.2736993134021759
-0.10389573872089386
-0.1624019891023636
0.17290444672107697
-0.1275419294834137
0.7610563039779663
-0.021642882376909256
-0.15000605583190918
0.5281907916069031
-0.2617683410644531
0.08149801194667816
-0.240299254655838
-1.3588634729385376
-1.4270265102386475
2.512281894683838
-0.5621670484542847
-2.2989048957824707
2.018575668334961
-0.7839269042015076
-1.6582462787628174
1.2407901287078857
-0.529712438583374
0.502423882484436
-1.1620571613311768
0.3521716594696045
0.5386754274368286
-0.8816920518875122
1.1662864685058594
-0.2790346145629883
-0.5542917251586914
0.2483300268650055
0.12747034430503845
-0.560217559337616
0.24769873917102814
0.24991850554943085
0.09164424240589142
-1.0156571865081787
0.33118247985839844
0.37522536516189575
-0.15616540610790253
0.0791773796081543
0.0169554241001606
0.1314326822757721
-0.13570193946361542
-0.017528723925352097
0.3441983759403229
-0.4455224871635437
0.4613310396671295
-0.14968785643577576
-0.18465495109558105
0.35832661390304565
-0.7931914329528809
0.22028636932373047
0.2050471305847168
-0.17807574570178986
0.7386828660964966
0.20651178061962128
-0.6383834481239319
-0.11911330372095108
-0.43559783697128296
0.4463062286376953
-0.1660759449005127
0.28700342774391174
-0.8059355616569519
0.02510857582092285
-0.4699534475803375
-0.10793385654687881
-0.4613444209098816
-0.9912111163139343
0.05695600435137749
-0.22664014995098114
0.6413607597351074
-1.093632459640503
-0.30595865845680237
0.25865116715431213
-0.0071222782135009766
-0.3117981553077698
0.255014032125473
-0.8692062497138977
0.42285189032554626
-0.39027953147888184
-0.4605483412742615
0.08863711357116699
0.15082502365112305
-0.31995689868927
0.47253936529159546
0.1950288712978363
-0.06865830719470978
-0.10800530761480331
-0.3159429430961609
-0.01293325424194336
0.461711585521698
0.13294868171215057
-0.5621258020401001
0.3128625750541687
-0.3805786669254303
0.003007221268489957
0.22798307240009308
-0.15325026214122772
-0.021633291617035866
0.2896035611629486
0.015417814254760742
-0.3474094271659851
0.19756850600242615
-0.20343017578125
-0.14289729297161102
0.46175163984298706
-0.15252313017845154
0.30790433287620544
-0.4058247208595276
0.0077383993193507195
-0.3678039312362671
0.48611459136009216
-2.979461193084717
0.7960063815116882
0.6164653897285461
-1.7696702480316162
-0.2334393560886383
1.7648708820343018
-1.8011385202407837
0.1441306471824646
0.34176555275917053
-0.4993121027946472
0.166492760181427
0.12683752179145813
-0.9671929478645325
0.7207412719726562
0.32071617245674133
0.11276109516620636
0.24701309204101562
-0.07294917106628418
0.2478661984205246
-0.21099615097045898
0.06597695499658585
-0.3181029260158539
-0.16337382793426514
-0.04154813289642334
-0.5762709379196167
-0.178758904337883
-0.15815246105194092
0.1858540028333664
0.23341472446918488
-0.41325992345809937
0.043677471578121185
-0.4101232886314392
0.8947930335998535
0.8091141581535339
-1.1340770721435547
-1.0683238506317139
0.38404354453086853
0.5794083476066589
-0.5651424527168274
0.13411004841327667
0.5609625577926636
-0.7314244508743286
-0.05752062797546387
0.24660439789295197
-0.45921993255615234
-0.2541429102420807
0.5056727528572083
0.3178682029247284
-0.1461050659418106
-1.1050201654434204
0.7441350817680359
-0.21374094486236572
-0.11975638568401337
0.713487982749939
-0.29797130823135376
-0.19402897357940674
0.06486239284276962
-0.006455278489738703
-0.12991702556610107
0.5145901441574097
-0.39673754572868347
0.2082274854183197
-0.17510782182216644
-0.03745167329907417
0.22432418167591095
-0.16484269499778748
-0.13797251880168915
0.5420462489128113
-0.03136735409498215
-0.16039076447486877
0.20438656210899353
0.20248906314373016
-0.013182461261749268
-0.18998830020427704
-0.028176594525575638
0.15957577526569366
0.2983063757419586
-0.6322843432426453
0.006326222326606512
-0.26930707693099976
1.021857500076294
-0.14799058437347412
-0.07213754951953888
-0.2386206090450287
-0.46214380860328674
0.7061475515365601
0.23986168205738068
-1.032839298248291
0.6445726752281189
-0.22342343628406525
-0.3141622245311737
0.7217591404914856
-0.0825866237282753
-0.5798832178115845
0.033986758440732956
0.24713914096355438
-0.1141352653503418
-0.15985539555549622
0.12632857263088226
-0.583111047744751
-1.6981899738311768
2.3119397163391113
-0.18816788494586945
-2.945315361022949
2.3253660202026367
-1.3111099004745483
-0.6507014036178589
1.0606253147125244
0.016887377947568893
0.2097388207912445
-0.8090028762817383
0.13707327842712402
0.14913196861743927
-0.854814887046814
0.716282308101654
-0.09728765487670898
-0.21956105530261993
0.019136477261781693
-0.04913363605737686
-0.8019489049911499
0.22380653023719788
-0.6873003840446472
0.41118675470352173
-0.7789961099624634
-0.5485259890556335
0.4694581925868988
-0.7126471400260925
0.23473086953163147
-0.08226203918457031
-0.9476529955863953
-0.19638118147850037
-0.5454040765762329
0.42754727602005005
-0.10518483817577362
-1.004678726196289
-0.033531855791807175
0.290266215801239
-0.8056226968765259
0.779313325881958
0.2584899067878723
-0.4214057922363281
-0.31959670782089233
-0.548414945602417
0.29432669281959534
0.013219118118286133
-1.0459482669830322
0.7063879370689392
0.5110275745391846
-0.6560893058776855
-0.004682636354118586
0.4781827926635742
-0.38677144050598145
-0.3134003281593323
0.5057759284973145
0.5119906663894653
-0.7130402326583862
-0.10650219768285751
0.07265405356884003
-0.28443384170532227
-0.41223224997520447
0.4423719346523285
0.0419250950217247
0.7304194569587708
-0.07518641650676727
-0.4424605965614319
-0.39074942469596863
-0.12092051655054092
0.2685028910636902
0.1291399449110031
0.19436173141002655
-0.36144202947616577
-0.045412540435791016
0.48191818594932556
-0.603041410446167
0.47801637649536133
-0.7055295705795288
0.4422694146633148
-0.591846764087677
0.020815515890717506
-0.47594961524009705
0.6044015884399414
0.26863712072372437
0.047194503247737885
-0.03347935527563095
-0.48108214139938354
-0.051663123071193695
0.9436010122299194
-0.6499760746955872
0.021785283461213112
0.01215102057904005
-0.031773220747709274
-0.269259512424469
-0.12045862525701523
0.08448579162359238
-0.5558608770370483
-0.052796147763729095
0.21466541290283203
-0.506698489189148
-1.4786795377731323
0.4181857109069824
-2.934617042541504
0.715312123298645
0.6546761393547058
-1.5658557415008545
-0.6875266432762146
1.544788122177124
-1.2707998752593994
0.024247705936431885
0.5112262964248657
-0.6541587114334106
0.2354588508605957
-0.33779364824295044
-0.4209462106227875
0.35083627700805664
0.18814842402935028
-0.24794511497020721
0.08070363849401474
0.015107559971511364
-0.37672489881515503
0.2587345838546753
-0.2698806822299957
0.3466049134731293
-0.42160263657569885
0.11010706424713135
0.3097092807292938
-0.8798491358757019
-0.20230111479759216
0.550913393497467
-0.12329337745904922
-0.48197808861732483
-0.6993748545646667
0.28405338525772095
0.015759969130158424
0.275068461894989
-0.28309115767478943
0.21834464371204376
0.2629137635231018
-0.5508648157119751
-0.029181599617004395
0.5413981676101685
0.7913163304328918
-0.49074697494506836
-1.0370134115219116
1.2121732234954834
-0.403717041015625
-0.5713568925857544
1.050130009651184
-0.2600085139274597
0.22250112891197205
0.01726548746228218
-0.655397891998291
0.16467270255088806
-0.31288284063339233
0.3558503985404968
0.3589392900466919
-0.1841992437839508
0.4183129668235779
-0.21341970562934875
0.37480026483535767
0.03268245980143547
-0.5341048240661621
-0.08722193539142609
-0.3451991677284241
0.4754718840122223
0.1851048320531845
-0.19163784384727478
-0.14047379791736603
0.1636248528957367
0.49902400374412537
-0.38379794359207153
-0.30403417348861694
0.06601091474294662
0.44503918290138245
-0.1448969542980194
0.13294601440429688
-0.13770310580730438
-0.24432401359081268
-0.19319304823875427
0.023255605250597
-0.35140734910964966
-0.491828054189682
0.9056503176689148
-0.41866931319236755
-0.21570169925689697
0.4638656973838806
-0.3082008957862854
0.1292075663805008
0.19803601503372192
0.009583855047821999
-0.5026346445083618
-0.03614174202084541
-0.005288976244628429
0.08086574077606201
0.3010290861129761
-0.25543174147605896
-0.19362762570381165
0.6186209321022034
-0.5350974798202515
-0.14869365096092224
-0.8210746049880981
-1.440456748008728
1.8825187683105469
-0.5798441171646118
-1.935813546180725
1.7374413013458252
-1.1026356220245361
-0.7364282011985779
1.39421546459198
-1.0449914932250977
0.4405355453491211
0.5213007926940918
-0.2113221138715744
-0.7196733355522156
0.19633331894874573
-0.31442850828170776
0.0652032345533371
-0.001165628433227539
-0.10556159168481827
-0.30153098702430725
0.06513156741857529
-0.17171445488929749
-0.7194379568099976
0.4777873158454895
-0.579124927520752
-0.0276518352329731
0.481433629989624
-0.7854774594306946
-0.12328247725963593
0.07325539737939835
-0.9482687711715698
0.4328188896179199
-0.4877031445503235
-0.20189952850341797
-0.12062616646289825
-0.7199198007583618
-0.1448424756526947
-0.41389378905296326
0.1217578873038292
0.21917828917503357
-0.8754346966743469
-0.05458326265215874
0.036446474492549896
0.18256863951683044
-0.3784805238246918
-0.32053008675575256
-0.1589680165052414
0.07637099921703339
-0.8416746854782104
-0.33489570021629333
0.8766142129898071
-0.17044444382190704
-0.21545200049877167
-0.035034798085689545
0.2003154754638672
-0.7612004280090332
0.16281647980213165
0.06959104537963867
-0.10439653694629669
-0.36960268020629883
-0.30783307552337646
0.8927671313285828
-0.49165457487106323
-0.6190387010574341
-0.050313472747802734
-0.19472888112068176
0.2565251290798187
-1.0720760822296143
0.478229820728302
0.4750373959541321
0.06008710712194443
-0.6315314769744873
-0.5884893536567688
0.12753109633922577
-0.8336216807365417
0.09154482185840607
0.35970908403396606
-0.32422590255737305
-0.15606184303760529
-0.13804937899112701
-0.03415725380182266
0.5106126070022583
0.0721251517534256
0.04128725454211235
0.12696298956871033
0.2274385392665863
-0.5763627290725708
0.05677293613553047
0.3313590884208679
0.3156735599040985
-0.05766160413622856
-0.16591398417949677
-0.09796269237995148
0.7454906702041626
0.20887020230293274
-0.5799940228462219
-0.168462336063385
0.09893510490655899
-0.2199346125125885
-0.4060754179954529
-0.2791663706302643
-6.904064178466797
5.690735816955566
-0.010825848206877708
-3.0110580921173096
2.114255905151367
-0.050098396837711334
-1.3181178569793701
0.8543878793716431
-0.10550375282764435
-0.45006459951400757
0.347733736038208
-0.36995595693588257
0.055570267140865326
0.6120054721832275
-0.42274731397628784
-0.2646399140357971
0.6231086850166321
-0.5430992841720581
0.15642747282981873
-0.3757099211215973
0.10761918127536774
-0.027790213003754616
-0.19079892337322235
0.09256429970264435
0.038929082453250885
-0.517635703086853
-0.04719805717468262
-0.3009656071662903
-0.5279556512832642
0.3185752034187317
-0.6622841358184814
0.06438130140304565
0.6118541359901428
-0.4855256974697113
-0.22754156589508057
0.24148337543010712
-0.17493906617164612
-0.462759405374527
0.01254119910299778
0.48106059432029724
0.43034791946411133
-0.9198521375656128
-0.42012327909469604
0.33331242203712463
-0.1791667938232422
0.1959729641675949
-0.014713644981384277
0.3684529960155487
0.04312016814947128
-0.13020437955856323
0.25548630952835083
-0.39979666471481323
-0.12803800404071808
-0.43984755873680115
0.26891300082206726
-0.03508419543504715
-0.5033455491065979
0.13130150735378265
0.18614593148231506
-0.2511775493621826
-0.059428803622722626
0.44390416145324707
-0.8400575518608093
0.004365724511444569
-0.1736246794462204
-0.07993446290493011
0.2524065375328064
-0.4412463307380676
0.5391339063644409
-0.5703573226928711
-0.060677457600831985
0.15433400869369507
-0.5383433103561401
-0.16926130652427673
0.23003092408180237
-0.32666778564453125
0.13175518810749054
0.021834980696439743
0.09274466335773468
0.03774426132440567
0.35979288816452026
-0.26059991121292114
0.21695800125598907
-0.11620330810546875
-0.34285929799079895
-0.4234638214111328
0.2934671640396118
-0.31872496008872986
0.006989496760070324
-0.11747527122497559
-0.08807927370071411
-0.0728607326745987
-0.3509867787361145
-0.40523403882980347
0.37933143973350525
0.1366972029209137
-0.3071131706237793
-0.07222553342580795
0.08431631326675415
-0.9556534886360168
-1.5924456119537354
2.4602410793304443
-0.4825963079929352
-2.1024603843688965
2.3098180294036865
-0.5040122270584106
-1.3182628154754639
0.989171028137207
-0.017182732000947
0.8067914247512817
-1.2921092510223389
-0.16978931427001953
0.24781222641468048
-0.7076005935668945
0.30698952078819275
0.2570686340332031
-0.01592721976339817
0.15199260413646698
0.0076652527786791325
0.1435466706752777
-0.116460420191288
0.3538331389427185
-0.22477583587169647
0.1961441934108734
-0.14327864348888397
-0.307198703289032
0.4640592634677887
0.2830890715122223
-0.46361055970191956
-0.12170076370239258
0.2810189723968506
-0.7893627285957336
0.22823619842529297
0.23558683693408966
-0.8007831573486328
0.45308199524879456
-0.16965627670288086
-0.928606390953064
0.1691899299621582
-0.22892256081104279
-0.7238591909408569
-0.04228925704956055
0.42714929580688477
0.2779160141944885
0.28169670701026917
-0.6780709028244019
-0.3562629818916321
-0.017133092507719994
-0.02116250991821289
-0.38446664810180664
-0.191460520029068
0.04552721977233887
-0.29006242752075195
-0.09236760437488556
-0.12360668182373047
-1.0203313827514648
0.4039711058139801
0.2523375451564789
-0.15249817073345184
-0.06418509781360626
-0.025083016604185104
0.1479349583387375
0.1137257069349289
-0.5163472294807434
-0.4529816210269928
-0.4171755909919739
0.24394044280052185
-0.11155223846435547
0.2223399579524994
-0.1616934835910797
-0.0214051716029644
-0.5036882162094116
-1.2241653203964233
0.571471095085144
0.5662773847579956
-0.5179295539855957
0.5888974666595459
-0.8166821599006653
0.6015093326568604
-1.1593434810638428
-0.35119882225990295
0.9060586094856262
-0.5558484792709351
-0.4723665118217468
0.2455948293209076
-0.2889668345451355
-0.0014547824393957853
-0.2075168341398239
0.1218404620885849
-0.4575430750846863
-0.929277241230011
0.3695295751094818
-0.1900302618741989
0.11846623569726944
0.17699034512043
-0.9492741823196411
0.2701953649520874
0.17483144998550415
-0.39647769927978516
-0.22093430161476135
-7.664653778076172
6.02471923828125
0.3592263460159302
-3.2425262928009033
1.5433363914489746
0.30493593215942383
-1.4635361433029175
0.3811313509941101
0.15430708229541779
-0.6791704893112183
0.5391213297843933
-0.10564307868480682
0.368385374546051
0.07424332946538925
-0.5051112771034241
0.4008142352104187
-0.0022892833221703768
-0.615411102771759
0.3683098554611206
0.002072954084724188
-0.0037674070335924625
-0.380097895860672
-0.3881583511829376
0.16182982921600342
-0.1656411588191986
-0.19642329216003418
0.14404502511024475
-0.48956018686294556
-0.4984520971775055
0.09582062065601349
-0.327603280544281
-0.06152601167559624
0.7554537653923035
-0.20154376327991486
0.1709378957748413
0.07434229552745819
-0.27988797426223755
-0.31134098768234253
-0.1671631783246994
0.6219009160995483
-0.13119998574256897
-0.8790971636772156
0.07010117918252945
-0.029874753206968307
-0.2712797224521637
0.14337138831615448
-0.36430877447128296
0.31517213582992554
-0.36278706789016724
0.13351090252399445
-0.0456966869533062
-0.681420087814331
0.27440083026885986
0.04250819608569145
-0.20454749464988708
0.3463858664035797
-0.5066663026809692
0.1019676923751831
-0.015100168995559216
-0.4074934422969818
0.15690578520298004
-0.1787371188402176
0.4720212519168854
0.3247010409832001
-0.4981253743171692
0.14234408736228943
0.10191313177347183
-0.21417121589183807
-0.030990099534392357
-0.3079686760902405
-0.17332026362419128
0.543737530708313
0.26530027389526367
-0.24793536961078644
0.17106683552265167
-0.422319233417511
-0.5961235165596008
0.46799859404563904
-0.12222089618444443
-0.2304902821779251
0.2283448725938797
-0.44206762313842773
-0.0355319008231163
0.6972886919975281
-0.2156914919614792
0.3865510821342468
-0.6862615942955017
0.43625277280807495
0.10192714631557465
-0.21588118374347687
0.31594139337539673
-0.1569126546382904
-0.26460543274879456
0.8116364479064941
-0.019234752282500267
-0.8151804804801941
0.5586569309234619
-0.22856669127941132
-0.12317194789648056
-0.45476824045181274
-1.8147714138031006
2.583510637283325
-1.294163465499878
-2.0114002227783203
2.560783863067627
-0.9854847192764282
-1.6300503015518188
1.1978237628936768
-0.20054593682289124
0.46125078201293945
-1.1372021436691284
-0.8067556619644165
0.6175563931465149
-1.1140223741531372
0.3451605439186096
0.4934473931789398
-0.6022313237190247
-0.5090910792350769
-0.006004428956657648
-0.029696036130189896
-0.3737436830997467
-0.028788184747099876
0.38296520709991455
-0.16902604699134827
0.042901039123535156
-1.0309489965438843
0.5033114552497864
0.13451585173606873
-0.01584300957620144
-0.1899707317352295
-0.11846594512462616
0.2419693022966385
-0.16058941185474396
0.5155481696128845
-0.1896202564239502
-0.6306477785110474
-0.650686502456665
0.46868252754211426
-0.41491612792015076
-0.34833040833473206
0.1122155636548996
-0.2033112496137619
0.292015016078949
-0.06083736568689346
-0.6719638109207153
0.2733626365661621
-0.29346221685409546
0.4786698818206787
-0.023943424224853516
-0.12935909628868103
0.0491064079105854
-0.2030348777770996
-0.15673208236694336
-0.037691306322813034
-0.14612579345703125
-0.08572912216186523
-0.6949549913406372
0.5507614016532898
0.03603954240679741
0.13562484085559845
0.22971773147583008
-0.3771163821220398
0.3051280379295349
0.11017008125782013
-0.2829338610172272
-0.07410206645727158
-0.18582820892333984
-0.20327529311180115
0.078860804438591
-0.3449989855289459
-0.327658474445343
0.6735601425170898
-0.1601172238588333
-0.769999623298645
1.0514527559280396
0.14537878334522247
-0.5589955449104309
0.6103366613388062
-0.2990381717681885
-0.4348660409450531
0.073325514793396
0.2074389010667801
-0.11891832202672958
0.06360647827386856
-0.9049617648124695
-0.2383890450000763
-0.12965068221092224
-0.03238699585199356
0.12333545833826065
-0.24293681979179382
-0.20522525906562805
-0.5713793635368347
-0.12393949180841446
-0.07482652366161346
0.254086971282959
-0.8522657155990601
0.3487023413181305
-0.3043082356452942
-0.21341033279895782
-0.21618056297302246
1.0753729343414307
-5.982169151306152
2.8181231021881104
1.1269218921661377
-2.873096466064453
2.0272488594055176
-1.1602003574371338
-0.4859788417816162
1.0334584712982178
-1.1795709133148193
0.2656720280647278
0.0076708318665623665
-0.878231406211853
0.5767444372177124
0.7544347643852234
-0.0291993860155344
0.09486661106348038
0.06657420098781586
-0.4615464210510254
0.48484691977500916
-0.5018178224563599
0.3602476716041565
0.2464880496263504
-1.2240056991577148
-0.08773434162139893
0.7026345133781433
0.3812848925590515
-0.4851009249687195
-1.051849365234375
0.6413461565971375
0.37212637066841125
-0.1803382933139801
0.061469364911317825
0.05940120294690132
-0.11987410485744476
-0.017647791653871536
0.22658245265483856
-0.05964293330907822
0.5360881686210632
-0.42961740493774414
-0.26831692457199097
0.2276691496372223
-0.44361743330955505
-0.5351390242576599
0.4625434875488281
0.35716795921325684
-0.31509384512901306
-0.5798707604408264
0.6654641628265381
-0.7770748138427734
0.273044228553772
0.4267328381538391
-0.23689694702625275
0.4235757291316986
-0.3349072337150574
-0.0862755998969078
0.13239924609661102
-0.05936412885785103
-0.05105743557214737
0.02375202253460884
0.08943746984004974
0.34731656312942505
-0.34087687730789185
0.2340133637189865
0.014584613032639027
0.07984644174575806
0.3402606248855591
0.1392529159784317
-0.11009323596954346
-0.3626805543899536
0.17524614930152893
-0.026279855519533157
0.5289130210876465
-0.017749179154634476
-0.43702688813209534
0.3715622127056122
-0.2412160187959671
-0.030816232785582542
0.05869100242853165
-0.32895326614379883
0.652219295501709
0.08421633392572403
-0.11123005300760269
0.18791358172893524
0.013691234402358532
0.37003928422927856
0.2004784792661667
-0.4741670489311218
-0.41898036003112793
0.7820693850517273
-0.7407073974609375
0.09928054362535477
0.1935282051563263
-0.244466632604599
0.39637938141822815
-0.7232240438461304
0.4901961386203766
0.8275054097175598
-0.8177716135978699
-0.562059223651886
-1.6225626468658447
2.516667127609253
0.11642204225063324
-2.4578733444213867
2.200690507888794
-1.0945281982421875
-0.44458556175231934
0.673495888710022
-0.35342246294021606
0.8831548690795898
-1.015955924987793
-0.26948246359825134
0.8598847389221191
0.2782130837440491
0.3630925118923187
0.022435283288359642
-0.7202390432357788
0.43807873129844666
-0.46553748846054077
0.3036997318267822
-0.2950548231601715
-0.5218538641929626
1.1365673542022705
-1.3750016689300537
0.18000760674476624
-0.1246757060289383
-1.1488094329833984
-0.030483055859804153
0.0699918270111084
-0.32373183965682983
-0.0906505137681961
-0.13836069405078888
-0.4780455529689789
-0.5266110301017761
0.11168365180492401
-0.2487284243106842
0.5099061131477356
-0.7424368262290955
0.1131858378648758
0.7113596200942993
-0.8395784497261047
0.41636985540390015
0.1839679777622223
-0.8224626779556274
0.16406288743019104
-0.11030850559473038
0.09770937263965607
0.06365986168384552
-0.5138009190559387
0.17689399421215057
-0.29204487800598145
0.4158709943294525
-0.22734031081199646
-0.1342318058013916
0.2446226179599762
-0.3488449156284332
-0.16179685294628143
0.3269755244255066
0.10543093830347061
-0.4168968200683594
0.15107956528663635
0.10494379699230194
0.7150498628616333
-0.5247479677200317
0.3841873109340668
0.035680245608091354
-0.6579024195671082
0.4124317765235901
-0.42482346296310425
-0.4926217198371887
0.04429144784808159
-0.2901769280433655
0.1850074976682663
-0.5402317643165588
-0.4385358393192291
-0.4120006561279297
0.47170743346214294
-1.1387462615966797
0.46035051345825195
-0.2797427773475647
0.19273462891578674
0.10470207035541534
-0.21529240906238556
-0.07112622261047363
0.023181486874818802
-0.10787896811962128
0.4339013993740082
0.4105188250541687
-0.7307939529418945
-0.10260617733001709
0.42121201753616333
-0.780772864818573
-0.06197606772184372
0.3958040177822113
-0.005920329596847296
-0.4659792482852936
0.06332157552242279
-0.28924164175987244
-0.6529561877250671
-0.38863927125930786
-2.478869915008545
0.7719968557357788
0.21467575430870056
-1.6614919900894165
-0.14569859206676483
1.3502063751220703
-1.7640368938446045
0.5487216711044312
0.04867217689752579
-0.8450552225112915
0.6748617887496948
-0.43331003189086914
-0.06845426559448242
0.2601022720336914
-0.3661493957042694
0.44958728551864624
0.3285267949104309
-0.5910992622375488
0.2505571246147156
0.33857131004333496
-0.8433847427368164
-0.03154957294464111
0.20611000061035156
-0.32155174016952515
0.019500255584716797
-0.18611356616020203
-0.6323792338371277
0.33997324109077454
-0.6432055830955505
0.356523334980011
-0.8292339444160461
0.31252115964889526
1.0695501565933228
-0.17371878027915955
-0.670283317565918
-0.6536558270454407
0.7568196058273315
-0.2552036643028259
-0.3983534872531891
0.5029959678649902
0.565595269203186
-0.5148710012435913
-0.3380870223045349
1.2161173820495605
-0.790190577507019
0.06626415252685547
0.4638618528842926
0.04048802703619003
-0.08791370689868927
0.3602602481842041
-0.5431936979293823
-0.0432964563369751
0.397881418466568
-0.046018220484256744
-0.34603285789489746
-0.15160667896270752
0.8946965336799622
-0.36685773730278015
0.2719985246658325
0.2535350024700165
-0.17281655967235565
-0.3369704484939575
0.1719343215227127
0.4050118327140808
-0.22234997153282166
-0.13102617859840393
0.4942482113838196
-0.018732190132141113
0.20430846512317657
0.04343079403042793
0.23909738659858704
-0.5561431646347046
0.47874364256858826
-0.050126709043979645
-0.0582875981926918
0.44354867935180664
-0.16940216720104218
0.018531208857893944
-0.27591556310653687
0.0831514224410057
0.04314076900482178
0.18178662657737732
0.5721254348754883
-0.2362951934337616
-0.15502414107322693
0.25845420360565186
-0.36760514974594116
0.5278434753417969
0.7223931550979614
-0.07966301590204239
0.1553627848625183
-0.13580568134784698
0.044577740132808685
0.2938745319843292
-0.013402032665908337
0.13983820378780365
-0.36497962474823
0.234299898147583
0.020472971722483635
-0.37546786665916443
-1.8474937677383423
2.255187749862671
-0.7458432912826538
-2.7029755115509033
3.195828676223755
-2.0371479988098145
-0.43816709518432617
1.2370363473892212
-0.7110936641693115
1.4133398532867432
-0.908106803894043
-0.6995083689689636
0.9671117663383484
-1.2016913890838623
0.32210034132003784
0.29379090666770935
-0.8379108309745789
0.16149505972862244
0.6928671002388
-0.29388588666915894
0.04645991325378418
-0.09437980502843857
0.0877676010131836
-0.7270017266273499
-0.2885250151157379
0.19363927841186523
0.3482254147529602
-0.36167851090431213
-0.8477452993392944
0.48221415281295776
0.2021133452653885
-0.9058479070663452
0.713241457939148
-0.3377680778503418
-0.9231618642807007
0.7116822004318237
0.3986752927303314
-0.12207577377557755
-0.2879762649536133
0.3854997158050537
-0.14318212866783142
0.5368124842643738
-0.3057660162448883
-0.2531091570854187
0.647042989730835
-1.1756832599639893
0.5024615526199341
-0.2804850935935974
-0.16340366005897522
0.5233414769172668
-0.2752337157726288
0.018666744232177734
-0.08478856086730957
-0.21351435780525208
-0.7880600690841675
-0.011876488104462624
-0.05078563839197159
-0.13004370033740997
-0.05846066400408745
-0.3075818121433258
-0.09124355018138885
0.04876739904284477
0.0042880536057055
0.19709596037864685
-0.3830515444278717
0.1305100917816162
-0.08026113361120224
-0.1523323506116867
-0.683633029460907
0.31751951575279236
-0.22755908966064453
-0.3366308808326721
-0.08731017261743546
-0.13045576214790344
-0.2600322663784027
0.2924259305000305
1.1561088562011719
-0.840304970741272
-0.1301792562007904
-0.4837251603603363
0.0863582119345665
-0.2635413110256195
0.4305392801761627
0.0015292763710021973
-1.1086275577545166
0.4772465229034424
-0.08431873470544815
-0.10002155601978302
-0.789014458656311
0.4541345536708832
0.1741108000278473
-0.4620397686958313
-0.5138028860092163
-0.3341721296310425
0.7520769834518433
-0.6495202779769897
-0.7120767831802368
0.401873916387558
-0.9568926095962524
0.11383466422557831
-3.3298962116241455
1.0126113891601562
0.5349034070968628
-1.9099133014678955
0.1998385488986969
0.7974304556846619
-1.2862743139266968
0.046468138694763184
0.4247485101222992
-0.7282788157463074
0.27718645334243774
-0.6390539407730103
-0.22158190608024597
0.43093496561050415
0.010632539168000221
0.24066504836082458
-0.12097930908203125
0.038732290267944336
-0.736003041267395
0.3304111957550049
-0.10042984783649445
-0.4053551256656647
0.38144800066947937
0.07559244334697723
-0.25255540013313293
-0.2230246514081955
-0.3323681652545929
0.13634523749351501
0.05316045135259628
-0.14933717250823975
0.031131958588957787
-0.14404161274433136
0.5899249315261841
0.8394500017166138
-1.5558712482452393
-0.6958528757095337
1.0462666749954224
-0.43182697892189026
-0.0005949496990069747
0.317502498626709
0.13008566200733185
-0.02392798662185669
-0.4761662483215332
0.21294529736042023
0.5627692341804504
-0.6732237935066223
1.0033172369003296
-0.5777149200439453
0.35226988792419434
0.24730300903320312
-0.04567701742053032
0.02154085598886013
-0.23064163327217102
0.2540128827095032
0.15682204067707062
0.3114488124847412
0.23445627093315125
0.03966169431805611
0.22988875210285187
0.10010652244091034
-0.19147488474845886
0.10523364692926407
0.24519488215446472
-0.09127907454967499
-0.5779335498809814
0.2643126845359802
0.045612432062625885
-0.21159453690052032
0.08697812259197235
0.14476612210273743
-0.11973012983798981
-0.25373703241348267
0.28221872448921204
0.364956796169281
-0.4701828956604004
0.28366726636886597
0.1651749610900879
-0.645691990852356
0.11932690441608429
0.20750930905342102
0.21891777217388153
0.04971367120742798
-0.16591289639472961
0.3429000973701477
-0.47121769189834595
0.06219714879989624
0.49420255422592163
-0.9501644372940063
-0.09028780460357666
0.5202180743217468
-0.15689125657081604
-0.2915729880332947
-0.40357622504234314
0.334713876247406
0.1108795627951622
-0.7740575671195984
0.18419352173805237
-0.6526197195053101
-0.40935271978378296
-0.9143708944320679
-2.023557662963867
2.7029385566711426
-0.6884573101997375
-2.084890365600586
2.044710397720337
-1.44723641872406
-1.248020887374878
1.2381956577301025
-0.6415568590164185
0.7895973324775696
-0.7058912515640259
-0.6160926818847656
0.16542434692382812
-0.7926785349845886
0.1506868302822113
0.3403446078300476
-0.4367186427116394
0.2859574258327484
-0.9047773480415344
0.35091346502304077
-0.007389545440673828
-0.5897578001022339
0.44443684816360474
-0.8660345077514648
-0.3490605354309082
1.040472149848938
0.011850166134536266
-0.87018221616745
-0.3196733593940735
1.085426926612854
-0.5522545576095581
-0.10732100158929825
-0.2180229127407074
0.05170035362243652
-0.09104366600513458
-0.37480276823043823
0.0643622875213623
0.10546555370092392
0.03565416485071182
-0.30586662888526917
-0.6897939443588257
0.40072718262672424
0.1278182566165924
0.16735228896141052
0.4172154366970062
0.46092161536216736
-0.1869148313999176
-0.2809789776802063
0.12551479041576385
0.586850643157959
-0.3657832741737366
0.5544449687004089
0.6110655069351196
-0.5760489702224731
0.4117860198020935
0.4627787172794342
-0.05326032638549805
0.1773480474948883
-0.14898709952831268
0.14718428254127502
0.9367908239364624
0.3144315779209137
-0.201736181974411
0.929255485534668
-0.07418771088123322
0.1565513163805008
0.6651883125305176
0.12224479019641876
-0.12804622948169708
0.9874129295349121
-0.42048341035842896
0.08002104610204697
1.3738771677017212
0.0033417462836951017
0.5729522705078125
0.837690532207489
0.6674751043319702
0.2522105574607849
0.5505600571632385
0.8643265962600708
-0.14158129692077637
0.8699886202812195
-0.0992305725812912
0.11851062625646591
1.225489616394043
-0.1947360783815384
-0.05751588195562363
1.0771610736846924
0.7480158805847168
-0.845794677734375
1.141609787940979
0.2671698331832886
-0.6579034328460693
1.2279880046844482
-0.5743499994277954
0.08030487596988678
0.7051302194595337
0.5166205167770386
-0.3231624662876129
-0.44843220710754395
-2.415205478668213
1.0224907398223877
0.8091018795967102
-1.4959989786148071
0.3218991756439209
1.2258679866790771
-0.9377961158752441
0.09669032692909241
0.5020411014556885
-0.8807376623153687
0.2719344198703766
0.12892892956733704
-0.08675961196422577
0.23241305351257324
0.015868842601776123
0.47611865401268005
0.12174713611602783
0.45149022340774536
-0.39468449354171753
-0.29744818806648254
-0.27707439661026
0.46907728910446167
-0.5260054469108582
-0.2706151604652405
0.16130974888801575
-0.20427334308624268
-0.7231348752975464
0.6604889035224915
-0.10063798725605011
0.08535623550415039
-0.46660295128822327
-0.3472668528556824
1.0459097623825073
0.525601327419281
-1.4817615747451782
-0.47634682059288025
0.8097378015518188
-0.1661617010831833
0.0748349204659462
0.5415264368057251
0.2589530348777771
-0.320637047290802
-0.5123277902603149
0.418326199054718
-0.2763909697532654
0.14547652006149292
1.0934510231018066
-0.26403701305389404
0.16362783312797546
-0.15101358294487
0.27603834867477417
-0.08212645351886749
0.06191769987344742
0.3266765773296356
-0.24909386038780212
0.28457286953926086
0.42646875977516174
-0.12917503714561462
0.272347092628479
0.03286004066467285
-0.3579391539096832
0.0017565727466717362
0.15522293746471405
0.3923753499984741
-0.06071586534380913
0.08045870065689087
-0.42561444640159607
0.3722451329231262
0.4079461097717285
-0.043351639062166214
0.5829731822013855
0.10444154590368271
-0.10477100312709808
-0.06691709905862808
-0.06525875627994537
0.23134765028953552
0.06531187146902084
-0.2948940694332123
0.39419135451316833
0.3730859160423279
-0.3490999639034271
0.4006423056125641
-0.08780999481678009
0.2664550840854645
-0.1827395260334015
-0.12140871584415436
0.17117007076740265
0.5032858848571777
0.06462298333644867
-0.1102842316031456
0.05973402410745621
0.37055718898773193
-0.1406051516532898
0.35586875677108765
-0.10762900114059448
-0.32503214478492737
0.6990600228309631
0.24869799613952637
-0.2955281138420105
-0.6512390375137329
-1.6798661947250366
3.1279470920562744
-1.8272888660430908
-3.009403705596924
2.947263240814209
-2.257483720779419
0.21500363945960999
0.6912184953689575
-0.9475055932998657
1.5580648183822632
-0.9824686050415039
-0.23276738822460175
0.0658387690782547
0.05576677247881889
-0.1396636962890625
-0.6251218914985657
0.37644076347351074
0.3168528079986572
-0.20616289973258972
-0.7771756649017334
0.3693788945674896
-0.1196664348244667
0.32153087854385376
-0.17743511497974396
-0.19680647552013397
-0.2524046003818512
-0.6556892395019531
0.376132071018219
-0.3606298863887787
-0.36058884859085083
-0.36081060767173767
0.7180534601211548
0.0691743865609169
-0.15164747834205627
-0.5675376057624817
0.8084699511528015
-0.35745659470558167
-0.26652222871780396
0.2053619921207428
-0.6448322534561157
0.29246068000793457
0.04891910403966904
-0.8442800641059875
0.8470958471298218
-0.07949738204479218
0.006541013717651367
-0.604166567325592
0.5826488733291626
-0.9850959777832031
0.8048588037490845
0.030956363305449486
-0.06695351749658585
-0.04750189930200577
0.32268762588500977
-0.6746590733528137
0.07427234947681427
0.5645008087158203
-0.8159862756729126
0.4459642767906189
0.025241708382964134
0.09433197975158691
-0.2658246159553528
-0.09948337078094482
0.9711092114448547
-1.1976003646850586
-0.6581013202667236
0.5179353952407837
-0.1749727725982666
-0.023417329415678978
0.06776821613311768
-0.4363696575164795
-0.36430859565734863
0.7774273157119751
-0.2025928944349289
0.47670069336891174
-1.3458125591278076
0.14942410588264465
0.017975568771362305
-0.051867175847291946
0.47575950622558594
0.23366408050060272
-0.5543344616889954
-0.5154489278793335
0.5427780151367188
0.03438916057348251
-0.37077775597572327
0.22124214470386505
-0.24100522696971893
0.7092129588127136
-0.8337257504463196
-0.34799593687057495
0.11765438318252563
-0.18748688697814941
0.21883270144462585
-0.3072664737701416
0.3000154495239258
-0.5693609118461609
0.4208260476589203
0.017028402537107468
-0.2254881113767624
-2.5789859294891357
1.4915941953659058
0.10690076649188995
-1.3927488327026367
-0.12700755894184113
1.402947187423706
-1.3200856447219849
0.27623558044433594
0.49616819620132446
-0.8503773808479309
0.2363383024930954
0.16137230396270752
-0.46154361963272095
0.02373887225985527
0.4744325280189514
-0.05782034248113632
-0.05185341835021973
0.06293990463018417
0.059905312955379486
-0.052168942987918854
-0.07535047829151154
-0.07520444691181183
-0.40448445081710815
0.06754801422357559
0.5829974412918091
-1.564565658569336
-0.2001158744096756
1.023023009300232
-0.11379756778478622
-0.665165901184082
-0.27380070090293884
0.1751641035079956
0.5327441096305847
-0.5149155855178833
0.6335684657096863
0.3824293911457062
-0.4620969891548157
-0.0628909096121788
0.27740076184272766
-0.9048988223075867
0.6555183529853821
0.10492725670337677
-0.04359417036175728
0.14716288447380066
-0.728649377822876
0.3699680268764496
-0.2846495509147644
-0.2896924316883087
0.5083581209182739
-0.7808226346969604
0.2510107159614563
-0.003649377729743719
0.14921215176582336
-0.083548404276371
0.017164697870612144
0.3498845100402832
0.5952904224395752
-0.031067978590726852
0.042564939707517624
0.2057231366634369
0.43485602736473083
-0.41257262229919434
-0.3121841549873352
-0.3152073323726654
0.23251807689666748
0.2509539723396301
-0.06130173057317734
-0.03953559324145317
0.47528308629989624
-0.1148778423666954
-0.08080848306417465
0.5334259271621704
-0.41363754868507385
0.15178827941417694
0.004561877343803644
0.4513717591762543
0.07056915760040283
-0.3026461601257324
0.27489009499549866
-0.10056900978088379
0.2576310336589813
-0.25478631258010864
-0.040960781276226044
0.2575313448905945
0.2780606746673584
0.316098153591156
-0.056305043399333954
-0.1245463490486145
-0.39153650403022766
-0.042697954922914505
-0.14310067892074585
0.35694068670272827
0.43974241614341736
-0.18045581877231598
0.21887841820716858
-0.7119536399841309
0.1811274290084839
-0.07735936343669891
-0.23211140930652618
-1.0306363105773926
-1.5008074045181274
2.5425162315368652
-1.0697808265686035
-1.4631068706512451
1.3733092546463013
-1.4653123617172241
-0.7037286758422852
0.7423282265663147
-0.6836940050125122
0.07816314697265625
0.2897212505340576
-0.19743914902210236
0.2835516333580017
-0.3518224358558655
-0.11839385330677032
0.27577662467956543
-0.41020193696022034
0.3148801922798157
-0.6583629846572876
0.12695340812206268
-0.04281272739171982
-0.5119743347167969
0.10963945090770721
-0.2819594740867615
0.4504101872444153
-0.052635908126831055
-0.5648999214172363
-0.04483938217163086
-0.30497997999191284
-0.7160568237304688
0.09929127991199493
-0.40888309478759766
-0.03156623989343643
-0.14765849709510803
-0.49833959341049194
-0.1942896842956543
0.036783456802368164
0.07920937240123749
-0.41659075021743774
-0.3328026235103607
-0.11938242614269257
1.0341389179229736
-0.513035237789154
-0.5510193109512329
0.2317465841770172
-0.37281423807144165
0.039681196212768555
-0.6699469089508057
0.10233817249536514
0.17925186455249786
-0.029047584161162376
-0.03640470653772354
0.6991803050041199
-0.7572391629219055
-0.7043733596801758
-0.321162611246109
0.10524129867553711
0.21206560730934143
-0.0655364990234375
0.7091439962387085
-0.1404370367527008
-1.0131943225860596
1.201709270477295
-0.3468305468559265
-0.39871034026145935
1.3758714199066162
-0.4467101991176605
-0.3756718039512634
-0.1419057846069336
-0.38579052686691284
0.14712877571582794
0.2980067729949951
0.173617884516716
-0.12696044147014618
-0.25925663113594055
-0.47113609313964844
-0.33137187361717224
0.5165091753005981
0.3414733111858368
-1.0178006887435913
-0.3571493625640869
0.10560550540685654
0.0258360393345356
0.04846992343664169
0.45578533411026
-0.21094052493572235
-0.4961167275905609
-1.048154592514038
0.7837613821029663
-0.354495108127594
0.08264174312353134
0.08553211390972137
-0.4423953890800476
-0.14093291759490967
0.6348490715026855
-0.1399509757757187
-0.5205796360969543
0.6078497171401978
-0.7101072072982788
-0.36468806862831116
-2.937704563140869
0.5207229852676392
1.2537190914154053
-2.298994779586792
-0.04184068366885185
1.167417287826538
-1.5724241733551025
0.25826993584632874
0.5819071531295776
-0.8506343960762024
0.3866611123085022
-0.06793906539678574
-0.8506047129631042
-0.1232471689581871
0.6413105726242065
-0.22452430427074432
0.046625565737485886
0.001274919486604631
0.01366035919636488
-0.21267668902873993
-0.20148050785064697
0.26356571912765503
-0.03185727447271347
-0.284416526556015
0.4626423716545105
-1.2993578910827637
-0.07876702398061752
0.403672456741333
-0.048445940017700195
0.11737766116857529
-0.18992599844932556
-0.21199512481689453
0.9436525106430054
0.0804191380739212
-1.0709161758422852
-0.5552916526794434
0.6388798952102661
-0.5877211689949036
0.10919718444347382
0.3784250319004059
-0.06100315973162651
-0.4044608473777771
-0.36117225885391235
0.2059313803911209
0.339841365814209
-0.5248743295669556
0.32840496301651
-0.11375486850738525
-0.13790643215179443
-0.16333727538585663
-0.05932559818029404
0.10266026109457016
-0.14994584023952484
0.24361661076545715
-0.14991894364356995
0.19771814346313477
0.35808029770851135
-0.8407799005508423
0.7311207056045532
-0.10918693244457245
-0.892357349395752
0.7218632102012634
0.26985597610473633
-0.16646511852741241
0.5439842939376831
-0.5899879336357117
0.27969396114349365
0.15126647055149078
0.02002839371562004
0.2525615692138672
-0.3396223187446594
0.38605910539627075
-0.22990532219409943
0.04493355751037598
0.23116131126880646
0.025979792699217796
-0.1938709318637848
0.07906466722488403
0.1397835910320282
-0.389581561088562
0.007002055644989014
0.7178224325180054
-0.5647609233856201
0.3252508044242859
0.28293097019195557
-0.148802250623703
0.1162579208612442
0.04957922548055649
-0.32646632194519043
0.5434712171554565
0.14549678564071655
0.06568433344364166
-0.3137776255607605
-0.400693416595459
-0.04717347025871277
0.12417654693126678
0.7365036606788635
-0.18121470510959625
-0.9577490091323853
-0.37276238203048706
-2.1725411415100098
3.0453572273254395
-1.6001126766204834
-2.7014851570129395
2.577934741973877
-1.253344178199768
-0.7553656101226807
1.0323717594146729
-0.46534958481788635
1.288290023803711
-2.3758530616760254
0.07063841819763184
0.5797744989395142
-0.6609728932380676
0.295865923166275
0.6891120076179504
-1.288649082183838
-0.7243744134902954
1.0807278156280518
-0.03228459507226944
-0.846569836139679
-0.6941950917243958
0.48142629861831665
-0.27268069982528687
0.3840612471103668
-0.25227227807044983
-0.24047914147377014
0.06955013424158096
0.6946303248405457
0.04805498197674751
-0.48524731397628784
-0.3939259946346283
-0.04214916378259659
0.8084219694137573
-0.6570041179656982
-0.45195144414901733
0.19075365364551544
-0.3725980818271637
0.2859720289707184
0.5695180296897888
-1.1343563795089722
-0.03690805286169052
0.40481024980545044
-0.5290130972862244
0.11910095065832138
0.3592472970485687
-0.38413989543914795
-0.1952768862247467
0.07596373558044434
-0.8432689905166626
-0.03691401332616806
0.03574109077453613
0.04087939113378525
0.16247710585594177
0.41335731744766235
-0.6916278004646301
-0.2803218364715576
0.654970645904541
-0.7311719655990601
-0.2058589905500412
0.1857922077178955
-0.15291976928710938
0.6918050050735474
-0.7875090837478638
0.35605090856552124
-0.07494883239269257
-0.6069342494010925
-0.12561197578907013
-0.4935196340084076
0.7281297445297241
0.038724564015865326
0.02463071420788765
-0.5317686200141907
-0.06967069208621979
1.1047755479812622
-0.35681086778640747
-0.8872964978218079
0.5511888861656189
0.4543827176094055
-0.7104795575141907
-0.17080271244049072
0.5457537174224854
-0.4076533317565918
0.02108936384320259
-0.09112093597650528
-0.6038117408752441
0.5936936140060425
-0.1705671101808548
-0.8918091058731079
0.1757790446281433
-0.5365945100784302
-0.046059321612119675
0.12825879454612732
0.4933527410030365
-0.6612079739570618
0.04959065839648247
0.2415134459733963
-0.06330811977386475
-0.12921373546123505
-0.4980900287628174
-3.0118391513824463
0.7048736810684204
0.9860047101974487
-1.8502544164657593
-0.28099387884140015
1.3293468952178955
-1.2299996614456177
0.11020924896001816
0.16780057549476624
-0.5201705694198608
-0.19243071973323822
0.25089970231056213
-0.653226375579834
0.371624231338501
0.19134370982646942
0.8740977048873901
-0.6979750394821167
0.008670782670378685
-0.010870099067687988
0.23333044350147247
-0.054067134857177734
0.299832284450531
-0.7511062026023865
-0.12633582949638367
0.5881316661834717
-0.9014614820480347
-0.4500933289527893
0.6328210830688477
-0.5076800584793091
0.11665229499340057
-0.36797797679901123
-0.402524471282959
1.4227911233901978
-0.0447038896381855
-0.7916890382766724
-0.38235583901405334
0.3927595019340515
-0.20448176562786102
-0.533449649810791
0.6047208309173584
0.7756657600402832
-0.6661335825920105
-0.17758074402809143
0.5968024730682373
0.38009345531463623
-0.4095694422721863
0.2382204234600067
0.592187762260437
-0.4137198030948639
-0.007017254829406738
0.10927999019622803
0.007795286364853382
0.16148509085178375
0.03115100786089897
0.22966405749320984
-0.10977377742528915
0.481194406747818
-0.20625507831573486
-0.25165560841560364
0.3809773325920105
0.21141119301319122
0.643964409828186
0.04662799835205078
0.032004453241825104
0.034864652901887894
0.8206448554992676
-0.3707926869392395
-0.19598685204982758
-0.06691388785839081
0.8722848892211914
-0.1418415606021881
0.03150928020477295
-0.0044775246642529964
-0.17043350636959076
0.08744758367538452
-0.05027017742395401
-0.24574875831604004
0.3810860216617584
-0.02971048280596733
0.11475308239459991
0.24368906021118164
0.05345357581973076
-0.06251581013202667
0.21173468232154846
0.4222782552242279
0.540233314037323
-0.21037563681602478
0.04889190196990967
0.029904291033744812
-0.10080394893884659
0.14333027601242065
-0.21924646198749542
0.5567890405654907
-0.6258226633071899
0.2684674859046936
-0.4871060252189636
0.40263819694519043
-0.4359494149684906
-0.4772154688835144
-0.7610161304473877
-1.3442142009735107
2.4649579524993896
-0.5791763067245483
-2.1127371788024902
2.001459836959839
-0.7565801739692688
-1.460471510887146
1.0754095315933228
-0.07306919246912003
-0.7203820943832397
0.08164849132299423
-0.3962327837944031
0.3590587079524994
-0.22941069304943085
-0.2304641753435135
-0.16678424179553986
0.42535796761512756
-0.5439468622207642
-0.3767257332801819
0.5094298124313354
-0.36364227533340454
-0.11125226318836212
0.29921188950538635
-0.5754151940345764
0.08753351867198944
0.09463343769311905
-0.725465714931488
0.41301488876342773
0.23237180709838867
-0.326983779668808
-0.02919740602374077
-0.024500751867890358
-0.12593603134155273
0.1276458203792572
-0.08475799858570099
0.13590435683727264
-0.4905703663825989
-0.6623386144638062
-0.05505528301000595
0.8112074136734009
-0.6618781685829163
-0.17585161328315735
0.5991424322128296
-0.45373231172561646
-0.3027400076389313
-0.05740213394165039
-0.6347521543502808
0.06615853309631348
0.07280917465686798
0.02196330949664116
0.025528335943818092
-0.5651015043258667
0.058901023119688034
0.16994361579418182
-0.29941415786743164
0.6972202658653259
-0.6932708621025085
0.320222944021225
0.23255252838134766
-1.219167947769165
0.15726451575756073
1.0026991367340088
-0.15864315629005432
0.4577662944793701
-0.4278078079223633
0.36536139249801636
0.5010280609130859
-0.45009011030197144
-0.19150704145431519
-0.42521610856056213
-0.5035425424575806
0.007345342542976141
0.7099810838699341
-0.14073960483074188
0.2149217128753662
0.05364880710840225
0.004812121391296387
-0.45863819122314453
0.7123132944107056
0.5633449554443359
-0.7614467144012451
0.17517907917499542
0.7644369006156921
-0.3019486963748932
-0.40395504236221313
-0.8357511758804321
1.196216344833374
-0.1668459177017212
-0.8660129308700562
0.19098858535289764
0.08413306623697281
-0.07964348793029785
-0.44641369581222534
-0.11192290484905243
0.5200897455215454
-0.9315571784973145
0.2172224521636963
-0.0024545907508581877
-0.29762211441993713
0.24894197285175323
-4.4435811042785645
3.491140842437744
0.028642797842621803
-2.374109983444214
0.6177312135696411
0.624363124370575
-1.2216837406158447
0.3579246401786804
0.2356017529964447
-0.5206781625747681
0.27244919538497925
-0.17974945902824402
-0.2657620310783386
1.2317593097686768
-1.0354626178741455
-0.11806510388851166
0.7238019704818726
-0.42380619049072266
0.8150337934494019
-0.12522009015083313
-0.42834776639938354
0.01827220991253853
-0.16010865569114685
-0.10353220999240875
0.0924384593963623
-0.2480696141719818
0.05405173450708389
-0.31107693910598755
-1.0777329206466675
0.7290598750114441
-0.0721927136182785
-0.4204227030277252
0.8286886215209961
0.20674598217010498
-0.31695443391799927
0.09896232932806015
0.3887178897857666
-0.7458383440971375
0.10715112835168839
0.18932083249092102
0.09801962226629257
0.11705644428730011
-0.4452580511569977
0.13038156926631927
-0.11448989063501358
0.2044810801744461
-0.12510883808135986
0.5869223475456238
-0.5300291776657104
-0.09716355800628662
0.49540671706199646
-0.35894179344177246
-0.18206410109996796
0.8000871539115906
-0.5157896280288696
-0.023131608963012695
0.8302282094955444
-0.37430939078330994
-0.3134547173976898
0.2573317885398865
0.09124958515167236
-0.09598471969366074
-0.22430244088172913
-0.07606814801692963
1.1233168840408325
-0.298145055770874
-0.11979539692401886
0.7255691289901733
-0.7123128771781921
0.7414600253105164
0.07548773288726807
0.05973928049206734
0.045153290033340454
-0.22106032073497772
0.3522028923034668
0.28882020711898804
-0.4538528025150299
-0.11531112343072891
0.20722469687461853
-0.10424640029668808
-0.11172330379486084
0.4810457229614258
0.3665493428707123
0.06137438490986824
-0.11286178976297379
-0.0890207439661026
-0.15835420787334442
0.4187747836112976
0.15460608899593353
-0.6980723738670349
0.16560208797454834
-0.07254159450531006
-0.06574298441410065
0.08279534429311752
0.24538299441337585
0.5420311689376831
-0.14082089066505432
0.07646971940994263
-0.3113269805908203
-1.195325255393982
-1.6061683893203735
2.472261428833008
-0.8569788932800293
-2.289102077484131
2.061837673187256
-0.803397536277771
-1.3604211807250977
0.7367875576019287
0.07746253162622452
0.7649884223937988
-1.2196943759918213
-0.8431126475334167
0.4955107271671295
-1.0026664733886719
1.1613035202026367
0.04222865030169487
-0.8047202825546265
-0.27402710914611816
0.4845682978630066
-0.7161789536476135
-0.8119081258773804
0.24875350296497345
0.1872262954711914
-0.6052169799804688
0.3021203577518463
-0.21387891471385956
-0.5938574075698853
0.39372023940086365
-0.38494157791137695
-0.7561479210853577
0.42310094833374023
0.17541399598121643
-0.5227531790733337
-0.4706782400608063
0.03683481365442276
-0.011856460943818092
-0.05987396091222763
0.1172633171081543
-0.14431385695934296
-0.774386465549469
0.34033459424972534
0.7611985802650452
-1.1472417116165161
0.35440340638160706
0.3453204035758972
-0.8187427520751953
0.424746036529541
-0.03102741204202175
-0.8275943994522095
0.1536407470703125
0.28814610838890076
0.19418425858020782
0.5534030199050903
-0.9292103052139282
0.3030773103237152
0.46254491806030273
-0.3307287096977234
0.14500650763511658
-0.002275800798088312
-0.016892051324248314
0.24314670264720917
-0.697480320930481
0.9020093679428101
-0.7222819328308105
0.4761675000190735
0.1827206164598465
-0.6786388754844666
-0.031227445229887962
-0.11423394829034805
0.2938764989376068
-1.5753157138824463
-0.26047348976135254
0.45574674010276794
-0.3606179356575012
0.34333139657974243
-0.47184982895851135
-0.17741946876049042
0.47040730714797974
-0.5788348317146301
-0.24222958087921143
-0.12907588481903076
-0.3448356091976166
0.7505467534065247
0.04766042158007622
-0.3164975643157959
-0.41480904817581177
0.2393530309200287
-0.25668033957481384
0.22302782535552979
0.21506385505199432
0.562537431716919
-0.33204951882362366
-0.43458065390586853
0.5431312322616577
-0.9043353199958801
-0.3777402639389038
0.2745802700519562
-0.03813331201672554
-0.636346161365509
0.3036995828151703
-2.9727418422698975
0.6162087321281433
1.0243041515350342
-2.3502414226531982
0.0662076473236084
0.7605612874031067
-1.0081794261932373
0.18709319829940796
0.5522913336753845
-0.671156644821167
-0.19404248893260956
0.20424528419971466
-0.3542240262031555
-0.20687523484230042
0.6849660873413086
0.08609757572412491
0.08235937356948853
-0.20059573650360107
0.2980158030986786
-0.405506432056427
-0.15702149271965027
-0.310489684343338
0.22751739621162415
-0.2746713161468506
0.46989354491233826
-1.3421828746795654
-0.1853855401277542
1.148005485534668
0.000789856887422502
-0.8229573965072632
-0.23648174107074738
-0.26565295457839966
0.3057025969028473
-0.25451725721359253
0.09539022296667099
0.2893661856651306
-0.8505414724349976
0.1760476976633072
0.18160252273082733
-0.07401509582996368
0.0732278823852539
0.13373050093650818
-0.883087158203125
0.2635311484336853
-0.8350807428359985
0.1325376182794571
0.7215086221694946
-1.2038873434066772
0.4968716502189636
0.33208051323890686
0.08756022155284882
-0.6403862237930298
0.2707321047782898
-0.5248875617980957
0.24127106368541718
-0.038811229169368744
-0.05534017086029053
-0.18693239986896515
0.8343877792358398
-0.13648810982704163
0.0681951493024826
0.22877517342567444
-0.1460377722978592
-0.12034402042627335
0.7787620425224304
-0.31469231843948364
-0.012695526704192162
0.00890800915658474
0.1915576010942459
-0.03643674775958061
0.030758779495954514
-0.3580949902534485
0.03600127622485161
0.26778343319892883
0.3026776909828186
0.20926785469055176
-0.2218734323978424
-0.6522518396377563
0.39803260564804077
0.10276653617620468
-0.08094774186611176
0.12486110627651215
0.3160496652126312
0.3566797077655792
-0.5226535201072693
0.2028157263994217
-0.37939363718032837
0.2733016908168793
0.3228590488433838
-0.3323848247528076
0.12369172275066376
-0.39696815609931946
0.4957341253757477
-0.25614991784095764
0.2000994235277176
-0.438366174697876
0.36854681372642517
0.16365382075309753
-0.8183757066726685
-1.0551761388778687
-1.268075704574585
2.8423333168029785
-0.9448445439338684
-2.1178767681121826
2.3644771575927734
-1.576135516166687
-0.5544455051422119
1.3925554752349854
-0.9054199457168579
0.18991641700267792
0.12383361160755157
-0.6699321866035461
0.1710459291934967
-0.3915333151817322
0.4014570713043213
0.05497746542096138
-0.04682479053735733
-0.3063979148864746
-0.1934601366519928
1.0867149829864502
-0.4229084849357605
0.1395271271467209
0.31041818857192993
-0.3540434241294861
0.39011678099632263
0.10458917915821075
-0.22637271881103516
-0.1721053123474121
-0.5925384759902954
0.4918366074562073
0.8387935757637024
-0.9608981013298035
0.1374669075012207
-0.08403673022985458
0.2610868513584137
0.08525848388671875
-0.39225029945373535
-0.05792565271258354
0.2031722068786621
0.9641197323799133
-0.5140993595123291
-1.004457712173462
0.9183142781257629
0.104827880859375
-0.8052476644515991
-0.4228817820549011
0.36625203490257263
0.049559880048036575
0.4259337782859802
-0.5877688527107239
0.4592494070529938
0.21988768875598907
-0.8555506467819214
0.22158269584178925
0.2038394957780838
-0.6176851987838745
0.2142576277256012
0.49167150259017944
-0.8900346755981445
-0.06461186707019806
0.10889067500829697
-0.004679536912590265
-0.2589048445224762
-0.8712717294692993
-0.1371138095855713
0.4404141902923584
-0.34612491726875305
-0.4006946086883545
-0.27423250675201416
0.5060874223709106
-0.6590423583984375
0.13663291931152344
-0.31706827878952026
-0.7591062784194946
1.1893171072006226
-0.07839979976415634
-0.7394620776176453
0.33721041679382324
0.1093386635184288
-0.814965546131134
0.1274542510509491
0.4168643057346344
-0.3907189667224884
0.5305417776107788
0.1730153113603592
-0.7862468957901001
-0.2346409559249878
0.04656100273132324
-0.2677852213382721
0.37551912665367126
0.14270521700382233
0.16764041781425476
-0.27791523933410645
0.2463880032300949
-0.41049566864967346
0.18938478827476501
-0.543587327003479
0.5720294713973999
-0.4505394399166107
-0.07592664659023285
-3.1890625953674316
0.8470422029495239
0.5516694784164429
-1.537227749824524
-0.1510409414768219
1.0935441255569458
-1.4088914394378662
-0.32235968112945557
0.168675035238266
-0.3795506954193115
-0.0016321182483807206
-0.04392371326684952
-0.11939294636249542
0.03944096714258194
0.1642806977033615
0.1697572022676468
0.3200233578681946
0.07014541327953339
-0.45541858673095703
0.16342367231845856
-0.1926473081111908
-0.4563424587249756
0.3644266128540039
-0.37002453207969666
0.2301875352859497
-0.491443932056427
-0.6135122776031494
1.003633737564087
0.3914183974266052
-0.4989255964756012
-1.4598979949951172
0.3215336203575134
0.3468100130558014
-0.3121238350868225
0.03434758260846138
0.20401707291603088
-0.5155095458030701
0.25910741090774536
0.42686599493026733
-0.18570509552955627
1.1203081607818604
-1.516263484954834
0.006963974330574274
1.0758140087127686
-0.31498876214027405
-0.4621242582798004
0.10046353191137314
0.3901299834251404
0.6487454175949097
-0.20952734351158142
-0.08587479591369629
0.179356649518013
0.5966446399688721
-0.16550269722938538
-0.036356307566165924
0.22428762912750244
-0.16484875977039337
0.11019718647003174
0.2055654078722
0.5229078531265259
-0.35249510407447815
-0.031187748536467552
-0.3863591253757477
0.7666041851043701
0.19613847136497498
-0.11933396756649017
-0.5755672454833984
0.5871216058731079
-0.011050653643906116
0.32198771834373474
0.15093593299388885
-0.04600454494357109
0.13419581949710846
-0.10698020458221436
-0.2226962149143219
0.7337460517883301
0.35319623351097107
-0.7789539098739624
0.3475022614002228
-0.037132613360881805
0.3242740035057068
0.4045674204826355
-0.35784441232681274
-0.011034083552658558
0.49280625581741333
-0.3948972225189209
-0.33344292640686035
0.3718439042568207
0.2919817268848419
-0.2251712828874588
-0.22495970129966736
-0.16057094931602478
0.7657698392868042
0.016306888312101364
0.24422316253185272
-0.3781808018684387
0.3102540075778961
0.16954150795936584
-0.3611185550689697
-1.009251356124878
-2.495605230331421
4.1805572509765625
-2.0604259967803955
-1.77718985080719
2.3042707443237305
-1.6195213794708252
-0.3695523738861084
0.7323676943778992
-0.3868143558502197
0.3267722725868225
-0.4538087844848633
-0.3558136820793152
-0.008667374029755592
-0.9750285148620605
0.0842859297990799
0.6657324433326721
-0.4657101035118103
-0.22211351990699768
0.2521151900291443
-0.5286988615989685
0.07567544281482697
0.4028451442718506
0.32809963822364807
-0.6515630483627319
0.31205758452415466
-0.07549886405467987
0.194733664393425
-0.48136988282203674
-0.21234770119190216
-0.18894663453102112
-0.24528083205223083
0.118050716817379
0.5386775732040405
0.10665836185216904
-0.9432242512702942
0.45908141136169434
-0.6328105330467224
-0.2673052251338959
-0.0626547783613205
0.2966819703578949
0.06033835560083389
-0.12367944419384003
-0.04229288175702095
0.15314531326293945
0.021083926782011986
-0.1301708221435547
0.2718898355960846
-0.6714743971824646
0.07841558754444122
-0.08987469971179962
0.16228589415550232
-0.34907597303390503
-0.23302030563354492
-0.04275364801287651
0.4067400395870209
-0.8649703860282898
0.16385583579540253
0.4369537830352783
-0.5360729098320007
0.6085795760154724
0.06270985305309296
-0.36128169298171997
0.06732682883739471
-0.12263939529657364
0.690963625907898
-0.7374150156974792
-0.37637826800346375
1.4630801677703857
-0.48016873002052307
0.4820636212825775
-0.14373564720153809
-0.21475473046302795
0.3963145613670349
0.3504098951816559
-0.49979057908058167
0.43073606491088867
0.08080001175403595
0.11748293787240982
0.20221742987632751
-0.3524412512779236
-0.3365015983581543
0.09044548124074936
0.7569978833198547
-0.9710725545883179
-0.7739244103431702
0.6740444302558899
-0.7724612355232239
-0.024467701092362404
-0.48257818818092346
-0.26771974563598633
0.04440230503678322
-0.22073587775230408
-0.45141106843948364
0.2347886860370636
-0.09777295589447021
-0.3641877770423889
0.31884902715682983
-0.25837427377700806
-0.37321433424949646
-0.34157127141952515
-7.093091011047363
5.7727556228637695
0.2209533154964447
-3.219740390777588
1.7586904764175415
-0.2543620467185974
-1.1141996383666992
0.4535258412361145
-0.21078577637672424
-0.761446475982666
0.26106399297714233
-0.2538280189037323
0.26358529925346375
0.10691042244434357
-0.46267467737197876
0.2655297517776489
-0.3200204372406006
0.0038078546058386564
0.011781883426010609
-0.1522563397884369
-0.3325079083442688
0.5117789506912231
-0.26246434450149536
-0.17504914104938507
0.04434385150671005
-0.38085195422172546
-0.030884813517332077
-0.45082634687423706
-0.7503177523612976
0.27248644828796387
-0.4675664007663727
-0.1322537660598755
0.42471399903297424
0.4718991219997406
-0.8587932586669922
0.14204062521457672
0.07964308559894562
-0.09553017467260361
-0.15785622596740723
0.10746459662914276
0.09217498451471329
0.2616880536079407
-0.463832288980484
-0.41202449798583984
-0.10330402851104736
0.29121917486190796
-0.13954026997089386
0.8169924020767212
-0.5304657220840454
0.24489620327949524
-0.22276993095874786
-0.6123241186141968
0.5433610677719116
-0.4390946924686432
-0.14912226796150208
0.7445399165153503
-0.0400928370654583
-0.4187588095664978
0.24500532448291779
0.14362351596355438
-0.08498196303844452
-0.5534685850143433
-0.2592785954475403
0.5398102402687073
0.03797134757041931
-0.0807904452085495
0.2881096601486206
-0.5231273174285889
0.5496588945388794
-0.04706753417849541
-0.24594858288764954
0.09881718456745148
-0.45975351333618164
0.6480251550674438
-0.47210463881492615
-0.06486090272665024
0.1920727789402008
-0.24353858828544617
-0.3725837469100952
0.26083993911743164
0.29409271478652954
-0.3363395035266876
-0.05454351752996445
-0.22123822569847107
-0.02104024961590767
-0.03926790878176689
-0.32296842336654663
0.39942866563796997
-0.2482575923204422
-0.46119436621665955
0.24956150352954865
-0.3053321838378906
-0.2989737093448639
-0.16434022784233093
0.4853518009185791
-0.04147712141275406
-0.47343015670776367
0.12382610887289047
-0.2940387725830078
-0.1560204029083252
-1.8676083087921143
2.8236687183380127
-0.6295283436775208
-2.435291290283203
2.3421542644500732
-0.9279227256774902
-0.9635744094848633
0.8377676010131836
-0.2895703911781311
0.736983597278595
-0.6925329566001892
-0.6872432827949524
0.03340163081884384
-1.0092509984970093
0.3748796582221985
-0.635286271572113
-0.2708420157432556
0.30130043625831604
0.20645174384117126
0.1495523452758789
-0.02274184301495552
-0.8043628931045532
0.4965268671512604
0.0809868797659874
0.12729397416114807
-0.39581283926963806
0.16554979979991913
0.5997743606567383
-0.32897472381591797
0.19000530242919922
0.21827077865600586
0.1428644210100174
-0.9448204040527344
0.11940817534923553
0.465405136346817
-0.6797225475311279
-0.9075700640678406
0.6068073511123657
-0.4851098954677582
0.23235535621643066
-0.05522136762738228
0.05062079429626465
0.5806523561477661
-0.49762582778930664
-1.1170933246612549
-0.2868465781211853
0.20290584862232208
-0.789408802986145
0.1221168041229248
-0.2974933683872223
-0.3955623507499695
0.4137018322944641
-0.17123766243457794
-0.02565751038491726
0.27552279829978943
-0.920628547668457
-0.12709017097949982
0.7197562456130981
-0.6754227876663208
0.49792957305908203
-0.6972261667251587
-0.06012606620788574
0.23313388228416443
0.4597911238670349
-0.9883267283439636
0.20063114166259766
0.30521759390830994
-0.4826693534851074
0.14058737456798553
0.19623002409934998
-1.3145427703857422
0.3257570266723633
0.09286968410015106
-0.06872568279504776
-0.49892908334732056
0.4325365126132965
-0.4228207468986511
0.10217807441949844
0.3452695906162262
-0.8783588409423828
0.034487009048461914
0.803256630897522
-0.5725590586662292
0.1409606784582138
-0.6216137409210205
0.6830788850784302
-0.4648051857948303
-0.2052294760942459
0.7772313952445984
-1.4246175289154053
0.17213013768196106
-0.18582133948802948
-0.2097572386264801
-0.2559303641319275
0.11408486217260361
0.6197208762168884
0.8600471615791321
-1.0372769832611084
-1.1868493556976318
0.33085912466049194
-4.387522220611572
3.527698516845703
-0.013334155082702637
-2.3296117782592773
1.1608021259307861
0.232240229845047
-1.0321366786956787
0.32269853353500366
0.511304497718811
-0.6798475384712219
0.24366000294685364
-0.06487270444631577
-0.5607439279556274
0.784777045249939
-0.018139267340302467
-0.9321075677871704
0.7729955911636353
0.12678393721580505
-0.8680245280265808
0.6340158581733704
-0.2499888390302658
0.13894884288311005
-0.034388937056064606
-0.6799560785293579
0.9312686920166016
-0.9347070455551147
-0.4897685945034027
1.4526187181472778
-0.14904430508613586
-0.6528029441833496
-0.9784862399101257
0.5099211931228638
0.28792738914489746
-0.4326605796813965
0.28323057293891907
0.22926989197731018
-0.7003000378608704
0.41458940505981445
-0.22501692175865173
0.2808690369129181
1.2934825420379639
-1.1779593229293823
-0.9027959108352661
1.0480210781097412
-0.2740985155105591
-0.012144004926085472
0.3543128967285156
-0.1339384764432907
0.27123966813087463
0.3035956621170044
-0.6317304372787476
-0.048752687871456146
0.7143585085868835
-0.08323729038238525
-0.46981269121170044
0.33786001801490784
0.35404857993125916
0.7802302837371826
-0.5463947057723999
0.16426889598369598
-0.24668022990226746
0.6747666597366333
0.06486856937408447
0.20573988556861877
0.01971142366528511
0.2378431260585785
0.23334236443042755
0.1135549396276474
0.3883693218231201
0.7637034058570862
-0.642250120639801
0.1834692507982254
0.5344042181968689
-0.0036710978019982576
0.10705598443746567
0.08148573338985443
-0.2563357353210449
-0.21503226459026337
0.6835319399833679
0.4279502034187317
-0.23364782333374023
-0.21486397087574005
0.39720943570137024
0.6327359676361084
-0.5002384185791016
-0.17712482810020447
0.21522250771522522
-0.22160208225250244
0.03035007044672966
0.2384762316942215
-0.1211419329047203
0.476588636636734
-0.455855131149292
-0.06709972769021988
0.14547868072986603
-0.05129233002662659
0.18379120528697968
0.31629857420921326
-0.8332220315933228
-0.8011730313301086
-1.628779649734497
2.343048572540283
-0.5983535051345825
-1.8304637670516968
1.7139313220977783
-1.3325395584106445
-0.9816848039627075
0.6683871150016785
-0.6852086782455444
1.518452525138855
-1.163156270980835
-0.40961307287216187
0.6300005316734314
-0.8970678448677063
-0.28834572434425354
-0.4491811692714691
0.4750438332557678
0.6363052129745483
-0.8968368768692017
0.9301910400390625
-0.7217341661453247
-0.4071841239929199
0.47188836336135864
0.0401180274784565
-0.4827221930027008
0.15857496857643127
-0.5178788304328918
-0.12475933879613876
0.43555569648742676
-0.2040298879146576
-0.29141679406166077
-0.0334620475769043
0.2544991075992584
-0.22338247299194336
-0.3083009719848633
-0.14100393652915955
0.7413104772567749
-1.1253904104232788
-0.04203486442565918
0.1113312691450119
-0.2555452287197113
0.057016752660274506
-0.2535553574562073
-0.11974640190601349
0.04389796406030655
0.417935848236084
-0.03986167907714844
-0.735211968421936
0.20867642760276794
0.13877646625041962
-0.7327972650527954
0.6778330206871033
-0.7620629072189331
-0.3266367018222809
0.2483380287885666
-0.07716779410839081
-0.2679404318332672
0.7647677659988403
-0.8317669034004211
-0.33770763874053955
-0.0070576430298388
0.3527022898197174
-0.11767401546239853
0.16785220801830292
0.4979214072227478
-0.4097537100315094
-0.023995447903871536
-0.04369392246007919
-0.5287214517593384
0.4443818926811218
-0.39708393812179565
0.46242818236351013
-0.024426698684692383
0.07093624770641327
0.005837106611579657
-0.2742302119731903
0.6394349932670593
-0.604903519153595
-0.30022335052490234
-0.3608042597770691
0.3192386031150818
-0.06861619651317596
0.39283305406570435
-0.047287844121456146
-0.24444341659545898
-0.5877774357795715
-0.021805668249726295
-0.11532960087060928
-0.33142155408859253
0.5804263353347778
-0.5957531332969666
-0.4844281077384949
0.4254463315010071
-0.1179434284567833
0.003393420483916998
0.24791204929351807
-0.3314533829689026
-0.3951322138309479
-0.43456658720970154
-0.4398345947265625
-2.7183074951171875
0.5299941301345825
0.3925926983356476
-1.5186283588409424
0.015729304403066635
0.9460277557373047
-1.1412607431411743
-0.5927178263664246
0.6730690002441406
-1.0588613748550415
0.004965329077094793
0.028620148077607155
-0.7455090284347534
0.3451439142227173
0.14574241638183594
0.14844903349876404
-0.22710959613323212
-0.1778564304113388
0.22008080780506134
-0.42149752378463745
-0.19721469283103943
-0.05724944919347763
-0.4470798373222351
0.1415576934814453
-0.0935748964548111
-0.6666787266731262
-0.23987726867198944
0.4059920907020569
-0.5903210043907166
0.13835963606834412
-0.09888899326324463
-0.3682003915309906
1.01893150806427
0.025780295953154564
-0.8815141916275024
-0.763549268245697
0.5977874994277954
-0.3058575689792633
-0.36389559507369995
0.1474759876728058
0.4908026158809662
-0.46777790784835815
-0.1379104107618332
0.3140330910682678
-0.3855442404747009
0.12877123057842255
-0.134713277220726
0.04329146072268486
-0.08285269886255264
-0.28280210494995117
-0.31996068358421326
-0.11757717281579971
-0.27669885754585266
0.07743754237890244
-0.2119138538837433
-0.038912929594516754
0.3198409080505371
0.017354870215058327
0.2156953513622284
-0.46706151962280273
-0.14603185653686523
0.14371050894260406
0.11897826194763184
-0.18013717234134674
-0.10319559276103973
0.3179526925086975
-0.010537753812968731
-0.4096934199333191
0.06108260154724121
-0.23371891677379608
0.6656689047813416
-0.4069415032863617
0.17731817066669464
0.21568652987480164
0.2844131290912628
-0.23971660435199738
-0.44912299513816833
0.24638530611991882
0.2073926031589508
-0.2616371512413025
0.1435461789369583
-0.26183849573135376
-0.24716134369373322
0.47975054383277893
0.011307823471724987
-0.017087167128920555
0.27205735445022583
-0.2668364942073822
0.176900714635849
0.2898719608783722
-0.6145385503768921
0.6077913641929626
-0.3495703637599945
0.1013624519109726
0.16306793689727783
-0.573455810546875
0.5214590430259705
-0.18346254527568817
-0.6270983815193176
-0.9171041250228882
-1.0789011716842651
2.359755277633667
-0.7620977163314819
-2.558131694793701
2.1053385734558105
-1.0678106546401978
-0.695159912109375
1.1047916412353516
-0.5969005823135376
0.5311138033866882
-0.8816120028495789
-1.0779244899749756
0.4988168776035309
-0.847527027130127
-0.16265344619750977
-0.4182821214199066
0.596888542175293
-0.3931819796562195
0.32337459921836853
-0.15075907111167908
-0.07461462169885635
-0.46099549531936646
0.35342398285865784
-0.3028477728366852
0.16259880363941193
0.043145276606082916
-0.28293293714523315
0.07002487033605576
-0.2215317189693451
-0.3488638997077942
-0.21280184388160706
-0.5946277976036072
0.014019298367202282
-0.09760560840368271
-0.3578634262084961
1.1061692237854004
-0.88261878490448
0.5741229057312012
0.4528108239173889
-0.26501065492630005
0.03651423379778862
-0.49940747022628784
-0.39492934942245483
0.41243070363998413
-0.1214451789855957
-0.2135787010192871
-0.2242191731929779
-0.153207927942276
-1.1594107151031494
-0.3649999499320984
0.4784519672393799
0.5098592042922974
-0.2991343140602112
0.19907721877098083
-0.6363752484321594
-0.7613229751586914
0.9947366714477539
-0.14656515419483185
-1.240094780921936
0.8356254696846008
0.49499955773353577
0.19387240707874298
-0.24001848697662354
-1.0690799951553345
-0.019298458471894264
0.5281143188476562
-1.9467566013336182
0.25510719418525696
0.564254105091095
-0.421006441116333
0.4191815257072449
-0.1179676502943039
-0.6076892614364624
0.16190290451049805
0.3317083418369293
-0.34209519624710083
-0.3283780515193939
-0.5001424551010132
0.14035829901695251
0.13563385605812073
-0.3512015640735626
0.13065405189990997
-0.6078884601593018
0.6087473034858704
-0.1627882570028305
0.5335537195205688
-0.622728705406189
-0.46955519914627075
-0.33724284172058105
0.2868579924106598
0.012577044777572155
-0.7316606044769287
-0.09510143101215363
0.22976307570934296
0.007792556192725897
-0.2739435136318207
0.11072085052728653
-0.613767683506012
-0.2695223391056061
-0.33177343010902405
0.48720747232437134
-4.161434173583984
1.1984018087387085
1.7636619806289673
-2.5062079429626465
1.503577470779419
-0.8222285509109497
-0.5758237838745117
0.7530772686004639
-0.7954944372177124
-0.1853339970111847
-0.09065790474414825
-0.0790022611618042
0.04182431846857071
0.0843997448682785
0.5849885940551758
-0.4282100796699524
-0.039603423327207565
-0.2656455636024475
0.3175506591796875
-0.2882402837276459
-0.012982463464140892
0.058014608919620514
-1.563647747039795
-0.14484356343746185
1.3636367321014404
-0.0482255220413208
-0.8505337834358215
-1.0124576091766357
0.7596527338027954
0.18602868914604187
-0.5985596179962158
0.09842395782470703
0.10083184391260147
-0.2211981564760208
-0.04162611812353134
-0.2862583100795746
0.14436635375022888
0.6273554563522339
-0.9918602108955383
0.044033098965883255
0.08362968266010284
-0.2701544761657715
-0.2480611354112625
0.4970094561576843
0.4355739653110504
-0.34758204221725464
0.03937680646777153
0.16622547805309296
0.19103920459747314
0.10282246768474579
0.1582183986902237
0.34915098547935486
0.21604998409748077
0.5092955827713013
-0.47813931107521057
0.06382725387811661
0.39146310091018677
-0.4369850158691406
-0.0883258804678917
0.18771450221538544
0.10784480720758438
-0.34048691391944885
0.6487833261489868
0.2770676612854004
0.09744026511907578
-0.14905309677124023
0.1442590355873108
0.8587638735771179
-0.08251094818115234
-0.3804240822792053
0.15092632174491882
0.21151208877563477
0.05627657100558281
-0.10967729240655899
0.7242843508720398
-0.039569973945617676
-0.015455508604645729
0.050675082951784134
0.018674612045288086
0.07922347635030746
0.14677651226520538
0.17596587538719177
0.09156056493520737
0.0015495553379878402
0.07501306384801865
0.10526857525110245
0.0723642110824585
0.26914533972740173
0.09903232753276825
0.19217011332511902
0.03858228772878647
0.16238096356391907
-0.2544082999229431
0.5304105281829834
0.10683488845825195
-0.17865367233753204
0.1246434897184372
-0.6830114126205444
-0.5124572515487671
-1.3155313730239868
2.812673568725586
-0.898326575756073
-2.9984805583953857
2.5539908409118652
-0.7604971528053284
-0.5613406300544739
1.0222066640853882
-0.9723591804504395
0.8028103113174438
-1.031410574913025
-0.2479175627231598
0.6684237718582153
-1.4196624755859375
0.46456974744796753
0.35595446825027466
-0.8470861315727234
0.349334716796875
0.5827062726020813
-0.6526865363121033
-0.510208010673523
-0.31937775015830994
-0.11141457408666611
-0.17405113577842712
0.5754703283309937
-0.4452906548976898
0.20344166457653046
-0.0005948066827841103
-1.37757408618927
0.4312990605831146
0.3327775001525879
-0.4483102262020111
-0.1544272005558014
-0.4436454772949219
0.16349640488624573
-0.06923075020313263
-0.2090899497270584
0.3950844407081604
-0.3212343752384186
-0.3223777711391449
-0.4727920889854431
-0.43546923995018005
1.0792992115020752
-1.0188709497451782
0.21567144989967346
-0.32226020097732544
-0.36435213685035706
0.8889617919921875
-0.3076699376106262
-0.2887185215950012
0.3625618815422058
-0.7493279576301575
0.7812050580978394
-0.7485408782958984
-1.0537177324295044
0.8126958012580872
-0.9093952178955078
0.06174659729003906
0.24490924179553986
-0.4686511158943176
-0.10798010975122452
0.36640238761901855
0.1965215653181076
-0.2293998748064041
-0.7846382260322571
0.5067354440689087
-0.5354775190353394
-0.2847636342048645
0.37756720185279846
-0.26670461893081665
0.04108910635113716
0.1092686653137207
-0.12153349071741104
0.4612044394016266
-0.5336377024650574
0.13181884586811066
0.6339869499206543
-0.9141263961791992
-0.6212732195854187
0.4964376389980316
-0.8854719400405884
-0.3462652266025543
0.717923104763031
0.039383769035339355
-0.4587797522544861
-0.2787015736103058
0.5504789352416992
-0.7560068964958191
-0.03015320375561714
-0.08530057966709137
0.369562566280365
0.10994318872690201
0.11505325883626938
0.5765852332115173
-0.11448536068201065
-0.7608641982078552
0.8974810838699341
-0.5911177396774292
-0.9011625051498413
-0.6904751062393188
-3.958160400390625
3.1066813468933105
0.163432314991951
-3.89233660697937
1.945125937461853
0.48892998695373535
-1.4718375205993652
0.5649875402450562
-0.3524112105369568
-0.6128729581832886
1.0296061038970947
-0.4321648180484772
-0.6878111958503723
0.6664180755615234
-0.17128686606884003
0.0064102886244654655
0.08807803690433502
-0.012205218896269798
0.033783506602048874
-0.3705652952194214
-0.1421516388654709
-0.5997155904769897
0.41935139894485474
-0.5700429677963257
0.3382204473018646
-0.257671982049942
-0.27798956632614136
-9.442567534279078e-05
-0.004284000489860773
-0.70332270860672
-0.39143651723861694
0.29072582721710205
0.11376945674419403
-0.7713766098022461
0.7968412041664124
0.13282132148742676
-0.31937429308891296
-0.6471405029296875
0.8304585218429565
-0.7114425897598267
-0.0260772705078125
0.738813579082489
-0.30290651321411133
-0.6620685458183289
0.4037435054779053
-0.1357988864183426
0.1993134319782257
-0.47570353746414185
0.8344356417655945
-0.4918730854988098
0.17642728984355927
-0.4680553376674652
0.12738649547100067
-0.36140698194503784
0.4536662995815277
-0.22774000465869904
-0.119001604616642
0.41596490144729614
-0.35814622044563293
0.0010315418476238847
0.0764557495713234
-0.3956245183944702
0.38059499859809875
-0.06863994896411896
-0.5061068534851074
0.08145549148321152
0.18968465924263
0.20839914679527283
0.183742955327034
-0.20692896842956543
0.43175584077835083
-0.03222719952464104
0.2577510476112366
-0.34799498319625854
0.7165907621383667
0.08344943076372147
0.20125122368335724
0.08696436882019043
0.6038180589675903
-0.3634316027164459
0.14451710879802704
0.08077067136764526
0.3269975781440735
-0.2560618817806244
0.02601417899131775
0.20740506052970886
0.29764270782470703
-0.2261556088924408
0.396094411611557
-0.012074893340468407
0.41796597838401794
-0.05678575113415718
-0.30050814151763916
0.3403601050376892
-0.21281149983406067
-0.012516552582383156
0.2585673928260803
-0.009609145112335682
-0.44878825545310974
