-0.17007984220981598
-0.17007984220981598
-6.174474239349365
2.7869300842285156
-3.095463275909424
0.17632456123828888
0.2729586660861969
-1.8594785928726196
-0.3285652995109558
0.03393106535077095
-0.6421731114387512
-0.08829259872436523
0.07361326366662979
-0.2812501788139343
-0.3212265074253082
-0.1673130989074707
-0.015543174929916859
0.2830508351325989
-0.5737568140029907
0.05760469287633896
0.19694094359874725
-0.403276264667511
0.1521875411272049
-0.1682545244693756
-1.0866403579711914
0.29113635420799255
0.592699408531189
-0.5563033223152161
0.3048115670681
-0.18998098373413086
-0.22483530640602112
0.14483752846717834
0.06458111107349396
0.5471921563148499
-0.4645739197731018
0.3550005853176117
0.3992871642112732
0.7696775197982788
-0.2019805610179901
-1.1279422044754028
0.27518215775489807
0.5781369805335999
-0.09032630920410156
-1.612595558166504
1.000147819519043
-0.02026551403105259
0.19890515506267548
2.6020894050598145
-0.7232491970062256
0.5731638669967651
1.624393105506897
-0.8614621162414551
0.39890727400779724
-0.2936212420463562
-0.0029842376243323088
0.9384077191352844
0.011999678798019886
-0.3989570438861847
1.0281507968902588
0.06309089809656143
-0.3419879674911499
1.1185613870620728
-0.0475710853934288
0.13638749718666077
0.5358392000198364
0.6361395716667175
0.9435327649116516
0.11133003234863281
-0.10199527442455292
0.8442562222480774
0.47485995292663574
0.14424100518226624
-0.1864565908908844
-1.1664764881134033
1.010425329208374
0.46559518575668335
-0.28950437903404236
0.9314545392990112
0.1466248482465744
-0.3246089816093445
0.6187294721603394
-0.22275777161121368
1.3359111547470093
0.41536274552345276
-0.1420823037624359
0.541238009929657
0.36289873719215393
0.27429598569869995
-0.43009695410728455
-0.4065092206001282
-1.8306843042373657
0.6062570810317993
-0.3397560119628906
-0.18452921509742737
2.459346055984497
-0.6638010740280151
-0.1837749481201172
0.9258575439453125
0.3875032067298889
0.319009393453598
-0.8512576818466187
-1.1482733488082886
-0.16405019164085388
2.898776054382324
-3.36854887008667
0.028199339285492897
1.4895455837249756
-1.4363683462142944
0.39823898673057556
0.2573885917663574
0.3447471559047699
0.18527555465698242
0.21166114509105682
0.3870135247707367
-0.4833095669746399
0.42573508620262146
0.10661344230175018
0.05120687559247017
0.19645348191261292
0.19002437591552734
-0.7895406484603882
-0.0061798095703125
0.13469085097312927
-0.26567983627319336
0.26821136474609375
-0.20633745193481445
0.2714049220085144
-0.7161064147949219
-0.1458829939365387
-0.13755254447460175
-0.5576788187026978
0.3637753427028656
-0.007008552551269531
-0.07397861778736115
-0.850214958190918
0.1276334822177887
-0.5011471509933472
0.5451526641845703
0.23531599342823029
1.4383447170257568
-1.576112985610962
-0.8324500918388367
1.0394160747528076
-0.3050123155117035
-0.4371871054172516
0.7199140787124634
0.30333346128463745
-2.545506000518799
-0.2726036012172699
0.48770657181739807
-0.6703287959098816
0.46788960695266724
-0.21325664222240448
-0.49826812744140625
0.2826838493347168
-0.2469966858625412
0.43232250213623047
1.1924622058868408
-1.6630271673202515
0.3556440472602844
-0.9680641293525696
1.143145203590393
-0.005858707241714001
-0.1150197982788086
-0.10551901161670685
0.7167773246765137
0.3254144787788391
-1.3888874053955078
1.342739224433899
-1.2955772876739502
-0.3785889744758606
-1.174264907836914
0.26200199127197266
-0.7171258926391602
-0.33581066131591797
0.2513114809989929
0.6295547485351562
-0.3148687481880188
-1.0815962553024292
-0.07383575290441513
-0.452828586101532
-0.05214748531579971
0.03294496610760689
-0.3946174085140228
0.4198734164237976
-0.3095053732395172
0.062469482421875
-0.19847898185253143
-0.16662025451660156
-0.29428941011428833
-0.5768464207649231
-0.7495597004890442
-0.07048473507165909
0.8016478419303894
0.44444456696510315
0.09261159598827362
-0.32890254259109497
0.22128716111183167
-0.02630939520895481
0.8494863510131836
-2.1084911823272705
-12.347593307495117
10.54190444946289
-1.5562562942504883
-8.429744720458984
5.505158424377441
-2.768415927886963
-0.9513874053955078
3.0657222270965576
-1.5777060985565186
-0.8709738850593567
1.0623234510421753
-1.4717304706573486
0.12317200005054474
0.5231152176856995
-0.8043346405029297
-0.21664342284202576
-0.565841794013977
-0.24054737389087677
-0.02690267562866211
-0.20013198256492615
-0.0948086753487587
-0.3003849387168884
0.37755125761032104
-0.18187861144542694
-0.25105994939804077
-0.20612187683582306
-0.20080646872520447
0.44658413529396057
0.2983625829219818
-0.7168301343917847
-0.8095792531967163
1.1181007623672485
-0.29544949531555176
0.15810441970825195
0.6864391565322876
-0.7345799207687378
0.17934949696063995
0.10795958340167999
-0.39996105432510376
0.811306357383728
-0.032027363777160645
-0.22186508774757385
0.21062755584716797
0.18319599330425262
0.3232828974723816
0.03121638298034668
0.8915824890136719
0.28372472524642944
0.06280793994665146
0.23902836441993713
0.9081194996833801
-0.4473279118537903
0.4900945723056793
-0.6027882099151611
0.6946138739585876
0.5362164378166199
-0.09730710834264755
0.3114820420742035
0.32352280616760254
0.6546765565872192
0.7718377709388733
-0.1545487344264984
0.0395054817199707
1.0329557657241821
-0.6873248219490051
0.9250990152359009
0.5064705014228821
0.26488766074180603
0.23138436675071716
0.3156566619873047
0.5165069699287415
0.5400575399398804
0.4561980366706848
-0.23571272194385529
0.1622275412082672
0.5639938116073608
0.5050210952758789
0.4626644253730774
0.26514729857444763
0.5624723434448242
0.15584143996238708
0.23016253113746643
-0.21853657066822052
0.2276441603899002
0.6138680577278137
0.08865003287792206
0.020546341314911842
0.08773813396692276
0.2221873253583908
0.176348015666008
0.013580990023911
-0.09384584426879883
0.03677692264318466
0.4786255955696106
-0.10106468200683594
0.07804308086633682
-0.07731332629919052
0.6378633379936218
-2.509859085083008
-4.137319087982178
-18.777620315551758
5.892910957336426
10.277204513549805
-3.2664380073547363
-12.017824172973633
6.150508880615234
-0.872106671333313
-2.6740753650665283
2.6591477394104004
-0.4706905484199524
-1.1547443866729736
1.0644742250442505
-0.2950666546821594
-0.17983922362327576
0.10690364986658096
-0.36088261008262634
0.039510536938905716
0.2308821678161621
-0.41832512617111206
-0.03739118576049805
0.2581171989440918
-0.41170263290405273
0.22828435897827148
-0.2609620988368988
0.10255575180053711
0.03614959865808487
-0.013896942138671875
-0.3466793894767761
-0.43414822220802307
0.029403114691376686
-0.2819948196411133
0.3524165153503418
-0.17778567969799042
-0.5800286531448364
0.08615617454051971
-1.1335290670394897
0.16246052086353302
0.4109047055244446
-0.5282081365585327
0.5798408389091492
0.13512477278709412
-0.9084023237228394
-0.418576717376709
0.01925220526754856
0.13776683807373047
0.5011011362075806
-0.24078330397605896
0.7615541219711304
-1.8658733367919922
-0.3046030104160309
0.5057933926582336
-0.5261890292167664
-0.39026737213134766
0.011414146050810814
-1.2117754220962524
-0.030449867248535156
1.1096444129943848
-0.2979583740234375
-0.8331252932548523
0.551836371421814
-1.3567947149276733
1.5828654766082764
-0.7971922159194946
-0.038953207433223724
-0.2150358259677887
-0.564693808555603
-0.14123669266700745
0.10704346001148224
0.25731486082077026
0.06064033508300781
0.8396709561347961
0.41925525665283203
0.09701232612133026
-1.4100267887115479
-0.055139731615781784
0.48479384183883667
0.1797930747270584
-0.15634365379810333
-1.2950222492218018
1.034532070159912
-0.11341343075037003
-1.1461613178253174
1.1457878351211548
-1.1400463581085205
-0.4563766419887543
0.675912082195282
-0.7950793504714966
-0.807489275932312
0.3472305238246918
-0.9127484560012817
0.26175403594970703
-0.013428402133286
-0.9490203857421875
0.6449131369590759
0.13061675429344177
-0.8585492968559265
1.6914371252059937
-0.8230226635932922
-1.4837406873703003
-0.0854751318693161
-12.632490158081055
10.8502836227417
-1.8074369430541992
-8.23641300201416
5.305715560913086
-2.4318923950195312
-1.1155155897140503
3.1923317909240723
-1.551025152206421
-0.3034079670906067
1.0888092517852783
-0.9398137927055359
0.3054712414741516
-0.27210864424705505
-0.9423650503158569
0.18747587502002716
0.34564343094825745
-0.3094714283943176
-0.048012733459472656
-0.06924204528331757
-0.26855435967445374
0.129357248544693
-0.4248645305633545
-0.3278687596321106
0.16847792267799377
-0.5462398529052734
-0.4293649196624756
0.2667916715145111
-0.0030516148544847965
-0.2914162278175354
-0.262012243270874
0.37886422872543335
0.2812880277633667
0.25784558057785034
-0.6188894510269165
-0.42711585760116577
0.9706636667251587
-0.13872851431369781
0.11317827552556992
1.5823792219161987
-0.5228071212768555
-0.16789865493774414
0.5055956840515137
0.03143053129315376
0.412550151348114
-0.20130181312561035
0.8356786966323853
1.0599868297576904
-0.6117104291915894
0.1810537874698639
0.9437311291694641
-0.001594495726749301
0.2078896462917328
-0.08245506137609482
0.4186360239982605
0.8667083978652954
-0.31536665558815
0.28616341948509216
0.8104780316352844
-0.7880855798721313
0.9115012884140015
0.779234766960144
-0.36557021737098694
-0.438834011554718
0.3622986674308777
0.40964508056640625
0.45282888412475586
0.15156717598438263
0.43096742033958435
0.3534034788608551
-0.1753242462873459
0.37007084488868713
0.35414808988571167
0.32539692521095276
0.25109490752220154
0.15434618294239044
0.49598294496536255
-0.3289709985256195
-0.41913262009620667
0.5013662576675415
0.6877285838127136
-0.07173709571361542
0.45279693603515625
0.05531492084264755
0.3573511242866516
0.09792681038379669
0.26256704330444336
0.11138715595006943
0.393803209066391
0.1730920821428299
0.12040023505687714
0.17813806235790253
0.44709187746047974
0.1157446876168251
-0.4326202869415283
0.6317299604415894
-0.09867887198925018
0.1515086144208908
-0.9321545362472534
-4.081385612487793
-17.83463478088379
7.684075832366943
9.435277938842773
-4.463393688201904
-9.733020782470703
4.505677223205566
-0.38099581003189087
-2.582151412963867
2.3927221298217773
-0.3157019019126892
-1.1123164892196655
1.3200888633728027
-0.5069602131843567
-0.09898872673511505
0.02119283750653267
-0.4658137261867523
0.010424613952636719
0.060488127171993256
-0.4896478056907654
0.1769014298915863
-0.05389080196619034
-0.20153608918190002
-0.2916896939277649
-0.030643558129668236
-0.3754754960536957
0.1043216735124588
-0.4577222764492035
-0.3675808012485504
0.4984453320503235
-0.46291008591651917
-0.5101108551025391
0.4356941282749176
-0.8697909116744995
-0.8173764944076538
1.1148074865341187
-0.6457213163375854
0.359774112701416
-0.35853472352027893
0.007090759463608265
-0.19843807816505432
0.28495997190475464
-0.22111988067626953
-0.29921016097068787
-0.44892367720603943
0.6161025762557983
0.0737403854727745
-0.2736539840698242
1.652001976966858
-1.4794933795928955
-1.2241418361663818
1.5160506963729858
-0.5797997713088989
0.4717528223991394
0.5471773147583008
0.17489147186279297
-0.43858593702316284
0.11518669128417969
-0.27408161759376526
-0.08346767723560333
1.2004611492156982
-0.2879404127597809
0.47428053617477417
0.10576076805591583
0.0828453078866005
-0.021477699279785156
1.1591743230819702
-1.2852518558502197
-0.7286033630371094
0.10755214840173721
-0.13763484358787537
-0.21339645981788635
0.0014871597522869706
0.9020599126815796
-1.0086815357208252
0.8840268850326538
-0.2677830755710602
0.07566795498132706
1.2858060598373413
-0.9340553283691406
0.46150094270706177
-0.26307469606399536
0.5233761668205261
0.8084936141967773
-0.7875690460205078
0.2997968792915344
-0.825461208820343
0.14177446067333221
0.10016164928674698
-0.5512938499450684
-0.17178019881248474
-1.476517677307129
-0.5220845937728882
-2.189161539077759
0.244349867105484
-0.8146945834159851
-0.38830479979515076
-1.3231747150421143
-0.10067887604236603
-1.2956713438034058
-1.2393591403961182
-12.555587768554688
10.36379623413086
-1.6938831806182861
-8.477736473083496
5.046509742736816
-2.586580991744995
-1.120290994644165
3.2199501991271973
-1.6691405773162842
-0.5539200901985168
1.1561558246612549
-1.4702895879745483
-0.09987469017505646
0.25282829999923706
-1.0778648853302002
-0.22271938621997833
-0.016188669949769974
-0.662407398223877
0.21542739868164062
-0.3734685778617859
-0.307390034198761
0.2183515578508377
-0.08454351127147675
-0.2491157501935959
-0.12203707545995712
-0.14197878539562225
-0.47948750853538513
0.2479078769683838
0.07936952263116837
-0.09049658477306366
0.0009293794864788651
-0.08198537677526474
0.39103320240974426
1.163761854171753
-0.5257841348648071
-0.6539076566696167
0.8866777420043945
-0.19080130755901337
-0.222496896982193
0.8476912379264832
-0.46678096055984497
0.3638674318790436
-0.03416457027196884
0.14535756409168243
0.1888565570116043
0.06371140480041504
0.5215479135513306
0.1527266502380371
-0.1484639197587967
0.018189121037721634
0.7636383771896362
-0.1969543993473053
0.4052533507347107
0.40253838896751404
-0.2519036829471588
1.0787055492401123
0.21466517448425293
-0.015012169256806374
0.8537486791610718
-0.054468296468257904
0.3366592526435852
0.38338756561279297
0.29087790846824646
0.22914275527000427
0.43390899896621704
0.933775782585144
-0.5602322220802307
0.1527009904384613
0.9130309820175171
-0.2318069487810135
1.0261213779449463
0.5520087480545044
-0.3158970773220062
0.7025480270385742
0.1924142837524414
-0.08213157951831818
0.6227602958679199
0.7025792002677917
0.3585524559020996
0.5508674383163452
-0.34830397367477417
0.09228257834911346
0.1347130835056305
0.14684943854808807
0.6937510371208191
-0.06689052283763885
0.13243341445922852
0.1820206642150879
0.37251120805740356
0.4469631314277649
-0.23561152815818787
0.31125229597091675
0.4884914457798004
0.13625764846801758
-0.13084955513477325
0.10499429702758789
0.30649861693382263
-0.35335102677345276
-2.175880193710327
-4.042877197265625
-19.468358993530273
6.3141398429870605
9.170645713806152
-1.6094757318496704
-12.979031562805176
5.764293193817139
-0.49371442198753357
-3.128899335861206
2.198996067047119
0.18668889999389648
-1.2163708209991455
1.3452539443969727
-0.5333189368247986
-0.47772741317749023
0.8386145830154419
-0.4707654118537903
-0.1316407173871994
0.2593355178833008
-0.8810146450996399
0.29482707381248474
0.3805028796195984
-0.36231184005737305
0.17405518889427185
-0.23407773673534393
0.2171618491411209
-0.6474202275276184
0.2529067099094391
-0.30759888887405396
-0.0538756363093853
0.4273815155029297
0.09294614940881729
0.5453928112983704
0.029346179217100143
0.3652710020542145
-0.8598135113716125
-1.183412790298462
0.3033771514892578
1.521393060684204
0.4418104290962219
-1.615652084350586
-0.4061802923679352
-0.7430742979049683
0.639892578125
-0.10336246341466904
0.6446024775505066
-0.6315920948982239
0.09169788658618927
0.6926835775375366
-0.6338672637939453
-0.5728899240493774
0.39137133955955505
-0.3176414370536804
0.03138389438390732
0.9034515619277954
0.3521255552768707
-2.588613986968994
-0.5049750208854675
0.7021343111991882
-1.132086992263794
0.6382551193237305
-0.060364533215761185
-0.706222414970398
0.6437188982963562
-1.0735905170440674
0.6354261636734009
-0.3598652780056
-0.0023592947982251644
0.017590617761015892
0.5589801073074341
-0.11427269130945206
-0.4338313937187195
-0.6182762980461121
1.2346910238265991
-1.6542829275131226
0.9741204380989075
-0.23835182189941406
0.9812037348747253
-1.3409591913223267
0.8450136184692383
-1.3658502101898193
-0.33574771881103516
0.5642977952957153
-1.269377589225769
0.24894723296165466
0.09028758853673935
0.8073573112487793
0.16321897506713867
-0.588873028755188
-0.9858227968215942
0.11817827075719833
-0.2991716265678406
-0.9260009527206421
1.8303816318511963
0.010142326354980469
0.25142422318458557
0.6403714418411255
0.5694719552993774
-0.41663074493408203
-1.717555284500122
-0.8174837231636047
-12.187233924865723
10.271378517150879
-1.7027785778045654
-8.611772537231445
5.63586950302124
-2.880772113800049
-1.2936453819274902
3.467647075653076
-1.5264825820922852
-0.5386307835578918
1.442638635635376
-1.4803714752197266
-0.28104734420776367
0.12202582508325577
-0.764621376991272
-0.03134860843420029
0.02417450025677681
-0.3287246823310852
-0.03990674018859863
-0.36488860845565796
0.10539726912975311
-0.19367989897727966
0.10903958976268768
0.020521020516753197
-0.1603805124759674
0.1971341073513031
-0.4856422543525696
-0.022099684923887253
0.6918520927429199
-0.6342545747756958
-0.6567021608352661
0.8663156628608704
-0.5793779492378235
0.19815263152122498
0.43975502252578735
-0.32076939940452576
0.27914220094680786
-0.14918790757656097
0.16016316413879395
0.9999500513076782
-0.4231506288051605
0.37463101744651794
-0.12121105194091797
0.2457515448331833
0.20725414156913757
0.04733719676733017
0.5362746119499207
0.4571550786495209
-0.043485213071107864
0.05131246894598007
0.446265310049057
0.08751783519983292
0.4686547815799713
0.33588480949401855
0.24782781302928925
0.901779055595398
-0.41824793815612793
0.48219600319862366
0.5441491603851318
0.21450424194335938
0.03258013725280762
0.8744348287582397
0.2181946337223053
0.41344156861305237
0.06577024608850479
0.9257068634033203
0.04814567416906357
-0.3281114995479584
0.637435257434845
0.41116636991500854
0.7427894473075867
0.2687090039253235
0.7990102767944336
-0.06983709335327148
0.4095064103603363
0.08324184268712997
0.5864187479019165
0.8514879941940308
0.06614484637975693
0.19300642609596252
0.054096318781375885
0.24797400832176208
0.200042724609375
-0.2216029167175293
0.5109341740608215
-0.15291042625904083
0.07967729866504669
0.4836943745613098
0.10885439068078995
-0.5072500109672546
0.5442846417427063
0.1739729940891266
-0.531863272190094
0.7260504961013794
0.12272367626428604
0.3568437695503235
0.27044591307640076
-0.18822403252124786
-1.3350516557693481
-3.919553279876709
-18.497045516967773
7.194650173187256
9.4350004196167
-4.34628963470459
-9.767284393310547
4.162972450256348
-0.1191038116812706
-2.6687753200531006
2.2929911613464355
-0.38206616044044495
-1.1297518014907837
1.3038289546966553
-0.8115831613540649
-0.3578662872314453
0.6156188249588013
-0.3123313784599304
-0.062413789331912994
0.34867238998413086
-0.7393913865089417
0.38660985231399536
-0.3792943060398102
0.022862911224365234
-0.18304157257080078
0.3231578767299652
0.12665815651416779
0.29252082109451294
-0.08824262768030167
-0.25835496187210083
-0.3732568621635437
-0.5819281339645386
0.020326042547822
0.3935702443122864
0.011818980798125267
-2.2657310962677
0.9862023591995239
-0.71571284532547
0.128282830119133
0.18936844170093536
0.49723854660987854
0.05789298936724663
-0.5476775169372559
0.5316318273544312
-0.6761821508407593
0.3133474290370941
-0.2522392272949219
0.45289650559425354
0.18449172377586365
1.5767581462860107
-1.2677160501480103
-0.6912004351615906
0.641476035118103
-0.8945077657699585
-0.08484115451574326
0.2504602372646332
-0.021308327093720436
-0.9454205632209778
0.4777219891548157
-0.02457752265036106
-1.4753897190093994
-0.3207605481147766
0.3763841688632965
-0.5064821243286133
0.9879552721977234
-0.7077909708023071
0.4270860552787781
0.536189079284668
-0.12962131202220917
0.8529245257377625
-0.13202247023582458
-0.010119056329131126
-0.0060897828079760075
-0.42527446150779724
-0.7121284604072571
-0.7912759780883789
-0.6211702227592468
1.091373324394226
0.18249988555908203
1.028319239616394
0.0018415451049804688
0.1367214173078537
-0.525558352470398
0.3329346776008606
-1.0870232582092285
0.9041987657546997
1.814765214920044
-1.2037549018859863
1.1318209171295166
-0.40270358324050903
0.7078922390937805
0.1745613068342209
-1.438395380973816
-0.8103378415107727
1.8360977172851562
-0.3700122833251953
-0.5348990559577942
-1.1224644184112549
0.5304352641105652
-0.2500971853733063
-1.082679033279419
0.378214031457901
-12.687873840332031
10.746621131896973
-1.515254259109497
-8.604424476623535
5.343523979187012
-3.0312705039978027
-0.9722871780395508
3.0096869468688965
-1.8681873083114624
-0.5033184885978699
1.2001477479934692
-0.8036969900131226
0.49880990386009216
-0.10149063915014267
-0.8418105840682983
0.020014286041259766
-0.16198964416980743
-0.23952960968017578
0.3400387167930603
-0.44779449701309204
-0.03381981700658798
0.041742466390132904
-0.1607663631439209
-0.004937171936035156
0.16157403588294983
-0.030881453305482864
-0.6502091288566589
0.40593281388282776
0.5450689792633057
-0.8136183023452759
-0.5653364062309265
0.9233329892158508
-0.5509316325187683
0.2026701271533966
0.9175639152526855
-0.7009666562080383
0.5258153676986694
0.12728877365589142
-0.3059596121311188
0.8686027526855469
0.020488262176513672
-0.21823391318321228
0.6806215643882751
-0.20414400100708008
-0.6927556395530701
1.1956366300582886
0.004904413130134344
0.10518350452184677
0.3660982549190521
0.8194079399108887
0.13816066086292267
-0.12107405811548233
0.6299030780792236
0.16602769494056702
-0.3308228552341461
0.805929958820343
-0.14245352149009705
0.1120980754494667
1.1392358541488647
-0.2918781340122223
0.9208874702453613
0.521865963935852
-0.40505003929138184
0.5208389163017273
0.3256797790527344
0.34701842069625854
0.6021260023117065
0.07391700893640518
0.40691718459129333
0.17027635872364044
0.4223972260951996
0.6356903910636902
0.2770788073539734
-0.10369853675365448
0.2729523777961731
0.48124200105667114
0.12114401161670685
0.8826069831848145
0.059845734387636185
0.5879489183425903
0.1350572556257248
-0.12754163146018982
0.292659193277359
0.07394857704639435
0.015802860260009766
0.7731796503067017
-0.35849618911743164
0.5240999460220337
0.0989406555891037
0.3721396327018738
0.2855568826198578
0.3457738757133484
-0.32940417528152466
0.6707590222358704
-0.12607192993164062
-0.34778672456741333
0.7278605699539185
-0.25824785232543945
-2.5624897480010986
-3.5108962059020996
-18.54189109802246
5.193112373352051
3.272078037261963
-3.540640354156494
-1.5906517505645752
0.3848310112953186
-0.8966993093490601
-0.45675840973854065
0.23607949912548065
-0.27378860116004944
-0.0977245345711708
-0.07059498131275177
0.00847768783569336
-0.4533783793449402
0.29678383469581604
-0.20463696122169495
-0.2818700671195984
0.06293420493602753
-0.32145604491233826
0.07533349841833115
0.2505456805229187
-0.9111143350601196
0.161601260304451
-0.18635205924510956
-0.6718877553939819
0.1332411766052246
0.3446285128593445
-0.7870486974716187
0.11239556968212128
-0.1714252531528473
-0.6016151309013367
-0.361494243144989
0.43657130002975464
-0.67103511095047
0.6741449236869812
-0.9595240354537964
-0.8404269218444824
0.25185251235961914
0.05638732761144638
-0.18667125701904297
-0.08425941318273544
-0.6629557609558105
-0.10049037635326385
0.4643741548061371
-1.1226965188980103
1.5905261039733887
0.7670137286186218
-1.0471861362457275
-0.36381474137306213
0.6601804494857788
0.09114933013916016
-0.7068936228752136
0.432342529296875
0.8016752004623413
-1.1916017532348633
0.2651185989379883
0.29233723878860474
-1.0083824396133423
0.3919445872306824
-0.7616688013076782
0.12342815101146698
0.29387015104293823
-0.9591823816299438
-0.5475414395332336
0.894186794757843
-1.0036611557006836
0.683127760887146
-0.573943018913269
-0.20924682915210724
0.19796638190746307
-0.03805694729089737
0.651894748210907
-0.3513864576816559
-0.12654265761375427
-0.4112522006034851
-1.0281225442886353
0.6046699285507202
-0.5529466867446899
-0.6476250290870667
0.7699264287948608
-0.46796196699142456
-0.763327956199646
0.3599565625190735
0.19400444626808167
-0.6470133066177368
0.8613659739494324
-1.592806100845337
-0.27620142698287964
0.539381206035614
-0.37686967849731445
-1.6295162439346313
0.8067022562026978
-0.2526216506958008
-0.9004831314086914
-0.05923919752240181
0.20823268592357635
0.06418075412511826
-1.3788760900497437
-0.6870104074478149
-0.08773384243249893
-12.523022651672363
10.0867280960083
-1.9731471538543701
-9.052018165588379
5.035892486572266
-2.7078585624694824
-1.011765718460083
2.3810811042785645
-1.3810937404632568
-0.7744630575180054
0.7834302186965942
-0.5729236602783203
-0.4627229571342468
-0.04784975200891495
-0.9222015142440796
0.1356549710035324
-0.9935611486434937
-0.12938126921653748
0.1029510498046875
-0.6025124788284302
-0.3548189103603363
0.07116489112377167
0.23831191658973694
-0.641919732093811
0.32310405373573303
-0.3595643937587738
-0.5830500721931458
0.20612525939941406
-0.03441820293664932
-0.7715120315551758
0.028731966391205788
0.2176162302494049
-0.00472645740956068
0.34754031896591187
0.09391455352306366
-1.42386794090271
0.7590929269790649
0.826300323009491
-0.5201970934867859
0.5212656259536743
0.6837647557258606
-0.3400939106941223
-0.08026199042797089
0.2945016026496887
0.7579669952392578
0.24697783589363098
0.6591987609863281
0.0421828031539917
-0.26253414154052734
0.4870315492153168
0.8411210179328918
-0.22837719321250916
-0.5791164040565491
0.8084208369255066
0.5170469284057617
0.5861131548881531
0.2919618487358093
-0.1058376282453537
-0.0024591446854174137
0.43076205253601074
0.8664129972457886
0.4295368194580078
0.44832152128219604
0.24485664069652557
0.0872708335518837
0.7300984263420105
0.019228648394346237
0.2549363076686859
0.2584996223449707
0.4445328712463379
0.6626154184341431
-0.007285499479621649
0.5666182637214661
-0.499075323343277
0.6703950762748718
0.9424320459365845
0.06218528747558594
0.08609714359045029
0.14724969863891602
0.3208436965942383
0.10678253322839737
0.1945229470729828
0.7101588249206543
0.1719575822353363
0.2719283998012543
-0.030184363946318626
0.5425149202346802
0.3065221905708313
0.13677921891212463
0.5907258987426758
0.03151903301477432
0.3347117304801941
0.6350566744804382
-0.23443403840065002
0.5743069648742676
-0.12593460083007812
0.03543271869421005
0.3132097125053406
-2.083801746368408
-4.442832946777344
-19.51521873474121
5.6873626708984375
11.617990493774414
-5.574851036071777
-9.556438446044922
4.664869785308838
-0.5843616724014282
-2.395085573196411
2.3811328411102295
-0.7070963382720947
-0.8254367709159851
1.1738955974578857
-0.7284427881240845
-0.03893985599279404
0.49367180466651917
-0.9588127136230469
-0.1303420066833496
0.5770899057388306
-1.0817782878875732
0.6137657165527344
-0.23363704979419708
-0.4226991534233093
0.13981780409812927
0.07030143588781357
-0.4003267288208008
-0.2440503090620041
-0.05427522584795952
-0.20905093848705292
0.138678640127182
0.06189727783203125
-0.4461860656738281
0.19855403900146484
-0.03569354861974716
-0.08773507922887802
-0.29239922761917114
-0.6732169985771179
0.8580871820449829
0.2615078091621399
-0.525309681892395
0.9846779108047485
0.09227009117603302
-1.6979942321777344
-0.2255024015903473
0.4958585798740387
-0.28231850266456604
-0.34755268692970276
0.7568264007568359
0.07278785854578018
-1.2288236618041992
-1.0894984006881714
0.8695423007011414
-0.760083794593811
-0.43874531984329224
0.0901157408952713
0.09730605781078339
-0.03633880615234375
0.23917388916015625
-0.05182638019323349
0.5551995038986206
0.2882605493068695
0.03690509870648384
0.11196403205394745
-0.2782014012336731
-1.1173039674758911
-0.21137943863868713
-1.296124815940857
1.4499633312225342
-1.0935217142105103
-0.3374844491481781
0.09558391571044922
-0.29721909761428833
0.9880372285842896
-1.212548851966858
1.6232786178588867
-1.2797139883041382
0.6751631498336792
-1.5094178915023804
0.26162663102149963
-0.5586631894111633
1.6132980585098267
-1.2817236185073853
1.0571882724761963
0.1154421791434288
-1.012420892715454
-0.5387510061264038
0.20606832206249237
-0.037900160998106
-0.007464027497917414
1.288024663925171
-1.144404649734497
0.07985877990722656
-0.321281760931015
-1.1554399728775024
0.45774945616722107
-0.2760316729545593
1.1154944896697998
-1.6605812311172485
0.009347152896225452
-0.7438985705375671
0.9094025492668152
-12.391427993774414
9.198471069335938
-1.3457489013671875
-8.571621894836426
4.301328182220459
-1.437880277633667
-1.0654637813568115
1.9882278442382812
-0.8692569732666016
-0.26344791054725647
0.7074910998344421
-0.6713539958000183
-0.25898709893226624
0.11532940715551376
-0.5250051617622375
0.10184288024902344
-0.20683541893959045
-0.32607927918434143
0.2129417359828949
-0.4546588957309723
0.18598231673240662
0.0494992733001709
-0.2825039327144623
-0.45631924271583557
0.3883307874202728
-0.5751669406890869
0.5315302014350891
0.3347425162792206
0.02642645873129368
-0.19731850922107697
-0.480761855840683
0.12583908438682556
0.2333664894104004
-0.0011012792820110917
0.37221091985702515
-0.09035289287567139
0.574234127998352
-0.32080304622650146
0.3625694513320923
0.710476279258728
-0.03316482901573181
0.3458833396434784
0.8492326736450195
-0.3407600522041321
0.4437364935874939
0.39026325941085815
0.07523691654205322
0.7228600382804871
0.31025367975234985
0.36603236198425293
0.3043800890445709
0.049565982073545456
0.6948077082633972
-0.2839772701263428
0.5078995823860168
0.8768011927604675
-0.323004812002182
0.9642441868782043
0.0765969306230545
-0.35766249895095825
0.9795527458190918
-0.033850621432065964
0.4442668557167053
0.16497811675071716
-0.31489497423171997
0.5432015657424927
0.21412329375743866
0.5389367938041687
0.24978113174438477
0.12398538738489151
0.7936679720878601
-0.13161078095436096
0.6160899996757507
0.28438347578048706
0.16557130217552185
0.5411947965621948
-0.1121274009346962
0.39732417464256287
-0.10541858524084091
0.4850567877292633
0.009563541039824486
0.35108643770217896
1.064753532409668
-0.1563137024641037
0.2838197648525238
0.20431451499462128
0.11944999545812607
0.9814871549606323
0.1508142501115799
0.31632137298583984
0.05761537700891495
0.27201396226882935
0.2224331796169281
0.059892844408750534
0.1397964507341385
0.32555437088012695
0.06086006015539169
0.24642916023731232
-0.9479683637619019
-4.165006637573242
-17.775653839111328
7.408171653747559
9.339067459106445
-3.3974616527557373
-11.176349639892578
6.370792865753174
-1.2956756353378296
-2.1479926109313965
2.513549327850342
-0.4514828622341156
-0.801607608795166
1.2063835859298706
-0.7609856724739075
-0.03147239610552788
0.4774244427680969
-0.5084314942359924
-0.05573749542236328
0.28756752610206604
-0.6396206021308899
0.16931943595409393
-0.2793242335319519
-0.356312096118927
-0.3107382655143738
0.2636662423610687
0.3742617666721344
-0.6867237091064453
0.018247127532958984
0.11701202392578125
0.04646167904138565
0.15941448509693146
0.05183982849121094
0.5657600164413452
-0.16990432143211365
0.3787970542907715
-0.1799406111240387
-1.655358910560608
0.32504063844680786
0.3005378842353821
0.32432690262794495
0.8476762771606445
1.1923173666000366
-1.6451975107192993
-1.2523058652877808
1.2516324520111084
0.03075885772705078
-0.6924213171005249
0.6811981201171875
0.6021081805229187
-1.595870852470398
-0.5035627484321594
0.9377301931381226
-0.8848699331283569
-0.2610965669155121
0.1485612839460373
-0.4700062870979309
0.8156722784042358
-0.4101371765136719
-0.4299613833427429
-0.8962432146072388
0.08174095302820206
-0.1544988602399826
-0.6168297529220581
-0.6219991445541382
0.2666313052177429
-0.2290782928466797
-0.0898033156991005
-0.05770092085003853
0.05215606838464737
0.6890850067138672
-1.2191812992095947
-0.5595734715461731
0.804598331451416
-1.2320003509521484
-0.8163824081420898
-0.5168043375015259
0.6977890729904175
-0.9197210073471069
-0.2893388867378235
1.157749891281128
0.012282753363251686
0.05971336364746094
-1.0047396421432495
0.06688337028026581
-1.1405433416366577
0.8247760534286499
-1.6406329870224
0.22215203940868378
-1.044976830482483
0.4681834280490875
-1.0005042552947998
1.383132815361023
-0.26700496673583984
0.9161015748977661
-0.6893550753593445
0.013225222006440163
-0.8866659998893738
0.3542211651802063
0.3928147256374359
-0.9665939211845398
-1.2113230228424072
-11.833596229553223
10.228822708129883
-1.9721559286117554
-7.966099739074707
5.27885627746582
-2.511032819747925
-0.7349445223808289
2.875131130218506
-1.1937763690948486
-0.6244534850120544
1.1623605489730835
-0.4608473777770996
-0.2673635482788086
0.3699246942996979
-1.1459646224975586
0.3024299740791321
-0.10672660171985626
-0.7288016080856323
0.22714677453041077
-0.23790650069713593
-0.02856440469622612
-0.06050467491149902
0.026717280969023705
-0.08256053924560547
0.18005065619945526
-0.08714580535888672
-0.4455359876155853
0.4034263491630554
0.0024023770820349455
-0.021785546094179153
0.34150761365890503
-0.17383337020874023
0.6454540491104126
0.5879364609718323
-0.8911091089248657
-0.21797576546669006
0.45580020546913147
-0.3974387049674988
0.07193833589553833
0.6242793798446655
0.30870091915130615
-0.1235533356666565
0.15842023491859436
-0.053524233400821686
0.3177317678928375
0.49234023690223694
0.050389766693115234
0.22135551273822784
0.48735910654067993
0.577473521232605
-0.06674349308013916
0.4124031662940979
0.19571025669574738
0.30089324712753296
0.5310894250869751
-0.1204107254743576
0.3649587631225586
1.0038963556289673
0.3632655739784241
0.16480770707130432
-0.2908375859260559
0.5281462669372559
0.6150264739990234
-0.19394159317016602
0.5090473890304565
0.35631704330444336
0.11100301891565323
0.9534250497817993
0.4088374078273773
0.4387347102165222
-0.6502065658569336
0.09042072296142578
0.2910994589328766
0.45664921402931213
0.4511421322822571
0.1511729210615158
0.41666287183761597
0.17628641426563263
0.515477180480957
0.029647255316376686
0.4480055868625641
0.5290919542312622
-0.4507203996181488
0.2850092947483063
0.4355136752128601
0.0610467903316021
0.10489062964916229
-0.3465746343135834
0.46487265825271606
0.5423582792282104
-0.2911502718925476
0.7228493690490723
0.34583598375320435
0.4502738118171692
0.25527438521385193
0.11839485168457031
-0.05196971818804741
-0.2603239119052887
-2.2666332721710205
-3.8111274242401123
-18.81533432006836
5.64833927154541
10.12840747833252
-1.7212116718292236
-13.519373893737793
5.8887434005737305
-0.32427749037742615
-3.358325481414795
2.203465223312378
0.36809319257736206
-1.3340842723846436
1.5497686862945557
-0.5814501047134399
-0.6279951333999634
0.6570067405700684
-0.7676657438278198
0.3615727424621582
0.29998892545700073
-0.5875276327133179
0.45370617508888245
0.31376904249191284
-0.11014880985021591
-0.1345597207546234
0.28351038694381714
-0.5726107358932495
-0.010839748196303844
-0.2427811622619629
0.08204679191112518
0.7116805911064148
-0.49659156799316406
0.2367607057094574
0.3425212800502777
0.29918020963668823
-1.2502764463424683
0.44695454835891724
-0.22739572823047638
-0.2296295166015625
0.6947776079177856
-0.10209064185619354
-0.7804039716720581
-0.633629322052002
0.005591964814811945
0.42530956864356995
-0.9341138601303101
1.4163618087768555
-0.334956556558609
-1.8523566722869873
-0.14318332076072693
-0.42891836166381836
-0.7548372149467468
0.06521949917078018
0.11340217292308807
0.4522608816623688
-0.4628217816352844
1.1897571086883545
-1.8664214611053467
-0.5107389688491821
0.3574148118495941
0.09603367000818253
-0.48223361372947693
0.043866921216249466
-0.23011741042137146
0.3421134948730469
0.31906232237815857
-1.4106895923614502
0.3018110394477844
-0.3302226960659027
-0.7223895788192749
-0.1342170685529709
-1.0588266849517822
0.2455596923828125
0.08914728462696075
0.6188515424728394
-0.9600563049316406
0.3896399438381195
-1.0694574117660522
0.6319816708564758
-0.3039260804653168
-0.5150045156478882
-0.5833255648612976
0.4909749925136566
-1.306812047958374
0.2507203221321106
-0.7450242638587952
-0.8358625173568726
0.5022347569465637
-0.3970736563205719
-0.6277939677238464
-1.2556946277618408
0.2836230397224426
-0.35637855529785156
0.47110098600387573
-0.2834232449531555
0.4754723608493805
-0.18027715384960175
-1.6222909688949585
0.8171246647834778
-0.48281726241111755
-1.7807819843292236
-0.2418523132801056
-13.197688102722168
10.977676391601562
-2.1400656700134277
-8.775582313537598
5.134960174560547
-2.73195743560791
-1.2099344730377197
2.9329538345336914
-1.404726266860962
-0.23444834351539612
0.6323648691177368
-1.2574872970581055
-0.012993192300200462
0.023834943771362305
-0.7600425481796265
0.09579630196094513
-0.07312469184398651
-0.5187886953353882
-0.1145751029253006
-0.2077292948961258
-0.32599782943725586
-0.23316755890846252
0.06094370037317276
-0.39897680282592773
-0.3326052725315094
-0.18934234976768494
-0.3736909031867981
0.4762965738773346
0.49716559052467346
-0.9797321557998657
-0.2706894874572754
0.3813585638999939
-0.010323310270905495
-0.09246902167797089
-0.04910672828555107
-0.13452251255512238
0.10016276687383652
-0.48557958006858826
0.4239407181739807
0.09281878173351288
0.4292301535606384
-0.3685701787471771
0.16474851965904236
0.06826416403055191
0.055976249277591705
0.38971397280693054
0.380909264087677
0.18531426787376404
0.0734197124838829
0.549666702747345
0.11267895996570587
-0.2678309381008148
0.13311243057250977
0.28969818353652954
0.8488245010375977
0.2072743922472
0.5343936681747437
-0.131103515625
0.27859267592430115
-0.30787011981010437
0.5328975915908813
0.47895002365112305
0.2017250955104828
-0.2433815896511078
0.10087414085865021
1.2170754671096802
-0.13486862182617188
0.03028430975973606
0.16792888939380646
0.7596530914306641
0.27855491638183594
0.26009082794189453
0.6151946783065796
0.6505826115608215
0.09577818214893341
0.41907206177711487
0.05307016521692276
0.04065370559692383
0.8286274075508118
-0.2615041732788086
-0.9927071332931519
0.806482195854187
-0.06860418617725372
-0.23317328095436096
0.5898451805114746
-0.10520724952220917
0.15737858414649963
0.28180885314941406
0.28201550245285034
-0.08701162040233612
0.31985920667648315
0.40487080812454224
0.13720521330833435
0.2951260507106781
0.0854496955871582
0.13765859603881836
-0.17326220870018005
0.19720372557640076
-1.4573240280151367
-3.9330081939697266
-18.526958465576172
6.35220193862915
9.658843994140625
-2.9749462604522705
-11.912750244140625
6.384701728820801
-1.0299237966537476
-3.241156816482544
2.4626646041870117
0.2505562901496887
-1.4832158088684082
1.2726911306381226
-0.30088549852371216
-0.6477567553520203
0.3785124719142914
-0.13938578963279724
-0.07673473656177521
0.13926753401756287
0.2817203402519226
-0.2591867446899414
-0.012816524133086205
-0.4567904472351074
-0.11874885857105255
0.044985007494688034
-0.08102264255285263
-0.16129140555858612
-0.1486286222934723
0.35794466733932495
-0.18859395384788513
0.08602666854858398
-0.10957088321447372
-0.14829368889331818
-0.9825878143310547
-0.16677017509937286
0.21004334092140198
-0.8682714700698853
0.11012544482946396
0.1991531401872635
-0.5377697944641113
0.9268209338188171
0.21105137467384338
-1.096307396888733
-0.9741836786270142
0.6906402707099915
0.19815406203269958
-1.2589353322982788
0.7422741055488586
0.800747275352478
-2.086383819580078
-0.4296289384365082
1.0623273849487305
-1.5056548118591309
0.05874786525964737
0.5818172693252563
-0.0771363228559494
0.5550674200057983
0.4422256350517273
-0.039232827723026276
0.7294422388076782
-0.26621532440185547
-0.2735881805419922
0.8139761090278625
0.5205249786376953
-1.1907800436019897
-0.20113372802734375
-0.11860685050487518
-0.27767306566238403
-1.2949316501617432
0.9068113565444946
-0.36582469940185547
-0.24644966423511505
0.7326780557632446
-0.942691445350647
1.1538383960723877
0.7266969680786133
0.04800910875201225
0.10226164013147354
0.32540208101272583
0.352351576089859
0.9058246612548828
0.22407189011573792
-0.15094146132469177
0.18037128448486328
-0.6219573020935059
0.10934791713953018
-0.338099867105484
-0.3523382246494293
-0.816885769367218
0.524228572845459
-1.1659654378890991
-0.849204421043396
0.264291912317276
-0.1004086509346962
0.4249502122402191
0.6770943403244019
-0.28068533539772034
0.19836683571338654
-0.6936849355697632
-0.9254339337348938
-0.16230440139770508
-13.27247428894043
10.841127395629883
-2.418266773223877
-8.104331970214844
5.435215950012207
-2.7659850120544434
-1.0294878482818604
2.9858906269073486
-1.5057684183120728
-0.5825053453445435
0.7464280128479004
-1.320788025856018
-0.04257526248693466
0.24745216965675354
-0.9555347561836243
-0.0027301788795739412
0.0031821250449866056
-0.45526742935180664
0.4442497193813324
0.04316520690917969
-0.548299252986908
-0.2741907238960266
0.2784668803215027
-0.14168286323547363
-0.40729841589927673
0.10551192611455917
-0.6275339722633362
0.169650599360466
0.5295667052268982
-0.3619499206542969
-0.18330545723438263
0.1805543154478073
-0.06893040984869003
0.8502575159072876
-0.5839995741844177
-0.3641461730003357
0.7194493412971497
-0.3514266312122345
0.14297088980674744
1.1411006450653076
-0.1892748773097992
-0.0167502760887146
0.21923300623893738
0.3743891716003418
0.16085585951805115
-0.2727012038230896
0.9120766520500183
0.2499884068965912
-0.20042744278907776
0.5292077660560608
0.834502100944519
-0.3369697630405426
0.5625188946723938
0.23735150694847107
0.1529729813337326
0.8103917837142944
0.29505252838134766
-0.11523637920618057
0.6126395463943481
0.23015165328979492
0.6330724358558655
0.20038680732250214
0.036400698125362396
0.40373343229293823
0.4334157109260559
0.04385204240679741
0.5024210214614868
0.2890874743461609
0.33590880036354065
0.30975914001464844
0.6270667314529419
-0.39423808455467224
0.5577424168586731
0.3400746285915375
-0.03766021877527237
0.8994434475898743
-0.6087176203727722
0.8161953687667847
-0.11817970126867294
-0.15223082900047302
0.4964262843132019
-0.4097372889518738
0.49664822220802307
-0.2508867383003235
0.3224968910217285
-0.1376325637102127
0.42704638838768005
0.37996166944503784
-0.449781596660614
0.699642539024353
0.027155589312314987
-0.07246513664722443
0.5609822273254395
-0.22062663733959198
0.3151164948940277
0.19225139915943146
-0.03307075425982475
0.27809077501296997
-1.1582919359207153
-4.516120910644531
-18.283512115478516
7.089051723480225
9.312407493591309
-4.4095940589904785
-9.659032821655273
4.309869289398193
-0.4377456605434418
-2.414738893508911
2.2241218090057373
-0.2893955111503601
-1.0707690715789795
1.0205546617507935
-0.46467503905296326
-0.4404340386390686
0.8637407422065735
-0.7179403901100159
-0.05313234403729439
0.23037032783031464
-0.3534408509731293
-0.3525976240634918
0.2116793692111969
-0.012494849972426891
-0.2025819718837738
0.059793852269649506
-0.03820075839757919
0.26270636916160583
-0.11385135352611542
-0.41565847396850586
0.4550460875034332
-1.1538939476013184
0.18113775551319122
0.25019940733909607
0.26738643646240234
-0.929522693157196
0.933871865272522
-0.6177433133125305
0.2209794968366623
0.26612091064453125
-0.015413475222885609
0.3057268261909485
-0.4850764274597168
0.18953704833984375
0.46008244156837463
-0.4642757475376129
0.5838492512702942
0.12789401412010193
0.026897048577666283
1.3993784189224243
-1.7390086650848389
-0.37799015641212463
1.0312461853027344
-0.9673794507980347
-0.03204603120684624
0.23081664741039276
-0.8778578639030457
0.2943698763847351
0.3479955792427063
0.22238445281982422
0.44188421964645386
-0.7017427086830139
0.1166282668709755
-0.3916918635368347
0.5228999257087708
-1.4814462661743164
1.7142101526260376
-0.3655024468898773
0.24213752150535583
0.37420207262039185
-0.08585119247436523
0.7534807920455933
-1.115752935409546
0.13547268509864807
-0.4154070019721985
-0.16656017303466797
-0.1397417038679123
-0.17538833618164062
-1.0585166215896606
0.05620098114013672
-1.1445214748382568
1.67255437374115
-0.335880845785141
-0.3166118562221527
-0.035629939287900925
-0.3194260597229004
-0.28260403871536255
1.1730912923812866
-0.8919754028320312
-0.5708853006362915
0.506181538105011
-0.578795313835144
0.06120157241821289
0.4278060495853424
-0.5974612236022949
1.2940783500671387
-1.4380359649658203
-0.01231381855905056
-0.8750572204589844
0.7675518989562988
-1.4071691036224365
-0.38677024841308594
-12.759614944458008
10.818060874938965
-1.86239755153656
-8.62489128112793
5.811473846435547
-3.0071072578430176
-1.0942014455795288
3.058208465576172
-1.9068310260772705
-0.5899988412857056
1.351048469543457
-1.1124417781829834
-0.213697150349617
0.6623421311378479
-1.111986517906189
-0.035855866968631744
0.22443732619285583
-0.4136996269226074
-0.04058565944433212
-0.043999481946229935
-0.7481472492218018
0.01301794033497572
0.4829607605934143
-0.6108741164207458
-0.4693072736263275
-0.2205977886915207
-1.0028060674667358
0.09762821346521378
0.7969843745231628
-0.6751679182052612
-0.36644354462623596
0.4098433554172516
0.4703249931335449
0.49253273010253906
-0.17753282189369202
-0.9291973114013672
0.8211425542831421
-0.19708621501922607
-0.8296296000480652
0.6913259625434875
-0.10951665788888931
0.05630055069923401
0.4071674346923828
-0.53548663854599
0.4563576579093933
0.11799339950084686
0.4067381024360657
0.6414036750793457
-0.47239699959754944
0.29909271001815796
0.743402898311615
-0.05964646488428116
-0.2752104699611664
0.4588283896446228
0.5940729379653931
0.161725714802742
0.10811023414134979
0.2323281317949295
0.4730145335197449
-0.2719658315181732
0.5995075702667236
0.39168787002563477
0.22126063704490662
0.0411282554268837
0.40398168563842773
0.7976657152175903
0.11170797049999237
0.25275009870529175
0.20917710661888123
-0.390996515750885
0.6487789154052734
0.5707980990409851
-0.1395057737827301
0.3089838922023773
0.51971036195755
-0.11363420635461807
0.43924474716186523
0.4546999931335449
-0.34336280822753906
0.5798357725143433
0.06548623740673065
-0.14247408509254456
0.5717816352844238
0.2756587862968445
-0.006745815277099609
-0.043514348566532135
0.5694573521614075
0.3665779232978821
-0.08084984123706818
0.24672822654247284
0.14159612357616425
0.33619481325149536
-0.5836990475654602
0.04812173917889595
0.3743780255317688
-0.18582391738891602
-0.04454374313354492
0.4040660858154297
-2.428403377532959
-3.983750820159912
-18.668701171875
6.066781520843506
9.598028182983398
-4.121598720550537
-9.404406547546387
4.531484603881836
-0.7131310701370239
-2.2770323753356934
2.227266788482666
-0.38033604621887207
-1.32600998878479
1.5488173961639404
-0.7473777532577515
-0.35910433530807495
0.7079085111618042
-0.2919943928718567
0.1861949861049652
0.22670908272266388
-0.289287269115448
-0.5915429592132568
0.006554317660629749
-0.6099002361297607
0.2612232267856598
-0.1614244431257248
-0.3246552348136902
-0.463248074054718
-0.12268896400928497
0.009077834896743298
-0.5327226519584656
-0.15066662430763245
0.4868430197238922
-0.2910000681877136
0.3101845681667328
-0.10233430564403534
-0.8437165021896362
-0.7348709106445312
0.4784354269504547
0.5324746966362
0.018102645874023438
0.06395940482616425
0.6530378460884094
-1.2605297565460205
-0.6283473968505859
0.47139397263526917
-0.5448909997940063
0.03544330596923828
-0.4681982100009918
0.5266477465629578
-2.9263319969177246
-0.6364557147026062
0.5582281351089478
-0.84986412525177
-0.4412613809108734
0.730525016784668
-0.9813445210456848
-0.37058067321777344
0.7865737676620483
-0.29554280638694763
0.30569544434547424
0.1882261335849762
-0.10657110065221786
-0.10079383850097656
-0.09662894904613495
-1.5706605911254883
0.5395433306694031
0.553991436958313
-0.926877498626709
-0.027472686022520065
-1.8066917657852173
0.4889877438545227
0.49810105562210083
-0.48455095291137695
-0.9835191965103149
-0.1174442321062088
-1.7878719568252563
-0.6768661737442017
0.062169551849365234
0.4574376940727234
0.24541549384593964
0.5488660931587219
0.8366209864616394
-0.2798321843147278
0.4708520770072937
-0.6352852582931519
0.06646557152271271
-0.34429818391799927
0.7784031629562378
-0.5834273099899292
-0.2533330023288727
-0.9233108758926392
-0.775294303894043
1.5643681287765503
-1.0560318231582642
-0.3367307782173157
-0.00429158192127943
-1.3456199169158936
0.7281227111816406
-0.2914363741874695
-1.026585578918457
-0.7765176892280579
-12.979640007019043
10.389315605163574
-1.7903964519500732
-8.53860855102539
5.113975524902344
-2.588625907897949
-1.1822487115859985
3.3412208557128906
-1.6039340496063232
-0.5080806612968445
1.3748313188552856
-1.3744995594024658
0.18067654967308044
-0.05752000957727432
-0.6420775651931763
-0.205936998128891
-0.011566400527954102
-0.7112583518028259
0.3673928380012512
-0.06416912376880646
-0.25970691442489624
-0.1385050266981125
0.20222119987010956
-0.25158581137657166
-0.058995675295591354
-0.10860858112573624
-0.8444191217422485
0.018638039007782936
0.14816179871559143
0.1304275244474411
-0.4484174847602844
0.09513220936059952
0.5978241562843323
-0.22124800086021423
-0.7115942239761353
-0.2833898663520813
1.2141954898834229
-0.5040322542190552
-0.1667861044406891
1.2180614471435547
-0.06108970567584038
0.034555308520793915
0.053379904478788376
0.12061585485935211
0.07866428792476654
0.11706026643514633
0.25854048132896423
1.0931304693222046
-0.42181196808815
-0.08032634109258652
1.1746631860733032
-0.40429943799972534
0.7228479385375977
0.48436984419822693
-0.18681983649730682
0.6457129716873169
-0.060721635818481445
0.03703780099749565
1.1780312061309814
-0.3373439908027649
0.4877714216709137
0.13399457931518555
0.07275895774364471
0.6711530685424805
0.1962505280971527
0.2861715257167816
-0.23705486953258514
0.6245559453964233
0.0034914016723632812
0.0011779784690588713
0.7990061044692993
-0.07613448798656464
0.6296043395996094
0.5366012454032898
0.08707571029663086
6.084442065912299e-05
0.293165385723114
0.32969626784324646
0.08793811500072479
0.7857998609542847
-0.09131269156932831
0.2054210603237152
-0.01299753226339817
-0.325188547372818
1.0086652040481567
-0.11061076819896698
0.8178223371505737
0.5989905595779419
-0.18817433714866638
-0.18165215849876404
0.15088605880737305
-0.017198657616972923
0.08032579720020294
0.3078535199165344
-0.10836954414844513
0.10472679138183594
0.11997690051794052
0.15266427397727966
-1.3626248836517334
-3.955049991607666
-18.224063873291016
6.46622371673584
10.268171310424805
-7.110775947570801
-6.957651615142822
5.006882667541504
-1.7020505666732788
-1.747750997543335
2.243370771408081
-0.6085156202316284
-0.5546565055847168
0.8557513952255249
-0.2930811047554016
-0.4436418414115906
0.30385035276412964
-0.3912545144557953
0.0986354798078537
0.2837657928466797
-0.4150262773036957
-0.43298110365867615
0.21573610603809357
-0.19644899666309357
-0.5537301301956177
-0.3824504017829895
0.10301542282104492
0.2201087921857834
-0.2969333529472351
0.3275270462036133
-0.6336916089057922
0.5910840034484863
-0.34778156876564026
-0.24727706611156464
-0.0008186340564861894
-0.19679097831249237
-0.08059234917163849
-0.9216638803482056
1.3030989170074463
-0.6035345196723938
-0.49312955141067505
1.0803552865982056
0.27180996537208557
0.32239168882369995
0.5728598833084106
-0.9220502972602844
-0.17061825096607208
-0.5846168398857117
0.23747272789478302
0.37841567397117615
0.5738579034805298
0.6621665954589844
-1.4434326887130737
-1.6685136556625366
1.404921293258667
-0.8362565040588379
-0.5734323263168335
0.44617652893066406
0.10087480396032333
-0.4750734269618988
0.03720741346478462
-0.06458129733800888
0.2053501158952713
0.7528255581855774
-1.5063178539276123
0.731143593788147
-0.17070217430591583
-0.031272124499082565
-0.6192846298217773
-0.7604530453681946
-0.08502445369958878
-0.09984035789966583
0.9218084216117859
-0.21208438277244568
-0.5761858820915222
-0.6786993145942688
-0.34002238512039185
-0.687885582447052
-0.5416147112846375
-0.29295864701271057
0.5428768396377563
-0.09794273227453232
-0.4351429045200348
0.4619644284248352
-0.7669482231140137
0.15917262434959412
0.5541092753410339
-0.8289939165115356
-0.2654963433742523
0.16685685515403748
-0.6968932151794434
0.9890138506889343
-0.0994342789053917
-1.2151520252227783
0.8673478364944458
-0.39449119567871094
-0.11190100014209747
0.3480914533138275
0.6018326878547668
-0.2979665696620941
-0.8486156463623047
-0.5542190074920654
-11.872114181518555
9.996335983276367
-1.8611724376678467
-8.186553955078125
5.62747049331665
-2.5747199058532715
-0.9463120698928833
3.1101760864257812
-1.1700447797775269
-0.6714391708374023
1.3658909797668457
-1.0671215057373047
0.3262127935886383
0.03720207139849663
-0.7901735305786133
0.020051384344697
0.047567032277584076
-0.2374422550201416
0.03634224086999893
-0.30868273973464966
-0.37896832823753357
0.12829013168811798
-0.020186329260468483
0.10508890450000763
-0.37769120931625366
-0.23162969946861267
-1.0130174160003662
0.5236680507659912
0.41778284311294556
-0.03473706170916557
-0.22432594001293182
0.4723548889160156
0.4198322296142578
0.5734385848045349
-0.729699432849884
-0.30577635765075684
0.5371108055114746
-0.43525657057762146
0.1262502670288086
1.0786162614822388
-0.06624512374401093
0.027975881472229958
-0.24057765305042267
0.5995289087295532
0.41754603385925293
-0.5437713861465454
0.7996853590011597
0.4442853033542633
-0.37589770555496216
0.3817974030971527
0.7594462037086487
-0.3395325243473053
1.1335700750350952
0.06083941459655762
-0.2654460370540619
1.3723371028900146
0.3492623269557953
0.2152000367641449
0.04935474321246147
0.10509558022022247
0.6518591642379761
0.22961120307445526
0.26912063360214233
-0.11088065803050995
0.2576517164707184
0.159519761800766
0.7188475728034973
0.6582660675048828
0.047875117510557175
0.008164691738784313
0.46547001600265503
0.48055753111839294
0.24305829405784607
0.6217363476753235
0.21961507201194763
0.09610185772180557
0.8920217752456665
-0.4872194230556488
0.5574620962142944
0.7194385528564453
0.006963634397834539
0.0896749496459961
-0.07812194526195526
0.9000612497329712
0.2627815306186676
-0.20519694685935974
0.16573485732078552
0.47957390546798706
0.3654146194458008
0.16577863693237305
0.1471480429172516
0.029862117022275925
-0.12527170777320862
0.1868617981672287
0.23121003806591034
0.0734131783246994
0.08211326599121094
0.3320592939853668
-2.0814342498779297
-4.2942962646484375
-18.732677459716797
5.655212879180908
10.190168380737305
-3.136300563812256
-11.856825828552246
5.627871990203857
-0.7878979444503784
-2.628994941711426
2.483741283416748
-0.32755523920059204
-0.8831781148910522
1.3537254333496094
-0.331346333026886
-0.14159297943115234
0.6432832479476929
-0.6683275103569031
0.22669677436351776
0.0669308677315712
-0.39392203092575073
0.5543166995048523
-0.24132385849952698
-0.09961023181676865
0.05349321290850639
-0.2710328996181488
0.02657032012939453
0.3559338450431824
-0.47479715943336487
-0.26671209931373596
0.0565885528922081
0.18786458671092987
-0.26114121079444885
0.23499421775341034
-0.39533376693725586
0.6673666834831238
-0.05390453338623047
-0.4694303572177887
0.3175220489501953
-0.14827919006347656
0.1848466843366623
0.5353703498840332
0.8705250024795532
-1.0498689413070679
-1.3131746053695679
0.3748043179512024
-0.06100444868206978
-0.44512540102005005
0.8044964075088501
0.7593828439712524
-1.958374261856079
-0.5242515802383423
0.7906807065010071
-0.5446794629096985
-0.01276550255715847
-0.517203688621521
-0.5995931625366211
0.6236505508422852
0.3745344281196594
-0.4086233079433441
1.2952042818069458
-0.23346395790576935
0.35405462980270386
-0.30201855301856995
0.8112136721611023
1.2794300317764282
-0.017676353454589844
-0.9207206964492798
0.20143432915210724
-0.1015481948852539
-1.6032794713974
0.24141331017017365
0.7998596429824829
-0.7394928932189941
0.8916414976119995
-0.11278705298900604
-0.43522101640701294
0.6044391393661499
-0.28339967131614685
0.13776835799217224
-0.16648264229297638
-1.4530836343765259
0.13057613372802734
1.5636018514633179
-1.6909198760986328
0.07927455753087997
-0.35472995042800903
-0.27987203001976013
0.6108115911483765
0.7114563584327698
0.24346952140331268
0.48651713132858276
-0.6627625226974487
0.5259668231010437
-0.43266478180885315
-0.5198010206222534
-0.7569212913513184
0.7832151651382446
-0.47319573163986206
0.7030566334724426
-1.4054648876190186
0.8334409594535828
-13.594172477722168
10.674230575561523
-1.822617769241333
-8.377847671508789
5.133093357086182
-2.4945271015167236
-1.3261446952819824
3.0999186038970947
-1.9042918682098389
-0.5218698382377625
1.1215838193893433
-1.2314658164978027
-0.2210707664489746
0.1987900286912918
-0.43825453519821167
-0.043213654309511185
-0.24264344573020935
-0.6793714165687561
0.26893240213394165
-0.3377864956855774
-0.19125279784202576
-0.14295372366905212
0.0053095342591404915
-0.32369333505630493
-0.21879830956459045
-0.05486040189862251
-0.9791793823242188
0.5694047212600708
0.4275186061859131
-0.7753423452377319
-0.1871728003025055
0.4423292279243469
0.40976929664611816
0.3188381791114807
-0.17909736931324005
-0.25122693181037903
0.41932544112205505
-0.6497982740402222
0.4208226799964905
0.8343839645385742
-0.6372054815292358
0.3277166485786438
0.37945547699928284
-0.17489536106586456
0.49738064408302307
0.007828759960830212
0.36587825417518616
0.9759829640388489
-1.1133396625518799
0.4375778138637543
1.0589358806610107
-0.4482405185699463
0.3526036739349365
0.4362059533596039
0.2161286324262619
1.2461535930633545
-0.4163517355918884
0.28692397475242615
0.5466240048408508
-0.5293931365013123
1.1796977519989014
0.1424672156572342
-0.18854884803295135
0.06050386279821396
0.15321597456932068
0.41480740904808044
0.49554675817489624
0.40912285447120667
-0.10903339087963104
0.4755290150642395
0.6185715794563293
0.450801283121109
0.20279750227928162
0.17729301750659943
0.14020729064941406
0.6887267231941223
0.006946754641830921
0.22684068977832794
0.39713630080223083
-0.06550121307373047
0.4246118664741516
0.10243511199951172
0.5192877054214478
0.6357138752937317
-0.3327273428440094
0.4783627390861511
0.3832835257053375
0.18742255866527557
0.3538147807121277
0.149095818400383
-0.22550849616527557
0.2499864548444748
0.22316713631153107
0.7083279490470886
-0.5432224869728088
0.21193580329418182
0.1926250457763672
0.46117687225341797
-1.3937311172485352
-3.728131055831909
-18.285842895507812
6.581194877624512
9.655527114868164
-5.242868900299072
-9.007477760314941
6.0007524490356445
-1.5509761571884155
-2.156235933303833
2.5757901668548584
-0.8263303637504578
-0.43608036637306213
1.2223584651947021
-1.2586536407470703
0.3167353570461273
0.38906049728393555
-0.8243694305419922
0.5198311805725098
-0.21634426712989807
-0.04471177980303764
0.42372503876686096
0.36841171979904175
-0.7526229023933411
0.06259985268115997
-0.24421167373657227
-0.398075670003891
0.11191463470458984
-0.2983575761318207
-0.4679422378540039
0.7004486322402954
-0.3686770498752594
-0.7165368795394897
0.2776641845703125
0.3936539590358734
-0.3602871894836426
0.1480722427368164
-0.07655505836009979
-0.055350400507450104
-0.28090476989746094
-0.5384588241577148
0.3140115737915039
-0.2412235289812088
-0.12424735724925995
0.7677749395370483
-0.2067798674106598
-0.6972709894180298
0.7732130289077759
0.13712748885154724
0.89349365234375
0.2079235017299652
0.14139842987060547
-1.3879634141921997
-0.6720098257064819
0.8519514203071594
-0.6963309049606323
0.15216007828712463
-0.06236743927001953
-0.9564369320869446
0.01704711839556694
-0.13120384514331818
-0.06421299278736115
-0.6936497688293457
0.7735780477523804
-1.2855324745178223
0.6732805967330933
-0.22870197892189026
0.19640865921974182
-0.8632162809371948
0.055214595049619675
0.1479347199201584
-0.4809642732143402
0.4817352294921875
0.507788360118866
0.4821818470954895
-0.31383267045021057
-0.6804519891738892
0.18348893523216248
-0.5874199867248535
-0.10904846340417862
-0.010442161932587624
-1.2394917011260986
-0.3245546221733093
-0.6291910409927368
-0.21172761917114258
-1.017123818397522
0.4737277925014496
0.24157819151878357
-0.05828399583697319
0.6468604207038879
-1.1851699352264404
0.30005303025245667
-0.3409225344657898
-0.5704816579818726
0.7694026827812195
0.08151531219482422
-0.20076856017112732
-0.14067211747169495
-1.1429386138916016
0.3990752696990967
-0.429609477519989
0.5996118783950806
-13.09392261505127
9.753911018371582
-1.2198375463485718
-8.515414237976074
5.041921615600586
-1.8606698513031006
-1.3634660243988037
2.185667037963867
-1.0986064672470093
-0.32697391510009766
1.3442597389221191
-0.9848707914352417
0.07748222351074219
-0.135729119181633
-0.6642406582832336
0.18014463782310486
-0.039438437670469284
-0.8352389335632324
0.5962237119674683
-0.3563328683376312
-0.08700189739465714
0.321877658367157
-0.5410385131835938
0.21439656615257263
-0.28533250093460083
-0.6468351483345032
-0.09295563399791718
0.21907110512256622
-0.1078619509935379
0.3109700679779053
-0.566649317741394
-0.2068207561969757
0.5691716074943542
0.6645835638046265
-1.0833587646484375
0.10338368266820908
1.1947453022003174
-0.9936391115188599
0.7115069627761841
0.6689366102218628
-0.4973716735839844
0.2772849500179291
0.4201803207397461
-0.282601922750473
0.5956408381462097
-0.25055786967277527
-0.03086547926068306
0.7550548315048218
0.8632773160934448
0.3240150809288025
-0.08669686317443848
0.3265247941017151
0.34814220666885376
-0.3537374436855316
0.5201181769371033
0.1441839188337326
-0.1398143321275711
0.7917687296867371
0.4316374659538269
0.3944878578186035
0.15804138779640198
0.06973972171545029
0.5009415745735168
0.15832653641700745
0.7593730688095093
0.045783329755067825
0.1241069808602333
1.1323086023330688
0.09317197650671005
0.5818899869918823
-0.0637216567993164
0.14074286818504333
0.35716742277145386
0.434443861246109
0.4039461016654968
-0.07740278542041779
0.44733792543411255
0.09697341918945312
0.41128912568092346
-0.27977705001831055
-0.10984468460083008
0.7898063659667969
0.017041970044374466
0.3694272041320801
0.25059881806373596
-0.1128414124250412
0.34909161925315857
-0.19668368995189667
-0.4156278669834137
0.5870308876037598
0.2670516073703766
-0.6387705206871033
0.8761316537857056
0.03321514278650284
-0.05282754823565483
0.7379781007766724
0.3910948634147644
-0.16614799201488495
-0.6864635348320007
-4.157320976257324
-17.019142150878906
5.250899314880371
3.9836440086364746
-4.159720420837402
-1.0271258354187012
0.5368854403495789
-1.2746011018753052
-0.1295599490404129
0.8482748866081238
-0.5619384050369263
0.09170675277709961
0.6254709362983704
-1.0196418762207031
0.45226985216140747
-0.01534051913768053
-0.3995911478996277
0.31634360551834106
-0.09969405829906464
-0.4111666679382324
0.35661497712135315
-0.054558753967285156
-0.3163148760795593
0.1820046454668045
-0.7662993669509888
-0.30041027069091797
0.3746979832649231
-1.075879454612732
0.1884194314479828
0.23431625962257385
-1.1726504564285278
0.23928165435791016
0.0038101195823401213
-1.0505338907241821
0.35571974515914917
-1.1550772190093994
-0.4439312815666199
1.2975903749465942
-0.18826408684253693
-0.509024977684021
-0.7273492813110352
0.7776622772216797
-0.7392155528068542
-0.4119094908237457
0.05142364650964737
0.8881438374519348
0.11960277706384659
1.1031348705291748
-0.836715817451477
-0.74242103099823
0.3958238661289215
0.4188455641269684
-0.3824203610420227
1.142061471939087
0.19506053626537323
-0.7747520208358765
0.16896399855613708
0.4860750138759613
-0.4041757583618164
-0.7565461993217468
-0.44616812467575073
0.26415425539016724
-0.1024484634399414
0.052670668810606
-0.0548669807612896
-0.97642982006073
0.5471151471138
-0.5502602458000183
-0.4134644567966461
-1.4027369022369385
-0.5320562124252319
-0.03403472900390625
-1.05696702003479
1.3995628356933594
-0.44456177949905396
-0.5690604448318481
0.4015609622001648
0.20395907759666443
0.9324706792831421
-1.6400260925292969
0.790397047996521
-0.14511099457740784
0.1801469773054123
-0.6620310544967651
1.2497913837432861
-0.7202086448669434
-0.467848002910614
-0.8321025967597961
-1.3289787769317627
-0.2863357663154602
0.8128883242607117
0.42790812253952026
1.168222427368164
-0.9179326891899109
-0.38000422716140747
-0.03016648255288601
-0.5470667481422424
0.951620876789093
-0.1668558120727539
-0.589699923992157
0.16881594061851501
-12.293103218078613
10.630350112915039
-1.8123102188110352
-8.316038131713867
5.44536018371582
-2.459092378616333
-1.0326545238494873
2.937178373336792
-1.4332447052001953
-0.5622137188911438
1.6198360919952393
-0.8096264600753784
-0.46408671140670776
0.40702539682388306
-0.6630927324295044
-0.10032977908849716
0.28469887375831604
-0.4650043547153473
-0.12166862189769745
0.016083860769867897
0.11862091720104218
-0.06157050281763077
-0.3155345320701599
0.2997468411922455
0.15493349730968475
0.05769658088684082
-0.6741561889648438
0.22688603401184082
0.25904208421707153
-0.4638693928718567
-0.05252091959118843
0.3599216341972351
0.5507521629333496
0.5242514610290527
-1.0416042804718018
0.04029049724340439
0.9763124585151672
-0.6660374402999878
0.010029071941971779
0.7884666323661804
0.0876077190041542
0.16199341416358948
-0.006077030207961798
0.41983261704444885
0.30474838614463806
0.16461031138896942
-0.01747911050915718
0.8839812278747559
-0.1484619677066803
-0.1433127373456955
0.43769359588623047
-0.17896266281604767
0.6047310829162598
0.3668064475059509
0.46804991364479065
0.3322327136993408
-0.2011834681034088
0.6489174365997314
0.830295741558075
0.18926867842674255
0.006990337278693914
0.2542552351951599
0.860024094581604
0.08314085006713867
0.15711422264575958
0.4296846389770508
-0.30898317694664
0.06280660629272461
0.4500247836112976
0.3133013844490051
0.5249118804931641
-0.03683433681726456
0.05345888063311577
0.5684698820114136
0.2131006270647049
-0.03129587322473526
0.552891731262207
0.3712491989135742
-0.44756412506103516
0.6017249822616577
-0.03184251859784126
0.3286135792732239
0.3920055329799652
0.21069440245628357
0.20441731810569763
-0.36087626218795776
0.027945900335907936
0.29819661378860474
-0.20502042770385742
-0.20292797684669495
0.6722103357315063
0.3933439254760742
-0.2466570883989334
0.04382314532995224
0.1937665045261383
-0.05313091352581978
0.21433572471141815
0.5073612332344055
-1.813045859336853
-4.218843460083008
-18.335710525512695
7.2533369064331055
9.274313926696777
-4.462053298950195
-9.876752853393555
4.443750858306885
-0.22986674308776855
-2.4435105323791504
2.021418571472168
-0.3982008397579193
-0.904214084148407
1.5065829753875732
-0.9836443066596985
-0.3059641718864441
0.5996745228767395
-0.2567896842956543
-0.21791867911815643
0.31864768266677856
0.16676530241966248
-0.3147551417350769
0.1620774269104004
-0.019977856427431107
0.24108505249023438
0.5092799067497253
-0.3485080599784851
-0.2777722477912903
-0.38177528977394104
0.29106825590133667
0.3344922959804535
0.11755809932947159
-0.5092608332633972
0.4594144821166992
-0.6465620994567871
-1.1541650295257568
1.3318302631378174
-0.3989001214504242
0.2772897779941559
-0.2783966064453125
-0.52350914478302
0.16413287818431854
0.16787394881248474
-0.8909125328063965
0.3107292056083679
-0.4463576376438141
-0.456486314535141
0.1836673766374588
0.002708911895751953
1.2842817306518555
-1.622455358505249
-0.695484459400177
1.3882524967193604
-0.38012200593948364
-0.22302761673927307
-0.27572306990623474
-0.2279038429260254
0.3399278521537781
0.4333730638027191
-0.4745224118232727
-0.5960630178451538
-0.07771549373865128
-0.11270809173583984
-0.235050767660141
0.7590140104293823
-0.06395788490772247
-0.06712055206298828
-0.5500931739807129
0.3973628878593445
-0.29226741194725037
-0.11885051429271698
-0.37339478731155396
-0.9159417152404785
-0.12988758087158203
-1.2060801982879639
-0.8363322019577026
1.2470365762710571
-0.9112128019332886
-0.10887603461742401
-0.030993271619081497
0.584675669670105
-0.9563983678817749
-0.09904460608959198
0.5006486773490906
1.1005985736846924
-0.41893768310546875
0.08490543067455292
0.349874883890152
0.7781993746757507
-1.09319007396698
1.1052052974700928
0.09441585838794708
-0.1781454086303711
-0.4054940342903137
0.19598761200904846
-0.8225777745246887
-0.5096983313560486
0.5422099232673645
-0.04383430629968643
1.5488792657852173
-2.2074368000030518
-0.24163475632667542
-12.959149360656738
10.947968482971191
-2.2512784004211426
-8.123416900634766
5.380492687225342
-2.7767393589019775
-1.2992554903030396
3.3807239532470703
-1.80409836769104
-0.36199378967285156
1.1348187923431396
-1.2012596130371094
-0.16747646033763885
0.35505953431129456
-1.187381386756897
-0.4335094094276428
0.4013696312904358
-0.5735703706741333
-0.551754355430603
0.12831354141235352
-0.20302648842334747
-0.05744762346148491
0.17956271767616272
-0.5436478853225708
-0.17042016983032227
-0.1650206595659256
-0.5994229912757874
0.4632696211338043
0.16694068908691406
-0.5527953505516052
0.17153239250183105
0.05131099373102188
0.22446808218955994
0.6528002619743347
0.014712939038872719
-0.9406267404556274
1.1353439092636108
0.18810299038887024
-0.17494240403175354
1.099325180053711
-0.1466713547706604
-0.14548976719379425
0.3662301003932953
0.2751331329345703
0.16455720365047455
0.44735974073410034
0.4896013140678406
0.8244217038154602
-0.6050770878791809
0.3761669099330902
0.7117331027984619
-0.2904539704322815
0.6900452971458435
0.2743593156337738
-0.09401955455541611
0.7031019926071167
0.41052722930908203
0.45724955201148987
0.47233980894088745
-0.04668445512652397
0.7903606295585632
0.8263005018234253
-0.16580930352210999
0.36834555864334106
0.21388502418994904
0.3793647885322571
0.6344864964485168
-0.14398889243602753
0.3007211685180664
0.7853541374206543
0.4773489832878113
0.1362312287092209
0.5416083335876465
0.4306570887565613
0.051499463617801666
0.5529769062995911
-0.03342323377728462
0.977560818195343
-0.026348304003477097
0.39973393082618713
0.1268385946750641
-0.0898522362112999
0.7418632507324219
-0.5758737325668335
0.7890392541885376
0.3157607913017273
0.23632784187793732
0.6449414491653442
-0.18579940497875214
0.46345311403274536
0.25108641386032104
-0.1878465712070465
0.235850527882576
0.36828669905662537
0.1224818229675293
-0.1159442886710167
-0.22932839393615723
0.8426774740219116
-2.603532314300537
-3.9230079650878906
-19.162141799926758
5.77435827255249
9.286544799804688
-1.1152734756469727
-12.641366004943848
6.047750949859619
-0.6809264421463013
-3.175292730331421
2.722026824951172
-0.070037841796875
-1.4885040521621704
1.5252763032913208
-0.6593776941299438
-0.06578817218542099
0.8633401989936829
-0.46819695830345154
-0.0938631072640419
0.4119931161403656
-0.28542929887771606
0.6608878970146179
-0.7546160817146301
-0.0004788398800883442
-0.32330018281936646
-0.06045389175415039
-0.14352989196777344
0.21421651542186737
-0.19767503440380096
-0.2898879051208496
0.030956268310546875
-1.1006934642791748
-0.7488773465156555
0.4429190754890442
-0.575396716594696
0.15817661583423615
-0.15060940384864807
-1.7404038906097412
0.47647780179977417
0.8042062520980835
-0.34789133071899414
-1.2173817157745361
-0.34545499086380005
0.29295557737350464
0.5681737661361694
0.06442661583423615
1.1115823984146118
0.6620939373970032
0.6220911741256714
0.9673465490341187
-0.8772689700126648
-1.8367068767547607
1.6932939291000366
-0.624208927154541
0.32272738218307495
-0.002173805143684149
-0.26769256591796875
0.35247594118118286
-0.6611769795417786
0.5349035263061523
0.5394222140312195
0.7357543110847473
-0.4670742154121399
0.8945103883743286
0.4649128019809723
-1.2161146402359009
-0.24732980132102966
0.604383111000061
0.5875110626220703
0.06057434156537056
-0.44761866331100464
2.0764894485473633
-0.11617068946361542
-0.6509502530097961
-0.5105571746826172
0.9364234209060669
-2.003188133239746
0.14877700805664062
0.12724991142749786
-0.34592142701148987
0.14542809128761292
-0.789831280708313
1.031785488128662
-1.0950171947479248
-0.9605825543403625
0.7689366340637207
-0.016489362344145775
-0.6992626786231995
-0.667594313621521
1.3837621212005615
-0.15989971160888672
-0.4369010031223297
1.2278625965118408
-0.5001000165939331
0.47568589448928833
-2.0221807956695557
-0.8765931129455566
-0.9807789921760559
0.5776119232177734
-0.8824101686477661
-2.5567209720611572
0.036504603922367096
-13.119163513183594
10.194723129272461
-1.7323997020721436
-8.74195671081543
5.2847371101379395
-2.467805862426758
-1.8000351190567017
3.4359798431396484
-1.7438396215438843
-0.6324191093444824
1.1827187538146973
-1.5512927770614624
-0.02417583391070366
-0.0027344226837158203
-0.997880756855011
0.07964420318603516
-0.2978150248527527
-0.5984679460525513
0.1568460464477539
0.2138257920742035
-0.6623011231422424
-0.043525077402591705
0.1798592507839203
-0.720869243144989
0.12801022827625275
-0.38265591859817505
-5.545616295421496e-05
0.27241507172584534
0.6949008703231812
-0.7630225419998169
-0.8584097027778625
0.8473930358886719
0.060713768005371094
0.29496055841445923
0.7994629740715027
-0.48718494176864624
0.11916091293096542
0.28306642174720764
0.27893951535224915
0.768570601940155
-0.09664018452167511
0.010794496163725853
0.22590632736682892
-0.20029811561107635
0.27853477001190186
0.25151148438453674
0.11095480620861053
0.9625560641288757
-0.9794853329658508
0.38208600878715515
0.20980799198150635
-0.633682370185852
0.5930947661399841
0.7574623823165894
0.0297988411039114
0.31338366866111755
0.8673611879348755
-0.09403762966394424
0.447659432888031
0.04266214370727539
0.08840350806713104
0.0680304542183876
0.5125517845153809
0.5355267524719238
-0.22260351479053497
0.33387699723243713
0.279207319021225
0.40483054518699646
0.1116870865225792
0.610248863697052
0.13288135826587677
0.4216446876525879
0.44532909989356995
-0.06494855880737305
0.5680069923400879
0.3874593675136566
0.2910226881504059
0.4164126515388489
-0.41921359300613403
0.33233222365379333
0.17467546463012695
0.15544089674949646
0.5216526985168457
0.19452619552612305
0.02324686013162136
0.08335418999195099
0.822584331035614
0.13860568404197693
0.3202563226222992
0.3982721269130707
-0.1093013733625412
0.6371490359306335
0.0432581901550293
0.02029113844037056
0.3236430287361145
-0.139129638671875
-0.33877134323120117
0.5686318278312683
-1.6286842823028564
-4.07839822769165
-18.179685592651367
7.359467506408691
9.133435249328613
-3.5156211853027344
-11.759406089782715
6.369926452636719
-1.139202356338501
-2.6755666732788086
2.4595487117767334
-0.1524401605129242
-0.8905585408210754
0.99833744764328
-0.24698524177074432
-0.5503681898117065
0.36043232679367065
-0.39261776208877563
0.06580476462841034
0.5305372476577759
-0.9184916615486145
0.31634053587913513
0.5059086680412292
-0.26088207960128784
0.08983001857995987
0.1829420030117035
-0.40232306718826294
0.5681193470954895
-0.24374142289161682
-0.5217646360397339
0.4917832314968109
-0.34960174560546875
0.41986140608787537
0.26568108797073364
0.03987903520464897
-0.6570118069648743
0.8981670141220093
-0.9272945523262024
0.20919227600097656
0.6732927560806274
0.19480571150779724
-1.3062117099761963
0.0024580000899732113
0.10590019077062607
0.14264163374900818
-0.016432475298643112
1.0881239175796509
-0.5798482894897461
0.3462068438529968
0.6329046487808228
0.26705628633499146
-0.4668148159980774
0.30645427107810974
0.4151877462863922
-0.4676993489265442
0.47145575284957886
-0.9702814221382141
-0.38889771699905396
0.6516664624214172
0.37288981676101685
-1.3751494884490967
0.522545337677002
-0.5719186663627625
-0.46451377868652344
0.17206382751464844
-0.6061694025993347
1.0528656244277954
-0.18416252732276917
-0.4835284352302551
-0.40258827805519104
0.7248180508613586
-0.7141887545585632
0.21067829430103302
0.16987638175487518
-0.967574417591095
1.1162030696868896
-0.9227055311203003
-0.7298818826675415
0.9394820928573608
0.8324075937271118
-1.6776756048202515
0.24346694350242615
-1.0030509233474731
0.48585766553878784
-0.2528080940246582
0.4265012741088867
-1.3194811344146729
0.03239879757165909
-0.12845249474048615
-0.9533395767211914
0.15922899544239044
-0.7700392603874207
1.2413561344146729
-0.8072980046272278
1.4690567255020142
-1.142950415611267
0.4466008245944977
0.14922018349170685
-0.8154174089431763
1.635150671005249
0.33035412430763245
-0.594704806804657
-12.115750312805176
10.55200481414795
-1.657457709312439
-8.544697761535645
5.2460455894470215
-2.6921420097351074
-0.753731906414032
2.6009409427642822
-1.5771251916885376
-0.4822027087211609
1.5618633031845093
-1.066444993019104
-0.04022350162267685
0.23248104751110077
-0.8370509147644043
-0.044312190264463425
-0.2681207060813904
-0.44925251603126526
-0.14888902008533478
0.26946887373924255
-0.5018263459205627
-0.19492726027965546
0.166975736618042
-0.25589674711227417
-0.015094185248017311
-0.15607723593711853
-0.603519856929779
0.6577572226524353
0.13849139213562012
-0.9181952476501465
0.012108457274734974
0.8598582148551941
-0.2837493121623993
0.05939779430627823
0.45156270265579224
-0.15615049004554749
0.1631700098514557
0.41471099853515625
-0.21230201423168182
0.7994753122329712
0.47223472595214844
-0.43645697832107544
0.8055488467216492
-0.4549129009246826
0.043665796518325806
0.7446408867835999
0.09624943882226944
0.2229142189025879
0.40478506684303284
0.36662614345550537
0.3703306317329407
0.03659815713763237
0.20042018592357635
0.11331124603748322
0.461195170879364
0.8670221567153931
-0.4635866582393646
0.14408659934997559
1.0235408544540405
0.04760913923382759
0.24505910277366638
0.3468662202358246
0.012425804510712624
0.7296605110168457
0.08665470778942108
0.6327562928199768
0.19381876289844513
-0.16493400931358337
0.5239569544792175
0.3439643979072571
0.40462732315063477
0.49142637848854065
0.457114040851593
0.1869804412126541
-0.17281551659107208
0.5890180468559265
0.27061527967453003
0.6986352801322937
0.0558171272277832
0.4108162820339203
-0.1371479034423828
0.8705959320068359
0.11652269214391708
0.10005388408899307
0.4264298379421234
0.36484605073928833
-0.05508718639612198
0.4817776679992676
-0.05660810321569443
-0.1902851164340973
0.31112155318260193
0.4498848021030426
-0.08737239986658096
-0.014897918328642845
0.22515077888965607
0.40708550810813904
-0.3681669235229492
-0.022936154156923294
-2.8767411708831787
-3.9134750366210938
-20.172077178955078
5.56544828414917
11.45639419555664
-5.1759724617004395
-10.084917068481445
4.6555070877075195
-0.26794856786727905
-2.7054431438446045
2.344233751296997
-0.5250727534294128
-0.8219727277755737
0.9835153818130493
-0.6193394064903259
-0.15892848372459412
0.5409921407699585
-0.07526645809412003
-0.34675997495651245
-0.07404937595129013
0.23672103881835938
-0.0635007843375206
0.051423169672489166
0.18807201087474823
-0.4290858805179596
-0.2849019169807434
0.21999844908714294
-0.01691579818725586
-0.154822438955307
-0.011130237951874733
-0.32464733719825745
-0.2925185263156891
-0.1434599906206131
0.04485750198364258
0.02154846116900444
-0.829719066619873
0.21127471327781677
-1.6761268377304077
0.7710126638412476
-0.04360942915081978
-0.011429023928940296
1.2351182699203491
0.17308750748634338
-1.6646839380264282
-0.38294774293899536
0.341522216796875
0.20820407569408417
-0.05266094207763672
0.5666294097900391
0.3568342328071594
-2.1707634925842285
0.5656760334968567
0.575924277305603
-0.6285468935966492
0.3165300488471985
0.12406750023365021
-0.4559093415737152
-0.16139602661132812
-0.4854091703891754
-0.3032188415527344
0.07224569469690323
0.5645369291305542
0.08077631145715714
0.13055038452148438
0.2912309765815735
0.17540645599365234
-0.29620781540870667
0.5341424942016602
-0.12361402809619904
0.48391658067703247
0.45106562972068787
-0.18749122321605682
-0.6109784245491028
-0.3837600648403168
0.7875253558158875
-1.138331651687622
0.5361061096191406
-0.5932500958442688
1.3597348928451538
0.1236567497253418
0.6015397906303406
0.6039460897445679
-0.6261671781539917
0.6041228175163269
-0.8285306096076965
-1.1904780864715576
-0.43900901079177856
0.32568129897117615
0.4024461805820465
-0.13785648345947266
-0.7230201959609985
0.4994127154350281
-2.2171382904052734
0.7536918520927429
-0.11216659843921661
-0.7701991200447083
1.9056037664413452
-0.09166829288005829
-1.1002334356307983
0.5589669942855835
-1.1640034914016724
-1.3187992572784424
-12.480794906616211
10.39840316772461
-1.748695731163025
-8.774003028869629
5.3771820068359375
-2.747138500213623
-1.0665360689163208
2.5729587078094482
-1.2878676652908325
-1.037703275680542
1.1696977615356445
-1.2888038158416748
-0.10100021213293076
-0.07480373233556747
-0.6225671768188477
-0.20605334639549255
-0.2376076728105545
-0.5450080633163452
0.10204057395458221
0.3026030659675598
-0.18248490989208221
-0.22906604409217834
-0.006200981326401234
-0.12274851649999619
0.1587979793548584
-0.21964463591575623
-0.7705487012863159
0.44498682022094727
0.6540869474411011
-0.12971659004688263
-0.27072593569755554
0.3399353623390198
0.5445574522018433
0.7976316213607788
-0.7583296895027161
-0.41545695066452026
1.0019090175628662
-0.43306881189346313
0.1508895754814148
1.0715792179107666
-0.43630462884902954
0.03167552873492241
0.4240908622741699
-0.0719110518693924
0.4798350930213928
0.25418370962142944
0.6364784240722656
0.7550933361053467
-0.3513534963130951
0.3167937099933624
0.5769560933113098
-0.259013831615448
0.16596007347106934
0.17766833305358887
0.2043461799621582
0.9603334665298462
0.06730251014232635
0.39198756217956543
-0.07541580498218536
0.20258092880249023
0.9885709881782532
-0.09545683860778809
0.11892203986644745
0.5763923525810242
0.1991998702287674
0.8475173711776733
0.4270521104335785
-0.31229934096336365
0.60443115234375
0.3399077355861664
0.29295235872268677
0.08020038902759552
0.43756523728370667
0.4168139398097992
0.5409039258956909
-0.22209195792675018
0.5459792017936707
0.3061104714870453
0.581167995929718
0.45250827074050903
-0.1251889169216156
0.423732191324234
0.08317117393016815
0.05038747936487198
0.17695292830467224
0.43982115387916565
0.5281972885131836
0.10320892184972763
0.12936238944530487
-0.006848716642707586
0.2929963171482086
0.018657494336366653
-0.10286779701709747
0.3711930215358734
-0.2675326466560364
0.404508113861084
0.0582769401371479
0.0881841629743576
-2.434706211090088
