0.35336410999298096
0.35336410999298096
0.7864031791687012
0.3747062087059021
-0.4885236620903015
0.1993514597415924
0.14301280677318573
0.21047087013721466
0.20222142338752747
-0.0716661587357521
-0.030472373589873314
0.5926345586776733
-0.04729292914271355
-0.24947550892829895
-0.00661158561706543
0.3943735957145691
0.14932739734649658
0.03792273998260498
0.11057362705469131
0.4248731732368469
0.27146777510643005
-0.04484567791223526
0.5303167700767517
0.015520811080932617
-0.3451606035232544
0.2858216166496277
0.5847727060317993
-0.43416470289230347
-0.3946375250816345
0.3350985050201416
0.4082255959510803
-0.024666642770171165
0.2388937920331955
0.005586838815361261
-0.07259178161621094
0.45979809761047363
-0.28905367851257324
0.4607788026332855
0.0450596809387207
0.027535200119018555
0.2832280695438385
-0.06822450459003448
-0.10925813019275665
0.9085811376571655
-0.6138175129890442
-0.1269306242465973
0.8726587295532227
-0.24732494354248047
-0.10421872138977051
0.5658804178237915
-0.6365985870361328
0.26371362805366516
-0.21060223877429962
0.05553717538714409
0.39752641320228577
-0.24578948318958282
-0.6228349804878235
0.7282997369766235
-0.35965755581855774
-0.08002519607543945
0.16808466613292694
-0.4935930371284485
0.05307121202349663
0.02569444105029106
0.17060327529907227
-0.10006511211395264
-0.2214498221874237
0.07156749069690704
0.31634700298309326
-0.3163852095603943
-0.19032438099384308
0.21707448363304138
0.4385269284248352
-0.9585030674934387
0.2623995244503021
0.15494383871555328
-0.11163763701915741
-0.35976988077163696
-0.1221073716878891
0.16647784411907196
0.45969635248184204
-0.7424863576889038
-0.20620226860046387
-0.04258519411087036
0.48320427536964417
-0.43816232681274414
-0.005371141247451305
-0.45300206542015076
0.7860016822814941
-0.6534689664840698
0.2027157098054886
-0.14680340886116028
0.12774108350276947
-0.18427182734012604
-0.0649571344256401
0.0920591726899147
-0.18567678332328796
-0.27974408864974976
0.03752601891756058
-0.15100698173046112
0.43088969588279724
-2.3271536827087402
4.530791282653809
-3.851837158203125
-0.05069103091955185
0.32846036553382874
0.29501813650131226
-0.3885767459869385
0.1971430778503418
0.23477396368980408
-0.05310554429888725
-0.04172573238611221
-0.06105480343103409
0.17507359385490417
0.19372311234474182
-0.12807388603687286
0.1606016606092453
-0.03753166273236275
-0.17287388443946838
0.4875034689903259
-0.2702702581882477
-0.19135920703411102
0.27441543340682983
0.07090692222118378
-0.15040507912635803
0.16406965255737305
-0.17527823150157928
0.10616393387317657
0.21752259135246277
0.02052154578268528
-0.09137654304504395
0.05643634870648384
-0.10134100914001465
-0.14396372437477112
-0.09886374324560165
0.2760346531867981
0.009249448776245117
-0.129482701420784
0.18901245296001434
0.03198385238647461
-0.060689784586429596
-0.011598587036132812
0.04350914806127548
0.21556954085826874
0.13662824034690857
0.12876001000404358
-0.05567758157849312
0.16157126426696777
0.09167873859405518
-0.2762924134731293
0.10469003021717072
-0.07715439796447754
0.32412999868392944
-0.10635781288146973
-0.06564173847436905
0.10589399188756943
-0.026623820886015892
0.12654724717140198
0.043428707867860794
0.18023943901062012
0.004296779632568359
-0.11006216704845428
-0.26281148195266724
-0.015376877970993519
-0.2629691958427429
0.4017510414123535
0.2591327726840973
-0.17748990654945374
0.074079230427742
-0.20939607918262482
0.20402991771697998
-0.03724360466003418
-0.032469701021909714
-0.24162077903747559
0.5094341039657593
-0.10734100639820099
-0.08174900710582733
0.4556999206542969
-0.291426420211792
0.05008716508746147
-0.00527577381581068
0.1448395699262619
0.06577830016613007
0.2507844865322113
0.15515390038490295
0.23435330390930176
-0.07897438853979111
-0.09497733414173126
0.13780470192432404
-0.30447834730148315
0.14767594635486603
0.09229986369609833
-0.003696966217830777
0.3005756735801697
-0.289205402135849
0.11296186596155167
-0.03664543479681015
-0.12837834656238556
-0.05622003227472305
0.357695996761322
-0.5801185369491577
0.5686839818954468
3.39727783203125
-1.1514594554901123
0.8488695025444031
1.4260458946228027
-0.4476836323738098
0.03450421243906021
0.15133824944496155
0.2973710894584656
0.29962781071662903
0.20311994850635529
0.22004127502441406
0.06881564855575562
0.13373947143554688
0.31834539771080017
0.23920884728431702
0.4925661087036133
-0.48335179686546326
0.2964130938053131
0.36351969838142395
0.055210016667842865
0.035623859614133835
0.21701057255268097
0.35949498414993286
-0.10532615333795547
-0.11267771571874619
0.11952958256006241
0.19249805808067322
0.10393979400396347
-0.017428874969482422
-0.03843631595373154
0.249969482421875
0.007185411639511585
0.08819355815649033
0.17566008865833282
0.18713180720806122
-0.4455021023750305
0.3930056095123291
0.3801129460334778
-0.3150207996368408
-0.0003650665166787803
0.3557370901107788
-0.23048877716064453
0.12312650680541992
0.2026766985654831
-0.10667786747217178
0.0295364148914814
-0.09628000110387802
0.14373759925365448
0.06372132152318954
-0.07841646671295166
-0.23875372111797333
0.10641994327306747
0.0441647544503212
-0.06516428291797638
-0.18255560100078583
-0.011467671021819115
-0.1902371346950531
-0.066139817237854
0.5529037117958069
-0.30046048760414124
-0.24499249458312988
-0.14497439563274384
-0.09254586696624756
-0.07465650886297226
0.3339371085166931
-0.28600287437438965
0.13950279355049133
-0.16400320827960968
0.09249714761972427
-0.3833160102367401
0.0534445159137249
-0.36043256521224976
0.21482595801353455
0.26707378029823303
-0.861099123954773
-0.2541749179363251
0.6845845580101013
0.052192069590091705
-0.5098550915718079
-0.2990930676460266
0.19917795062065125
0.041523419320583344
0.03974759578704834
-0.47497886419296265
0.022005070000886917
0.11631032079458237
-0.3345626890659332
0.07082072645425797
-0.02005007304251194
-0.22071334719657898
-0.2378620207309723
0.08460785448551178
-0.20144489407539368
0.21341505646705627
0.014408087357878685
-0.26242494583129883
-0.19852468371391296
0.44707584381103516
-0.5942796468734741
0.48459067940711975
0.15250101685523987
-2.750957727432251
4.005812644958496
-2.6476378440856934
0.08449683338403702
-0.525273323059082
0.9515743255615234
-0.23901471495628357
-0.43130335211753845
0.3592321276664734
0.20543988049030304
-0.09388699382543564
0.24755315482616425
-0.22151455283164978
0.017629623413085938
-0.0045087337493896484
0.20713968575000763
-0.07679571956396103
-0.13751456141471863
0.349335253238678
0.024708081036806107
-0.11494879424571991
0.1503661572933197
-0.06452260166406631
-0.22256621718406677
0.1662437617778778
0.009483289904892445
-0.07639193534851074
0.19153523445129395
-0.16868868470191956
-0.05822179466485977
0.3104427456855774
-0.019062375649809837
-0.02074124850332737
0.001173257827758789
-0.13413310050964355
0.185073584318161
0.2401546984910965
-0.3205680251121521
0.013449788093566895
0.01284179650247097
0.02683568000793457
0.030300522223114967
0.22596029937267303
0.12082505226135254
-0.11856965720653534
-0.025095557793974876
0.13934025168418884
-0.14445853233337402
-0.01754443719983101
0.10224151611328125
-0.2664106488227844
-0.009705400094389915
0.04967057704925537
0.16058249771595
0.18345966935157776
-0.21177563071250916
-0.009301900863647461
0.108639195561409
-0.30164989829063416
0.4179733395576477
-0.35542699694633484
-0.047025106847286224
0.10061998665332794
0.035422421991825104
0.17001299560070038
0.0931466594338417
-0.20306091010570526
-0.11362175643444061
-0.010932564735412598
0.22769054770469666
-0.08954191207885742
-0.09502844512462616
-0.12379884719848633
0.5561370849609375
-0.20546789467334747
0.3666440546512604
-0.043958090245723724
0.1849265992641449
0.02670431137084961
-0.05919289588928223
-0.39510074257850647
0.08919835090637207
-0.055814336985349655
0.15304021537303925
0.037491463124752045
-0.03937036916613579
0.15531957149505615
-0.19629764556884766
0.2328687459230423
-0.1359771192073822
-0.12721672654151917
-0.02910797670483589
0.06232280656695366
-0.3301728367805481
0.16674895584583282
0.10234232246875763
-0.183834508061409
-0.27273035049438477
-0.23486609756946564
3.1901936531066895
-1.1456995010375977
0.9053335189819336
1.2845735549926758
-0.46140629053115845
0.057800889015197754
0.3614707589149475
-0.1039658635854721
0.3997395634651184
0.2744291424751282
-0.13065755367279053
0.3539028763771057
-0.0486995205283165
0.0542726032435894
0.5019773244857788
-0.24075248837471008
0.3143348693847656
0.4349086880683899
-0.030949067324399948
-0.09045010805130005
0.16241498291492462
0.004057359881699085
0.09253840148448944
0.3555460572242737
0.07598064094781876
0.12293553352355957
-0.003173184348270297
-0.40160131454467773
0.35650986433029175
0.4323560297489166
-0.466061532497406
0.059064172208309174
0.23552671074867249
0.0036575316917151213
-0.021514583379030228
0.19920635223388672
-0.11241428554058075
0.023894261568784714
0.3374290466308594
-0.3861423134803772
0.09463105350732803
-0.09564928710460663
0.23043617606163025
-0.41570648550987244
-0.00415425281971693
0.4943082928657532
0.07325804233551025
-0.4221554696559906
-0.18452182412147522
0.2181980162858963
-0.027777934446930885
-0.13868291676044464
-0.3592902421951294
0.21024012565612793
0.25394734740257263
-0.38296735286712646
0.01020047627389431
0.028864730149507523
-0.41224217414855957
-0.026529788970947266
0.5251787304878235
-0.4314802289009094
-0.4535188674926758
0.33141055703163147
-0.20530584454536438
-0.5446256399154663
0.6507040858268738
-0.20036518573760986
-0.588158905506134
0.33063533902168274
-0.013995098881423473
-0.012939976528286934
-0.12406172603368759
0.18450263142585754
-0.6661810874938965
0.11657889187335968
-0.11059006303548813
-0.1895211935043335
-0.04974513500928879
0.00048177241114899516
-0.23750893771648407
0.17682009935379028
-0.2717183232307434
0.1364307701587677
-0.48105567693710327
0.04982701689004898
-0.027007197961211205
-0.051378536969423294
-0.36028629541397095
-0.20571422576904297
0.1122945100069046
-0.20884954929351807
0.03660423681139946
-0.36329934000968933
-0.1272861361503601
-0.13364791870117188
0.2360793650150299
-0.1415446549654007
0.07819042354822159
0.2778626084327698
-1.6116085052490234
1.2193350791931152
-3.0019173622131348
2.987891674041748
-1.3777306079864502
0.17430977523326874
0.20726899802684784
0.25815919041633606
0.021422456949949265
-0.22355560958385468
0.12690214812755585
0.040897488594055176
-0.060045383870601654
0.3392649292945862
-0.14401745796203613
0.19223041832447052
-0.08226346969604492
0.07625553756952286
0.028455782681703568
-0.22320976853370667
0.15472204983234406
0.18538913130760193
-0.21137790381908417
0.12290613353252411
-0.02949504926800728
0.018304873257875443
0.11859550327062607
-0.24938488006591797
0.44221362471580505
-0.08201698958873749
0.053380727767944336
-0.14714384078979492
-0.1611756980419159
0.3243488669395447
0.11329030990600586
-0.1914459764957428
0.138450026512146
-0.002894878387451172
0.03896200656890869
0.05497162416577339
0.23947051167488098
0.14693155884742737
-0.1249939426779747
-0.18878893554210663
0.10105548053979874
0.19062009453773499
0.12679485976696014
0.1011437177658081
-0.12916460633277893
0.059981632977724075
0.15935750305652618
0.12027706950902939
0.05678243562579155
0.00041103363037109375
-0.03364679962396622
0.022639894858002663
0.049427080899477005
0.16871686279773712
-0.02258329465985298
-0.04702620580792427
0.16924703121185303
-0.2507175803184509
0.07252359390258789
0.04356260225176811
-0.12008459866046906
0.021791409701108932
-0.16029325127601624
0.2358812391757965
0.1523500382900238
0.000571775424759835
-0.14521995186805725
-0.17120179533958435
0.2824166417121887
0.11987505108118057
0.02287116087973118
0.05006861686706543
0.1607128381729126
-0.04496884346008301
-0.08866677433252335
0.07030224800109863
0.28700822591781616
-0.07214494049549103
0.01697385311126709
0.18404829502105713
-0.386951208114624
0.19351081550121307
0.1413002759218216
0.3949911594390869
0.06309683620929718
0.05915877968072891
-0.115997314453125
0.14273878931999207
-0.2429446280002594
-0.26868298649787903
0.04429762437939644
0.3209018409252167
0.1061863899230957
-0.045569323003292084
0.22609972953796387
-0.2588716745376587
3.4870669841766357
-1.4971574544906616
0.925961971282959
1.561091423034668
-0.6077311038970947
0.1254674643278122
0.4830682873725891
0.4432247281074524
-0.2571253180503845
0.4226559102535248
0.19027593731880188
0.05551351234316826
0.3237644135951996
0.5390700101852417
-0.5171469449996948
0.25881534814834595
0.057494066655635834
0.1905449628829956
-0.0010125398403033614
0.3087802827358246
0.18487027287483215
0.09066660702228546
0.05036945268511772
-0.02552628517150879
0.029856324195861816
0.16799072921276093
0.10635550320148468
0.024873876944184303
0.11288513988256454
-0.030812501907348633
0.48152971267700195
-0.25760355591773987
0.038964174687862396
0.07323308289051056
0.1675427258014679
-0.08173012733459473
-0.0817539244890213
0.3872629702091217
-0.27451950311660767
0.04623899608850479
0.39080533385276794
-0.3398177921772003
-0.3091338574886322
0.5315170288085938
-0.3643946051597595
-0.14176464080810547
0.10631191730499268
0.18496611714363098
-0.2131786048412323
0.40318554639816284
-0.5179712772369385
0.10585357993841171
-0.0960579365491867
-0.24492812156677246
-0.062171053141355515
0.35023999214172363
-0.051716648042201996
-0.3667221665382385
0.161725714802742
-0.037009477615356445
-0.11328593641519547
-0.4077065587043762
0.23815453052520752
-0.027930771932005882
-0.2869909703731537
0.18808802962303162
-0.23633995652198792
0.010054993443191051
0.3325144350528717
-0.36893898248672485
0.48900383710861206
-0.7654606103897095
-0.2292904406785965
0.42808860540390015
0.03659353032708168
-0.16813302040100098
-0.32091355323791504
0.3548511266708374
-0.11176271736621857
-0.015219795517623425
-0.2822328507900238
0.454437255859375
-0.49019670486450195
-0.19519631564617157
0.31754425168037415
0.037874579429626465
-0.3800511956214905
-0.013962119817733765
0.08605208247900009
-0.02856464311480522
-0.2552602291107178
0.14617237448692322
0.12274905294179916
-0.2354099303483963
-0.35702812671661377
0.3298241198062897
0.23482313752174377
0.0012726068962365389
-0.5068089365959167
0.30275648832321167
-0.7969930171966553
0.7802425622940063
-2.8456599712371826
2.7806148529052734
-0.45506104826927185
-0.3049054741859436
-0.3534819781780243
0.552332878112793
-0.0034741878043860197
-0.3083418309688568
0.2749602198600769
-0.1455688178539276
0.34808921813964844
-0.13550110161304474
-0.059644412249326706
0.08313643932342529
0.025492573156952858
0.2136559784412384
0.04354357719421387
-0.18070559203624725
0.06511199474334717
0.37753185629844666
-0.23747095465660095
-0.5528277158737183
0.2784438133239746
0.2798272967338562
0.031879376620054245
-0.11314325034618378
-0.17781510949134827
-0.06771960109472275
0.20455613732337952
-0.12068057060241699
-0.011753225699067116
0.19013312458992004
-0.1639561653137207
-0.21682104468345642
-0.030918216332793236
0.15847162902355194
-0.16395831108093262
0.12670430541038513
-0.16535308957099915
0.046321917325258255
-0.05688285827636719
0.2394728660583496
0.1479756385087967
0.1253431737422943
-0.46802353858947754
0.3217580318450928
0.4674329161643982
0.1588086634874344
-0.1843152493238449
0.012044143863022327
0.1601259708404541
-0.00938029307872057
0.016744662076234818
0.07601480185985565
-0.11386778205633163
0.24953117966651917
0.21708926558494568
-0.0022111653815954924
0.07239627838134766
-0.1944229155778885
-0.04013843461871147
0.1634104996919632
0.3458455204963684
0.01329193077981472
-0.08410923182964325
0.008329582400619984
0.1997012197971344
0.006569409277290106
0.0452059730887413
0.24809670448303223
-0.08023300021886826
0.04094705730676651
-0.10317923873662949
0.14435133337974548
-0.2924155294895172
-0.08606822788715363
-0.183080792427063
0.09295592457056046
-0.4374724328517914
0.09812211990356445
0.15379305183887482
-0.509579062461853
0.23300452530384064
0.253237783908844
-0.05887794494628906
-0.42511075735092163
0.4332018494606018
-0.04744367673993111
-0.13095220923423767
-0.21245956420898438
0.21481075882911682
0.05964045599102974
-0.12646842002868652
0.09949240833520889
-0.2638755738735199
0.14932218194007874
-0.29750847816467285
-0.1893783062696457
3.351624011993408
-1.041864037513733
0.6191555857658386
1.3844678401947021
-0.3585697114467621
-0.27754145860671997
0.3164673447608948
0.3812686800956726
0.06588026881217957
-0.194198340177536
0.4199064373970032
0.15072022378444672
-0.4262635111808777
0.49037137627601624
-0.39486563205718994
0.16327159106731415
0.5572255253791809
0.020635629072785378
-0.26858121156692505
0.11066631972789764
0.6042178869247437
-0.0456545352935791
-0.22870266437530518
0.030910396948456764
0.02031886577606201
0.3320634961128235
-0.13008442521095276
0.03180038928985596
0.0749085396528244
0.1661277711391449
-0.03303880617022514
0.1362677812576294
0.13467136025428772
0.29976117610931396
-0.04705033451318741
-0.2726442217826843
0.283469021320343
-0.05096302181482315
-0.35905319452285767
0.4597625732421875
-0.20636169612407684
-0.08084239810705185
0.15537258982658386
0.0077879903838038445
-0.11055400222539902
-0.01186461467295885
0.1911618709564209
-0.4782380163669586
0.19310927391052246
0.05496988445520401
-0.08011112362146378
0.16283684968948364
-0.465617835521698
0.005515051074326038
0.11918115615844727
-0.008602571673691273
-0.20568449795246124
-0.12403988838195801
0.38969704508781433
-0.4502144753932953
0.11649584770202637
0.06452660262584686
-0.26963967084884644
0.4858989715576172
-0.8647708892822266
0.40539464354515076
0.003336322261020541
-0.13639622926712036
-0.09946859627962112
-0.4405837059020996
0.6115328669548035
-0.5137590169906616
0.20160718262195587
-0.5318095684051514
0.004305148031562567
0.1858246922492981
-0.18967920541763306
-0.34440797567367554
0.15148738026618958
-0.22050921618938446
0.3244181275367737
-0.04697582870721817
-0.2871748208999634
-0.16651293635368347
-0.2183430939912796
0.5030580759048462
-0.43781837821006775
-0.31585240364074707
0.1026478037238121
-0.13958030939102173
-0.1787038892507553
0.040686000138521194
-0.16557323932647705
-0.43544358015060425
0.44537314772605896
-0.0656147226691246
-0.10590662807226181
-0.31444457173347473
0.1215205043554306
0.2031187117099762
0.00238380441442132
-1.7462002038955688
-0.8524785041809082
3.2336068153381348
-3.00209379196167
0.8775224685668945
0.5814073085784912
-0.1752784252166748
-0.15260004997253418
0.058141183108091354
0.2955159544944763
-0.16632886230945587
-0.012013244442641735
-0.144974946975708
0.1431066244840622
0.3237273097038269
-0.36137309670448303
-0.2176198959350586
0.37214285135269165
0.17380757629871368
-0.14318719506263733
-0.203793004155159
-0.13168220221996307
0.3804651200771332
0.10056476294994354
-0.438137948513031
0.018131088465452194
0.28378215432167053
-0.12582048773765564
0.04299771785736084
0.061528705060482025
-0.05953492969274521
-0.08523178100585938
0.35882818698883057
-0.07167620956897736
-0.3474375307559967
-0.0056282756850123405
0.07479612529277802
0.16754595935344696
-0.030431414023041725
-0.10030307620763779
0.20719531178474426
-0.032797910273075104
-0.31196388602256775
0.21852955222129822
0.39465492963790894
-0.20000293850898743
-0.1145959347486496
-0.33000582456588745
0.32691434025764465
0.06515016406774521
-0.1438947170972824
0.2179923802614212
-0.05700268596410751
0.057453155517578125
0.13057303428649902
0.07023100554943085
-0.2079627513885498
0.02884232997894287
0.2588376998901367
0.04817242547869682
0.2549715042114258
-0.039969585835933685
-0.406328022480011
0.27862581610679626
0.10433187335729599
0.2534559369087219
0.1338883340358734
-0.011659383773803711
0.14442963898181915
-0.0265823844820261
0.1200488805770874
0.21398787200450897
0.03955268859863281
-0.10165200382471085
-0.5646370053291321
0.05352463573217392
0.29261940717697144
-0.2246270626783371
-0.12740197777748108
0.06373117119073868
-0.36128872632980347
-0.009366989135742188
0.21669229865074158
0.45502978563308716
0.2393554151058197
0.301934152841568
0.21190747618675232
-0.2549850344657898
-0.0015208482509478927
0.22246524691581726
0.14147897064685822
-0.07579655945301056
-0.1365703046321869
0.5826854705810547
-0.19223487377166748
0.2308259904384613
0.09812168776988983
0.49733859300613403
-0.1258128136396408
3.2439217567443848
-1.3899860382080078
0.8378181457519531
1.5141026973724365
-0.2601037621498108
-0.144445538520813
0.34225714206695557
0.23001837730407715
0.40427953004837036
0.2104749232530594
0.07939964532852173
0.3502506613731384
0.18895335495471954
-0.04361223056912422
0.1170523539185524
0.08376376330852509
0.1757040023803711
0.018647408112883568
0.17450293898582458
0.41361308097839355
-0.09121856093406677
0.12674951553344727
0.3640029728412628
-0.3356293737888336
0.48031941056251526
0.0789889544248581
-0.12620171904563904
0.28835394978523254
-0.07233357429504395
0.11219048500061035
-0.20216813683509827
0.3938731551170349
-0.04776971414685249
0.2346789538860321
-0.33600813150405884
0.12672528624534607
0.2355876863002777
-0.07978498935699463
-0.14938876032829285
-0.027663756161928177
0.23612773418426514
-0.2476765364408493
0.21294549107551575
-0.23850396275520325
0.342062771320343
-0.2572519779205322
-0.08224429935216904
0.3308303952217102
0.05626258999109268
-0.27397972345352173
-0.5342260599136353
0.29184216260910034
0.5474374294281006
-0.3655776381492615
-0.5996533632278442
0.47461777925491333
0.020345259457826614
-0.23341742157936096
-0.486452579498291
0.5995789766311646
-0.5162545442581177
-0.17499037086963654
0.2504824101924896
0.20615176856517792
-0.8184545636177063
0.4218429625034332
-0.2150069922208786
0.05397648736834526
-0.2231500893831253
-0.3473891615867615
0.10319411754608154
-0.06266853958368301
-0.10058736801147461
-0.07709016650915146
-0.12335529178380966
-0.3407186269760132
0.1521035134792328
-0.4513630270957947
0.14997804164886475
-0.35349082946777344
0.2713587284088135
-0.050927527248859406
-0.004604232497513294
-0.45618152618408203
0.4032643437385559
-0.4321737289428711
-0.02587754651904106
0.5648564100265503
-0.5953073501586914
-0.518761157989502
0.5726373791694641
0.15132874250411987
-0.4726600646972656
-0.5031958818435669
0.6121910214424133
-0.37274450063705444
-0.13657936453819275
0.4764707684516907
-0.37538227438926697
0.35418108105659485
0.015961360186338425
-2.5526821613311768
3.593093156814575
-1.9055016040802002
-0.5450978875160217
-0.3046817481517792
1.0279406309127808
0.0310040470212698
-0.2536044716835022
-0.2681840658187866
0.5500811338424683
-0.10401568561792374
-0.024627352133393288
-0.1556406021118164
0.12518110871315002
-0.001920461654663086
0.31561481952667236
-0.3057774007320404
-0.011216402053833008
0.09791631996631622
-0.3083897829055786
0.62823486328125
0.01588888093829155
-0.2614537179470062
0.12882204353809357
-0.12157537788152695
0.36354994773864746
0.026277637109160423
0.016518305987119675
-0.16512846946716309
0.05219268798828125
0.2817191481590271
-0.2407781183719635
0.05672106891870499
-0.08853030204772949
-0.1324450522661209
0.11041555553674698
0.1308516561985016
-0.46632257103919983
0.3090967535972595
-0.13299456238746643
-0.35332831740379333
0.045932672917842865
0.16122953593730927
0.009410572238266468
-0.1765446662902832
0.23057790100574493
-0.0034444332122802734
-0.2561245858669281
-0.08672499656677246
0.2188194990158081
0.17023077607154846
-0.37399837374687195
0.010354685597121716
-0.1541239470243454
-0.08753447234630585
-0.32279452681541443
0.4628511369228363
-0.13369718194007874
-0.298717737197876
-0.000840043998323381
0.052536774426698685
-0.1779220998287201
-0.26239484548568726
-0.05271758884191513
-0.23123812675476074
-0.138112872838974
0.046564411371946335
0.05903167650103569
-0.16171467304229736
0.019718408584594727
0.06486072391271591
0.28144749999046326
-0.16856154799461365
0.007017612457275391
-0.3583236634731293
0.4799419343471527
-0.14200565218925476
-0.3958568572998047
-0.058187197893857956
-0.2853679656982422
0.1567719429731369
-0.010428833775222301
0.31848788261413574
-0.4243687093257904
-0.13480155169963837
0.09116367995738983
0.07021892070770264
0.05282430723309517
-0.10516805946826935
0.21199040114879608
-0.009274196811020374
-0.20741789042949677
-0.1036524549126625
-0.0103532075881958
0.2229292392730713
0.10487012565135956
-0.02193889580667019
-0.31784677505493164
0.24098186194896698
3.119802951812744
-1.3339611291885376
0.9534620046615601
1.3672220706939697
-0.6611689329147339
0.05233747512102127
0.7112262845039368
0.06714849174022675
0.29328280687332153
-0.3590945601463318
0.3037078082561493
0.31393498182296753
-0.0567767396569252
-0.2941789925098419
0.23663291335105896
0.3557695746421814
-0.08535011112689972
0.3402373492717743
-0.07044968754053116
-0.26297837495803833
0.42214298248291016
0.23259346187114716
0.20764212310314178
-0.3558908700942993
0.38106876611709595
0.23661847412586212
0.05023019388318062
-0.11074726283550262
0.06978173553943634
-0.06539857387542725
0.1035953015089035
0.19968624413013458
-0.26312366127967834
0.2764069139957428
-0.19821834564208984
0.1401354968547821
-0.04970131069421768
0.056697823107242584
0.2493164986371994
-0.19572463631629944
0.13839495182037354
-0.3323623239994049
0.4588368535041809
-0.16484591364860535
-0.194894939661026
0.1723693311214447
-0.417386919260025
0.4599859118461609
-0.03522489219903946
-0.4611024856567383
0.5020925402641296
-0.33804258704185486
-0.34528207778930664
0.06051349639892578
0.20423945784568787
-0.08310224860906601
-0.5761159062385559
0.34052929282188416
0.3455848693847656
-0.2961979806423187
-0.5130857229232788
0.1900734007358551
-0.12577494978904724
-0.11818653345108032
-0.17381367087364197
0.26048383116722107
-0.3638414442539215
0.12752437591552734
-0.44298213720321655
-0.08914367854595184
0.16432330012321472
-0.21890683472156525
-0.11357605457305908
-0.11855777353048325
-0.09105845540761948
-0.396868497133255
0.642584502696991
-0.30216890573501587
-0.23991087079048157
0.06395011395215988
0.008150329813361168
-0.3884489834308624
-0.019633615389466286
0.09076076745986938
-0.4987318515777588
-0.019168060272932053
-0.009577174670994282
-0.2191479653120041
0.07170803844928741
-0.13121695816516876
-0.19673161208629608
-0.20644685626029968
0.056666720658540726
-0.307548463344574
-0.19069550931453705
0.6516355276107788
-0.5461969971656799
0.008622062392532825
0.012541914358735085
0.25408273935317993
0.02205057069659233
-2.2891135215759277
3.190764904022217
-1.9201133251190186
-0.0639662966132164
-0.21561698615550995
0.18892565369606018
-0.005572795867919922
0.24411222338676453
-0.15156467258930206
0.12557725608348846
-0.11894936859607697
0.20994897186756134
-0.24116010963916779
0.19570407271385193
-0.025177765637636185
0.02707076072692871
0.24234843254089355
-0.13010136783123016
0.07200653851032257
0.22791461646556854
-0.11076454818248749
-0.14318089187145233
0.00593333225697279
0.1448400914669037
0.08579583466053009
-0.09325456619262695
-0.04452357441186905
0.31851598620414734
-0.13299527764320374
0.00681724539026618
0.19681866466999054
0.13486027717590332
-0.14141149818897247
0.14207711815834045
0.2435196340084076
0.14721259474754333
0.004938459489494562
0.1532835066318512
0.10934367030858994
0.05543532222509384
0.04657106474041939
0.07596077769994736
-0.06191587448120117
0.04968752712011337
0.05675530433654785
0.20547333359718323
0.0451262965798378
-0.11174654960632324
0.21117010712623596
-0.08373017609119415
-0.36646953225135803
0.5647872686386108
-0.2720779478549957
-0.34064850211143494
0.005432939622551203
-0.4132618308067322
0.31165796518325806
0.029154634103178978
-0.5272016525268555
0.2747303545475006
0.0232422836124897
0.0064299581572413445
-0.08870601654052734
0.3409132957458496
0.20979280769824982
0.030612731352448463
0.16994214057922363
-0.22482895851135254
-0.06396422535181046
-0.04923515394330025
0.2235361635684967
0.027036476880311966
-0.361238956451416
0.021707963198423386
-0.2293376475572586
0.38141685724258423
0.09983386844396591
-0.2443711757659912
-0.19305448234081268
0.10987939685583115
0.16564202308654785
0.5904988050460815
-0.2797415256500244
0.04429183155298233
-0.03818945959210396
0.292571485042572
-0.3918479382991791
0.4565487802028656
0.07919438183307648
0.3304700255393982
0.01631488837301731
0.2709176540374756
-0.2515922486782074
-0.11533565819263458
-0.06101703643798828
-0.42957812547683716
0.42723965644836426
-0.18031096458435059
-0.029553985223174095
3.219425678253174
-1.3981001377105713
0.9238075017929077
1.520710825920105
-0.44775572419166565
-0.13798846304416656
0.04804863780736923
0.4756556451320648
0.4084962010383606
-0.18928785622119904
0.017376840114593506
0.3202812671661377
0.11265255510807037
0.3085234761238098
-0.20398816466331482
0.18646831810474396
0.2966318428516388
0.34082117676734924
-0.28598254919052124
-0.15520982444286346
0.42537298798561096
0.3250332474708557
-0.09097261726856232
0.24623116850852966
-0.14338096976280212
0.11232924461364746
0.34954431653022766
0.43955785036087036
-0.5686062574386597
0.18984933197498322
0.3066318929195404
0.040508173406124115
0.1745242327451706
0.021790718659758568
0.019837427884340286
0.589748740196228
-0.2686694264411926
0.14089278876781464
0.2940921187400818
0.30322888493537903
-0.49199914932250977
0.32438531517982483
0.18039989471435547
-0.17819881439208984
-0.00735242385417223
-0.05259661749005318
0.3596208691596985
0.014606976881623268
0.14140263199806213
-0.4527662694454193
0.018895816057920456
0.1640581637620926
0.49230995774269104
-0.5248106718063354
0.23977744579315186
-0.13007883727550507
-0.16737261414527893
-0.07416240870952606
0.4465993046760559
-0.4157133102416992
0.0638895258307457
0.1421486884355545
-0.21864476799964905
-0.11012667417526245
-0.34737545251846313
0.2743028998374939
-0.17894569039344788
0.02751307561993599
0.1897326111793518
-0.3114693760871887
0.08301252871751785
0.07755110412836075
-0.04384924843907356
-0.032242752611637115
-0.2262502908706665
0.20339727401733398
-0.42186394333839417
-0.40761590003967285
0.43879619240760803
-0.16594630479812622
-0.5482742190361023
0.09879342466592789
0.43288904428482056
-0.1939440220594406
-0.5414375066757202
0.1327422559261322
-0.07777722924947739
0.339419424533844
-0.750093936920166
0.36724549531936646
-0.10644388198852539
-0.26221174001693726
0.14971336722373962
-0.19418588280677795
-0.021577835083007812
-0.287055104970932
-0.27509647607803345
0.12811794877052307
0.2722412645816803
0.12114687263965607
-0.21893052756786346
-1.9340232610702515
2.9345993995666504
-1.958823800086975
0.014580470509827137
-0.32407230138778687
0.13576284050941467
0.35398945212364197
-0.34518319368362427
0.02839839458465576
0.3692086338996887
-0.42639631032943726
0.2635047137737274
-0.1416008472442627
-0.11602618545293808
-0.11389756202697754
0.25601986050605774
0.23455873131752014
-0.08304862678050995
-0.26380354166030884
-0.07805891335010529
0.29157090187072754
0.021830368787050247
-0.25318288803100586
-0.08666195720434189
0.2549786865711212
-0.29817861318588257
0.09566698223352432
0.14036984741687775
-0.2354590892791748
0.11031107604503632
0.14095978438854218
0.07499656826257706
-0.051125526428222656
-0.22556772828102112
0.31589555740356445
-0.15868911147117615
0.28553515672683716
-0.059375762939453125
0.03247494623064995
0.19939188659191132
-0.04216461256146431
0.15799804031848907
-0.1812431812286377
0.10009980201721191
-0.1116519421339035
0.09057269245386124
-0.034453630447387695
-0.14280939102172852
0.36747246980667114
-0.20265774428844452
0.04633812978863716
0.012086200527846813
-0.26822367310523987
0.10165953636169434
-0.06335587799549103
-0.1866413652896881
0.2671581208705902
-0.009200048632919788
0.07359638065099716
-0.2922687530517578
0.21893949806690216
0.38187330961227417
-0.4862186908721924
-0.24886468052864075
0.2747833728790283
0.002905893372371793
-0.2474476844072342
0.3144923150539398
-0.16922950744628906
0.17996621131896973
0.15870371460914612
-0.18983754515647888
-0.05534639209508896
0.2104230374097824
0.06918902695178986
-0.29520049691200256
-0.02924180030822754
0.11755345016717911
-0.0028460980392992496
-0.04263295978307724
-0.3331758379936218
-0.07836651802062988
0.033605050295591354
-0.2325820028781891
0.1873653680086136
0.19768838584423065
0.08796055614948273
0.05846984311938286
0.2701683044433594
-0.35508304834365845
-0.013529682531952858
-0.11814641952514648
0.1153297871351242
0.0686982125043869
0.43340927362442017
-0.11209287494421005
-0.032067298889160156
-0.03595681115984917
0.20210209488868713
3.0152087211608887
-1.0875041484832764
0.6708188056945801
1.630537986755371
-0.2811231017112732
-0.20735125243663788
0.1654449701309204
0.32646459341049194
0.059482477605342865
0.05502842739224434
0.7172266244888306
-0.31151002645492554
0.21765708923339844
0.4413049817085266
-0.0015580386389046907
0.046755384653806686
0.1943679302930832
0.3499526381492615
0.11748985201120377
-0.05101330205798149
0.4903566241264343
-0.07417885959148407
0.05921926349401474
0.3653251528739929
-0.12542429566383362
0.2620486915111542
0.24297595024108887
0.11743149906396866
0.15725009143352509
0.11431441456079483
-0.17793667316436768
0.21982088685035706
0.5022581219673157
-0.2160472422838211
-0.13417880237102509
0.03563852235674858
0.09192409366369247
-0.1015566810965538
0.5148555636405945
-0.31564033031463623
0.0456913486123085
0.06556355953216553
-0.09785733371973038
0.09095919132232666
0.08030400425195694
-0.06841082870960236
-0.022293543443083763
-0.43922632932662964
0.6395955085754395
-0.3425024449825287
0.14948692917823792
-0.03216388076543808
-0.23687951266765594
-0.06409068405628204
0.22929982841014862
-0.13133969902992249
0.051978468894958496
-0.048558272421360016
-0.43793192505836487
0.4619594216346741
-0.037359774112701416
-0.1616554707288742
0.06275184452533722
-0.00781261920928955
-0.6136839985847473
0.09067289531230927
0.24852672219276428
-0.24090519547462463
-0.18860475718975067
-0.23149852454662323
0.3356305956840515
-0.06500188261270523
-0.6606031656265259
0.43033772706985474
0.04512017220258713
-0.6927057504653931
0.110737644135952
0.1557561606168747
-0.1666007936000824
-0.05291087552905083
0.09481798112392426
-0.11446642875671387
-0.11467517912387848
-0.25818225741386414
0.17100957036018372
-0.02530515193939209
-0.5600854754447937
0.42783650755882263
-0.13143211603164673
-0.21031546592712402
-0.1948787122964859
0.25778549909591675
-0.6683472394943237
0.1940227597951889
0.1142023578286171
-0.41320180892944336
0.06307868659496307
-0.154642254114151
-0.25150221586227417
0.47149378061294556
0.25950995087623596
-2.4620890617370605
3.3176960945129395
-2.145296096801758
-0.3947851359844208
-0.16834041476249695
0.6734338402748108
0.1344136744737625
-0.24991711974143982
-0.08247516304254532
0.15046396851539612
0.08643124252557755
-0.25390738248825073
0.0861244648694992
-0.22433710098266602
0.17412221431732178
0.04242389276623726
-0.16837625205516815
0.040207959711551666
0.05139424651861191
0.0925750732421875
-0.00722193717956543
0.11921024322509766
-0.13350477814674377
-0.23390312492847443
0.14065758883953094
0.4208196699619293
-0.3732736110687256
-0.057503364980220795
0.17437772452831268
0.20557984709739685
0.07074107974767685
-0.3212488293647766
0.026689982041716576
0.29083457589149475
-0.07066216319799423
-0.11108140647411346
-0.34751278162002563
0.179983451962471
0.0287263635545969
-0.15861448645591736
-0.3137763440608978
0.05903496593236923
-0.12162031978368759
-0.1917324811220169
0.02305631712079048
0.18270142376422882
-0.07827482372522354
-0.03950696066021919
0.10080049186944962
0.0638008564710617
-0.06483497470617294
-0.29136839509010315
-0.08744363486766815
-0.06363854557275772
0.14987096190452576
-0.114127017557621
-0.17978020012378693
-0.012000108137726784
0.11878862231969833
-0.012770223431289196
-0.038893651217222214
0.04778032377362251
-0.3031187951564789
0.27799850702285767
0.29381629824638367
-0.0959172248840332
-0.11630554497241974
0.12477731704711914
0.1336824893951416
0.10801992565393448
0.05557603761553764
0.1360279619693756
-0.021877050399780273
-0.2236165702342987
0.25654110312461853
0.017125893384218216
-0.5300601720809937
0.14281465113162994
-0.04579520225524902
0.2882506549358368
0.06276488304138184
-0.06760992854833603
0.1040075272321701
-0.0850890651345253
-0.06543789058923721
0.08951840549707413
0.4163293242454529
-0.14983777701854706
0.03447699546813965
-0.018604135140776634
-0.0477219820022583
0.15906715393066406
-0.15165629982948303
-0.08088059723377228
-0.053023528307676315
0.12012074142694473
0.04626300185918808
0.1347947120666504
-0.2539421021938324
3.323944568634033
-1.8839845657348633
1.095109462738037
1.7574377059936523
-0.6481615900993347
-0.40917110443115234
0.5269082188606262
0.21465913951396942
-0.0878465324640274
0.03060607984662056
0.36297574639320374
0.1754181832075119
-0.21206507086753845
0.5640614628791809
-0.2888522148132324
-0.26512911915779114
0.6797598004341125
-0.057908929884433746
-0.029914284124970436
0.33112379908561707
0.32546505331993103
-0.3658325970172882
0.1701112985610962
0.43581920862197876
-0.08485820144414902
-0.06969199329614639
0.15032002329826355
-0.07820482552051544
0.0835094004869461
0.3908231556415558
-0.2671455442905426
0.2923371195793152
-0.043822526931762695
0.07435429096221924
-0.1626477986574173
0.24146907031536102
-0.016460061073303223
-0.5532997250556946
1.086155891418457
-0.25866419076919556
-0.33309444785118103
-0.1869531124830246
0.3335352838039398
-0.6918889880180359
0.46389737725257874
0.08178649097681046
-0.18691134452819824
0.4033614695072174
-0.3474833071231842
0.19688649475574493
-0.10156138241291046
-0.3141305446624756
0.02341024950146675
0.03525064140558243
-0.0023199557326734066
0.2299365997314453
-0.42468327283859253
0.30063921213150024
0.37793606519699097
-0.8214262127876282
0.3174087405204773
-0.00162583589553833
-0.24272024631500244
-0.14409120380878448
-0.10821406543254852
0.3362354338169098
-0.6272716522216797
-0.0619250051677227
0.36716321110725403
-0.4570530951023102
0.20207981765270233
-0.31443241238594055
0.29095858335494995
-0.3668992817401886
-0.10417591035366058
-0.0981101542711258
0.4049015939235687
-0.7709277868270874
0.03986012563109398
-0.10028275102376938
0.0694180577993393
-0.3097931146621704
-0.019741300493478775
0.22984829545021057
0.07434646785259247
-0.3746674656867981
-0.17695896327495575
0.27192223072052
-0.14798809587955475
-0.23471207916736603
-0.12745746970176697
0.1832856833934784
0.140080064535141
-0.41348522901535034
-0.062081314623355865
-0.22837543487548828
0.6641524434089661
-0.48684778809547424
0.17971594631671906
-0.6166172623634338
-0.00945281982421875
0.36490598320961
0.46597155928611755
-1.8983834981918335
0.2307097613811493
0.7452354431152344
0.19196419417858124
-0.48800888657569885
-0.30544722080230713
0.31124258041381836
0.2488427609205246
-0.38709527254104614
0.324077308177948
-0.011472749523818493
-0.20911197364330292
0.05496842786669731
0.008412957191467285
0.3013738989830017
0.19944381713867188
-0.30994290113449097
-0.011372613720595837
0.15043792128562927
0.0726800411939621
0.09644439071416855
-0.09739742428064346
-0.15375085175037384
0.2473849058151245
0.28636232018470764
-0.13058753311634064
0.1303689032793045
0.20627906918525696
0.041748858988285065
-0.1193198710680008
-0.03066406212747097
-0.16814689338207245
0.2988394498825073
0.03028879128396511
0.0818120464682579
-0.03050241433084011
0.26038795709609985
-0.05997166782617569
-0.382728636264801
0.2601906657218933
-0.12427034229040146
0.053612757474184036
0.17487402260303497
-0.2074906826019287
-0.015839099884033203
-0.26534128189086914
-0.06515278667211533
-0.01570889912545681
0.003078460693359375
-0.2730066180229187
-0.4571763575077057
-0.1598512828350067
-0.051016949117183685
0.2718645930290222
0.283442884683609
-0.11553740501403809
0.19137458503246307
-0.0015256882179528475
-0.29907694458961487
0.012337970547378063
0.24670858681201935
-0.14662392437458038
0.09531879425048828
-0.08373017609119415
-0.2955090403556824
-0.094587042927742
0.2849675714969635
-0.15583086013793945
-0.18237248063087463
0.04497718811035156
0.3356705605983734
-0.29211169481277466
-0.1304447203874588
0.20131182670593262
0.09724406898021698
-0.17713351547718048
0.22612722218036652
0.3038666546344757
0.4682699143886566
-0.06372032314538956
-0.18717308342456818
0.2708226144313812
0.23264563083648682
-0.3738548755645752
0.3698747754096985
0.24662327766418457
0.2836073040962219
0.4307689070701599
-0.21555018424987793
0.06728291511535645
-0.14576402306556702
-0.20487108826637268
0.019849205389618874
0.2417898178100586
-0.05747837945818901
0.28425249457359314
-0.08393096923828125
3.082468032836914
-1.0581459999084473
0.6337655782699585
1.3789266347885132
-0.1493559330701828
-0.03280868008732796
0.08045177161693573
0.3119513690471649
0.6280560493469238
-0.49703454971313477
0.35624533891677856
0.5096294283866882
-0.25374260544776917
0.3114149272441864
-0.0932999700307846
0.1579858958721161
0.5942267179489136
0.16906066238880157
-0.17866173386573792
0.09295914322137833
0.42621320486068726
0.06148252636194229
-0.1912333071231842
0.15159878134727478
0.4327358603477478
-0.23024408519268036
0.29942411184310913
0.25877413153648376
0.1810852289199829
0.05099818855524063
-0.2183692753314972
0.23552517592906952
0.1514940708875656
-0.06899194419384003
-0.009793901816010475
-0.08034839481115341
0.41903647780418396
-0.6979942321777344
0.4466274380683899
0.007472515106201172
-0.33328765630722046
0.40394243597984314
-0.29410475492477417
0.07157020270824432
0.2975546717643738
-0.1625572144985199
-0.07648322731256485
0.24369430541992188
-0.4050140976905823
0.19177620112895966
-0.24893569946289062
-0.057118821889162064
0.041789960116147995
0.13497769832611084
0.050652407109737396
-0.47873052954673767
-0.1772751808166504
-0.04271240159869194
0.2503276765346527
-0.00390360364690423
-0.031208431348204613
-0.3183612823486328
-0.17104323208332062
-0.040842533111572266
-0.021057629957795143
0.2455586940050125
-0.27960720658302307
-0.37431448698043823
-0.28046172857284546
0.4372411370277405
-0.0392274484038353
-0.5334652066230774
-0.43288636207580566
0.23039348423480988
0.10718152672052383
-0.3975246548652649
0.02368248626589775
-0.4112015664577484
0.08259865641593933
0.22539977729320526
-0.1368410736322403
-0.6981490850448608
0.48677974939346313
-0.11134376376867294
-0.13587215542793274
-0.21650314331054688
0.12264125049114227
0.006635451223701239
-0.5840650796890259
0.4253847599029541
0.005660200025886297
-0.1691560298204422
0.02917339839041233
-0.5717683434486389
0.5232850909233093
-0.40408602356910706
0.4844226837158203
-0.6279581189155579
0.2469257116317749
0.249495267868042
-0.9887666702270508
0.6122263669967651
-2.6473886966705322
2.6869304180145264
-0.8504470586776733
-0.3942938446998596
0.28286176919937134
0.021802663803100586
0.03454999998211861
0.15808303654193878
0.1513475626707077
-0.5528631210327148
0.012036943808197975
0.3406044542789459
-0.12383981049060822
-0.08588828891515732
0.30719640851020813
0.1087365597486496
-0.190486341714859
-0.009685707278549671
0.09545128047466278
0.08389429748058319
0.12458539009094238
-0.32123762369155884
0.1820109784603119
0.09753289073705673
-0.014870906248688698
0.22491495311260223
0.1197526678442955
0.17036299407482147
-0.12422867119312286
-0.11232113838195801
0.15923385322093964
-0.04980473592877388
-0.014218044467270374
0.015450572595000267
-0.0842798724770546
0.020194102078676224
0.15940971672534943
-0.28299736976623535
0.2567816376686096
0.09804022312164307
0.010042714886367321
0.14524373412132263
0.14529100060462952
0.09692931175231934
0.05135774612426758
-0.05843319743871689
0.12838351726531982
0.11470389366149902
-0.127851203083992
-0.03980856016278267
0.09170933067798615
-0.25968146324157715
0.36517030000686646
-0.06918833404779434
0.031092261895537376
0.35821396112442017
-0.21022386848926544
-0.0016537189949303865
0.2960019111633301
-0.09304948151111603
-0.3905006945133209
0.4429423213005066
-0.11921262741088867
-0.31151047348976135
-0.07802648842334747
0.11879584938287735
0.14074377715587616
0.22320692241191864
0.15539531409740448
-0.04968104511499405
-0.20163984596729279
0.22522158920764923
0.02602825127542019
0.16675715148448944
-0.3914152979850769
0.08249237388372421
-0.1057489886879921
-0.3256809413433075
0.26719027757644653
0.07877588272094727
0.15813088417053223
-0.19730734825134277
0.14312200248241425
-0.05637521669268608
-0.11085157096385956
0.337492436170578
-0.2725089192390442
0.2346360981464386
0.13041770458221436
0.09200496971607208
-0.2432716339826584
0.38327884674072266
0.2710709571838379
0.07517943531274796
-0.21743984520435333
0.24890565872192383
-0.46793055534362793
0.14623340964317322
3.0251660346984863
-1.164279580116272
0.4518830180168152
1.6626927852630615
-0.228573277592659
-0.2817004919052124
0.215047687292099
0.5330406427383423
0.07018949836492538
-0.2860402762889862
0.35475873947143555
0.23611870408058167
0.05809016153216362
0.5155986547470093
-0.19660472869873047
0.1575031280517578
0.27952688932418823
0.17099931836128235
0.28009048104286194
-0.22655463218688965
0.3919117748737335
0.28171998262405396
0.0519256591796875
-0.18452703952789307
0.07742683589458466
0.492230087518692
-0.3891439437866211
0.043160438537597656
0.3512563109397888
-0.09720297157764435
-0.5085282325744629
0.727361798286438
-0.3678770661354065
0.11460883915424347
0.06306977570056915
-0.20414581894874573
0.18126387894153595
0.5213422775268555
-0.29937028884887695
-0.30320337414741516
0.12016487121582031
-0.10966155678033829
0.3329872488975525
-0.06252682209014893
-0.3876206576824188
0.2509516775608063
0.4679461419582367
-0.31205087900161743
-0.4706767201423645
0.19436363875865936
0.13345341384410858
-0.2616354823112488
0.15180130302906036
-0.2679252028465271
0.1273016482591629
-0.04015801101922989
-0.17975082993507385
-0.3156746029853821
0.03953845426440239
0.45230188965797424
-0.6226032376289368
-0.04563336446881294
0.38018709421157837
-0.2417934238910675
-0.4365752339363098
0.4162067472934723
-0.3960997462272644
0.07026170194149017
-0.20674383640289307
-0.16079962253570557
0.04658801481127739
0.2464483678340912
-0.2369701862335205
-0.6425121426582336
0.5468779802322388
-0.2284962236881256
-0.054632969200611115
-0.2840490937232971
0.04245731979608536
-0.08395084738731384
0.1340995728969574
-0.36453038454055786
-0.008495461195707321
-0.13885703682899475
0.001998810563236475
0.3468500077724457
-0.4469119906425476
-0.21073894202709198
-0.34323614835739136
0.5668692588806152
-0.3479464650154114
-0.16156235337257385
0.035420097410678864
0.07447029650211334
-0.042195845395326614
-0.31956660747528076
0.5785876512527466
-0.10663998126983643
-0.005160045810043812
0.2237044870853424
-0.9805633425712585
1.0514050722122192
-0.6687895059585571
-0.7173546552658081
0.5144240260124207
-0.052557993680238724
0.30392616987228394
0.2593757212162018
-0.394691526889801
0.03526890277862549
0.20133598148822784
-0.23782429099082947
-0.10173626244068146
0.19169172644615173
0.027764415368437767
-0.3182764947414398
0.2842029631137848
0.0339810848236084
-0.2855139374732971
0.020041752606630325
0.314606249332428
0.14043870568275452
-0.09476332366466522
-0.13472361862659454
0.0424046516418457
0.13958792388439178
0.04955477640032768
0.0988287478685379
-0.021851729601621628
-0.09120664745569229
0.05011193826794624
0.18282857537269592
-0.3229142725467682
0.29496797919273376
0.02362794801592827
-0.3059934675693512
0.04511628299951553
-0.24913206696510315
-0.04561128467321396
0.042854808270931244
0.3261187970638275
0.27346014976501465
-0.2026049643754959
-0.27592790126800537
0.27954408526420593
0.08107290416955948
-0.11593165248632431
0.04753696918487549
0.04295618459582329
0.33377474546432495
-0.2903934121131897
-0.0981261283159256
0.27284517884254456
0.08024439960718155
-0.37574881315231323
0.19511476159095764
0.06566815078258514
-0.15914079546928406
0.3581770956516266
-0.19261761009693146
0.10672857612371445
0.116812564432621
-0.08266415446996689
-0.41598111391067505
0.17527267336845398
-0.25935953855514526
0.2948649823665619
-0.12025558948516846
-0.05535278469324112
0.04530835151672363
-0.265264093875885
0.11511991173028946
0.10913848876953125
0.08399991691112518
-0.29546746611595154
0.08312597125768661
-0.09899654239416122
0.3984755575656891
-0.2711845338344574
-0.025328349322080612
-0.37622183561325073
-0.11772599071264267
0.012329911813139915
-0.07129712402820587
0.017242979258298874
-0.03474535793066025
-0.18605048954486847
0.014918088912963867
0.09360294044017792
-0.24400988221168518
0.047671057283878326
0.08557424694299698
0.15881605446338654
-0.1835540235042572
0.30793240666389465
0.1514187753200531
-0.17394962906837463
0.4038766920566559
-0.17523746192455292
-0.058134935796260834
3.2055976390838623
-1.4016172885894775
1.0328428745269775
1.4944275617599487
-0.5374506115913391
-0.17341768741607666
0.3797052204608917
0.2662124037742615
0.3666730523109436
0.08053101599216461
-0.18330183625221252
0.3735639452934265
0.24421235918998718
0.01199428178369999
-0.14811763167381287
0.256929874420166
-0.10137282311916351
0.5563316941261292
-0.2210407704114914
0.26269716024398804
0.4689670205116272
0.02942906692624092
0.14971718192100525
-0.328255832195282
-0.031465671956539154
0.6590250730514526
-0.061016250401735306
0.221399188041687
0.07558832317590714
-0.5030449032783508
0.3402809202671051
0.17693524062633514
0.2521178424358368
0.0489790216088295
0.03451249748468399
-0.04639773443341255
0.06170468404889107
0.11064889281988144
0.07186460494995117
-0.041614532470703125
0.07468249648809433
-0.21089188754558563
-0.029488038271665573
0.2313079833984375
0.007918596267700195
0.25257670879364014
-0.1261684000492096
-0.5505583882331848
0.5598780512809753
-0.17148689925670624
-0.12755289673805237
0.13263854384422302
-0.11607460677623749
-0.29667598009109497
0.3592820167541504
-0.033855222165584564
0.12560181319713593
-0.21005967259407043
-0.16797569394111633
0.10464420169591904
0.1095367893576622
-0.22239771485328674
-0.42387819290161133
0.4015973210334778
0.15395811200141907
-0.3189890384674072
-0.12994809448719025
-0.5124558210372925
0.4361875653266907
-0.56269371509552
0.014014231972396374
0.02527526579797268
0.029659146443009377
-0.505285918712616
0.0691051036119461
-0.28336283564567566
-0.2005825936794281
0.45107537508010864
0.05255010724067688
-1.0275664329528809
0.7997873425483704
-0.17184396088123322
-0.11525356769561768
-0.21366636455059052
0.14099720120429993
-0.441826730966568
0.5615047216415405
-0.9841215014457703
0.39096325635910034
-0.1912585347890854
-0.05061690881848335
0.03457000106573105
-0.25700119137763977
0.02635234035551548
-0.010947751812636852
0.0793224573135376
-0.3896511197090149
0.1993761956691742
0.24764136970043182
0.148442342877388
-1.453627109527588
1.9215679168701172
-1.6426327228546143
-1.1334495544433594
0.8210946917533875
0.3757832944393158
-0.43475645780563354
0.1038842424750328
-0.07214875519275665
0.20491519570350647
0.4236902594566345
-0.4602088928222656
-0.07547163963317871
0.36451441049575806
-0.0002948761102743447
-0.3942883014678955
0.274524986743927
0.07439832389354706
-0.29362985491752625
0.24955527484416962
-0.016147326678037643
-0.01886429823935032
0.08867418766021729
-0.10620574653148651
0.0018756866920739412
-0.010591697879135609
-0.09941592067480087
0.05397601053118706
0.2612559497356415
-0.16345596313476562
0.04783158376812935
0.13851869106292725
0.06239473819732666
0.1586260348558426
-0.18168334662914276
0.20052644610404968
-0.03820953518152237
-0.022418737411499023
-0.22681227326393127
-0.052716828882694244
0.27996933460235596
-0.10893730819225311
-0.3366575837135315
0.1880740374326706
-0.11959423869848251
-0.007343387696892023
-0.05104532092809677
-0.143476203083992
0.09314026683568954
-0.01747741736471653
-0.04180793836712837
0.03435499593615532
-0.010939741507172585
-0.019658565521240234
0.14953145384788513
-0.1882033795118332
0.20514054596424103
0.2665185332298279
-0.08166985213756561
-0.08147712051868439
0.18168123066425323
-0.05856790393590927
0.3336508870124817
-0.129502534866333
-0.08185262978076935
0.33307090401649475
-0.4286328852176666
-0.21658405661582947
0.09915485233068466
0.19745425879955292
-0.15851731598377228
-0.1392265260219574
0.4307827055454254
-0.19548602402210236
0.059316299855709076
-0.08461189270019531
0.17375414073467255
0.09865589439868927
0.198454812169075
-0.13884754478931427
-0.19356906414031982
0.3606831133365631
0.4232357144355774
-0.30356428027153015
-0.14397749304771423
0.2223636358976364
0.038217879831790924
0.18725013732910156
0.13194739818572998
0.013006061315536499
-0.052893828600645065
-0.3933980464935303
-0.5219573974609375
0.2441922426223755
-0.4482324719429016
0.22066831588745117
0.10420284420251846
-0.11929650604724884
-0.21186456084251404
0.006905221845954657
3.0416455268859863
-0.8857911825180054
0.4232327938079834
1.6492478847503662
-0.5247424840927124
-0.1706511229276657
0.4304278492927551
0.04439522698521614
0.37645384669303894
0.05078927427530289
0.17370569705963135
0.16181901097297668
-0.033246297389268875
0.08998847007751465
0.21120670437812805
0.07859782129526138
-0.05153984948992729
0.24727396667003632
0.08048856258392334
-0.003567862557247281
0.24659021198749542
-0.24452228844165802
0.43922677636146545
0.2172013223171234
-0.3868371248245239
0.07535717636346817
0.31940537691116333
0.03635241836309433
-0.12890303134918213
-0.05283627659082413
0.47327056527137756
-0.041497230529785156
-0.12410249561071396
0.30392783880233765
0.19561055302619934
-0.2954949736595154
-0.22379383444786072
0.21845845878124237
0.43499311804771423
-0.15961894392967224
-0.005753231234848499
0.03125498443841934
-0.24668779969215393
0.22009225189685822
-0.059468794614076614
-0.03247878700494766
0.20612724125385284
-0.3974407911300659
0.14748802781105042
-0.12541088461875916
-0.15111784636974335
0.27253568172454834
-0.37831541895866394
0.14198656380176544
0.449340283870697
-0.32364240288734436
-0.12856025993824005
-0.27405691146850586
-0.06387369334697723
0.12699194252490997
0.02776050567626953
-0.30823081731796265
-0.05970804765820503
-0.33855104446411133
-0.05251948907971382
0.1241755336523056
-0.5504545569419861
0.4881993234157562
-0.15680614113807678
0.04905407130718231
-0.6130129098892212
-0.18974769115447998
0.30767202377319336
-0.40564852952957153
-0.22209510207176208
0.21811456978321075
-0.07498044520616531
-0.3955835998058319
0.03693303465843201
-0.03736948221921921
-0.05045465752482414
0.046954043209552765
-0.36842280626296997
-0.1215386763215065
-0.023516571149230003
-0.3307758867740631
0.28284627199172974
0.4942602217197418
-1.0400391817092896
0.43930545449256897
-0.18706628680229187
-0.25668832659721375
0.07537998259067535
-0.0020246028434485197
0.15118873119354248
0.15504193305969238
-0.5292232632637024
-0.18249832093715668
0.30695903301239014
0.6210120916366577
0.5392901301383972
-2.9955060482025146
-1.9534213542938232
4.57218074798584
-3.685755968093872
0.771712064743042
0.9522438049316406
-0.9260560870170593
0.6691794395446777
0.4167659282684326
-0.2769027352333069
-0.16803160309791565
0.20718631148338318
0.07714684307575226
-0.06046614795923233
0.00012903213792014867
-0.13455228507518768
-0.08364448696374893
0.22153811156749725
0.06810519844293594
0.0005013942718505859
0.04266104847192764
0.31684383749961853
0.04032788425683975
0.0744943618774414
0.11147642135620117
0.09846313297748566
-0.11001653969287872
0.32986176013946533
-0.16901087760925293
0.010813141241669655
-0.24098429083824158
0.0462661013007164
-0.07513833045959473
0.07666592299938202
-0.09201888740062714
-0.004387950990349054
0.04859299585223198
5.0115584599552676e-05
-0.006210756488144398
0.07677683979272842
0.189775750041008
-0.26113516092300415
-0.039414215832948685
-0.14131446182727814
-0.1426750123500824
0.04482157155871391
0.3625655472278595
0.03317990154027939
-0.3217380940914154
-0.22978973388671875
0.08374829590320587
0.03443942219018936
0.014286661520600319
0.06636963039636612
-0.19042539596557617
0.041838742792606354
0.33053556084632874
-0.16640040278434753
0.16095705330371857
-0.14769992232322693
-0.07133164256811142
0.2023756057024002
-0.029811691492795944
-0.01060266513377428
-0.04614238813519478
-0.06821207702159882
0.10856170952320099
-0.32886138558387756
0.14405307173728943
-0.012908411212265491
-0.1696835458278656
0.18390050530433655
-0.2814237177371979
0.4794139266014099
-0.38477712869644165
0.45580682158470154
-0.25355246663093567
0.20020918548107147
-0.17917132377624512
0.09482645988464355
-0.15345430374145508
0.3466629981994629
0.22305937111377716
-0.21247825026512146
-0.13692441582679749
0.2243894338607788
0.3805202841758728
0.2546299397945404
-0.01765890046954155
-0.18922996520996094
-0.04811358451843262
0.2820765972137451
-0.031414128839969635
-0.44024911522865295
0.26400047540664673
0.5567115545272827
0.12519964575767517
0.7477131485939026
-3.274874448776245
10.337522506713867
-8.311272621154785
4.389493465423584
0.6476251482963562
-1.074585199356079
0.15933683514595032
0.7505272030830383
0.706213116645813
-0.24265584349632263
-0.0858660563826561
0.10713453590869904
0.48167213797569275
0.4160345196723938
-0.17330990731716156
0.1975248157978058
0.04493744298815727
0.27858829498291016
0.2773161232471466
-0.05699755996465683
0.30756503343582153
0.07894408702850342
0.2678891122341156
-0.0824824795126915
0.3747408986091614
0.06559286266565323
-0.003391313599422574
0.003606772515922785
0.3845415711402893
-0.03650684282183647
0.12681742012500763
0.18371061980724335
0.010183763690292835
-0.26644524931907654
0.6314404010772705
-0.5335321426391602
0.1851254403591156
0.13872702419757843
-0.25079262256622314
0.3082292973995209
0.34392601251602173
-0.3515251576900482
0.11073365062475204
-0.11686877906322479
0.0028682469855993986
0.18668611347675323
-0.13696618378162384
0.14627809822559357
0.07857970893383026
-0.2153712809085846
-0.5789631009101868
0.34504517912864685
0.5435185432434082
-0.4489755630493164
-0.581928014755249
0.6340445280075073
-0.017829466611146927
-0.35740000009536743
0.12648963928222656
0.32003119587898254
0.1945808231830597
-0.8657222986221313
0.22712664306163788
-0.03473720699548721
0.20473894476890564
-0.13052338361740112
-0.39977461099624634
0.16913959383964539
0.2190713882446289
-0.49744248390197754
-0.025929827243089676
-0.2150927484035492
0.08223564922809601
-0.24493031203746796
0.11252985149621964
-0.36782097816467285
0.29458531737327576
-0.30867940187454224
-0.055394649505615234
-0.1866549700498581
-0.14185962080955505
-0.2403171956539154
0.28631287813186646
-0.27583175897598267
-0.13400112092494965
0.2080128937959671
-0.45675334334373474
0.03583251312375069
0.05805244296789169
-0.4896668791770935
0.42265820503234863
-0.30894723534584045
0.1469515860080719
-0.08468268066644669
-0.8233703374862671
0.48356494307518005
-0.22000010311603546
0.015233969315886497
0.4106234610080719
-0.559349000453949
0.3012238144874573
-0.05812873691320419
-1.9834827184677124
-0.5258995294570923
3.304795503616333
-3.1844727993011475
0.2136135995388031
0.8009859919548035
-0.3617953360080719
-0.17542128264904022
0.37143442034721375
0.14240732789039612
-0.23711590468883514
-0.04028377681970596
0.32507389783859253
-0.007213497068732977
-0.011871909722685814
-0.05747790262103081
-0.10749604552984238
-0.08492346107959747
0.08542542159557343
0.3581233620643616
-0.3610348701477051
-0.21007828414440155
0.054590512067079544
0.2231430560350418
0.04303736612200737
0.08046827465295792
-0.2247854769229889
0.22147998213768005
0.09375166893005371
0.046602558344602585
0.16024065017700195
-0.26427462697029114
-0.023700714111328125
-0.01551055908203125
0.146821066737175
0.24620580673217773
-0.1405653953552246
0.07924063503742218
0.03995490074157715
-0.18695449829101562
0.23221878707408905
-0.05807962268590927
-0.22206024825572968
0.18686556816101074
0.03903026506304741
0.012450647540390491
-0.01431879960000515
-0.1295333355665207
0.22188448905944824
0.2588583827018738
-0.3233826756477356
0.1762179583311081
-0.029650401324033737
0.11726114898920059
-0.09670762717723846
-0.17381486296653748
0.08516359329223633
0.10449204593896866
-0.07499875873327255
-0.3617067337036133
0.013225031085312366
-0.03709468990564346
0.2609396278858185
0.21309451758861542
0.031423140317201614
0.02519688569009304
-0.06396975368261337
0.04357133060693741
0.08675026893615723
0.022041726857423782
-0.050653792917728424
0.22012834250926971
-0.15117445588111877
0.17112644016742706
0.04646127298474312
-0.11817745864391327
0.1265312135219574
-0.16408848762512207
0.18844926357269287
0.15532369911670685
0.19696393609046936
-0.20377567410469055
-0.26479101181030273
0.2637917995452881
0.17582769691944122
-0.11301450431346893
-0.4956909716129303
0.38030219078063965
-0.11115674674510956
-0.2903274595737457
-0.28535738587379456
0.40601712465286255
-0.19061186909675598
-0.05865592882037163
0.018219614401459694
-0.13449640572071075
0.46167007088661194
-0.511114239692688
0.07008366286754608
2.7868943214416504
-1.1184355020523071
0.7941728830337524
1.4966037273406982
-0.39144060015678406
-0.24332347512245178
0.5221067667007446
-0.12870194017887115
0.30743566155433655
0.059916310012340546
-0.06110546737909317
0.45583415031433105
0.020977651700377464
0.5416067242622375
-0.3081241548061371
-0.052942562848329544
0.3306732177734375
0.4809519648551941
-0.09691673517227173
-0.0763935074210167
0.5168967247009277
-0.030079519376158714
-0.18548154830932617
0.634288489818573
-0.16894027590751648
-0.07284250110387802
0.15018996596336365
0.10755457729101181
-0.16135747730731964
-0.20178790390491486
0.29968008399009705
0.583401083946228
-0.22202365100383759
0.0942860096693039
0.161472886800766
-0.03935816138982773
-0.4445462226867676
0.4627322554588318
0.19647717475891113
-0.3527202010154724
0.23243096470832825
0.14985468983650208
-0.13771912455558777
0.11809976398944855
-0.19198472797870636
0.3159721791744232
0.03173382207751274
-0.3435531258583069
0.07274828106164932
0.12365095317363739
-0.4064956307411194
-0.031344007700681686
-0.0992869883775711
0.024700189009308815
0.15480855107307434
-0.30859366059303284
-0.24878087639808655
0.15071749687194824
-0.15448732674121857
-0.47202253341674805
0.1327839493751526
-0.36706921458244324
-0.21280233561992645
0.28660091757774353
-0.3558480739593506
-0.20827913284301758
0.430837482213974
-0.47558504343032837
0.22206273674964905
-0.05116445943713188
-0.253580778837204
0.22553987801074982
-0.47329264879226685
0.40486493706703186
-0.8147064447402954
0.16468580067157745
0.4729749262332916
-0.424568235874176
-0.15007194876670837
0.21251416206359863
-0.23288941383361816
-0.36824822425842285
0.3789594769477844
-0.22091904282569885
0.007115459535270929
-0.22293415665626526
0.09495241940021515
-0.30422788858413696
0.10624341666698456
0.07354428619146347
-0.2772400677204132
-0.21810171008110046
0.14127616584300995
0.18655487895011902
-0.3003169000148773
-0.5468214750289917
0.14997664093971252
0.7771793603897095
-0.2950320243835449
-0.0446292869746685
0.12356729805469513
-2.4291253089904785
-0.25777101516723633
3.1714119911193848
-2.938264846801758
0.8114801645278931
0.4932328164577484
-0.2735752463340759
0.036033011972904205
0.180837482213974
0.40819916129112244
-0.6127652525901794
0.212103933095932
0.26839572191238403
-0.22593240439891815
-0.298351526260376
0.23985223472118378
-0.07747163623571396
-0.15679407119750977
0.1852211207151413
-0.22511549293994904
-0.1648707389831543
0.22050082683563232
0.18325619399547577
-0.26468324661254883
0.21509253978729248
0.12483291327953339
0.20262980461120605
-0.14548616111278534
-0.22207006812095642
-0.11519984900951385
0.17645058035850525
0.05990934371948242
-0.019513368606567383
-0.02101130411028862
-0.30599719285964966
0.2207757532596588
-0.018865060061216354
-0.05516944080591202
0.0402008518576622
-0.1521972417831421
0.2936829924583435
-0.021901797503232956
-0.1364627331495285
-0.09830383956432343
-0.21130461990833282
0.36203113198280334
0.006489896681159735
-0.17062020301818848
-0.014455223456025124
-0.031007956713438034
-0.018627095967531204
0.24066376686096191
-0.3268877863883972
0.25056928396224976
-0.1302638053894043
0.18986937403678894
-0.018862580880522728
-0.07322940975427628
-0.022893572226166725
-0.24292346835136414
0.3010789752006531
-0.44220733642578125
0.10302309691905975
-0.3918883204460144
0.1246737465262413
0.1431887149810791
-0.016066670417785645
0.05203209072351456
-0.04999818652868271
-0.25827866792678833
0.39148375391960144
0.07773294299840927
0.27621883153915405
-0.1129569262266159
0.1739313155412674
0.0796358585357666
0.11714591830968857
0.09448611736297607
0.2556302547454834
0.0131066320464015
-0.0019016980659216642
0.24453862011432648
0.09504909813404083
0.3968237042427063
-0.1135375052690506
-0.18657255172729492
-0.23129422962665558
0.225193053483963
-0.1866062581539154
0.11006221920251846
0.029172802343964577
0.008065772242844105
-0.42833781242370605
0.0979836955666542
0.012348746880888939
-0.13264529407024384
0.08666887134313583
0.20370593667030334
-0.28281325101852417
3.3279285430908203
-1.1959470510482788
0.6682591438293457
1.5041615962982178
-0.35712650418281555
0.10224404186010361
0.25189194083213806
0.2410748451948166
0.044914744794368744
0.24264495074748993
0.03362796828150749
0.5263968706130981
0.1688448041677475
-0.22571496665477753
0.21493956446647644
0.014077735133469105
0.07521607726812363
0.43442827463150024
-0.23352813720703125
0.06051523610949516
0.2960908114910126
-0.1015913262963295
0.17153362929821014
0.3099212646484375
-0.10464306175708771
0.4960814118385315
-0.3197561502456665
0.14858205616474152
0.15916116535663605
0.025851011276245117
0.19343073666095734
0.29400402307510376
-0.0986614003777504
0.2042704075574875
-0.058744050562381744
0.054147910326719284
0.2568311095237732
0.14074432849884033
0.0042250631377100945
-0.19291314482688904
0.3812222480773926
0.4428635239601135
-0.3770969808101654
-0.19689849019050598
0.37723422050476074
0.17879430949687958
-0.11687509715557098
-0.27122142910957336
0.11485421657562256
0.15894392132759094
0.0664222240447998
0.0005209445953369141
-0.45821064710617065
0.5405313372612
-0.15961799025535583
-0.36453360319137573
0.5391592979431152
-0.12202787399291992
-0.06786911189556122
0.17881062626838684
-0.3457287847995758
0.44652771949768066
-0.26696205139160156
-0.02400999143719673
-0.3024525046348572
0.2350744754076004
-0.40183025598526
-0.04562351852655411
0.35965871810913086
-0.0717000737786293
-0.1281406283378601
-0.43513837456703186
0.22337599098682404
-0.08823279291391373
-0.42387503385543823
0.1621861606836319
-0.12651993334293365
-0.0935850441455841
-0.26459693908691406
-0.1413063406944275
0.050593793392181396
0.03995403274893761
-0.31796562671661377
0.22054219245910645
-0.5095828175544739
-0.06009010225534439
0.21312017738819122
-0.12997405230998993
-0.15241214632987976
0.34216850996017456
-0.6645024418830872
0.3465348780155182
-0.27488449215888977
0.1637556254863739
0.16357675194740295
-0.4766169488430023
-0.1265013962984085
0.5895996689796448
-0.7549959421157837
0.5103856921195984
0.09337129443883896
-2.1552281379699707
-1.1106460094451904
3.8323302268981934
-3.161905288696289
0.7638829946517944
0.5718756914138794
-0.2671690881252289
-0.01883215829730034
0.20605294406414032
0.0942920669913292
-0.031896401196718216
0.001950979232788086
0.10954546928405762
-0.29882192611694336
0.12535646557807922
0.15256008505821228
0.08857669681310654
-0.2408657968044281
0.06581616401672363
-0.07916345447301865
0.186415433883667
-0.22388306260108948
0.1816520243883133
-0.15354648232460022
0.33255141973495483
-0.1288517415523529
0.1209784522652626
0.025758838281035423
0.11176800727844238
0.1438675820827484
-0.012655496597290039
0.05932965129613876
-0.04416351392865181
0.03639376163482666
0.016562819480895996
-0.01341633778065443
-0.021765876561403275
0.21563720703125
-0.11579732596874237
-0.10926580429077148
-0.05745220184326172
-0.10909466445446014
-0.1396198272705078
-0.047057200223207474
0.05983073636889458
0.09754850715398788
0.04783153533935547
-0.070234015583992
0.08718805015087128
-0.19624125957489014
0.3043278753757477
-0.17237186431884766
0.14612451195716858
0.010459423065185547
0.08692608028650284
-0.3126138746738434
0.4115704596042633
-0.059546470642089844
0.05459718778729439
-0.19599345326423645
-0.18356671929359436
-0.23700101673603058
-0.02025785483419895
0.25895968079566956
-0.02810211107134819
0.21971416473388672
0.2976180613040924
0.12859313189983368
-0.21595291793346405
-0.08305497467517853
-0.24821992218494415
0.2058107852935791
-0.18952715396881104
-0.012011313810944557
0.19939136505126953
0.2627083957195282
0.04020662233233452
0.28411227464675903
0.2081354558467865
0.04278981685638428
-0.061875246465206146
0.29959481954574585
0.08856201171875
0.38908910751342773
-0.0024612904526293278
0.004065132234245539
-0.23901915550231934
-0.04360594600439072
0.1510167121887207
0.05832324177026749
-0.09864530712366104
0.14606308937072754
-0.1475546807050705
-0.12782616913318634
-0.019644642248749733
-0.08687720447778702
0.13627080619335175
-0.17136982083320618
0.09848203510046005
3.0473556518554688
-1.1022284030914307
0.8016706705093384
1.561495065689087
-0.6394688487052917
-0.16102612018585205
0.6043514013290405
0.11489956080913544
-0.010043824091553688
0.24067220091819763
0.49510687589645386
-0.5055308938026428
0.4405819773674011
0.20394983887672424
-0.13117361068725586
0.0423322431743145
0.21432510018348694
0.340986043214798
-0.023154616355895996
0.09546446800231934
-0.13423264026641846
0.39619195461273193
0.14753107726573944
0.21208080649375916
-0.12288801372051239
0.03480398654937744
0.3120547831058502
-0.14143948256969452
-0.04626362398266792
-0.11015429347753525
0.168169304728508
0.2110479325056076
-0.15689201653003693
0.18520787358283997
-0.33288130164146423
0.4363016188144684
-0.3399933874607086
0.2967725098133087
-0.461984246969223
0.16415496170520782
0.3589327335357666
-0.15292653441429138
-0.19124028086662292
-0.2641230523586273
0.277595579624176
-0.1911296397447586
0.38115397095680237
-0.7739514112472534
-0.028905248269438744
0.5352145433425903
-0.21923628449440002
-0.4385622441768646
0.023804282769560814
-0.20415997505187988
0.592915952205658
-0.05520663410425186
-0.6033779978752136
0.058110713958740234
0.3280419707298279
-0.2538968622684479
-0.28050610423088074
0.2953682839870453
-0.43976011872291565
0.2585403323173523
0.06371365487575531
-0.415978342294693
0.07125823199748993
-0.1997968852519989
-0.14338339865207672
0.14795655012130737
-0.20544227957725525
0.20984844863414764
-0.14321208000183105
-0.29638028144836426
0.28504011034965515
-0.28496184945106506
-0.24568840861320496
-0.15529169142246246
0.25159579515457153
-0.21696607768535614
-0.5473486185073853
0.2161576747894287
-0.2017618864774704
0.19471701979637146
-0.03245953470468521
-0.17659524083137512
0.35914522409439087
-0.6861914396286011
-0.15852704644203186
0.3691595196723938
0.03195452690124512
-0.5110180974006653
-0.20303210616111755
0.0872993916273117
-0.10210561752319336
-0.22527913749217987
-0.3661884665489197
0.5038188695907593
-0.32243791222572327
0.20739853382110596
0.03774137422442436
-2.0765864849090576
-1.1326817274093628
4.000211238861084
-3.6794345378875732
1.2720074653625488
0.2773042321205139
-0.30980339646339417
0.19301864504814148
0.4254484176635742
-0.3495955467224121
-0.14341731369495392
0.15212023258209229
0.3289170563220978
-0.04228706285357475
0.044123221188783646
0.047829292714595795
0.03535003587603569
-0.15870186686515808
0.20030295848846436
0.004152393434196711
-0.13098955154418945
0.05782749503850937
0.1083921417593956
-0.07455182075500488
-0.12935438752174377
0.133647158741951
-0.09519942104816437
0.275031715631485
-0.23270945250988007
0.1771944761276245
0.11654253304004669
-0.24106045067310333
0.105190709233284
-0.19651362299919128
0.12690141797065735
0.36190325021743774
0.13754801452159882
-0.4301632344722748
0.30561986565589905
-0.09875278174877167
-0.080927275121212
0.1569059193134308
-0.034674596041440964
-0.06415586173534393
0.09671054035425186
-0.3540356457233429
0.4061106741428375
-0.012499237433075905
0.09756164252758026
0.1973799169063568
-0.005928659345954657
-0.1020687073469162
0.11483337730169296
0.22408828139305115
-0.11639094352722168
-0.24324071407318115
0.11796362698078156
0.2351367026567459
-0.08785524219274521
-0.1420450210571289
0.05055217817425728
0.05261220782995224
-0.08564305305480957
0.21374575793743134
-0.11164684593677521
0.10211734473705292
0.1947425901889801
-0.08911790698766708
0.31309980154037476
0.14995184540748596
0.23738975822925568
-0.1918778419494629
0.029264260083436966
0.2239524871110916
-0.0356990322470665
-0.22466464340686798
0.18806490302085876
0.20884594321250916
-0.3594571650028229
-0.12271098792552948
-0.024213409051299095
0.12860265374183655
-0.042208481580019
-0.45165950059890747
0.26261812448501587
0.05630812793970108
0.24160262942314148
-0.1590099036693573
0.06141774728894234
-0.22058740258216858
-0.3824440538883209
0.4347236156463623
0.11320348083972931
0.22314491868019104
0.4280341565608978
-0.6330610513687134
0.019023824483156204
0.11006462574005127
0.15660038590431213
2.9129955768585205
-1.4041050672531128
1.0829747915267944
1.2057608366012573
-0.38273829221725464
-0.0660310834646225
0.5090024471282959
-0.08846868574619293
0.17148201167583466
0.49677667021751404
-0.2237803041934967
0.39648938179016113
-0.06320402771234512
0.11128540337085724
0.2456042766571045
0.03164844587445259
0.1270509660243988
0.3494725227355957
-0.29675641655921936
0.21947629749774933
0.5212590098381042
-0.22949747741222382
0.06974959373474121
0.1678447425365448
0.31737563014030457
-0.21061725914478302
0.24621787667274475
-0.2392808198928833
0.5085724592208862
-0.3032083809375763
0.2878760099411011
0.08494744449853897
-0.37271684408187866
0.2908213436603546
-0.08465790748596191
-0.12233176082372665
0.3588462769985199
0.03133418411016464
-0.17286714911460876
0.046841979026794434
-0.057660602033138275
-0.1549064666032791
0.28319627046585083
-0.08803117275238037
-0.0461779348552227
-0.12755414843559265
0.3729270398616791
-0.4469739496707916
0.05018024519085884
-0.0115882633253932
0.26053744554519653
-0.4145921766757965
-0.29230302572250366
0.5431510806083679
0.1454625427722931
-0.3491121232509613
-0.3576628565788269
0.15296682715415955
-0.28627172112464905
-0.1843336820602417
0.4181341528892517
-0.5096621513366699
-0.025954628363251686
0.14333294332027435
-0.5464592576026917
0.26825830340385437
0.16717031598091125
-0.34921303391456604
-0.034099280834198
0.0791323333978653
-0.19451798498630524
-0.16076356172561646
-0.3259449005126953
0.3292866349220276
0.10633163154125214
-0.45089712738990784
-0.4238331913948059
0.1991339772939682
-0.4834459722042084
0.15167735517024994
-0.08457909524440765
0.22629976272583008
-0.3027498126029968
0.17770648002624512
0.2171926498413086
-0.4973621368408203
-0.12416688352823257
0.002036750316619873
-0.17802633345127106
-0.025111425668001175
-0.21997494995594025
0.35729020833969116
-0.3869471848011017
-0.0640493631362915
-0.07967333495616913
0.29377758502960205
-0.034586310386657715
-0.12065217643976212
-0.1627349853515625
0.4063977301120758
0.23110094666481018
-1.988664984703064
-0.9551075100898743
3.613391876220703
-3.568241834640503
0.8105374574661255
1.131738305091858
-1.0769520998001099
0.16133543848991394
0.6417257785797119
-0.07854852825403214
-0.369540810585022
0.1649433821439743
0.1842379868030548
-0.14243550598621368
-0.07679767906665802
-0.06172065809369087
0.37556424736976624
-0.02126493491232395
-0.14488911628723145
-0.14661569893360138
0.1462259292602539
-0.08884511142969131
0.15632286667823792
0.18049407005310059
0.07201004028320312
-0.3302697539329529
0.141099214553833
-0.13215307891368866
0.2359449416399002
-0.056246377527713776
0.19770021736621857
-0.15843161940574646
0.06787407398223877
0.12006819248199463
0.04742779582738876
0.06254155933856964
-0.009182500652968884
0.1754438877105713
0.03238239139318466
0.1074552983045578
-0.10896587371826172
0.09866194427013397
0.10744638741016388
0.09572573006153107
0.048821497708559036
-0.17239880561828613
-0.12460227310657501
-0.03343977779150009
-0.1567951738834381
0.13162526488304138
-0.058080337941646576
0.14556379616260529
0.09958739578723907
-0.30324941873550415
0.1614312380552292
-0.02316908910870552
0.06695499271154404
-0.01510324515402317
0.04917488247156143
-0.25974664092063904
0.07875046879053116
-0.13090619444847107
-0.2051285207271576
0.22130413353443146
-0.19996674358844757
0.23690395057201385
0.1241670623421669
-0.004791832063347101
0.004118204116821289
0.08331131935119629
-0.29455870389938354
0.06270267814397812
-0.03522694110870361
-0.05914144590497017
0.04244828224182129
-0.02205057069659233
0.03835773468017578
-0.3018070161342621
-0.06995300948619843
0.16162724792957306
-0.4936046600341797
0.27632173895835876
-0.04222817346453667
0.13782307505607605
0.007907343097031116
-0.010968399234116077
-0.41726475954055786
0.551344633102417
-0.06776876747608185
-0.08382897078990936
0.09919650852680206
-0.4280868470668793
-0.1088307648897171
-0.05925355106592178
-0.17007222771644592
0.47171300649642944
-0.2853456139564514
0.0010622262489050627
0.04062461853027344
3.1106059551239014
-1.6956933736801147
1.1093603372573853
1.25068199634552
-0.24045796692371368
-0.25918006896972656
0.6307159662246704
0.34672850370407104
-0.220586895942688
0.13211233913898468
0.1662621796131134
0.14517439901828766
-0.07899458706378937
0.10381908714771271
0.2939333915710449
0.3127756714820862
-0.08519600331783295
-0.13682106137275696
0.4706653654575348
0.24728913605213165
-0.17625674605369568
-0.283061683177948
0.444943904876709
0.4091433882713318
-0.07921028137207031
-0.15857791900634766
0.5008258819580078
0.044156741350889206
-0.0917724147439003
0.35388046503067017
-0.004371428396552801
-0.1251564919948578
0.22314801812171936
0.21158663928508759
-0.493233859539032
0.0034075260628014803
0.6924426555633545
-0.3296411633491516
-0.1546100676059723
0.06325526535511017
-0.02026529237627983
0.004824948497116566
-0.23361113667488098
0.0755339115858078
0.09552697837352753
-0.41038447618484497
0.40826648473739624
0.1249321699142456
-0.16729991137981415
-0.048624277114868164
-0.2896508276462555
0.4797845780849457
-0.3267398476600647
-0.2062445431947708
0.042635418474674225
0.42454662919044495
-0.3423798680305481
-0.08237218856811523
0.024785947054624557
-0.30744218826293945
0.26854386925697327
-0.36046546697616577
0.19393551349639893
-0.21990056335926056
-0.30161693692207336
0.44251298904418945
-0.21429315209388733
-0.21429602801799774
-0.19713671505451202
0.3305804133415222
-0.24286913871765137
-0.03568150848150253
-0.32145288586616516
0.2567594647407532
-0.4638136923313141
0.015014131553471088
-0.38597041368484497
0.09680984169244766
0.23723280429840088
-0.41711193323135376
0.15499968826770782
-0.09877276420593262
0.16021600365638733
-0.567402720451355
-0.18595512211322784
0.17682848870754242
-0.36954545974731445
0.07510916143655777
0.09357540309429169
-0.5796165466308594
-0.1586000621318817
0.3200302720069885
-0.09002900123596191
-0.49626341462135315
0.12090816348791122
-0.0059247491881251335
-0.06447980552911758
0.047969795763492584
-0.22265999019145966
0.23270729184150696
0.21606869995594025
-2.015484571456909
-0.8259501457214355
3.423898220062256
-3.112915515899658
1.0305753946304321
0.09745778888463974
-0.12789908051490784
0.04438483715057373
0.1572154015302658
0.23372101783752441
-0.15283170342445374
-0.12901964783668518
0.1470169574022293
0.09351475536823273
0.17090308666229248
-0.23533949255943298
0.026608537882566452
-0.10009391605854034
0.14310097694396973
-0.0025329827331006527
-0.03555703163146973
0.14848384261131287
0.24052877724170685
-0.0414491668343544
0.06549306213855743
-0.08731484413146973
-0.19707641005516052
0.12893804907798767
-0.04240813106298447
-0.031508348882198334
0.04592614248394966
-0.07525058090686798
-0.03759627416729927
-0.010743236169219017
-0.0047744750045239925
0.48071879148483276
-0.17490625381469727
-0.19069044291973114
0.2837177515029907
-0.3238885998725891
0.09005115181207657
-0.10297803580760956
-0.02721848525106907
0.058118484914302826
-0.0078064920380711555
-0.040453363209962845
0.30729252099990845
-0.2021407186985016
0.061228178441524506
0.25493794679641724
-0.14158852398395538
0.10394906997680664
-0.02042851410806179
-0.18918971717357635
0.03827552869915962
0.16387531161308289
0.07015363872051239
-0.11058297008275986
-0.29666775465011597
0.2583509087562561
-0.05160093307495117
0.24936075508594513
-0.3781551420688629
-0.21636264026165009
0.20603883266448975
0.05694608762860298
0.048284292221069336
0.2840602993965149
0.08369555324316025
-0.05687696859240532
0.282372385263443
-0.1825978308916092
-0.04038653522729874
0.02574336528778076
0.1076025739312172
-0.015191078186035156
0.4289717674255371
-0.2456609457731247
-0.06197476387023926
0.2822665870189667
0.02878441847860813
-0.012287640944123268
0.0678519755601883
0.37280869483947754
-0.4507283568382263
0.08354778587818146
-0.18870551884174347
0.02699251100420952
0.2315065562725067
0.016851043328642845
0.0354677215218544
0.1686585396528244
-0.20308630168437958
0.46444225311279297
0.3732084333896637
-0.021545743569731712
-0.043435145169496536
0.4007803499698639
-0.015963410958647728
3.3293533325195312
-1.3806706666946411
0.9180691838264465
1.5091181993484497
-0.3644144535064697
-0.12014242261648178
0.5311673879623413
0.1540493667125702
0.09594378620386124
0.40425795316696167
-0.1650756150484085
0.036193110048770905
0.5002044439315796
-0.10966614633798599
-0.04722859710454941
0.46857014298439026
-0.2556035816669464
0.25376731157302856
0.16587674617767334
0.05859459564089775
-0.18592245876789093
0.4026626944541931
-0.06967578083276749
0.2663252651691437
0.24489982426166534
-0.1767103224992752
0.3281821608543396
0.08829383552074432
-0.09821923077106476
0.11772215366363525
0.22703008353710175
0.01876378059387207
0.047812748700380325
0.13885052502155304
-0.04286704212427139
-0.07329408824443817
-0.25684985518455505
0.12931685149669647
0.1904309242963791
-0.1894434690475464
-0.05864546447992325
0.023732876405119896
-0.12792614102363586
0.3797174096107483
-0.16466780006885529
-0.1861322820186615
0.17882056534290314
0.21116812527179718
-0.21858444809913635
-0.03930044174194336
0.2229640781879425
-0.04236910492181778
-0.5811271667480469
0.4700803756713867
-0.041324567049741745
-0.0029882669914513826
-0.34321120381355286
0.20403635501861572
-0.2430475503206253
0.10684856027364731
-0.4467194676399231
0.25028401613235474
-0.028457414358854294
-0.1515044867992401
-0.06794576346874237
-0.16517464816570282
0.14041028916835785
-0.31869417428970337
-0.3786364495754242
0.34991151094436646
-0.21682611107826233
-0.11610283702611923
0.09088452160358429
-0.3770972192287445
0.40322861075401306
-0.6451452970504761
0.0909733921289444
0.0952102541923523
-0.17524991929531097
-0.4699610769748688
0.4365994930267334
0.13756972551345825
-0.6660255193710327
-0.11472435295581818
0.11468442529439926
0.13070574402809143
-0.19255371391773224
-0.26714205741882324
-0.45383578538894653
0.8163312077522278
-0.35707560181617737
-0.2978568971157074
-0.07807333767414093
0.31428882479667664
-0.41238823533058167
-0.32536110281944275
0.25703662633895874
0.3674510419368744
