213.289794921875
213.289794921875
174.54153442382812
66.9917984008789
1.373187780380249
-0.09901683777570724
-0.09858666360378265
-0.09748668968677521
-0.0969681441783905
-0.09741455316543579
-0.09740877151489258
-0.09751592576503754
-0.09743376821279526
-0.09763912856578827
-0.09711940586566925
-0.09844555705785751
-0.09715430438518524
-0.09761182963848114
-0.09732287377119064
-0.09760983288288116
-0.09806893765926361
-0.09717009216547012
-0.09911322593688965
-0.09801553934812546
-0.09709145128726959
-0.09792482107877731
-0.09825538098812103
-0.09737086296081543
-0.09781242161989212
-0.0982305258512497
-0.09779243916273117
-0.0973803699016571
-0.09804047644138336
-0.09690592437982559
-0.09860529750585556
-0.09750996530056
-0.09762110561132431
-0.09825689345598221
-0.09718788415193558
-0.09714706242084503
-0.09796272963285446
-0.09789873659610748
-0.09906023740768433
-0.09785652905702591
-0.09698304533958435
-0.09801986068487167
-0.0977337434887886
-0.09771426767110825
-0.09771589934825897
-0.09733758121728897
-0.09791304171085358
-0.0977441817522049
-0.09653352200984955
-0.09826606512069702
-0.09694458544254303
-0.09787873178720474
-0.09764648228883743
-0.09819401800632477
-0.09554119408130646
-0.09773528575897217
-0.0986754447221756
-0.09684225171804428
-0.0985240787267685
-0.09768684208393097
-0.09709274768829346
-0.09774865210056305
-0.09723056107759476
-0.09762489795684814
-0.09763051569461823
-0.09723099321126938
-0.09752421826124191
-0.09742724895477295
-0.09636658430099487
-0.09846459329128265
-0.097500741481781
-0.09723231196403503
-0.09744317829608917
-0.09837045520544052
-0.09662919491529465
-0.09754304587841034
-0.0981803610920906
-0.09717924147844315
-0.09636969864368439
-0.09785580635070801
-0.09779864549636841
-0.09710921347141266
-0.09934855997562408
-0.0979117900133133
-0.09733937680721283
-0.09811156243085861
-0.09750174731016159
-0.09757615625858307
-0.09655580669641495
-0.09914760291576385
-0.09827994555234909
-0.09741438180208206
-0.09770403802394867
-0.09794832766056061
-0.09929808229207993
19.712366104125977
126.342529296875
202.2083740234375
195.42178344726562
167.86276245117188
153.55850219726562
144.5547637939453
135.69467163085938
132.54067993164062
132.10250854492188
130.05062866210938
134.4971466064453
138.7648468017578
140.19276428222656
146.49673461914062
148.8666229248047
151.9235076904297
158.9716339111328
162.40829467773438
165.6598663330078
169.83572387695312
174.85226440429688
180.28878784179688
187.1610565185547
190.66598510742188
194.2322540283203
199.7945556640625
200.76210021972656
206.41830444335938
213.64590454101562
218.7665252685547
224.2761688232422
229.6318817138672
228.0717010498047
223.2974090576172
222.83316040039062
222.59091186523438
221.4869842529297
224.8275604248047
230.7779998779297
230.0375213623047
224.5812225341797
223.1314239501953
225.43173217773438
225.01608276367188
228.13504028320312
233.0393829345703
232.3031463623047
227.21475219726562
227.5731201171875
225.9934844970703
225.1554412841797
228.5255889892578
232.4744415283203
230.57296752929688
229.12155151367188
228.90225219726562
226.36831665039062
226.96554565429688
226.8331756591797
226.3809814453125
228.4137420654297
228.80776977539062
229.59854125976562
231.27499389648438
230.1103973388672
230.59304809570312
229.82601928710938
230.37808227539062
230.4580078125
230.3274383544922
230.50350952148438
230.7892608642578
230.40322875976562
231.8739013671875
231.0752410888672
231.3879852294922
231.64407348632812
232.0503387451172
232.19384765625
232.3572235107422
232.2182159423828
232.7952880859375
233.20425415039062
233.0709686279297
233.4915771484375
233.4199676513672
233.6911163330078
234.0510711669922
233.90969848632812
234.75180053710938
234.8663787841797
234.55923461914062
234.9801483154297
235.1718292236328
235.25741577148438
235.2846221923828
235.83047485351562
235.5201416015625
235.9550018310547
236.1829376220703
228.6549835205078
186.28231811523438
32.77873992919922
-0.09513354301452637
-0.09913907945156097
-0.09562606364488602
-0.09909713268280029
-0.09766556322574615
-0.09666061401367188
-0.09780273586511612
-0.09761978685855865
-0.09734424948692322
-0.09814149141311646
-0.09745703637599945
-0.09722372889518738
-0.09836827963590622
-0.09756557643413544
-0.0977039784193039
-0.09763757139444351
-0.09786354750394821
-0.09752576798200607
-0.09760533273220062
-0.09782347828149796
-0.09795557707548141
-0.09765469282865524
-0.0977044478058815
-0.09808828681707382
-0.0980447381734848
-0.09723331034183502
-0.09779758006334305
-0.09824389964342117
-0.09782763570547104
-0.09808383882045746
-0.09783340990543365
-0.0975470095872879
-0.09784294664859772
-0.09783701598644257
-0.09781113266944885
-0.09788655489683151
-0.09765595197677612
-0.09691138565540314
-0.09816809743642807
-0.09827163070440292
-0.09723769873380661
-0.09796425700187683
-0.09805645048618317
-0.09742805361747742
-0.09751778841018677
-0.09784284234046936
-0.09758036583662033
-0.09789735078811646
-0.09764178097248077
-0.0979720801115036
-0.09774482250213623
-0.09752780199050903
-0.09743223339319229
-0.0973445326089859
-0.09769241511821747
-0.09739404171705246
-0.09745229035615921
-0.09808406233787537
-0.09718842059373856
-0.09751071035861969
-0.09739618748426437
-0.09798718988895416
-0.09722977876663208
-0.09714508056640625
-0.09752330183982849
-0.09769781678915024
-0.09713904559612274
-0.09744961559772491
-0.0966687947511673
-0.0977877527475357
-0.09763205796480179
-0.0975000411272049
-0.09736992418766022
-0.09784556180238724
-0.09772948175668716
-0.09708599001169205
-0.09781578928232193
-0.09740075469017029
-0.09758428484201431
-0.09762773662805557
-0.09775476157665253
-0.09753324091434479
-0.09778407961130142
-0.09761877357959747
-0.09758321940898895
-0.09783175587654114
-0.09767549484968185
-0.09765639156103134
-0.09751389920711517
-0.09820617735385895
-0.0979398712515831
-0.09763646870851517
-0.09831894934177399
-0.09769442677497864
-0.09824437648057938
-0.09790987521409988
41.72243118286133
157.0947265625
216.3028106689453
146.1468048095703
94.97249603271484
152.12892150878906
153.97840881347656
123.68218994140625
124.00899505615234
127.3666763305664
117.4250259399414
121.50917053222656
126.83524322509766
125.55301666259766
132.76785278320312
137.73855590820312
140.32064819335938
146.8468475341797
149.61166381835938
153.4940643310547
157.97769165039062
163.0556182861328
168.71389770507812
174.29946899414062
178.73760986328125
181.64430236816406
186.61636352539062
191.82260131835938
196.6659698486328
203.5662078857422
208.6138916015625
212.63449096679688
216.5926971435547
220.27285766601562
224.5480194091797
225.6322784423828
224.2109832763672
224.52767944335938
222.8716278076172
222.3112335205078
225.3324432373047
230.82925415039062
232.486083984375
228.5414276123047
227.92153930664062
226.6834259033203
224.847412109375
225.1414031982422
226.4456329345703
227.33047485351562
226.56790161132812
225.9114990234375
226.69741821289062
225.6822052001953
226.56912231445312
227.58981323242188
227.5146942138672
227.45315551757812
228.49853515625
227.69686889648438
227.49545288085938
228.5269012451172
228.0849609375
228.38162231445312
228.10476684570312
229.2523956298828
229.1187286376953
229.2977294921875
229.84274291992188
229.83837890625
230.27822875976562
230.68069458007812
230.41848754882812
230.81008911132812
230.5492401123047
231.34640502929688
231.53073120117188
231.75161743164062
232.23373413085938
231.7639617919922
232.56161499023438
232.60745239257812
232.43045043945312
232.6996307373047
233.87881469726562
232.74972534179688
233.6620330810547
233.96139526367188
234.20034790039062
233.9767303466797
234.7462615966797
234.399658203125
234.6378173828125
235.07186889648438
235.23745727539062
235.3821258544922
235.282958984375
235.9297332763672
236.17431640625
235.31979370117188
236.42263793945312
227.9894256591797
186.4677734375
31.81227684020996
-0.09505535662174225
-0.09964112192392349
-0.09574459493160248
-0.09882061183452606
-0.09791817516088486
-0.09637833386659622
-0.09788665175437927
-0.0973474532365799
-0.09741303324699402
-0.09793002158403397
-0.09747354686260223
-0.09783639013767242
-0.09817853569984436
-0.09766443818807602
-0.09774025529623032
-0.09751874208450317
-0.09789413958787918
-0.09739693254232407
-0.09777793288230896
-0.09788007289171219
-0.09731060266494751
-0.09826383739709854
-0.09796268492937088
-0.09773331880569458
-0.09823866188526154
-0.09746180474758148
-0.09751512110233307
-0.09834469854831696
-0.09775154292583466
-0.0981128066778183
-0.09717117249965668
-0.09774303436279297
-0.09842631965875626
-0.0975634753704071
-0.09814883768558502
-0.09826068580150604
-0.09784112870693207
-0.09672977030277252
-0.09825761616230011
-0.0977901965379715
-0.09759755432605743
-0.09794352948665619
-0.0975676029920578
-0.09768827259540558
-0.09766854345798492
-0.09771879762411118
-0.09796659648418427
-0.09750880300998688
-0.09754899889230728
-0.0983191579580307
-0.09736047685146332
-0.09719465672969818
-0.09797485917806625
-0.0974200889468193
-0.09764094650745392
-0.09723884612321854
-0.09712609648704529
-0.09757326543331146
-0.09794812649488449
-0.0973038449883461
-0.09751781821250916
-0.09730551391839981
-0.097536101937294
-0.0973360687494278
-0.09753493964672089
-0.09815017879009247
-0.09712548553943634
-0.0977686271071434
-0.09737558662891388
-0.09718664735555649
-0.09745343774557114
-0.09786444157361984
-0.09737031161785126
-0.09710133075714111
-0.0974082350730896
-0.09790714085102081
-0.09738264977931976
-0.09758511930704117
-0.0975370779633522
-0.0977422446012497
-0.09746356308460236
-0.09791980683803558
-0.09725436568260193
-0.09799713641405106
-0.09749411046504974
-0.09750738739967346
-0.0978725329041481
-0.09811614453792572
-0.09737396240234375
-0.0974963828921318
-0.09811878204345703
-0.09811029583215714
-0.09762189537286758
-0.0975477322936058
-0.09815084934234619
-0.097746342420578
32.03990936279297
149.56602478027344
211.66091918945312
139.0790252685547
87.90082550048828
140.6044464111328
140.7394256591797
117.900634765625
125.9986343383789
129.2545166015625
123.12445068359375
128.26454162597656
130.86155700683594
130.98220825195312
137.8192596435547
138.60098266601562
140.22512817382812
145.7333984375
150.03524780273438
154.02720642089844
157.8779754638672
160.1071319580078
165.16140747070312
170.61190795898438
175.7890625
182.1259765625
186.91928100585938
189.80130004882812
193.21742248535156
198.6034698486328
202.21888732910156
208.5779266357422
215.4672393798828
219.998291015625
225.08480834960938
224.1031494140625
222.72427368164062
222.18228149414062
220.0982208251953
221.28811645507812
228.74502563476562
234.84463500976562
232.6712188720703
227.9901885986328
227.8311004638672
226.1060333251953
224.44967651367188
226.3184814453125
225.4704132080078
230.6473846435547
237.8320770263672
232.38504028320312
227.38906860351562
228.322265625
224.8263702392578
224.72109985351562
227.3914337158203
228.6761474609375
231.24130249023438
234.24441528320312
234.33139038085938
232.1630401611328
231.41256713867188
230.032958984375
228.3199005126953
227.6022491455078
227.11181640625
227.73910522460938
227.6657257080078
227.8343048095703
228.74124145507812
230.7618865966797
232.4565887451172
233.1441650390625
234.88034057617188
235.4414520263672
235.1251678466797
235.70120239257812
235.2816162109375
235.14920043945312
233.79531860351562
233.1268768310547
231.43246459960938
230.982666015625
229.3273162841797
228.42898559570312
228.1884002685547
227.4806671142578
227.3229522705078
227.5206756591797
227.0941619873047
227.5498046875
227.4775390625
227.6519012451172
227.96780395507812
228.3531951904297
228.67776489257812
228.82958984375
229.2924346923828
230.91702270507812
231.09237670898438
224.3096466064453
187.14193725585938
35.13031768798828
-0.09356733411550522
-0.10007240623235703
-0.09635378420352936
-0.09834659099578857
-0.09775752574205399
-0.09671558439731598
-0.09755004942417145
-0.09761609137058258
-0.09736280143260956
-0.09806444495916367
-0.09740421921014786
-0.09754370152950287
-0.09816104918718338
-0.09739767760038376
-0.09745034575462341
-0.09820228070020676
-0.09777608513832092
-0.09755502641201019
-0.09730450809001923
-0.09781287610530853
-0.09787730872631073
-0.09791325777769089
-0.09798520058393478
-0.0972660630941391
-0.09765667468309402
-0.09808818250894547
-0.09770883619785309
-0.09810168296098709
-0.09788597375154495
-0.09785528481006622
-0.0976351946592331
-0.09767411649227142
-0.09780596196651459
-0.0980379581451416
-0.0975145548582077
-0.09805036336183548
-0.0979234129190445
-0.09714706242084503
-0.09805694222450256
-0.09810469299554825
-0.0976996123790741
-0.09768243134021759
-0.09782698005437851
-0.0977497398853302
-0.09740941226482391
-0.09734202921390533
-0.09797479957342148
-0.09793408215045929
-0.09720007330179214
-0.09797041118144989
-0.09705127030611038
-0.09793401509523392
-0.0981718972325325
-0.09653551876544952
-0.09776902198791504
-0.09780295193195343
-0.09713844954967499
-0.09783189743757248
-0.09711427986621857
-0.09745229035615921
-0.09791504591703415
-0.09740408509969711
-0.09733620285987854
-0.09682898223400116
-0.09760195016860962
-0.09789509326219559
-0.09760257601737976
-0.09760415554046631
-0.09758530557155609
-0.09724108129739761
-0.0978451818227768
-0.09740601480007172
-0.09769987314939499
-0.0975203812122345
-0.09762722998857498
-0.0972507894039154
-0.09774749726057053
-0.09709480404853821
-0.09789161384105682
-0.09785789251327515
-0.09708405286073685
-0.09761189669370651
-0.09765345603227615
-0.0978497713804245
-0.09761764109134674
-0.09753260761499405
-0.09813815355300903
-0.09760934859514236
-0.09789518266916275
-0.09750715643167496
-0.09745683521032333
-0.09846062958240509
-0.09746652096509933
-0.09828321635723114
-0.09802685678005219
-0.0977487787604332
32.24981689453125
148.53965759277344
209.19332885742188
138.39283752441406
92.1294174194336
142.45016479492188
142.28367614746094
121.19122314453125
128.40121459960938
131.71044921875
126.18571472167969
130.0901641845703
133.31222534179688
134.13211059570312
139.6086883544922
141.42019653320312
142.93017578125
147.28988647460938
152.44369506835938
156.46131896972656
159.91455078125
162.3080596923828
167.28887939453125
172.72329711914062
178.4006805419922
184.40231323242188
188.7149658203125
192.30747985839844
195.54275512695312
200.5907440185547
206.23974609375
212.7164306640625
218.2664031982422
223.3226318359375
227.54443359375
226.9910125732422
224.019775390625
223.40396118164062
222.0167236328125
222.50131225585938
226.59707641601562
228.0215606689453
229.1501922607422
228.4924774169922
226.27566528320312
225.3301239013672
224.790771484375
225.5502471923828
224.93276977539062
228.9796142578125
236.85806274414062
232.7315673828125
227.80679321289062
229.401611328125
227.33187866210938
227.14633178710938
228.9935760498047
226.2132568359375
228.40811157226562
230.88565063476562
229.4715576171875
229.9364471435547
230.9385223388672
231.1566162109375
232.1901092529297
232.95626831054688
233.1582794189453
233.72402954101562
232.5047149658203
231.8950653076172
230.0524139404297
228.89907836914062
228.14120483398438
227.6859588623047
228.51119995117188
229.0868682861328
230.3371124267578
231.66748046875
232.8159637451172
235.2367401123047
236.0294189453125
237.0177001953125
237.8531951904297
237.9932403564453
238.96359252929688
238.7775421142578
239.0465545654297
239.35818481445312
239.6876983642578
239.43252563476562
239.94216918945312
239.5611114501953
240.14517211914062
239.72439575195312
239.46298217773438
239.9353485107422
240.34762573242188
240.01797485351562
239.39761352539062
239.9999542236328
237.6453094482422
228.69210815429688
185.23068237304688
31.824167251586914
-0.0953444391489029
-0.09952858090400696
-0.09576721489429474
-0.09890196472406387
-0.09763526171445847
-0.09647546708583832
-0.09776191413402557
-0.09784383326768875
-0.0966993197798729
-0.09822428226470947
-0.09722039103507996
-0.09721152484416962
-0.09840048849582672
-0.0973290354013443
-0.09768658131361008
-0.09765452891588211
-0.0977204218506813
-0.0977160781621933
-0.09774059802293777
-0.09779967367649078
-0.09716518223285675
-0.09815017879009247
-0.09768208116292953
-0.09797466546297073
-0.09787753969430923
-0.09743843972682953
-0.09767742455005646
-0.09793808311223984
-0.09803065657615662
-0.09770359098911285
-0.09796923398971558
-0.09800489246845245
-0.09745969623327255
-0.09754511713981628
-0.09781389683485031
-0.09769926220178604
-0.09772045910358429
-0.09711499512195587
-0.09836307168006897
-0.09873829782009125
-0.09729856997728348
-0.09756901860237122
-0.09796862304210663
-0.09788837283849716
-0.09725109487771988
-0.0973864421248436
-0.09785623848438263
-0.09777545183897018
-0.09720789641141891
-0.09770909696817398
-0.09804500639438629
-0.09776180982589722
-0.09736300259828568
-0.09707511216402054
-0.09789302200078964
-0.09778916090726852
-0.09702260792255402
-0.09770046174526215
-0.0974387377500534
-0.09740069508552551
-0.09744076430797577
-0.09772045165300369
-0.09733880311250687
-0.09730289876461029
-0.0977734699845314
-0.09733249992132187
-0.0974343940615654
-0.09716994315385818
-0.09755532443523407
-0.09728935360908508
-0.09748853743076324
-0.09791045635938644
-0.0970611721277237
-0.0974288135766983
-0.09749820083379745
-0.09799488633871078
-0.09767647832632065
-0.09699895977973938
-0.09757063537836075
-0.09794299304485321
-0.09768391400575638
-0.09794671088457108
-0.09759466350078583
-0.09705610573291779
-0.0978589802980423
-0.09798503667116165
-0.09741641581058502
-0.09760463237762451
-0.09779859334230423
-0.09819480776786804
-0.09778958559036255
-0.09767048060894012
-0.09793410450220108
-0.09787670522928238
-0.09771647304296494
-0.09826615452766418
53.943580627441406
169.55384826660156
226.59945678710938
151.32736206054688
96.48313903808594
149.072998046875
149.44479370117188
117.62580871582031
118.87286376953125
123.09869384765625
116.50648498535156
119.95587158203125
127.48429870605469
126.94435119628906
131.07481384277344
134.51296997070312
138.0195770263672
144.77513122558594
150.13841247558594
153.10951232910156
156.04061889648438
162.19442749023438
166.8992919921875
172.0093231201172
178.9169921875
182.18556213378906
186.27113342285156
189.57156372070312
194.12271118164062
200.64031982421875
206.48580932617188
212.4932098388672
217.3646697998047
221.56784057617188
223.60104370117188
224.489501953125
223.32058715820312
222.67080688476562
222.92984008789062
222.0243377685547
225.08126831054688
230.06710815429688
229.60702514648438
225.43374633789062
226.8944854736328
225.81076049804688
224.2803955078125
228.6319580078125
232.90634155273438
231.0568389892578
228.69979858398438
228.2415771484375
227.95693969726562
227.0873565673828
227.2367706298828
226.90560913085938
230.67227172851562
235.5411376953125
233.9725341796875
230.49313354492188
231.447509765625
230.29483032226562
229.3948974609375
230.41354370117188
229.02572631835938
229.09872436523438
229.71987915039062
229.0862274169922
230.67379760742188
230.0420379638672
230.30831909179688
230.3102569580078
230.81076049804688
230.71340942382812
230.80447387695312
231.6042938232422
231.19375610351562
231.8643341064453
232.2058563232422
231.8009490966797
232.2432861328125
232.571044921875
232.5734100341797
233.5684051513672
232.8260498046875
232.90420532226562
233.86746215820312
233.67251586914062
234.10879516601562
234.4524688720703
234.4871063232422
234.5172119140625
235.0425262451172
234.615478515625
235.016845703125
235.29647827148438
235.7550506591797
235.2200164794922
235.5973663330078
236.157470703125
235.5740509033203
228.69137573242188
186.70443725585938
32.93068313598633
-0.09488062560558319
-0.0993032306432724
-0.09562002122402191
-0.09902088344097137
-0.09762699902057648
-0.096145860850811
-0.09835497289896011
-0.0973004549741745
-0.09692594408988953
-0.09792052209377289
-0.09729602932929993
-0.09747735410928726
-0.09830600023269653
-0.09746944159269333
-0.09730313718318939
-0.09824852645397186
-0.0977434515953064
-0.09755270928144455
-0.09738399088382721
-0.09819211065769196
-0.09746340662240982
-0.09789033979177475
-0.09783085435628891
-0.09778175503015518
-0.09787937253713608
-0.09796066582202911
-0.09722630679607391
-0.09823782742023468
-0.0977744609117508
-0.09753036499023438
-0.0984058827161789
-0.09761644899845123
-0.09799589216709137
-0.09796459972858429
-0.09740949422121048
-0.09812624752521515
-0.09784514456987381
-0.09677775204181671
-0.0982203334569931
-0.09859447181224823
-0.09704567492008209
-0.09785302728414536
-0.09839750081300735
-0.09774085134267807
-0.09740999341011047
-0.0971071720123291
-0.09794409573078156
-0.09788770973682404
-0.09716204553842545
-0.09806768596172333
-0.0974494144320488
-0.09771260619163513
-0.09757333993911743
-0.09741397202014923
-0.09734708070755005
-0.09769902378320694
-0.09733623266220093
-0.09775237739086151
-0.09720055013895035
-0.09750035405158997
-0.09735433757305145
-0.0976964682340622
-0.09749233722686768
-0.09760911762714386
-0.09765047580003738
-0.09746664762496948
-0.09775029122829437
-0.09751425683498383
-0.09733057767152786
-0.09766040742397308
-0.0972878485918045
-0.09781334549188614
-0.09754785150289536
-0.09747464954853058
-0.09724769741296768
-0.0979284793138504
-0.09744322299957275
-0.09769286960363388
-0.09714999794960022
-0.09787718951702118
-0.09822993725538254
-0.0973881185054779
-0.09795190393924713
-0.09766160696744919
-0.09751154482364655
-0.09789794683456421
-0.09766889363527298
-0.09740856289863586
-0.09787985682487488
-0.09789629280567169
-0.09795375168323517
-0.09758798032999039
-0.0982460156083107
-0.0975465402007103
-0.09810908883810043
-0.09763874858617783
22.42928695678711
137.07952880859375
203.19927978515625
137.1841278076172
93.10185241699219
141.18263244628906
143.41598510742188
109.58160400390625
115.88224792480469
118.2567367553711
111.45008850097656
117.8965835571289
122.28111267089844
122.3017807006836
129.45462036132812
131.6591033935547
135.70497131347656
142.45169067382812
146.19155883789062
149.93109130859375
154.38668823242188
158.6400909423828
165.40036010742188
170.65725708007812
176.07241821289062
179.51824951171875
183.61460876464844
187.72567749023438
192.3358612060547
198.73143005371094
204.14999389648438
210.08883666992188
215.05307006835938
218.5930633544922
221.23672485351562
223.17568969726562
222.773681640625
224.78549194335938
224.17251586914062
223.64816284179688
228.1436309814453
231.64828491210938
229.90640258789062
228.4857940673828
229.05117797851562
228.24765014648438
227.2764892578125
224.62109375
222.005615234375
226.3829345703125
233.4885711669922
233.67617797851562
230.478271484375
232.65798950195312
230.563232421875
228.89132690429688
227.70114135742188
225.81826782226562
226.3088836669922
228.6455841064453
229.6380615234375
229.64907836914062
230.3778076171875
230.1863250732422
229.78292846679688
229.5702667236328
228.56259155273438
228.2946319580078
228.1466827392578
228.3457489013672
229.0765838623047
229.4463348388672
230.3544464111328
231.21737670898438
232.48129272460938
232.6265869140625
232.9274139404297
234.1553955078125
233.75027465820312
233.97683715820312
234.08462524414062
233.6189422607422
233.64035034179688
233.4645538330078
233.0428924560547
231.60421752929688
231.8970184326172
231.66470336914062
232.3955078125
231.86715698242188
231.9690399169922
231.845458984375
232.2680206298828
231.8491973876953
232.3330078125
232.7096405029297
232.4344482421875
233.08407592773438
233.40066528320312
234.0028076171875
234.14297485351562
226.9359893798828
184.7132568359375
31.417362213134766
-0.09533549845218658
-0.0994795709848404
-0.0959114283323288
-0.09850077331066132
-0.09792239964008331
-0.09687723219394684
-0.09765495359897614
-0.0971231684088707
-0.09754322469234467
-0.09777034819126129
-0.09754253178834915
-0.0974995344877243
-0.09828883409500122
-0.0970170646905899
-0.0979190319776535
-0.09784003347158432
-0.09746967256069183
-0.09761961549520493
-0.09784451872110367
-0.09807179123163223
-0.09758586436510086
-0.09788192808628082
-0.0979897603392601
-0.0976867526769638
-0.09820332378149033
-0.09703333675861359
-0.0978940799832344
-0.09882126748561859
-0.0975302904844284
-0.09748118370771408
-0.09833364933729172
-0.09776361286640167
-0.09758375585079193
-0.09781308472156525
-0.09754462540149689
-0.09805215150117874
-0.09794984012842178
-0.09754744917154312
-0.09804306924343109
-0.0975775271654129
-0.0972861796617508
-0.0981498509645462
-0.09765806794166565
-0.09780595451593399
-0.09775412827730179
-0.09775003045797348
-0.09746357053518295
-0.09754469245672226
-0.09783493727445602
-0.09774657338857651
-0.09761174023151398
-0.09784871339797974
-0.09772934764623642
-0.09723072499036789
-0.0978221446275711
-0.09693032503128052
-0.09736716002225876
-0.09801184386014938
-0.09701050817966461
-0.0977434515953064
-0.09742701798677444
-0.0970468819141388
-0.09770509600639343
-0.09760573506355286
-0.09767752885818481
-0.0976506844162941
-0.09753498435020447
-0.09744726121425629
-0.09716911613941193
-0.09778082370758057
-0.09747377038002014
-0.09742529690265656
-0.09777329862117767
-0.09745971858501434
-0.09777801483869553
-0.0976361632347107
-0.097480908036232
-0.09765203297138214
-0.09718602895736694
-0.09807170182466507
-0.09745297580957413
-0.09734106063842773
-0.09754462540149689
-0.09782964736223221
-0.0977090448141098
-0.09757444262504578
-0.09798555821180344
-0.09750636667013168
-0.09803971648216248
-0.09782226383686066
-0.09808621555566788
-0.09771798551082611
-0.09771772474050522
-0.09776542335748672
-0.09772986173629761
-0.09811560809612274
22.249988555908203
137.26609802246094
203.73165893554688
136.69972229003906
90.2766342163086
134.16372680664062
129.37808227539062
105.97762298583984
113.13713073730469
114.42777252197266
108.4046859741211
115.62007904052734
118.72352600097656
119.03315734863281
124.60215759277344
125.54376220703125
129.9665069580078
137.26974487304688
140.900634765625
146.01275634765625
149.15602111816406
154.00625610351562
159.2881317138672
164.56520080566406
171.12265014648438
176.07884216308594
179.9069061279297
183.14434814453125
188.11610412597656
193.09347534179688
199.6723175048828
205.7938232421875
211.82791137695312
217.45095825195312
220.6570587158203
218.1321563720703
215.49581909179688
221.12496948242188
227.4954071044922
228.5193634033203
226.4191436767578
226.8270263671875
224.6227264404297
222.39926147460938
225.9290771484375
233.67776489257812
233.81259155273438
231.4047088623047
231.03982543945312
228.9082794189453
226.52755737304688
231.064208984375
236.42935180664062
233.7895050048828
231.67410278320312
233.4332733154297
232.2925567626953
231.1421661376953
228.84371948242188
226.14169311523438
225.07177734375
224.80667114257812
225.687255859375
227.2530059814453
229.5718536376953
231.15756225585938
232.013671875
232.8477783203125
233.5652618408203
233.46438598632812
233.7172088623047
232.37893676757812
231.6097412109375
231.28445434570312
230.2852020263672
230.20947265625
229.82669067382812
229.6442413330078
230.30355834960938
230.48825073242188
231.2085723876953
232.3038330078125
232.3228759765625
233.0260467529297
232.69369506835938
233.12265014648438
233.50537109375
233.75537109375
233.5102996826172
234.56729125976562
234.27731323242188
234.45639038085938
234.6891632080078
235.3446502685547
234.86697387695312
235.4647979736328
235.85183715820312
235.40869140625
236.3267364501953
235.1920166015625
235.4761505126953
228.14697265625
185.1914520263672
32.09806442260742
-0.09519877284765244
-0.09911380708217621
-0.09550628066062927
-0.09949149936437607
-0.09780363738536835
-0.09618134796619415
-0.09789087623357773
-0.0975014865398407
-0.0971079021692276
-0.0978734940290451
-0.09772585332393646
-0.09742871671915054
-0.09822085499763489
-0.09748973697423935
-0.09735953062772751
-0.09795957803726196
-0.09754349291324615
-0.09762950241565704
-0.09823741018772125
-0.09820520877838135
-0.09743465483188629
-0.09746123850345612
-0.09820965677499771
-0.09821255505084991
-0.09747961163520813
-0.09771008789539337
-0.097747802734375
-0.09806278347969055
-0.09766977280378342
-0.09812133759260178
-0.09725508838891983
-0.09776658564805984
-0.09841135144233704
-0.0980108380317688
-0.09736085683107376
-0.09784933924674988
-0.0982159674167633
-0.09673745930194855
-0.09838517755270004
-0.09805260598659515
-0.09752075374126434
-0.09784938395023346
-0.09809018671512604
-0.09756001830101013
-0.097017303109169
-0.09798527508974075
-0.09796123206615448
-0.09746163338422775
-0.09740518778562546
-0.09806070476770401
-0.09743008762598038
-0.09739702194929123
-0.0976690724492073
-0.097080759704113
-0.09761994332075119
-0.09785020351409912
-0.09732233732938766
-0.09775559604167938
-0.09728527814149857
-0.09747855365276337
-0.09738096594810486
-0.09737429767847061
-0.09806909412145615
-0.09705508500337601
-0.09722721576690674
-0.09739775210618973
-0.0971246138215065
-0.09777109324932098
-0.09711769223213196
-0.09801167994737625
-0.0972132682800293
-0.09691315144300461
-0.09785200655460358
-0.09771492332220078
-0.09717439115047455
-0.09730292856693268
-0.09763938188552856
-0.09777621179819107
-0.09721050411462784
-0.09797985851764679
-0.09801027923822403
-0.0968761220574379
-0.09738264232873917
-0.09815149009227753
-0.09701673686504364
-0.09813284873962402
-0.09791168570518494
-0.09744469076395035
-0.09778318554162979
-0.0979243814945221
-0.09766185283660889
-0.09794660657644272
-0.09786834567785263
-0.09812678396701813
-0.09838422387838364
-0.09761890769004822
22.918380737304688
138.32699584960938
203.52362060546875
137.83502197265625
93.7219009399414
145.22474670410156
145.03485107421875
117.208984375
122.01961517333984
124.49409484863281
117.77995300292969
123.05052185058594
127.8434829711914
127.42486572265625
134.4869384765625
136.91531372070312
140.1836395263672
147.23802185058594
150.67919921875
154.31822204589844
158.62350463867188
163.9337158203125
170.02427673339844
175.19430541992188
180.13580322265625
184.13836669921875
188.13845825195312
191.4818572998047
196.95655822753906
203.42208862304688
208.0197296142578
214.2452392578125
217.9424591064453
221.4663848876953
225.785888671875
226.22109985351562
225.9322509765625
225.45480346679688
224.00949096679688
222.7862091064453
224.74392700195312
226.51773071289062
227.08438110351562
228.83029174804688
228.58267211914062
227.8179931640625
226.225341796875
223.6837921142578
221.8301239013672
226.6466064453125
234.30947875976562
234.22879028320312
232.4901123046875
234.4361572265625
231.3402099609375
229.56423950195312
227.43692016601562
224.3979034423828
227.3836212158203
231.2135467529297
232.7297821044922
233.6103057861328
234.641845703125
234.3572540283203
233.8777313232422
232.0822296142578
230.1593780517578
227.78616333007812
225.54812622070312
224.25198364257812
224.2487335205078
225.3134002685547
226.9685516357422
229.72512817382812
231.5059356689453
234.4485626220703
235.5751495361328
237.3068084716797
237.9253692626953
239.1388702392578
239.3861541748047
240.1572265625
239.7471160888672
240.0181121826172
241.4471893310547
240.35659790039062
240.70755004882812
240.90878295898438
240.04086303710938
240.5330810546875
240.9302215576172
241.63296508789062
241.34310913085938
241.30685424804688
241.12802124023438
241.6417694091797
241.51025390625
241.54531860351562
241.8888702392578
242.04269409179688
242.6757354736328
234.82040405273438
191.85488891601562
36.824745178222656
-0.09580311179161072
-0.09948477149009705
-0.09573878347873688
-0.09901914745569229
-0.09769241511821747
-0.09672337770462036
-0.09826423227787018
-0.09743732213973999
-0.09750238060951233
-0.09807653725147247
-0.09716810286045074
-0.09755619615316391
-0.09861259162425995
-0.09733249247074127
-0.09710146486759186
-0.09841632843017578
-0.09775246679782867
-0.09746192395687103
-0.09785010665655136
-0.09817573428153992
-0.09738381206989288
-0.09804926812648773
-0.0979032963514328
-0.09801376610994339
-0.09792093932628632
-0.09748468548059464
-0.0978812426328659
-0.09846065938472748
-0.09772150218486786
-0.09781251847743988
-0.09742212295532227
-0.09820480644702911
-0.09792737662792206
-0.09800024330615997
-0.09750371426343918
-0.0978856012225151
-0.09815625846385956
-0.09761742502450943
-0.09782658517360687
-0.09753105789422989
-0.0978914350271225
-0.09818200767040253
-0.09760875999927521
-0.09764529764652252
-0.09758162498474121
-0.09766610711812973
-0.09756909310817719
-0.0976976528763771
-0.09718155115842819
-0.09783350676298141
-0.0980367660522461
-0.09776175022125244
-0.0972033441066742
-0.09678848087787628
-0.09765231609344482
-0.09830833971500397
-0.09757239371538162
-0.09717506915330887
-0.09741850942373276
-0.09747314453125
-0.09792669862508774
-0.09736195206642151
-0.09803207963705063
-0.09714438766241074
-0.09730493277311325
-0.09745637327432632
-0.09745273739099503
-0.09753720462322235
-0.09760123491287231
-0.09760703146457672
-0.09741441160440445
-0.09715961664915085
-0.09809109568595886
-0.09737839549779892
-0.09772316366434097
-0.09752248227596283
-0.09749248623847961
-0.09751613438129425
-0.09793339669704437
-0.09740966558456421
-0.09764734655618668
-0.09789567440748215
-0.09707872569561005
-0.0980420708656311
-0.0975823700428009
-0.0980723649263382
-0.09764774143695831
-0.09790753573179245
-0.09799781441688538
-0.09761892259120941
-0.09771249443292618
-0.0979958176612854
-0.09767421334981918
-0.098068967461586
-0.09801222383975983
-0.0974552258849144
53.50762939453125
169.56219482421875
226.65756225585938
151.69131469726562
96.38783264160156
148.38418579101562
151.3542022705078
120.8363037109375
121.2352294921875
124.62132263183594
114.9245834350586
119.12921142578125
124.52861022949219
123.06034851074219
131.42079162597656
135.3889617919922
138.44119262695312
144.90101623535156
147.80528259277344
151.96592712402344
155.75100708007812
161.52708435058594
167.38600158691406
172.98020935058594
178.47654724121094
181.9834747314453
185.7887725830078
189.92674255371094
194.8502197265625
201.35250854492188
205.81005859375
212.22177124023438
217.6036834716797
220.1037139892578
223.9661102294922
225.08285522460938
222.3463134765625
222.8057098388672
222.9656524658203
222.15847778320312
225.48422241210938
229.842529296875
230.7669677734375
227.3191375732422
225.58908081054688
226.6571502685547
225.31826782226562
225.5255126953125
228.3255157470703
227.4201202392578
226.726318359375
226.8042449951172
226.1603546142578
226.23898315429688
226.74777221679688
227.8595733642578
227.7376708984375
227.76589965820312
228.73959350585938
227.47573852539062
228.560546875
228.25131225585938
228.04727172851562
228.33694458007812
228.4116973876953
228.55715942382812
230.1188507080078
229.3819122314453
229.9244842529297
229.9376678466797
230.2587127685547
230.60140991210938
230.6162109375
230.9211883544922
231.0841522216797
230.9852294921875
231.3600311279297
231.82308959960938
231.72024536132812
232.10989379882812
232.4398193359375
232.73379516601562
232.6744842529297
232.6844940185547
233.28884887695312
233.42056274414062
233.48916625976562
233.9927978515625
233.9943389892578
234.27383422851562
234.18728637695312
234.73828125
234.61727905273438
234.75387573242188
234.98983764648438
235.55056762695312
235.3828887939453
235.50418090820312
236.0153350830078
235.8448028564453
235.7735137939453
227.52761840820312
191.90426635742188
39.964599609375
-0.09386307746171951
-0.09982465952634811
-0.09616626054048538
-0.09842794388532639
-0.09806081652641296
-0.09668149054050446
-0.09759011119604111
-0.09740307182073593
-0.09767661243677139
-0.09775950014591217
-0.09748921543359756
-0.09753642976284027
-0.0981854647397995
-0.09747633337974548
-0.0976814478635788
-0.09748540818691254
-0.09758469462394714
-0.09787338972091675
-0.09742565453052521
-0.09807150065898895
-0.09798144549131393
-0.09788571298122406
-0.0976925939321518
-0.09748762845993042
-0.09816938638687134
-0.09823055565357208
-0.09749126434326172
-0.09787469357252121
-0.09793612360954285
-0.09797168523073196
-0.0975184440612793
-0.0976293757557869
-0.09745259582996368
-0.09771557152271271
-0.09770265221595764
-0.09846573323011398
-0.09789429605007172
-0.09716671705245972
-0.0977906659245491
-0.09804682433605194
-0.0976950004696846
-0.09766785800457001
-0.09791067987680435
-0.09783083945512772
-0.09730061143636703
-0.09770700335502625
-0.09789107739925385
-0.09723305702209473
-0.09729661047458649
-0.09791779518127441
-0.09774045646190643
-0.09734906256198883
-0.09770910441875458
-0.09729571640491486
-0.09771408140659332
-0.09757596254348755
-0.09743766486644745
-0.09748156368732452
-0.09714841842651367
-0.09750652313232422
-0.09798221290111542
-0.09780994802713394
-0.09779717028141022
-0.097001813352108
-0.09781449288129807
-0.09725622087717056
-0.09745846688747406
-0.09745302051305771
-0.09751949459314346
-0.09771981090307236
-0.09720556437969208
-0.09770479798316956
-0.09771959483623505
-0.09701957553625107
-0.09753912687301636
-0.09744185954332352
-0.09794963151216507
-0.09736426174640656
-0.09739293158054352
-0.0982479602098465
-0.09723677486181259
-0.09775038063526154
-0.09758935123682022
-0.09770940244197845
-0.09735454618930817
-0.09794019162654877
-0.09736867249011993
-0.0976765975356102
-0.09786556661128998
-0.09781083464622498
-0.09777174144983292
-0.09812632203102112
-0.09783541411161423
-0.09792313724756241
-0.09776041656732559
-0.09838610887527466
31.850317001342773
147.62380981445312
209.316650390625
138.06646728515625
90.054443359375
139.64743041992188
137.79022216796875
110.53166198730469
115.91755676269531
120.2279052734375
114.5386962890625
121.1922836303711
126.09379577636719
125.75654602050781
131.43630981445312
133.61813354492188
137.42437744140625
144.95681762695312
149.8335723876953
153.39866638183594
158.25634765625
162.65560913085938
167.21969604492188
172.88742065429688
179.30245971679688
183.62770080566406
187.647216796875
190.24163818359375
195.40048217773438
200.29010009765625
205.87319946289062
212.60299682617188
218.0948486328125
222.29403686523438
225.55160522460938
226.0192108154297
223.49777221679688
223.6376495361328
223.33895874023438
222.3290252685547
225.1217041015625
226.51864624023438
226.3002471923828
225.57504272460938
225.2923126220703
224.63949584960938
224.6142578125
224.3433074951172
225.03140258789062
227.71542358398438
233.630615234375
233.83547973632812
229.15499877929688
229.72494506835938
228.78958129882812
227.1367645263672
228.04000854492188
228.0915069580078
227.3919219970703
227.6524658203125
228.87997436523438
227.60391235351562
228.6759796142578
228.3369140625
228.66714477539062
228.9404296875
228.75924682617188
229.17578125
230.07327270507812
229.41806030273438
230.4940643310547
229.77310180664062
230.8030242919922
231.25729370117188
230.9852294921875
231.74072265625
230.9992218017578
231.71420288085938
231.9828338623047
231.93399047851562
232.60958862304688
232.6388397216797
232.54452514648438
232.96444702148438
232.9818115234375
233.6217803955078
233.399169921875
233.7727813720703
233.7910919189453
234.29806518554688
234.8284454345703
234.68698120117188
234.8043212890625
234.82437133789062
235.210693359375
235.0748291015625
235.0540008544922
235.68801879882812
236.0218048095703
235.88003540039062
235.58108520507812
228.55087280273438
188.42478942871094
36.29008865356445
-0.09504826366901398
-0.09960373491048813
-0.09575925022363663
-0.09896055608987808
-0.09763593971729279
-0.09661130607128143
-0.09778124839067459
-0.09731773287057877
-0.09748249500989914
-0.09757308661937714
-0.09756550192832947
-0.09754647314548492
-0.09838847815990448
-0.0975399762392044
-0.09776502102613449
-0.09823253005743027
-0.09724026173353195
-0.09769631922245026
-0.09758464992046356
-0.097907155752182
-0.09779311716556549
-0.09781011193990707
-0.09792099893093109
-0.09803944826126099
-0.0983780175447464
-0.09657160192728043
-0.09815491735935211
-0.09831809252500534
-0.0977887362241745
-0.0975659042596817
-0.09831269830465317
-0.09763029217720032
-0.09701386839151382
-0.09801919013261795
-0.09766436368227005
-0.0979263111948967
-0.09786710888147354
-0.09787307679653168
-0.09773708879947662
-0.09725550562143326
-0.09753493964672089
-0.09791910648345947
-0.09800923615694046
-0.09776773303747177
-0.09747104346752167
-0.09752295911312103
-0.09750337153673172
-0.09752841293811798
-0.09812769293785095
-0.09778275340795517
-0.09677548706531525
-0.09823160618543625
-0.09785419702529907
-0.09759533405303955
-0.09745363146066666
-0.09700111299753189
-0.09768904745578766
-0.09822165966033936
-0.09758254140615463
-0.0973922535777092
-0.09733996540307999
-0.09777811169624329
-0.0974855050444603
-0.09752175211906433
-0.09780906140804291
-0.09722419083118439
-0.0975499153137207
-0.0975012332201004
-0.09766186028718948
-0.09714183211326599
-0.09755057841539383
-0.09776866436004639
-0.09694826602935791
-0.09770084917545319
-0.09789695590734482
-0.09750831872224808
-0.09753276407718658
-0.09738882631063461
-0.09712192416191101
-0.09785691648721695
-0.09794040024280548
-0.09763406962156296
-0.0974263995885849
-0.09787110984325409
-0.0972803384065628
-0.09771504253149033
-0.09769249707460403
-0.09768496453762054
-0.09821303188800812
-0.09736137092113495
-0.0979803204536438
-0.09804363548755646
-0.09802144765853882
-0.09737829118967056
-0.09775423258543015
-0.09860849380493164
22.481159210205078
137.15945434570312
202.51280212402344
136.1961212158203
92.95079040527344
144.6980743408203
141.26541137695312
113.6278076171875
119.50514221191406
122.68125915527344
116.6014633178711
123.6197280883789
128.5129852294922
127.4516372680664
133.44674682617188
135.302001953125
138.7651824951172
146.45411682128906
150.22573852539062
155.39381408691406
159.01904296875
163.9241485595703
168.08450317382812
174.80160522460938
180.76866149902344
185.4998779296875
189.0404815673828
192.1125946044922
196.8450469970703
201.9728240966797
207.0279998779297
214.04391479492188
219.8056640625
223.4788360595703
227.60232543945312
227.4385223388672
224.1766357421875
224.4141082763672
224.06546020507812
222.84036254882812
224.7868194580078
225.16989135742188
225.524169921875
225.38235473632812
224.91934204101562
224.6219024658203
224.75341796875
225.05020141601562
224.1394500732422
227.647216796875
233.05831909179688
231.4895477294922
228.3913116455078
229.42770385742188
228.5476531982422
226.5621337890625
228.2312469482422
227.0511474609375
227.7510528564453
229.606201171875
228.88748168945312
229.04281616210938
229.4540557861328
228.6493682861328
229.2439727783203
229.19320678710938
229.30081176757812
229.5916748046875
229.3722381591797
229.7053985595703
230.46505737304688
230.18283081054688
230.86514282226562
230.4217529296875
230.97140502929688
231.4415740966797
231.5836944580078
232.0983428955078
231.6571044921875
232.27761840820312
232.70773315429688
232.1901397705078
232.73025512695312
232.9168701171875
233.45669555664062
233.2278289794922
233.77267456054688
233.3992156982422
234.1984405517578
234.15402221679688
234.1512908935547
234.59317016601562
234.73709106445312
234.8577880859375
235.83206176757812
235.3811492919922
235.1422882080078
235.5425262451172
235.81680297851562
235.8522186279297
236.1741485595703
228.6315460205078
185.78067016601562
32.28158187866211
-0.09470482915639877
-0.09955580532550812
-0.09553375840187073
-0.09930459409952164
-0.09731298685073853
-0.09677280485630035
-0.09785530716180801
-0.09746824949979782
-0.0972977727651596
-0.09772773087024689
-0.09743718802928925
-0.09787192940711975
-0.09773921221494675
-0.09798718988895416
-0.09791796654462814
-0.09758999943733215
-0.09757649153470993
-0.0977923572063446
-0.09746567904949188
-0.09797239303588867
-0.09764925390481949
-0.09726402163505554
-0.09817281365394592
-0.09764046967029572
-0.09815452247858047
-0.09766319394111633
-0.09744835644960403
-0.09802551567554474
-0.09770975261926651
-0.09774406999349594
-0.09757175296545029
-0.09808744490146637
-0.09791909903287888
-0.0976005345582962
-0.09777197986841202
-0.09803260862827301
-0.09803839772939682
-0.09695674479007721
-0.0979062095284462
-0.09774847328662872
-0.09776898473501205
-0.09782158583402634
-0.09789560735225677
-0.09752063453197479
-0.09750118106603622
-0.09742827713489532
-0.09848839789628983
-0.09707614779472351
-0.09715976566076279
-0.09861818701028824
-0.09738151729106903
-0.09728141129016876
-0.09779323637485504
-0.09692621976137161
-0.09778442978858948
-0.09744507819414139
-0.09733367711305618
-0.0980989933013916
-0.09726827591657639
-0.09748558700084686
-0.09772267192602158
-0.09707745909690857
-0.0975400060415268
-0.09740707278251648
-0.0978088527917862
-0.09760992228984833
-0.09718181937932968
-0.09802402555942535
-0.09691730886697769
-0.09796665608882904
-0.09763467311859131
-0.09751870483160019
-0.09780694544315338
-0.09746722877025604
-0.09771738201379776
-0.09747599065303802
-0.09771279990673065
-0.09736557304859161
-0.09791257232427597
-0.09727756679058075
-0.09735704958438873
-0.09807424992322922
-0.09750662744045258
-0.09796392917633057
-0.09754325449466705
-0.09776964783668518
-0.09792627394199371
-0.09798582643270493
-0.09797042608261108
-0.0978398472070694
-0.09770970046520233
-0.09790677577257156
-0.09809818118810654
-0.09792940318584442
-0.09771917760372162
-0.09788419306278229
54.50806427001953
168.9934539794922
224.8800811767578
151.1287384033203
96.47944641113281
150.2855224609375
152.3931427001953
122.3342056274414
122.09053039550781
125.10662841796875
115.08885192871094
117.79239654541016
121.9369125366211
120.63685607910156
128.0100860595703
132.2746124267578
135.72268676757812
142.02671813964844
145.00897216796875
150.22576904296875
154.649658203125
160.1797637939453
166.37774658203125
171.21475219726562
175.01205444335938
177.36819458007812
182.9100341796875
187.71066284179688
192.8980255126953
200.07058715820312
204.9298553466797
209.6829833984375
212.8077392578125
217.7843017578125
220.9603729248047
223.71145629882812
224.40536499023438
226.10690307617188
224.84628295898438
224.36813354492188
225.85562133789062
225.3476104736328
227.3009490966797
228.28701782226562
227.8120574951172
228.1814422607422
226.7427978515625
225.46426391601562
222.4521942138672
227.7498016357422
235.12716674804688
235.3750457763672
232.730224609375
234.5265655517578
231.0355987548828
229.0845947265625
227.92196655273438
224.11038208007812
227.7928009033203
231.57675170898438
232.83151245117188
235.11672973632812
236.08303833007812
235.34548950195312
234.75021362304688
231.65383911132812
229.36550903320312
227.10641479492188
224.47021484375
225.5692138671875
226.26321411132812
228.20742797851562
231.37820434570312
232.0599822998047
233.79379272460938
236.6627197265625
237.617431640625
239.2786102294922
239.50967407226562
239.4667205810547
240.2958526611328
239.7675323486328
238.39218139648438
238.5140380859375
237.791748046875
238.1641082763672
237.94406127929688
237.82821655273438
237.37490844726562
237.8332977294922
237.63259887695312
237.45297241210938
237.6283721923828
237.5869140625
238.3423309326172
237.72506713867188
238.6446990966797
238.36611938476562
238.32919311523438
240.2173614501953
240.3953857421875
233.25552368164062
191.41099548339844
37.79072189331055
0.25659260153770447
-0.10405995696783066
-0.09901528060436249
-0.09701164066791534
-0.098160021007061
-0.0965588167309761
-0.09745689481496811
-0.09847719967365265
-0.0972396582365036
-0.09742844104766846
-0.09802434593439102
-0.09781627357006073
-0.09789857268333435
-0.09750247001647949
-0.09769820421934128
-0.0974956825375557
-0.09789086878299713
-0.09770690649747849
-0.09795768558979034
-0.09753930568695068
-0.0978756994009018
-0.09854727983474731
-0.09749279916286469
-0.09732653945684433
-0.09813688695430756
-0.09788540750741959
-0.09784361720085144
-0.0981799066066742
-0.09743069857358932
-0.0981893464922905
-0.09756319224834442
-0.09761054813861847
-0.09774927794933319
-0.09776139259338379
-0.0978989452123642
-0.09804821759462357
-0.09746614843606949
-0.09749004244804382
-0.09829510748386383
-0.09737025201320648
-0.09797877818346024
-0.09779035300016403
-0.09748730808496475
-0.09790439903736115
-0.09697908163070679
-0.09770567715167999
-0.09827128797769547
-0.0974830761551857
-0.09754879772663116
-0.09782610088586807
-0.09757427871227264
-0.09727413952350616
-0.09741948544979095
-0.0976778045296669
-0.09775260090827942
-0.09751079976558685
-0.09717671573162079
-0.09749086201190948
-0.09781722724437714
-0.09740904718637466
-0.09754909574985504
-0.09754494577646255
-0.09737834334373474
-0.09768909960985184
-0.09749322384595871
-0.09752090275287628
-0.09718616306781769
-0.09715346992015839
-0.09801679849624634
-0.0975039005279541
-0.09700208157300949
-0.09799276292324066
-0.0975479707121849
-0.09768734127283096
-0.09746316075325012
-0.09747965633869171
-0.09793094545602798
-0.09732046723365784
-0.09768622368574142
-0.09778393059968948
-0.09759249538183212
-0.09760113060474396
-0.09839089959859848
-0.09769772738218307
-0.09738202393054962
-0.09792669117450714
-0.09763549268245697
-0.09781280905008316
-0.09770719707012177
-0.09795882552862167
-0.09765356034040451
-0.09826194494962692
-0.09807516634464264
-0.09753765910863876
-0.09731438755989075
-0.09844879806041718
54.2079963684082
168.91030883789062
244.41531372070312
198.30575561523438
144.08106994628906
132.37448120117188
125.99151611328125
115.96846771240234
113.63414001464844
111.70545959472656
109.8704605102539
113.763427734375
115.4442138671875
117.58628845214844
121.05657958984375
123.9880142211914
128.55908203125
132.84524536132812
137.26190185546875
138.8159942626953
145.74429321289062
151.22201538085938
155.9053192138672
160.9722137451172
163.06993103027344
168.5509490966797
173.67137145996094
178.11537170410156
185.51296997070312
191.5446014404297
195.2628936767578
199.51126098632812
203.9018096923828
207.7993927001953
212.7987060546875
214.634033203125
217.83267211914062
224.2266082763672
230.0753936767578
229.1560821533203
224.9011688232422
225.1783447265625
222.2195587158203
221.00405883789062
223.8382568359375
224.9737091064453
227.0561981201172
233.20315551757812
232.47854614257812
226.9696044921875
227.38021850585938
226.71548461914062
225.1559600830078
227.9728546142578
229.1119842529297
227.9925994873047
229.0157928466797
227.2365264892578
226.27490234375
227.10354614257812
226.5086212158203
225.7582244873047
227.6447296142578
227.759033203125
229.9308624267578
231.7150115966797
231.53732299804688
231.5213623046875
231.11019897460938
230.4347686767578
230.02987670898438
229.2600555419922
229.48947143554688
229.00894165039062
228.8766632080078
229.4512481689453
229.5630645751953
230.0387725830078
230.370361328125
231.25680541992188
232.25537109375
232.257080078125
232.85452270507812
233.65185546875
233.5732421875
235.0622100830078
235.4925079345703
235.61508178710938
236.2052001953125
236.12216186523438
236.57931518554688
236.5550994873047
236.92013549804688
236.28543090820312
237.541015625
236.705322265625
237.3563995361328
236.6505889892578
236.60781860351562
236.4017333984375
236.3995361328125
229.96524047851562
185.5238037109375
32.299434661865234
-0.09507033973932266
-0.09950438886880875
-0.09567120671272278
-0.09836098551750183
-0.09780732542276382
-0.0970907136797905
-0.09767676889896393
-0.09755001962184906
-0.09726255387067795
-0.0978083685040474
-0.09751413017511368
-0.09717617928981781
-0.09811824560165405
-0.09756424278020859
-0.09774912893772125
-0.0980791300535202
-0.09711328893899918
-0.09754109382629395
-0.09813927114009857
-0.0977800041437149
-0.0973343700170517
-0.09790871292352676
-0.09797436743974686
-0.09809024631977081
-0.09789863228797913
-0.09737301617860794
-0.09743030369281769
-0.0981842502951622
-0.09809374064207077
-0.09776793420314789
-0.09811654686927795
-0.09764791280031204
-0.09756593406200409
-0.098179891705513
-0.09758397191762924
-0.0982508659362793
-0.09770853072404861
-0.09705720096826553
-0.09831058979034424
-0.09794878214597702
-0.09725968539714813
-0.09825658053159714
-0.09810738265514374
-0.09732601791620255
-0.09752954542636871
-0.0976177230477333
-0.09782303869724274
-0.09751380234956741
-0.09737895429134369
-0.09786035865545273
-0.09766359627246857
-0.09747958928346634
-0.09797268360853195
-0.09697048366069794
-0.09812535345554352
-0.09773668646812439
-0.09696295857429504
-0.09775976836681366
-0.0976199060678482
-0.0973658561706543
-0.0978369265794754
-0.0973799079656601
-0.09761647880077362
-0.09730146825313568
-0.0980164185166359
-0.09763321280479431
-0.0974443107843399
-0.09710066020488739
-0.09770945459604263
-0.09811470657587051
-0.09697449952363968
-0.09710593521595001
-0.09791851788759232
-0.09750095754861832
-0.09776664525270462
-0.09761996567249298
-0.09762407839298248
-0.0972544327378273
-0.09801007807254791
-0.09773089736700058
-0.09750338643789291
-0.09784594923257828
-0.09737898409366608
-0.09775547683238983
-0.09730671346187592
-0.09769289195537567
-0.0980047807097435
-0.09754122793674469
-0.09775293618440628
-0.09800110757350922
-0.0981394425034523
-0.09757090359926224
-0.09805919229984283
-0.09777527302503586
-0.09820905327796936
-0.09802009165287018
30.868854522705078
147.73313903808594
207.5616912841797
136.79437255859375
91.35294342041016
138.55296325683594
140.48342895507812
106.2545166015625
111.87406158447266
116.81591796875
109.82479095458984
117.56925964355469
122.431396484375
122.05293273925781
128.8955535888672
129.71304321289062
134.0461883544922
142.49356079101562
145.90634155273438
150.15350341796875
154.863525390625
158.8738250732422
163.84713745117188
170.38978576660156
175.7355194091797
181.61207580566406
184.78829956054688
187.99684143066406
192.738525390625
197.81202697753906
202.83047485351562
209.8699188232422
215.44747924804688
219.620361328125
222.97000122070312
224.052490234375
223.07669067382812
223.96511840820312
223.06497192382812
222.48696899414062
228.2231903076172
232.14083862304688
230.1313018798828
227.4451446533203
227.4176483154297
226.28970336914062
225.11367797851562
225.73898315429688
225.17807006835938
228.21151733398438
234.0242919921875
232.08285522460938
228.96279907226562
229.7724609375
228.14389038085938
227.89077758789062
227.9775390625
227.2240447998047
227.35580444335938
227.66006469726562
228.219970703125
229.2416534423828
229.93063354492188
229.47994995117188
228.8728485107422
229.3853302001953
229.4957733154297
229.83627319335938
229.83984375
229.58602905273438
230.86392211914062
229.2718505859375
230.9664306640625
230.3893585205078
231.1920166015625
231.400146484375
231.14297485351562
231.3603515625
232.3379669189453
232.08480834960938
231.97866821289062
232.99539184570312
232.5837860107422
233.4028778076172
233.2510986328125
232.9040069580078
234.203857421875
233.59030151367188
234.1136932373047
233.8945770263672
234.6493682861328
234.44143676757812
235.2275848388672
234.6235809326172
235.05313110351562
235.59750366210938
235.7003936767578
235.6104278564453
236.20730590820312
235.87582397460938
235.586181640625
228.86227416992188
186.4342498779297
33.15874481201172
-0.09520278871059418
-0.09926383197307587
-0.09564682096242905
-0.09899082034826279
-0.0977107584476471
-0.09676627814769745
-0.09760521352291107
-0.09766528755426407
-0.09693365544080734
-0.09785305708646774
-0.09772688895463943
-0.09701430052518845
-0.09847496449947357
-0.09736263006925583
-0.09784922003746033
-0.09791441261768341
-0.09705503284931183
-0.09771310538053513
-0.0979539230465889
-0.0977444052696228
-0.09751847386360168
-0.0975949838757515
-0.097658172249794
-0.09788151830434799
-0.09800218045711517
-0.0974791944026947
-0.09790028631687164
-0.09793335944414139
-0.09782175719738007
-0.09782377630472183
-0.09774848073720932
-0.09771077334880829
-0.09803150594234467
-0.09788892418146133
-0.0975010097026825
-0.09791319817304611
-0.0979393720626831
-0.09677988290786743
-0.09800266474485397
-0.09833750873804092
-0.09752188622951508
-0.09764023125171661
-0.09799395501613617
-0.09786756336688995
-0.0972563847899437
-0.09800157696008682
-0.09768577665090561
-0.09738107025623322
-0.09762334823608398
-0.09827293455600739
-0.09745048731565475
-0.09731681644916534
-0.09760071337223053
-0.09745422750711441
-0.09754137694835663
-0.09749864041805267
-0.09744362533092499
-0.09707680344581604
-0.09728870540857315
-0.09834744036197662
-0.09709610044956207
-0.09722675383090973
-0.09776859730482101
-0.09724440425634384
-0.09754496067762375
-0.09779965877532959
-0.09745774418115616
-0.09745480120182037
-0.09755430370569229
-0.09751059114933014
-0.09707559645175934
-0.09774500131607056
-0.09747005254030228
-0.0976814478635788
-0.09743501245975494
-0.09756630659103394
-0.09752577543258667
-0.09716849029064178
-0.09761838614940643
-0.09743516892194748
-0.09720417112112045
-0.09816528111696243
-0.09788459539413452
-0.09666625410318375
-0.09794861823320389
-0.0980166345834732
-0.0976964607834816
-0.09756141901016235
-0.0976351648569107
-0.09780920296907425
-0.09830323606729507
-0.09746896475553513
-0.09812812507152557
-0.097596675157547
-0.0980929285287857
-0.09796259552240372
30.86923599243164
147.14698791503906
207.4717254638672
136.3844451904297
91.30036926269531
141.03436279296875
140.74966430664062
119.96690368652344
127.75215148925781
130.73651123046875
125.22517395019531
128.67745971679688
132.4882049560547
132.94046020507812
139.12330627441406
140.44691467285156
141.6954345703125
147.0719451904297
151.65396118164062
155.7992401123047
159.41085815429688
161.77822875976562
166.6546173095703
172.10293579101562
177.48590087890625
182.9509735107422
188.24429321289062
191.6245880126953
194.3704071044922
199.95091247558594
203.73150634765625
210.2052001953125
217.10861206054688
221.448486328125
226.5023193359375
225.4803009033203
222.959716796875
222.51644897460938
221.245361328125
221.350341796875
226.92214965820312
228.1160888671875
228.502685546875
228.43753051757812
225.9431915283203
224.5853271484375
224.9213104248047
224.66268920898438
223.85659790039062
228.4796905517578
235.78494262695312
232.5974884033203
228.45932006835938
230.205810546875
228.3222198486328
227.5791015625
229.9342803955078
227.0225372314453
229.21957397460938
231.2476806640625
230.00021362304688
231.0416717529297
230.5974884033203
230.07327270507812
231.19454956054688
231.8965301513672
231.3765411376953
231.2177734375
229.87173461914062
230.0184783935547
229.21340942382812
228.5590362548828
229.76626586914062
230.03292846679688
229.4254150390625
230.77346801757812
231.6832275390625
231.74630737304688
232.5603485107422
233.20361328125
234.928466796875
235.62991333007812
236.1409912109375
236.7925262451172
237.8742218017578
238.45376586914062
239.51821899414062
239.3361358642578
239.5494384765625
240.354248046875
240.4561767578125
240.76095581054688
240.5832977294922
241.0165557861328
241.48825073242188
241.3049774169922
241.75723266601562
241.8120880126953
241.3081512451172
241.20645141601562
239.45016479492188
230.11264038085938
185.72164916992188
31.838321685791016
-0.09520240128040314
-0.0993279442191124
-0.09542564302682877
-0.09913855791091919
-0.09779299795627594
-0.09671270102262497
-0.09746577590703964
-0.09757809340953827
-0.09740001708269119
-0.0979825034737587
-0.09746342152357101
-0.09742414951324463
-0.09806890785694122
-0.09756375849246979
-0.09780784696340561
-0.09782202541828156
-0.09801296889781952
-0.0973779708147049
-0.09787538647651672
-0.09764203429222107
-0.09783422201871872
-0.09792469441890717
-0.09784065932035446
-0.09757669270038605
-0.09784474223852158
-0.09773892909288406
-0.0979287400841713
-0.0978943258523941
-0.09790036827325821
-0.09787361323833466
-0.09711875021457672
-0.09815710783004761
-0.0985284298658371
-0.09811949729919434
-0.09706401824951172
-0.09784756600856781
-0.0983583927154541
-0.09721149504184723
-0.0978599339723587
-0.09807368367910385
-0.09739848226308823
-0.09817610681056976
-0.09779580682516098
-0.09737132489681244
-0.09786559641361237
-0.09766028076410294
-0.09814423322677612
-0.09774104505777359
-0.09722942113876343
-0.09789294004440308
-0.0975475162267685
-0.0974489226937294
-0.09766875207424164
-0.09721604734659195
-0.0975913256406784
-0.09774602204561234
-0.09724535048007965
-0.09801750630140305
-0.09705162048339844
-0.09742774814367294
-0.09800069034099579
-0.09774915874004364
-0.09750427305698395
-0.09704432636499405
-0.09740158170461655
-0.09807848185300827
-0.09697778522968292
-0.09773688018321991
-0.09703341871500015
-0.09796400368213654
-0.09748493880033493
-0.09715153276920319
-0.09739580005407333
-0.09769375622272491
-0.09769131243228912
-0.09713802486658096
-0.09763646870851517
-0.09768030792474747
-0.09817688912153244
-0.09688811004161835
-0.09769225120544434
-0.09795216470956802
-0.09711126983165741
-0.09779927879571915
-0.09808193892240524
-0.09789599478244781
-0.09775690734386444
-0.09765627235174179
-0.09766571968793869
-0.09783265739679337
-0.09752427041530609
-0.09830860048532486
-0.09740286320447922
-0.09777113050222397
-0.09819478541612625
-0.09728850424289703
22.919574737548828
138.27976989746094
203.255859375
137.40040588378906
93.60020446777344
144.68856811523438
144.25320434570312
117.747314453125
122.7750473022461
124.90660095214844
118.7591552734375
123.68684387207031
128.3817901611328
128.69424438476562
135.46548461914062
137.37158203125
141.57789611816406
147.96517944335938
151.49478149414062
155.6671600341797
159.41282653808594
164.3054962158203
170.2968292236328
176.10824584960938
180.9745635986328
184.6932373046875
189.14869689941406
192.10365295410156
197.79995727539062
204.12997436523438
208.52914428710938
214.6880340576172
218.21728515625
221.54330444335938
225.3287811279297
225.9380340576172
223.9034423828125
225.4757080078125
224.2555694580078
224.1942138671875
228.90768432617188
231.3970947265625
231.11001586914062
228.47567749023438
228.46463012695312
227.4640655517578
226.51766967773438
224.35791015625
223.13394165039062
222.6920623779297
227.2348175048828
228.35269165039062
227.0418701171875
227.40408325195312
226.2751007080078
225.8358154296875
230.3412628173828
235.7266082763672
233.9623260498047
231.5475616455078
232.52938842773438
232.04208374023438
230.9759521484375
231.9852752685547
230.0105743408203
229.62820434570312
229.02297973632812
228.3910369873047
228.4418182373047
228.3939666748047
229.56137084960938
230.07046508789062
230.3560028076172
230.43466186523438
231.1377410888672
230.90328979492188
231.40774536132812
231.294921875
231.93191528320312
231.93704223632812
232.18075561523438
232.97195434570312
232.8371124267578
232.976806640625
232.59524536132812
233.55630493164062
233.5804443359375
233.59011840820312
234.1372528076172
234.1857452392578
234.4316864013672
234.5818328857422
235.0538787841797
234.74496459960938
235.23696899414062
235.3611602783203
235.2786102294922
235.5751190185547
236.1362762451172
236.2749786376953
235.70101928710938
228.7625274658203
186.564697265625
32.621089935302734
-0.09545153379440308
-0.09900927543640137
-0.09566854685544968
-0.09924866259098053
-0.09751911461353302
-0.09658565372228622
-0.09788844734430313
-0.09734286367893219
-0.09727395325899124
-0.09824206680059433
-0.0970708355307579
-0.09723690897226334
-0.09856228530406952
-0.09745477885007858
-0.09763651341199875
-0.09771619737148285
-0.09787015616893768
-0.0978061780333519
-0.09756737947463989
-0.09788403660058975
-0.09756260365247726
-0.09764693677425385
-0.09778620302677155
-0.09829401224851608
-0.09777234494686127
-0.0975746363401413
-0.09755086898803711
-0.09806205332279205
-0.09817709028720856
-0.09782184660434723
-0.09758323431015015
-0.09764346480369568
-0.09804878383874893
-0.09782315045595169
-0.09759156405925751
-0.09808634221553802
-0.09742910414934158
-0.09725036472082138
-0.09838380664587021
-0.09826402366161346
-0.09715874493122101
-0.0977325290441513
-0.09794982522726059
-0.09779979288578033
-0.09759151190519333
-0.09713776409626007
-0.09762159734964371
-0.09783650189638138
-0.09735769033432007
-0.09781341254711151
-0.09754539281129837
-0.09741576015949249
-0.09754472970962524
-0.09693394601345062
-0.0975523293018341
-0.098014697432518
-0.09740305691957474
-0.0975344330072403
-0.09781203418970108
-0.09760496020317078
-0.09686185419559479
-0.098077192902565
-0.09779728949069977
-0.09702171385288239
-0.09755919873714447
-0.09735307097434998
-0.09735385328531265
-0.09768617153167725
-0.09759542346000671
-0.09729593247175217
-0.09732727706432343
-0.09760905802249908
-0.09747384488582611
-0.09774397313594818
-0.09770511835813522
-0.09759471565485
-0.09772375226020813
-0.09686308354139328
-0.0978216901421547
-0.09798260778188705
-0.09813600033521652
-0.09733457863330841
-0.09761865437030792
-0.0974576324224472
-0.09798097610473633
-0.09748293459415436
-0.09781090170145035
-0.09753645956516266
-0.09790629148483276
-0.09769229590892792
-0.09735940396785736
-0.09793918579816818
-0.09796150773763657
-0.09790779650211334
-0.09753403812646866
-0.09755785763263702
53.018463134765625
168.61526489257812
223.8931121826172
150.6569366455078
97.51044464111328
151.13516235351562
152.84494018554688
122.48143005371094
122.3625717163086
125.20233154296875
115.31185150146484
117.9482650756836
122.75123596191406
120.53424072265625
128.660888671875
133.08038330078125
135.26446533203125
141.9525604248047
145.92767333984375
149.4957733154297
153.7349853515625
159.6305389404297
165.2848663330078
171.4720001220703
177.07618713378906
180.23683166503906
185.09744262695312
187.84133911132812
193.3505859375
200.64102172851562
204.3759307861328
210.5606689453125
214.9748077392578
217.6763153076172
221.7681121826172
223.3241424560547
220.79727172851562
222.4701385498047
222.1724090576172
221.5164031982422
224.75146484375
228.9860382080078
228.451171875
226.35073852539062
226.0211944580078
225.87649536132812
223.99844360351562
228.5751953125
233.77175903320312
230.6092071533203
228.6783447265625
229.2578582763672
227.14682006835938
227.8541259765625
226.6544189453125
226.7032928466797
226.826904296875
227.901123046875
227.1419219970703
227.20571899414062
228.3144989013672
228.1499786376953
228.34799194335938
228.3140411376953
228.316162109375
228.9228057861328
229.1599578857422
228.9720458984375
229.56689453125
229.968505859375
230.1990509033203
230.50070190429688
230.3354949951172
231.12265014648438
230.89102172851562
231.48049926757812
231.2290802001953
231.73324584960938
231.8599090576172
231.76571655273438
232.66845703125
232.45248413085938
232.64260864257812
233.18417358398438
233.2899627685547
233.1657257080078
233.8351593017578
233.5926971435547
233.78512573242188
234.4991912841797
234.2917022705078
234.7367401123047
234.2690887451172
235.57846069335938
234.7387237548828
235.34146118164062
235.3838348388672
235.71414184570312
236.08407592773438
235.71923828125
235.7990264892578
228.12606811523438
181.4263916015625
27.579723358154297
-0.09619925916194916
-0.09910950064659119
-0.09512994438409805
-0.0993359163403511
-0.09758499264717102
-0.09669730812311172
-0.09777642041444778
-0.09748280048370361
-0.09736132621765137
-0.09809492528438568
-0.09675372391939163
-0.09765274077653885
-0.09834958612918854
-0.09771841764450073
-0.09771580249071121
-0.09765676409006119
-0.09761545807123184
-0.09784488379955292
-0.09792475402355194
-0.0978107750415802
-0.09747125208377838
-0.09786660224199295
-0.09788241237401962
-0.09741008281707764
-0.09821958839893341
-0.0980166494846344
-0.09760458767414093
-0.09766288101673126
-0.09820623695850372
-0.09774833917617798
-0.09795894473791122
-0.09765281528234482
-0.09750282764434814
-0.09824804961681366
-0.09764999896287918
-0.09743237495422363
-0.09805645793676376
-0.09709246456623077
-0.09822741150856018
-0.09786827862262726
-0.09730932861566544
-0.09792275726795197
-0.09803459048271179
-0.09743642061948776
-0.09789635241031647
-0.09779318422079086
-0.09740162640810013
-0.0975431576371193
-0.09739372879266739
-0.09788165986537933
-0.0979817733168602
-0.09763430804014206
-0.09780474007129669
-0.09709266573190689
-0.09742025285959244
-0.09731318801641464
-0.09742588549852371
-0.09769243746995926
-0.09716562181711197
-0.09767504036426544
-0.09751790016889572
-0.09787546098232269
-0.09743990749120712
-0.09705466032028198
-0.09804520010948181
-0.09732706844806671
-0.09753181040287018
-0.09734053909778595
-0.09676309674978256
-0.09825819730758667
-0.09751933813095093
-0.09729568660259247
-0.09775678813457489
-0.09689852595329285
-0.09775707870721817
-0.09770510345697403
-0.097715824842453
-0.09729226678609848
-0.09800269454717636
-0.09737005084753036
-0.09751017391681671
-0.09785634279251099
-0.09747274965047836
-0.09837257862091064
-0.09739648550748825
-0.09768491238355637
-0.09765684604644775
-0.09776659309864044
-0.09820865839719772
-0.09783244132995605
-0.0978713110089302
-0.0979805663228035
-0.09791280329227448
-0.09773612022399902
-0.0980154499411583
-0.09833052009344101
22.44083023071289
136.90493774414062
202.96319580078125
136.23428344726562
90.70793914794922
134.9789581298828
129.803466796875
106.39935302734375
113.45648193359375
114.6322250366211
109.0632553100586
115.74205017089844
119.17594909667969
118.83316802978516
125.26541900634766
124.9968032836914
130.5005645751953
137.54449462890625
141.28497314453125
145.49069213867188
149.75558471679688
154.4971923828125
159.21707153320312
164.7879180908203
171.85179138183594
176.06277465820312
180.0287628173828
183.09828186035156
188.1608123779297
193.10543823242188
198.8925323486328
206.0302734375
211.51473999023438
215.75820922851562
217.8603973388672
216.5083770751953
214.1959991455078
221.5508270263672
228.1119842529297
229.1971893310547
226.98257446289062
225.8434600830078
225.80563354492188
223.0971221923828
227.1282958984375
235.5057830810547
234.6604766845703
232.28799438476562
232.6898651123047
228.4602508544922
224.5199432373047
231.10421752929688
237.99984741210938
236.5710906982422
235.1293182373047
236.54861450195312
234.3148193359375
231.7357940673828
229.36215209960938
225.64382934570312
224.9909210205078
225.040283203125
227.6908721923828
231.6768035888672
233.48037719726562
234.0180206298828
235.1776123046875
235.64901733398438
234.41806030273438
232.8004913330078
230.86727905273438
227.8472442626953
226.6051483154297
225.64334106445312
224.81503295898438
225.9173583984375
225.9643096923828
227.41796875
229.6427764892578
229.54849243164062
230.009765625
232.4331512451172
234.74752807617188
235.0784149169922
236.0018768310547
236.8385467529297
237.3188018798828
238.3599395751953
238.5933837890625
238.84323120117188
238.9426727294922
239.18081665039062
239.89840698242188
239.417236328125
239.31015014648438
238.95407104492188
238.8521728515625
237.0749969482422
237.1746826171875
236.3819580078125
235.414794921875
228.31369018554688
184.1531524658203
31.877750396728516
-0.0953131765127182
-0.09896345436573029
-0.09576454758644104
-0.09882678091526031
-0.09754856675863266
-0.09709328413009644
-0.0974256694316864
-0.09716777503490448
-0.09759567677974701
-0.09798654913902283
-0.09729816764593124
-0.09727020561695099
-0.09825779497623444
-0.09770771116018295
-0.09798429906368256
-0.09731043875217438
-0.09788482636213303
-0.09803728014230728
-0.09758158773183823
-0.09761403501033783
-0.0978243499994278
-0.09771905839443207
-0.09769780188798904
-0.09802769124507904
-0.09763367474079132
-0.09730608761310577
-0.09769678115844727
-0.09818659722805023
-0.09825462847948074
-0.0975111871957779
-0.09803681075572968
-0.0978376492857933
-0.09773339331150055
-0.09770970046520233
-0.09744386374950409
-0.09801243990659714
-0.09804308414459229
-0.09718327224254608
-0.09786875545978546
-0.09829757362604141
-0.09724847972393036
-0.09781738370656967
-0.09779457747936249
-0.09789799153804779
-0.09765803813934326
-0.09746040403842926
-0.09768007695674896
-0.0976991355419159
-0.09720048308372498
-0.09788469970226288
-0.0975734069943428
-0.09770188480615616
-0.09784650802612305
-0.09700168669223785
-0.09795491397380829
-0.09732793271541595
-0.09756650775671005
-0.09750965237617493
-0.09747404605150223
-0.09736305475234985
-0.0979493036866188
-0.09736263751983643
-0.09721934050321579
-0.09781763702630997
-0.09752687811851501
-0.09775344282388687
-0.09725964814424515
-0.09789348393678665
-0.09698162972927094
-0.09757360070943832
-0.09753459692001343
-0.0973852351307869
-0.09757956117391586
-0.09776898473501205
-0.09722261130809784
-0.09764999896287918
-0.0977277010679245
-0.09759633243083954
-0.09748750925064087
-0.09757379442453384
-0.09770528972148895
-0.09779457002878189
-0.09757227450609207
-0.09790320694446564
-0.09797726571559906
-0.09697181731462479
-0.09777344763278961
-0.09811627119779587
-0.09808941185474396
-0.09813839197158813
-0.09759442508220673
-0.09780706465244293
-0.09829983115196228
-0.09805930405855179
-0.0979878306388855
-0.09783024340867996
22.410573959350586
136.90228271484375
201.1415557861328
136.34915161132812
93.10977172851562
141.68704223632812
144.01712036132812
112.7091064453125
119.4323501586914
124.11930847167969
118.17362213134766
123.23541259765625
127.9542007446289
127.6700668334961
131.943115234375
134.0345001220703
133.87863159179688
140.050537109375
144.64181518554688
148.57498168945312
153.13461303710938
155.7469024658203
160.87713623046875
164.91647338867188
170.6267852783203
177.1352081298828
181.71292114257812
185.41018676757812
188.627197265625
193.85946655273438
197.97988891601562
204.2421875
211.4340057373047
216.0487823486328
220.5507354736328
224.5440673828125
228.5369415283203
228.4517822265625
223.7078399658203
223.18002319335938
225.36807250976562
224.50137329101562
229.1890869140625
235.86032104492188
231.81619262695312
227.57958984375
227.7524871826172
225.960205078125
225.0615234375
230.90298461914062
237.11328125
233.4580535888672
228.5582733154297
229.3512725830078
227.86831665039062
226.93942260742188
229.2495574951172
228.4820556640625
231.27279663085938
232.4270477294922
230.6791229248047
229.93630981445312
229.60830688476562
228.2152862548828
228.73318481445312
229.6587677001953
229.4170684814453
230.1431121826172
230.09182739257812
229.55502319335938
229.5696258544922
228.37747192382812
227.80374145507812
228.1099090576172
227.5628662109375
228.32058715820312
228.589599609375
229.53311157226562
230.3604736328125
230.47183227539062
231.20840454101562
231.29452514648438
231.477294921875
233.17630004882812
233.3126983642578
233.63247680664062
234.6090087890625
234.377197265625
234.59719848632812
235.23977661132812
234.79443359375
235.71484375
235.1973876953125
235.84619140625
236.4146270751953
236.14639282226562
235.6851348876953
235.33975219726562
235.4073944091797
234.04714965820312
233.4567413330078
224.6912841796875
184.94227600097656
34.448524475097656
-0.0950281023979187
-0.09968745708465576
-0.09585334360599518
-0.09869890660047531
-0.09799511730670929
-0.09654233604669571
-0.09754796326160431
-0.09764420986175537
-0.09730074554681778
-0.09778876602649689
-0.09785488992929459
-0.09772315621376038
-0.09799864143133163
-0.0974525660276413
-0.09749487042427063
-0.09777060151100159
-0.09782584011554718
-0.0979524478316307
-0.09768345206975937
-0.09769060462713242
-0.09769168496131897
-0.09743383526802063
-0.09788406640291214
-0.09849907457828522
-0.09766990691423416
-0.0978468731045723
-0.09787477552890778
-0.09739331901073456
-0.09799595177173615
-0.09815488755702972
-0.09718233346939087
-0.09768359363079071
-0.09872154146432877
-0.0972713977098465
-0.09760744869709015
-0.09819627553224564
-0.09797866642475128
-0.0971461683511734
-0.09815485030412674
-0.09762986749410629
-0.0973791629076004
-0.09768638759851456
-0.09804872423410416
-0.09822581708431244
-0.09719057381153107
-0.09716682136058807
-0.09787401556968689
-0.09790132194757462
-0.09752662479877472
-0.0982094258069992
-0.09699978679418564
-0.09783899784088135
-0.09785010665655136
-0.09733428061008453
-0.09777529537677765
-0.09753136336803436
-0.09724413603544235
-0.09761984646320343
-0.09768889844417572
-0.09743104875087738
-0.09756828099489212
-0.09762544929981232
-0.09763114154338837
-0.09747429192066193
-0.0973784551024437
-0.09693137556314468
-0.09813226759433746
-0.09733375161886215
-0.09729056060314178
-0.09742589294910431
-0.09769122302532196
-0.09749116748571396
-0.09678853303194046
-0.09820260107517242
-0.0975736752152443
-0.0977201908826828
-0.09776706993579865
-0.09774190932512283
-0.09777375310659409
-0.09703873097896576
-0.09767569601535797
-0.09778959304094315
-0.09736005961894989
-0.09811756014823914
-0.09777484834194183
-0.09737931191921234
-0.09791652858257294
-0.09778768569231033
-0.09819003939628601
-0.09784405678510666
-0.09772145003080368
-0.09778408706188202
-0.09805074334144592
-0.09798821061849594
-0.09751982986927032
-0.0982637107372284
31.143604278564453
146.90533447265625
207.35385131835938
136.30331420898438
89.65888977050781
137.42849731445312
139.23631286621094
103.9293441772461
110.0528793334961
114.37593841552734
108.076416015625
114.9636459350586
120.328369140625
120.56732177734375
125.3154296875
128.4355926513672
132.0665740966797
139.3880157470703
144.28652954101562
148.48780822753906
152.62376403808594
157.66238403320312
162.24374389648438
168.02285766601562
174.50550842285156
179.2510528564453
183.28878784179688
185.52822875976562
191.38107299804688
195.69276428222656
200.825927734375
208.870361328125
213.35983276367188
217.4091339111328
221.7505340576172
225.4728240966797
229.7034149169922
231.1082763671875
226.382568359375
225.2382354736328
226.0631561279297
223.7252655029297
227.2275848388672
232.7967529296875
231.95547485351562
228.1317901611328
228.04721069335938
227.36148071289062
225.37796020507812
228.90158081054688
234.41159057617188
232.5260772705078
228.7886962890625
230.1428680419922
228.5368194580078
227.3511962890625
228.2277374267578
227.3098602294922
231.47744750976562
236.90673828125
235.18154907226562
231.4486541748047
231.782470703125
231.44515991210938
230.1382598876953
230.5268096923828
230.03799438476562
229.9553680419922
229.8708953857422
230.24581909179688
230.3050079345703
230.14877319335938
231.12045288085938
230.6432342529297
231.19131469726562
231.67431640625
231.2736358642578
232.1372528076172
231.8614501953125
232.0597381591797
232.2794189453125
232.0963897705078
233.302001953125
232.82571411132812
233.3125762939453
233.7670135498047
232.8802032470703
234.33901977539062
233.6304168701172
234.28076171875
234.24392700195312
234.4331817626953
235.1626739501953
234.5973663330078
235.3556365966797
235.4291229248047
235.1882781982422
236.38980102539062
235.32156372070312
236.15438842773438
235.7693634033203
227.35946655273438
185.75009155273438
31.252349853515625
-0.0953071117401123
-0.09938402473926544
-0.0956060141324997
-0.09895016252994537
-0.09802915155887604
-0.09642819315195084
-0.09774692356586456
-0.09750935435295105
-0.09720051288604736
-0.09794571250677109
-0.09744083136320114
-0.09774510562419891
-0.09827730059623718
-0.09755221009254456
-0.09791702032089233
-0.09759978204965591
-0.09790829569101334
-0.09752883017063141
-0.09745216369628906
-0.09791495651006699
-0.09766996651887894
-0.09764324873685837
-0.09782999753952026
-0.09809695184230804
-0.09819791465997696
-0.09758106619119644
-0.0974338948726654
-0.09828382730484009
-0.09792162477970123
-0.09806488454341888
-0.09774760901927948
-0.0977526381611824
-0.09775818139314651
-0.0977993756532669
-0.09754494577646255
-0.09816928952932358
-0.0978725254535675
-0.09682579338550568
-0.09832961857318878
-0.09820890426635742
-0.097610242664814
-0.09792161732912064
-0.09793922305107117
-0.09737755358219147
-0.09809865057468414
-0.09771997481584549
-0.09778442233800888
-0.09733856469392776
-0.09793145954608917
-0.09786981344223022
-0.09774194657802582
-0.09758509695529938
-0.09754177182912827
-0.09713304042816162
-0.09755389392375946
-0.09722867608070374
-0.09768756479024887
-0.09769392013549805
-0.09720931947231293
-0.09779129922389984
-0.09693234413862228
-0.09757185727357864
-0.09815384447574615
-0.09734868258237839
-0.09722207486629486
-0.09784625470638275
-0.09733470529317856
-0.09706363826990128
-0.09788424521684647
-0.09713183343410492
-0.0975494384765625
-0.09711232781410217
-0.09777438640594482
-0.09767495095729828
-0.09763550013303757
-0.09762315452098846
-0.09762867540121078
-0.09766004979610443
-0.09769190847873688
-0.09725861251354218
-0.09795786440372467
-0.09774380922317505
-0.09767375886440277
-0.09817992150783539
-0.09729357808828354
-0.09763335436582565
-0.09778095036745071
-0.0977172702550888
-0.09775249660015106
-0.09785868227481842
-0.09793536365032196
-0.09755254536867142
-0.09786361455917358
-0.09813486784696579
-0.09781287610530853
-0.09802351891994476
54.23756790161133
