212.5695037841797
212.5695037841797
164.7865447998047
42.1600227355957
-0.09783101826906204
-0.09788072109222412
-0.09785845130681992
-0.0986846536397934
-0.09718351066112518
-0.0972844734787941
-0.09754011780023575
-0.0975813940167427
-0.09727993607521057
-0.09758178889751434
-0.09751047939062119
-0.09759803116321564
-0.09762920439243317
-0.09728717803955078
-0.09784220159053802
-0.09708069264888763
-0.09756412357091904
-0.09783006459474564
-0.09780970960855484
-0.09770350903272629
-0.09857827425003052
-0.0978163331747055
-0.09727015346288681
-0.0979362353682518
-0.0973697081208229
-0.0982273742556572
-0.09834322333335876
-0.09809834510087967
-0.09690732508897781
-0.09755489230155945
-0.09801524132490158
-0.09809992462396622
-0.09767445921897888
-0.09667572379112244
-0.09779531508684158
-0.09915683418512344
-0.09782768785953522
-0.09754709899425507
-0.09781300276517868
-0.09841019660234451
-0.09750431776046753
-0.09782416373491287
-0.09777882695198059
-0.09601475298404694
-0.09877049922943115
-0.09695634990930557
-0.09670639783143997
-0.09837706387042999
-0.09768737107515335
-0.09864642471075058
-0.09772728383541107
-0.09676943719387054
-0.09769539535045624
-0.09777936339378357
-0.09750845283269882
-0.09784156084060669
-0.09771422296762466
-0.0969410315155983
-0.0976027324795723
-0.09747995436191559
-0.09748335182666779
-0.09688516706228256
-0.09704016149044037
-0.09791050106287003
-0.09754727780818939
-0.0969388335943222
-0.0972399041056633
-0.09787805378437042
-0.09812738001346588
-0.09858658909797668
-0.09732276946306229
-0.09744611382484436
-0.09777767956256866
-0.09644919633865356
-0.09791605919599533
-0.09815673530101776
-0.09746624529361725
-0.09758687019348145
-0.09629426896572113
-0.09743474423885345
-0.09822659194469452
-0.09746436774730682
-0.09748651087284088
-0.09758182615041733
-0.09809575974941254
-0.09880097210407257
-0.09883834421634674
-0.09690041840076447
-0.09874192625284195
-0.09867506474256516
-0.09635968506336212
-0.09822393953800201
-0.09827661514282227
-0.09668056666851044
-0.09752601385116577
31.381851196289062
148.75161743164062
213.70761108398438
168.6489715576172
142.9342803955078
138.9486846923828
126.343994140625
119.69720458984375
120.17884826660156
116.87626647949219
117.7772216796875
118.34751892089844
122.7493896484375
125.045654296875
127.31336975097656
130.8314208984375
134.5419464111328
138.93569946289062
144.24168395996094
147.0172576904297
150.4179229736328
156.09242248535156
161.33340454101562
166.17091369628906
170.6556396484375
174.17083740234375
178.96922302246094
183.53823852539062
189.76107788085938
195.65890502929688
201.10691833496094
205.7874755859375
209.0737762451172
213.29541015625
217.19515991210938
219.63992309570312
219.56674194335938
219.8805694580078
220.973876953125
221.1881866455078
223.49276733398438
229.0081329345703
229.4175262451172
225.59011840820312
225.9454803466797
226.2127685546875
224.4229736328125
229.057373046875
233.552734375
231.6293487548828
228.57470703125
229.4226531982422
227.3915557861328
227.44900512695312
227.38418579101562
226.929931640625
226.82080078125
227.7216033935547
226.9085693359375
228.28366088867188
227.8369598388672
228.3219451904297
228.6837615966797
228.05191040039062
228.30764770507812
229.4411163330078
228.644287109375
229.15603637695312
229.85549926757812
229.3219451904297
230.25625610351562
231.01907348632812
230.39303588867188
231.04641723632812
231.3267059326172
231.30282592773438
231.1002197265625
232.0828094482422
231.70242309570312
232.1630096435547
232.10769653320312
232.78756713867188
232.33578491210938
233.5629119873047
233.2653350830078
233.00259399414062
233.72915649414062
233.6481170654297
233.85684204101562
234.145751953125
234.2231903076172
234.57107543945312
235.1937255859375
234.82894897460938
235.1495819091797
235.2709503173828
235.03256225585938
236.29727172851562
235.4357147216797
236.3992156982422
235.5587921142578
228.4066619873047
185.68533325195312
32.30166244506836
-0.09491804987192154
-0.09935138374567032
-0.09567203372716904
-0.09895920753479004
-0.09746873378753662
-0.09688042849302292
-0.09792538732290268
-0.09749031811952591
-0.09710457921028137
-0.09818194806575775
-0.09755554795265198
-0.09717006981372833
-0.09827926754951477
-0.09771092981100082
-0.09781214594841003
-0.09781460464000702
-0.09774508327245712
-0.0975513830780983
-0.09779389947652817
-0.09789421409368515
-0.09753938019275665
-0.09768997132778168
-0.09780789911746979
-0.09822963923215866
-0.09778332710266113
-0.09738729894161224
-0.09784997999668121
-0.09798627346754074
-0.09835035353899002
-0.09737592935562134
-0.09794925153255463
-0.09776784479618073
-0.09760692715644836
-0.09824700653553009
-0.09784125536680222
-0.09785760939121246
-0.0979904979467392
-0.09696412086486816
-0.09834490716457367
-0.09809443354606628
-0.09763424098491669
-0.09774558246135712
-0.09740383923053741
-0.09830843657255173
-0.09741842746734619
-0.09731069952249527
-0.09737899154424667
-0.09771624952554703
-0.09746112674474716
-0.09818978607654572
-0.09737873822450638
-0.09806670993566513
-0.09740407764911652
-0.09738929569721222
-0.09773550927639008
-0.0973525196313858
-0.09761521965265274
-0.0972418487071991
-0.09752483665943146
-0.09776937961578369
-0.09740583598613739
-0.09717858582735062
-0.0977376252412796
-0.09740305691957474
-0.09710077941417694
-0.0975794866681099
-0.09790518879890442
-0.09693826735019684
-0.09736453741788864
-0.0976843312382698
-0.09740190207958221
-0.09763243049383163
-0.09752778708934784
-0.09737391769886017
-0.09715264290571213
-0.09760873019695282
-0.09783715754747391
-0.09707167744636536
-0.09754752367734909
-0.09769045561552048
-0.0979999527335167
-0.09757862240076065
-0.09726712107658386
-0.09766847640275955
-0.09796073287725449
-0.09793398529291153
-0.09766361862421036
-0.09759689122438431
-0.0980401486158371
-0.09801612794399261
-0.09797768294811249
-0.09739714115858078
-0.09800340980291367
-0.09798958152532578
-0.09830616414546967
-0.09748324006795883
41.5146484375
157.02090454101562
217.28213500976562
146.5252685546875
89.25447082519531
134.2032928466797
138.39710998535156
110.01202392578125
118.96756744384766
123.1164321899414
113.84871673583984
117.35359191894531
119.89405822753906
121.01956939697266
126.65943908691406
129.54434204101562
131.67391967773438
137.0750732421875
142.0209197998047
145.42520141601562
150.04190063476562
152.5606689453125
157.10809326171875
164.07879638671875
168.92469787597656
174.0849609375
178.35153198242188
182.2706756591797
185.79519653320312
191.99542236328125
196.7646484375
202.824462890625
209.30526733398438
213.88656616210938
217.417724609375
221.28323364257812
225.1836700439453
227.21932983398438
223.35330200195312
223.88436889648438
226.5594482421875
223.1308135986328
226.8317413330078
233.09146118164062
232.2091064453125
228.5813751220703
228.9246063232422
227.628173828125
225.67556762695312
231.70870971679688
238.88583374023438
233.27291870117188
230.63772583007812
231.53585815429688
229.4643096923828
229.6537628173828
229.51211547851562
226.39791870117188
227.4203643798828
227.6669158935547
227.7921905517578
229.76266479492188
229.9766845703125
230.71469116210938
232.16140747070312
232.01547241210938
232.68600463867188
232.8731231689453
232.29959106445312
231.7174835205078
229.42739868164062
228.41748046875
227.06640625
227.0017852783203
226.4938507080078
227.3555145263672
228.24911499023438
229.5941162109375
230.37850952148438
231.14871215820312
231.96475219726562
231.9482879638672
232.78878784179688
233.4559783935547
234.55239868164062
235.2817840576172
236.48983764648438
235.89175415039062
236.25595092773438
236.70755004882812
237.0885467529297
237.2005615234375
237.74746704101562
237.5085906982422
237.33779907226562
237.91830444335938
238.0305633544922
238.3311309814453
238.55325317382812
236.7311248779297
235.5048828125
227.162109375
183.66038513183594
31.77426528930664
-0.09537249803543091
-0.09906651079654694
-0.0956135094165802
-0.09894054383039474
-0.09785392880439758
-0.0964835062623024
-0.0978599488735199
-0.09707530587911606
-0.09718744456768036
-0.09805946797132492
-0.09736081957817078
-0.09775203466415405
-0.09802546352148056
-0.09764468669891357
-0.09723062813282013
-0.09791858494281769
-0.0974389985203743
-0.0977778285741806
-0.09763878583908081
-0.09782363474369049
-0.09821294993162155
-0.09766170382499695
-0.09773653000593185
-0.09832661598920822
-0.09775666147470474
-0.09798135608434677
-0.09761609137058258
-0.09774895012378693
-0.09816788136959076
-0.09788568317890167
-0.09711875766515732
-0.09804702550172806
-0.09845452010631561
-0.0978977233171463
-0.09733270853757858
-0.09805092960596085
-0.0974721759557724
-0.09725828468799591
-0.09833484888076782
-0.09778417646884918
-0.09720775485038757
-0.09806056320667267
-0.09815581142902374
-0.0976359099149704
-0.0970652848482132
-0.09735465049743652
-0.09805139899253845
-0.09760009497404099
-0.09733367711305618
-0.09781186282634735
-0.09756951779127121
-0.09807970374822617
-0.09737279266119003
-0.09702111780643463
-0.0982036218047142
-0.09756364673376083
-0.09710691124200821
-0.09826548397541046
-0.09684775769710541
-0.09766753017902374
-0.09778046607971191
-0.09773551672697067
-0.09756089001893997
-0.09736205637454987
-0.09741576015949249
-0.09767667949199677
-0.09753512591123581
-0.09726758301258087
-0.0975254625082016
-0.09754393994808197
-0.09731565415859222
-0.09754202514886856
-0.09792952984571457
-0.09733809530735016
-0.09749127924442291
-0.09778453409671783
-0.09804562479257584
-0.09735109657049179
-0.09755319356918335
-0.09785238653421402
-0.09718795865774155
-0.09758772701025009
-0.09766700118780136
-0.09795881807804108
-0.09756989032030106
-0.09780620038509369
-0.09759148955345154
-0.0975574180483818
-0.09808657318353653
-0.09796126931905746
-0.09748056530952454
-0.09758095443248749
-0.09851771593093872
-0.09760420024394989
-0.09788309037685394
-0.09818758070468903
22.60835838317871
137.3946075439453
203.2332000732422
136.91676330566406
93.28343963623047
144.78323364257812
142.1606903076172
113.79286193847656
119.1310043334961
123.0103759765625
116.7786865234375
123.4686508178711
128.46841430664062
127.93900299072266
133.9864959716797
135.3258819580078
139.92230224609375
147.08447265625
151.01499938964844
155.46127319335938
159.79019165039062
163.56492614746094
168.87648010253906
174.32032775878906
180.85595703125
185.16680908203125
189.05274963378906
191.9222412109375
197.04159545898438
201.80673217773438
206.9314727783203
213.9639434814453
219.89096069335938
223.4284210205078
227.1240997314453
227.5067901611328
223.8312225341797
224.8347930908203
223.6789093017578
222.6942901611328
224.91098022460938
225.4763641357422
225.58740234375
224.7680206298828
224.74258422851562
225.0693359375
223.83065795898438
224.7688446044922
225.10897827148438
227.6024169921875
234.1881866455078
233.70114135742188
229.387451171875
229.9603271484375
229.0324249267578
227.1850128173828
228.0609130859375
228.01339721679688
227.4928436279297
228.27523803710938
228.518310546875
227.92196655273438
228.11654663085938
228.86148071289062
228.27188110351562
228.99032592773438
228.7683563232422
229.3919677734375
229.63644409179688
229.6998748779297
230.1805877685547
230.423095703125
230.7417449951172
231.1285858154297
230.5067901611328
231.83071899414062
231.06924438476562
231.69100952148438
232.16647338867188
231.8439483642578
232.6302947998047
232.85910034179688
232.70425415039062
232.87582397460938
233.0828399658203
233.8118133544922
233.17544555664062
234.1269073486328
234.097412109375
233.95730590820312
234.70724487304688
234.7239990234375
234.4779815673828
235.30429077148438
235.5592041015625
234.4116668701172
235.590576171875
235.4724884033203
235.5099639892578
236.06454467773438
235.95370483398438
228.757568359375
186.72837829589844
33.07373809814453
-0.0952664464712143
-0.0991976410150528
-0.09550745040178299
-0.09914661198854446
-0.09766236692667007
-0.09644908457994461
-0.09781838208436966
-0.09771312028169632
-0.09720173478126526
-0.09788394719362259
-0.09741193056106567
-0.09751464426517487
-0.09866948425769806
-0.09760897606611252
-0.09734730422496796
-0.09796116501092911
-0.09760583192110062
-0.09790229052305222
-0.09784641116857529
-0.09742952883243561
-0.09771867096424103
-0.09795939177274704
-0.09798164665699005
-0.09792343527078629
-0.09787221252918243
-0.09748731553554535
-0.09790591895580292
-0.09778750687837601
-0.09811501204967499
-0.0975903868675232
-0.09757266193628311
-0.09730912744998932
-0.09824830293655396
-0.09807370603084564
-0.09743422269821167
-0.09811528772115707
-0.09789027273654938
-0.09707681089639664
-0.09865764528512955
-0.0976603776216507
-0.09747873991727829
-0.09802858531475067
-0.09810535609722137
-0.09735968708992004
-0.09728728234767914
-0.09794579446315765
-0.09785859286785126
-0.09761197865009308
-0.09740210324525833
-0.09827589988708496
-0.09763750433921814
-0.09722726792097092
-0.0979139506816864
-0.09698834270238876
-0.09752348810434341
-0.09789323061704636
-0.09712633490562439
-0.09781421720981598
-0.09748458862304688
-0.09726730734109879
-0.09734253585338593
-0.09773009270429611
-0.09753837436437607
-0.09708119183778763
-0.09809433668851852
-0.09732005000114441
-0.0973232239484787
-0.09764394909143448
-0.09683289378881454
-0.0976272001862526
-0.09786815941333771
-0.0970173105597496
-0.09753227233886719
-0.09781644493341446
-0.09759070724248886
-0.09704367816448212
-0.09729223698377609
-0.0973883718252182
-0.09817683696746826
-0.09768084436655045
-0.09754987061023712
-0.09773514419794083
-0.09730841964483261
-0.09794089943170547
-0.09758420288562775
-0.09787100553512573
-0.09787765145301819
-0.09731660783290863
-0.09775882959365845
-0.09786303341388702
-0.09766407310962677
-0.09790404886007309
-0.09807185083627701
-0.09797877818346024
-0.09763605147600174
-0.09821231663227081
53.99415969848633
167.7979278564453
225.2726593017578
150.47714233398438
93.90225219726562
140.64627075195312
146.9562225341797
108.75823974609375
110.60643005371094
115.49092102050781
108.38710021972656
112.1937255859375
116.7532730102539
114.82328033447266
121.24085998535156
127.09669494628906
129.28842163085938
135.26315307617188
137.5265655517578
142.4142608642578
149.1029510498047
154.3994140625
159.36624145507812
164.33181762695312
168.58705139160156
171.31167602539062
177.96633911132812
183.79066467285156
189.69631958007812
194.5673828125
198.53211975097656
202.9499969482422
206.144287109375
211.8584747314453
217.45346069335938
223.04269409179688
230.2290496826172
231.3989715576172
226.90011596679688
225.3634796142578
230.69259643554688
235.17538452148438
233.76611328125
231.8354949951172
231.61599731445312
229.6477508544922
227.6648712158203
227.0886688232422
224.6099090576172
225.45486450195312
229.4814453125
229.5574951171875
228.5334014892578
229.6923065185547
225.81869506835938
223.6360321044922
228.6251678466797
234.294189453125
233.16635131835938
230.787353515625
232.2283172607422
231.7745361328125
231.6297607421875
231.1050262451172
230.1841583251953
229.34097290039062
228.916259765625
228.1443634033203
228.4239959716797
228.51333618164062
229.07217407226562
229.3900909423828
230.53878784179688
231.3850860595703
231.97665405273438
233.0327911376953
232.9659423828125
233.40328979492188
233.78726196289062
234.50491333007812
233.56375122070312
233.90060424804688
233.5087432861328
232.9790496826172
233.21035766601562
232.56069946289062
232.8295135498047
232.3054656982422
232.45272827148438
232.448486328125
232.74948120117188
232.75180053710938
232.5860137939453
233.46914672851562
233.5260772705078
234.3022918701172
235.02987670898438
234.8784942626953
235.37600708007812
235.7573699951172
235.9042205810547
228.59945678710938
185.8538818359375
32.48627471923828
-0.09526100009679794
-0.0993979424238205
-0.09547971189022064
-0.09905129671096802
-0.09792204201221466
-0.09630455821752548
-0.09781422466039658
-0.09751726686954498
-0.09681276977062225
-0.09813635796308517
-0.09773906320333481
-0.09743788093328476
-0.09822539240121841
-0.09752556681632996
-0.09754292666912079
-0.09798852354288101
-0.09749870747327805
-0.09792889654636383
-0.09739221632480621
-0.09789518266916275
-0.09764927625656128
-0.09757207334041595
-0.09819058328866959
-0.09771086275577545
-0.09762687981128693
-0.09788729250431061
-0.09756717085838318
-0.0979887843132019
-0.09844964742660522
-0.09748624265193939
-0.09780021756887436
-0.09793940931558609
-0.09762120246887207
-0.09828504920005798
-0.09745388478040695
-0.09774976968765259
-0.09800873696804047
-0.09728066623210907
-0.09834124892950058
-0.09734854847192764
-0.09752486646175385
-0.09822291135787964
-0.09781993925571442
-0.09783618152141571
-0.09749623388051987
-0.09724771231412888
-0.09797289967536926
-0.09762732684612274
-0.09771835058927536
-0.09772473573684692
-0.09757734090089798
-0.09751182049512863
-0.09767559915781021
-0.09684626758098602
-0.09803212434053421
-0.09758760780096054
-0.09731848537921906
-0.09778176993131638
-0.09756400436162949
-0.09701045602560043
-0.09772083163261414
-0.0971122458577156
-0.09788878262042999
-0.09709466248750687
-0.0976528599858284
-0.0978829637169838
-0.09713651984930038
-0.09725261479616165
-0.09712757915258408
-0.09775374829769135
-0.09720088541507721
-0.09742479026317596
-0.0973965972661972
-0.09768196940422058
-0.09720541536808014
-0.09758499264717102
-0.09752042591571808
-0.09741462022066116
-0.097930409014225
-0.09764672815799713
-0.09753531217575073
-0.09779497981071472
-0.09751211106777191
-0.09807968139648438
-0.09748347103595734
-0.09771618992090225
-0.09788458049297333
-0.09803556650876999
-0.09746439754962921
-0.09816430509090424
-0.09808801114559174
-0.09743882715702057
-0.09782995283603668
-0.09749487787485123
-0.09835930168628693
-0.09825117886066437
31.51483154296875
148.38160705566406
208.1083221435547
136.77342224121094
89.586669921875
139.58853149414062
137.40972900390625
109.92826843261719
115.49327087402344
119.28592681884766
114.0439224243164
120.39945220947266
125.2203369140625
125.25700378417969
131.00747680664062
132.75344848632812
136.87655639648438
144.02975463867188
148.02760314941406
152.40675354003906
156.4552764892578
161.46275329589844
165.89190673828125
171.5391387939453
178.0147247314453
182.5029296875
186.61312866210938
189.55764770507812
194.7183074951172
199.4769744873047
204.7973175048828
212.3599090576172
218.0233612060547
221.4988555908203
225.80557250976562
225.82736206054688
223.0351104736328
224.1881103515625
223.04531860351562
222.8970489501953
224.74380493164062
225.8364715576172
226.05856323242188
224.29464721679688
225.4718780517578
224.47537231445312
224.0447540283203
224.7871551513672
224.82180786132812
227.79061889648438
233.8849334716797
234.0869598388672
229.1820831298828
229.96218872070312
228.8837890625
227.3237762451172
227.8428192138672
228.222412109375
227.03323364257812
228.1689453125
228.80224609375
227.7334442138672
228.95773315429688
228.4646759033203
228.3991241455078
228.97119140625
228.9170379638672
229.08493041992188
229.96762084960938
229.57095336914062
230.2661590576172
230.4163818359375
230.29171752929688
231.286865234375
231.3136444091797
231.1850128173828
231.2382354736328
231.74490356445312
231.86923217773438
232.16928100585938
232.22573852539062
232.6869659423828
233.2119598388672
232.4925994873047
233.689208984375
232.9093780517578
233.517822265625
234.0224609375
233.5298614501953
234.78280639648438
233.9126434326172
234.7449188232422
234.7813720703125
234.86978149414062
235.0975341796875
235.3386993408203
234.8634796142578
235.8330535888672
235.76321411132812
236.21707153320312
235.95346069335938
228.3195343017578
186.32310485839844
32.36345672607422
-0.09507972002029419
-0.09944645315408707
-0.09533576667308807
-0.09936416894197464
-0.0976397916674614
-0.09668789058923721
-0.09802795946598053
-0.09735027700662613
-0.0971403494477272
-0.0979309231042862
-0.09685324132442474
-0.09790019690990448
-0.09805748611688614
-0.09738798439502716
-0.09778506308794022
-0.09760399162769318
-0.09757427871227264
-0.09792919456958771
-0.09763006865978241
-0.09770350903272629
-0.0974547490477562
-0.09794232249259949
-0.09790971130132675
-0.09773392975330353
-0.09817814826965332
-0.09725581109523773
-0.09796305000782013
-0.0978446751832962
-0.09814640879631042
-0.09752187877893448
-0.09834940731525421
-0.09770924597978592
-0.09727952629327774
-0.09835150092840195
-0.09722240269184113
-0.09807208925485611
-0.09805692732334137
-0.09719862788915634
-0.0978640541434288
-0.09779384732246399
-0.09770944714546204
-0.09796123206615448
-0.09823291003704071
-0.09722654521465302
-0.09775947034358978
-0.09775284677743912
-0.09742468595504761
-0.09731173515319824
-0.09785644710063934
-0.09785035252571106
-0.09738844633102417
-0.0974285826086998
-0.09836962819099426
-0.09698565304279327
-0.09802860766649246
-0.09730448573827744
-0.09675668179988861
-0.09813791513442993
-0.0974101573228836
-0.09716073423624039
-0.09802894294261932
-0.09710989892482758
-0.09778928756713867
-0.0973411276936531
-0.09695961326360703
-0.09780126810073853
-0.09745700657367706
-0.09771661460399628
-0.09718747437000275
-0.097407266497612
-0.0976005420088768
-0.09750069677829742
-0.09757125377655029
-0.09734387695789337
-0.09747198969125748
-0.0973547175526619
-0.09744896739721298
-0.09730047732591629
-0.0978710874915123
-0.09798632562160492
-0.09730751812458038
-0.09786415845155716
-0.09757895767688751
-0.09751660376787186
-0.09781899303197861
-0.09782619774341583
-0.09746043384075165
-0.09769722819328308
-0.0981181189417839
-0.09756457060575485
-0.09810560941696167
-0.09743329882621765
-0.09801492840051651
-0.09837274253368378
-0.09743300825357437
-0.09838536381721497
54.04949188232422
168.00375366210938
235.3885040283203
170.73072814941406
113.8234634399414
104.56683349609375
96.14419555664062
87.59858703613281
87.80900573730469
86.45647430419922
87.07586669921875
92.07118225097656
95.1024398803711
99.2823486328125
103.7389144897461
108.5462646484375
112.34098815917969
116.78065490722656
121.69368743896484
125.09934997558594
131.38449096679688
137.60865783691406
141.69761657714844
146.44781494140625
148.64346313476562
153.60850524902344
159.65057373046875
164.6593017578125
171.7736358642578
178.33084106445312
182.96185302734375
187.31600952148438
192.24046325683594
195.63644409179688
200.9312744140625
207.590087890625
213.2251434326172
219.78274536132812
224.44802856445312
223.885986328125
222.48995971679688
223.69595336914062
225.055908203125
226.01553344726562
224.718505859375
223.95761108398438
225.1447296142578
224.173583984375
227.5686492919922
233.57296752929688
232.6454620361328
229.115234375
229.3408203125
228.55874633789062
227.27078247070312
226.95840454101562
228.3380889892578
227.0653839111328
227.5740966796875
228.3741455078125
227.1206512451172
228.2914276123047
228.8833770751953
227.6457061767578
228.9576416015625
228.52340698242188
228.7449493408203
229.87060546875
229.4861297607422
229.73361206054688
230.04483032226562
230.59988403320312
230.83566284179688
230.76193237304688
231.3862762451172
230.8469696044922
231.13552856445312
232.1083221435547
231.8617706298828
232.2072296142578
232.49618530273438
232.47067260742188
232.8027801513672
232.9080810546875
232.85598754882812
233.80172729492188
233.5977783203125
233.43374633789062
234.6679229736328
234.0859375
234.584716796875
234.3190155029297
234.7432098388672
235.55197143554688
235.1479034423828
235.3003387451172
235.18392944335938
235.3449249267578
235.96890258789062
236.25613403320312
235.47705078125
229.31887817382812
184.63455200195312
31.227294921875
-0.09523642808198929
-0.09964653849601746
-0.09580288827419281
-0.09907138347625732
-0.09757094085216522
-0.09701952338218689
-0.09781403839588165
-0.09741745889186859
-0.09736424684524536
-0.09754608571529388
-0.09783864766359329
-0.09753861278295517
-0.09805329889059067
-0.09759031981229782
-0.09837646782398224
-0.09748487919569016
-0.09749455004930496
-0.09832222014665604
-0.09765144437551498
-0.09771247208118439
-0.0973040908575058
-0.09825098514556885
-0.09765474498271942
-0.09784393012523651
-0.0981590673327446
-0.09775189310312271
-0.09797058999538422
-0.09807093441486359
-0.0980769544839859
-0.0974273830652237
-0.09746845811605453
-0.09806206077337265
-0.09807056188583374
-0.09829629212617874
-0.09751413762569427
-0.0975736677646637
-0.09807740151882172
-0.09730809926986694
-0.09788524359464645
-0.09788960963487625
-0.09777035564184189
-0.09788568317890167
-0.09744220972061157
-0.09777308255434036
-0.09706667065620422
-0.09776778519153595
-0.09816470742225647
-0.09750815480947495
-0.09711360931396484
-0.09802538901567459
-0.09803023189306259
-0.09734508395195007
-0.09762011468410492
-0.09716366231441498
-0.09708783030509949
-0.09813310205936432
-0.09794425219297409
-0.09749141335487366
-0.09668860584497452
-0.0976337417960167
-0.09741464257240295
-0.09765420854091644
-0.09769454598426819
-0.09681674838066101
-0.09755365550518036
-0.09774596989154816
-0.097322478890419
-0.09762848913669586
-0.09722229093313217
-0.09779699146747589
-0.0970195010304451
-0.09787409007549286
-0.09738770127296448
-0.09736630320549011
-0.09746744483709335
-0.09752863645553589
-0.09761197865009308
-0.09781546890735626
-0.09751711785793304
-0.09751076251268387
-0.09747398644685745
-0.09750010818243027
-0.09756572544574738
-0.09797753393650055
-0.09732978045940399
-0.09780116379261017
-0.09753506630659103
-0.09758243709802628
-0.09788013249635696
-0.0978398472070694
-0.09761235117912292
-0.09756786376237869
-0.0976545438170433
-0.09840713441371918
-0.09823289513587952
-0.09723089635372162
41.91913604736328
159.1751708984375
208.5614013671875
125.90931701660156
71.17749786376953
128.30178833007812
127.40541076660156
104.10679626464844
112.6887435913086
115.17155456542969
110.61442565917969
116.20347595214844
118.81028747558594
119.27764892578125
125.35372161865234
126.0879898071289
127.0683364868164
132.873291015625
137.56614685058594
141.14125061035156
146.8096923828125
148.7141876220703
152.77664184570312
158.8517303466797
163.92758178710938
170.23721313476562
175.61483764648438
178.8892364501953
182.22569274902344
188.09217834472656
191.61520385742188
198.74691772460938
204.54653930664062
210.3262176513672
216.96005249023438
221.2279510498047
224.97494506835938
224.073486328125
221.8895263671875
221.5811004638672
221.83285522460938
221.37503051757812
228.1988983154297
234.1697540283203
229.7386932373047
225.5333709716797
224.4256134033203
222.66195678710938
223.50704956054688
231.08261108398438
239.6085968017578
237.04513549804688
234.178466796875
235.28262329101562
231.0762176513672
228.33358764648438
226.98599243164062
225.59054565429688
228.6022186279297
230.6598358154297
233.28720092773438
235.09262084960938
235.3946533203125
234.15841674804688
232.9187469482422
230.9452362060547
228.976318359375
228.45346069335938
226.97116088867188
227.2191162109375
226.7996368408203
227.5253448486328
228.3633270263672
229.302490234375
231.7351837158203
232.7405548095703
234.9047393798828
234.4257049560547
234.72006225585938
234.84762573242188
235.1443634033203
234.36325073242188
234.9616241455078
234.0689697265625
234.70437622070312
235.2021484375
235.4896240234375
235.12789916992188
234.54052734375
234.94540405273438
234.9940185546875
235.06179809570312
234.7887420654297
235.79489135742188
236.2447509765625
236.0390625
235.90603637695312
236.5101318359375
236.71127319335938
236.1419677734375
235.90505981445312
227.85220336914062
187.85462951660156
36.356224060058594
-0.0951509028673172
-0.09978426992893219
-0.0958663672208786
-0.09835518151521683
-0.09753669798374176
-0.09704997390508652
-0.09769497811794281
-0.09706638753414154
-0.09749923646450043
-0.0979701355099678
-0.09739942848682404
-0.09758137166500092
-0.09793822467327118
-0.09743162989616394
-0.09785519540309906
-0.09763789176940918
-0.09743382781744003
-0.09816394001245499
-0.09733854234218597
-0.09781801700592041
-0.09767250716686249
-0.09812049567699432
-0.09757071733474731
-0.09814530611038208
-0.09742571413516998
-0.09748326987028122
-0.09776312857866287
-0.09815879911184311
-0.09778355062007904
-0.09789154678583145
-0.0980074405670166
-0.09751530736684799
-0.09774641692638397
-0.09805721789598465
-0.09734799712896347
-0.0981113538146019
-0.0977291613817215
-0.09748921543359756
-0.0978689193725586
-0.09760387241840363
-0.09725150465965271
-0.09812275320291519
-0.09738937020301819
-0.09780217707157135
-0.09796570241451263
-0.09724965691566467
-0.0975101962685585
-0.09752510488033295
-0.09766046702861786
-0.09781884402036667
-0.09726818650960922
-0.09775672852993011
-0.09757005423307419
-0.09725738316774368
-0.09784691780805588
-0.09736624360084534
-0.09742466360330582
-0.09781919419765472
-0.09720408916473389
-0.09790897369384766
-0.09729526191949844
-0.09740688651800156
-0.09797828644514084
-0.09716231375932693
-0.09782842546701431
-0.09741868078708649
-0.09717024862766266
-0.09747656434774399
-0.09740574657917023
-0.09788310527801514
-0.09711689502000809
-0.09762252867221832
-0.09729711711406708
-0.09735474735498428
-0.09792199730873108
-0.09732857346534729
-0.0977325588464737
-0.09760524332523346
-0.09771014004945755
-0.09739021211862564
-0.09716738760471344
-0.09789019823074341
-0.09751056134700775
-0.09777770191431046
-0.09765163064002991
-0.09694775193929672
-0.09793548285961151
-0.0976259708404541
-0.09788795560598373
-0.097747303545475
-0.09736420214176178
-0.0981457456946373
-0.09788734465837479
-0.09757030755281448
-0.09801323711872101
-0.09819123148918152
22.556644439697266
136.94827270507812
202.2941131591797
135.48272705078125
91.06987762451172
139.5070037841797
141.22023010253906
107.26888275146484
113.61683654785156
115.50248718261719
108.84138488769531
115.3183822631836
119.48531341552734
120.0741958618164
127.1045150756836
129.12020874023438
133.10861206054688
139.616943359375
143.29196166992188
147.17739868164062
151.23641967773438
156.18751525878906
162.62966918945312
167.91311645507812
172.852783203125
176.7368621826172
180.91070556640625
184.551025390625
190.21511840820312
195.32174682617188
200.97845458984375
207.7810821533203
212.81320190429688
215.9656219482422
219.75830078125
224.6881561279297
229.8138885498047
231.2533721923828
227.95071411132812
226.56649780273438
225.2655029296875
221.8009490966797
226.2994842529297
232.5941162109375
232.40341186523438
229.7191925048828
229.870361328125
227.8125457763672
226.54043579101562
230.9765167236328
236.0868377685547
234.1249237060547
230.69589233398438
233.3634033203125
231.5924835205078
230.7622528076172
228.18441772460938
225.7132110595703
226.00479125976562
226.11141967773438
227.6312255859375
228.5293731689453
230.47976684570312
230.9051055908203
233.3487548828125
233.8158416748047
233.4988250732422
233.3410186767578
232.11331176757812
229.9582061767578
228.2019500732422
226.9545135498047
225.15927124023438
224.9662322998047
226.20828247070312
227.3715057373047
228.4158172607422
230.4820556640625
231.6344451904297
232.14083862304688
233.7547149658203
233.0830535888672
234.2716827392578
234.57534790039062
235.5434112548828
235.597412109375
235.390625
236.1754913330078
236.1854705810547
236.65560913085938
236.20449829101562
237.05667114257812
237.02792358398438
236.6263427734375
236.1507568359375
235.6005859375
235.04586791992188
235.2186279296875
235.40042114257812
235.1856689453125
234.7897491455078
226.92648315429688
184.1361846923828
32.099483489990234
-0.09522900730371475
-0.09918464720249176
-0.09568111598491669
-0.0988197848200798
-0.09743057191371918
-0.09666521847248077
-0.09762956947088242
-0.09758534282445908
-0.09705093502998352
-0.09746814519166946
-0.09789731353521347
-0.0972817987203598
-0.0983605831861496
-0.0972546711564064
-0.0977005884051323
-0.09798664599657059
-0.09783051162958145
-0.09766457974910736
-0.09755179286003113
-0.09758319705724716
-0.09788307547569275
-0.09777507185935974
-0.09770502895116806
-0.09781596809625626
-0.09783224761486053
-0.09757663309574127
-0.09782256931066513
-0.09785818308591843
-0.09775455296039581
-0.09797494858503342
-0.09686624258756638
-0.09800411015748978
-0.09850335866212845
-0.09770802408456802
-0.09765588492155075
-0.09825871139764786
-0.09793488681316376
-0.09727109223604202
-0.09761134535074234
-0.09806184470653534
-0.09760906547307968
-0.09822092950344086
-0.09778276830911636
-0.09724189341068268
-0.09769324958324432
-0.09791658818721771
-0.09754671156406403
-0.09721995890140533
-0.09761826694011688
-0.09784606099128723
-0.09772652387619019
-0.09759537130594254
-0.09751775115728378
-0.0976577028632164
-0.0974431037902832
-0.09689532965421677
-0.0975680947303772
-0.09781406819820404
-0.09751641750335693
-0.09754042327404022
-0.09733296930789948
-0.09790922701358795
-0.09750138223171234
-0.09732203930616379
-0.09741546213626862
-0.09701154381036758
-0.09731133282184601
-0.09751878678798676
-0.09828008711338043
-0.09755770862102509
-0.09699033200740814
-0.0974646806716919
-0.09779616445302963
-0.09766890108585358
-0.09739255905151367
-0.09721250087022781
-0.09759701788425446
-0.09766543656587601
-0.09729448705911636
-0.09735182672739029
-0.0983872190117836
-0.09766947478055954
-0.09727790206670761
-0.09767882525920868
-0.09809854626655579
-0.09792777895927429
-0.09744079411029816
-0.09741441905498505
-0.09812676161527634
-0.09770608693361282
-0.09762240946292877
-0.09736354649066925
-0.09786060452461243
-0.09797528386116028
-0.09811769425868988
-0.09812707453966141
53.736000061035156
168.18179321289062
224.7867431640625
150.92959594726562
91.68898010253906
140.8577117919922
149.22824096679688
113.25787353515625
117.37797546386719
123.00406646728516
116.98179626464844
120.6642074584961
126.23567962646484
124.6176986694336
130.4441680908203
132.08023071289062
132.2706298828125
138.30674743652344
142.75601196289062
146.54794311523438
151.51528930664062
153.8185272216797
158.20687866210938
163.68789672851562
168.9370880126953
175.38584899902344
180.3125457763672
184.12974548339844
187.09217834472656
192.5099334716797
196.81153869628906
203.42367553710938
210.4413604736328
215.2510986328125
220.46389770507812
220.21029663085938
217.54367065429688
216.6633758544922
218.1472930908203
218.59774780273438
224.50167846679688
231.2509307861328
230.28970336914062
225.71920776367188
223.8571319580078
223.09481811523438
221.6019744873047
229.349365234375
237.8701934814453
233.852294921875
231.6563720703125
231.23355102539062
226.874267578125
224.9425811767578
224.88516235351562
224.57431030273438
231.32498168945312
240.05410766601562
239.22872924804688
236.9323272705078
237.8970184326172
234.60934448242188
231.3155975341797
228.75460815429688
225.2664337158203
226.6980438232422
227.4306640625
230.0653533935547
232.61740112304688
233.95034790039062
235.8045196533203
237.17556762695312
237.95156860351562
238.45590209960938
237.30020141601562
236.2923583984375
233.9815673828125
231.3309783935547
229.92446899414062
227.9746551513672
227.15805053710938
226.6230926513672
226.3791046142578
227.793701171875
228.0625762939453
229.90982055664062
231.20986938476562
232.12973022460938
232.29733276367188
233.18234252929688
233.65115356445312
233.97085571289062
235.05911254882812
234.67953491210938
235.3185272216797
235.8378143310547
236.16482543945312
235.78628540039062
236.2389678955078
235.2130584716797
233.93948364257812
225.6113739013672
182.02391052246094
29.303974151611328
-0.0955379530787468
-0.09947100281715393
-0.0957992821931839
-0.09888441115617752
-0.09800632297992706
-0.09626616537570953
-0.09798064827919006
-0.09723005443811417
-0.09743006527423859
-0.09800407290458679
-0.09764735400676727
-0.09747844189405441
-0.0981006845831871
-0.09734390676021576
-0.09766583889722824
-0.09805682301521301
-0.09764416515827179
-0.09760509431362152
-0.09784744679927826
-0.09795387834310532
-0.09744981676340103
-0.09811155498027802
-0.09813825786113739
-0.09803466498851776
-0.09753413498401642
-0.09762303531169891
-0.09761077910661697
-0.09830444306135178
-0.09784181416034698
-0.09804244339466095
-0.09805452823638916
-0.09766388684511185
-0.09762237221002579
-0.09804651141166687
-0.09784932434558868
-0.09828168898820877
-0.09764395654201508
-0.09744177013635635
-0.09780964255332947
-0.0986533910036087
-0.09707155078649521
-0.09781907498836517
-0.09806348383426666
-0.09776559472084045
-0.09718722105026245
-0.09798914194107056
-0.0979674682021141
-0.09723718464374542
-0.09751754999160767
-0.09798072278499603
-0.09817633777856827
-0.09738793224096298
-0.09717792272567749
-0.0973324179649353
-0.09758685529232025
-0.09793509542942047
-0.09749212861061096
-0.09781165421009064
-0.09714337438344955
-0.09764587134122849
-0.0974281057715416
-0.09762377291917801
-0.09806354343891144
-0.09692616760730743
-0.09758655726909637
-0.09745822101831436
-0.09749987721443176
-0.09758719801902771
-0.09708390384912491
-0.09766064584255219
-0.09719660133123398
-0.09739701449871063
-0.09756583720445633
-0.09723736345767975
-0.09781409800052643
-0.09780777990818024
-0.09695897996425629
-0.09785391390323639
-0.09875447303056717
-0.09704779088497162
-0.09763108193874359
-0.09823600202798843
-0.09713899344205856
-0.09802225977182388
-0.09781613200902939
-0.09764990955591202
-0.09793561697006226
-0.09749257564544678
-0.09758622199296951
-0.0979979857802391
-0.0977942943572998
-0.09772238880395889
-0.09771312773227692
-0.09781701117753983
-0.09854304045438766
-0.09792545437812805
31.42854881286621
148.53240966796875
210.04379272460938
138.58497619628906
90.5152587890625
139.39553833007812
144.1978759765625
115.33656311035156
124.6353988647461
129.02362060546875
120.58491516113281
122.73616790771484
125.74934387207031
126.89045715332031
131.75653076171875
135.45225524902344
137.48130798339844
141.9383087158203
147.4309844970703
151.01754760742188
154.91542053222656
158.16175842285156
162.6758575439453
169.65492248535156
174.21978759765625
179.41897583007812
183.2821807861328
187.3802947998047
190.63938903808594
196.70437622070312
201.39566040039062
207.5082244873047
214.5944366455078
218.13772583007812
222.8325958251953
226.81948852539062
229.9097900390625
229.78616333007812
224.9506072998047
225.56643676757812
225.5517578125
222.35977172851562
228.4400177001953
235.2581024169922
231.1652374267578
226.7797393798828
227.2697296142578
225.958740234375
225.8889617919922
232.6306610107422
238.662353515625
233.8008575439453
229.21340942382812
230.672119140625
229.23312377929688
228.3457794189453
229.05838012695312
227.96780395507812
228.44473266601562
227.29931640625
227.02157592773438
229.46389770507812
228.95321655273438
229.42489624023438
229.38137817382812
230.1287078857422
230.0031280517578
229.998779296875
229.9372100830078
229.648193359375
229.7843780517578
230.0111541748047
229.49911499023438
230.02511596679688
230.0393829345703
228.5613250732422
227.9287567138672
228.9692840576172
230.26913452148438
230.1982879638672
230.98458862304688
231.01541137695312
231.6824188232422
231.81314086914062
232.0209503173828
232.9071502685547
232.6824188232422
232.7659912109375
233.4564208984375
233.5800018310547
233.75143432617188
233.4835662841797
233.5343780517578
233.94888305664062
234.36178588867188
234.9198760986328
235.02072143554688
234.955078125
235.230712890625
234.4029541015625
234.92587280273438
227.5960693359375
184.58168029785156
31.12674331665039
-0.09566665440797806
-0.099061980843544
-0.09535149484872818
-0.09930595010519028
-0.09764387458562851
-0.09656606614589691
-0.09787040203809738
-0.09738393127918243
-0.09729234874248505
-0.09841044247150421
-0.09715114533901215
-0.0975702702999115
-0.09827608615159988
-0.09739750623703003
-0.09750346094369888
-0.09793376177549362
-0.09751942753791809
-0.09760122746229172
-0.09785942733287811
-0.09779241681098938
-0.09763186424970627
-0.09772486239671707
-0.09813319146633148
-0.09785693883895874
-0.09757743775844574
-0.09790181368589401
-0.09761582314968109
-0.09799854457378387
-0.0978805273771286
-0.09786924719810486
-0.09762739390134811
-0.09781116992235184
-0.0980287715792656
-0.0977461114525795
-0.09779953211545944
-0.09818757325410843
-0.09784451127052307
-0.09706872701644897
-0.09790496528148651
-0.0979183092713356
-0.09735902398824692
-0.0980033203959465
-0.0977666899561882
-0.0980316549539566
-0.0973321944475174
-0.09760294109582901
-0.0975402295589447
-0.09748362004756927
-0.0973464623093605
-0.09831778705120087
-0.09751752763986588
-0.09753675758838654
-0.09752824157476425
-0.09703141450881958
-0.09773604571819305
-0.09777297079563141
-0.09716342389583588
-0.09761529415845871
-0.09732060134410858
-0.09746787697076797
-0.09798364341259003
-0.09706442058086395
-0.09759704768657684
-0.09755779057741165
-0.09705255925655365
-0.09797992557287216
-0.09751713275909424
-0.09711257368326187
-0.09744968265295029
-0.09810391813516617
-0.09699559211730957
-0.09736528992652893
-0.0980081707239151
-0.09696348011493683
-0.09788057953119278
-0.09726306796073914
-0.09791435301303864
-0.09774361550807953
-0.09763915836811066
-0.09776730835437775
-0.09759947657585144
-0.0979423001408577
-0.09763062745332718
-0.09779804944992065
-0.09770343452692032
-0.09754317998886108
-0.09822458028793335
-0.09723913669586182
-0.09778265655040741
-0.09840342402458191
-0.09725581854581833
-0.09822903573513031
-0.09774313867092133
-0.09763430058956146
-0.09831177443265915
-0.09786933660507202
31.50815200805664
146.28857421875
207.06521606445312
136.62100219726562
90.73051452636719
141.34471130371094
138.96475219726562
111.1633071899414
116.7034912109375
120.55516052246094
115.2840347290039
121.82125091552734
126.2557601928711
126.54683685302734
132.36111450195312
133.78067016601562
137.96084594726562
145.12118530273438
149.66233825683594
153.9864044189453
158.4533233642578
162.70652770996094
167.09439086914062
173.44085693359375
179.71206665039062
184.63638305664062
188.35159301757812
190.97352600097656
195.895751953125
200.89479064941406
206.3558349609375
213.1207733154297
217.42025756835938
222.0162353515625
225.71273803710938
225.59542846679688
223.25711059570312
223.7459716796875
223.31240844726562
222.492431640625
224.7322540283203
225.7302703857422
226.1453399658203
225.03402709960938
225.09524536132812
224.51766967773438
224.12612915039062
224.9892578125
225.08065795898438
227.53524780273438
233.9750518798828
233.93215942382812
228.8665313720703
230.24234008789062
228.94210815429688
227.1515350341797
228.20620727539062
228.0732879638672
227.65206909179688
227.99478149414062
228.16299438476562
228.3359375
228.57522583007812
228.24221801757812
228.48556518554688
228.96078491210938
228.8396759033203
229.3431396484375
229.4900360107422
229.8042755126953
230.23828125
229.9973602294922
230.9214324951172
230.8444366455078
230.9932098388672
231.71823120117188
231.11880493164062
231.8809814453125
232.3602294921875
231.62265014648438
232.89932250976562
232.31930541992188
232.63803100585938
232.79080200195312
233.23934936523438
233.71743774414062
233.4796600341797
233.8624725341797
233.9004364013672
233.5847930908203
234.78244018554688
234.4736785888672
234.954833984375
234.59365844726562
235.3184814453125
235.1759490966797
235.33486938476562
235.62197875976562
235.9751739501953
236.4579620361328
235.34170532226562
227.9277801513672
186.7407989501953
33.31432342529297
-0.09530307352542877
-0.09934090077877045
-0.09531594812870026
-0.09921073913574219
-0.09795594215393066
-0.09660910815000534
-0.09809929877519608
-0.09711676836013794
-0.09730053693056107
-0.09783297777175903
-0.09791864454746246
-0.09720347821712494
-0.097931869328022
-0.09772615134716034
-0.09737928956747055
-0.0980156734585762
-0.09763695299625397
-0.09771161526441574
-0.09792649745941162
-0.09780619293451309
-0.09754721820354462
-0.09798698127269745
-0.09808961302042007
-0.09802721440792084
-0.098394013941288
-0.09778400510549545
-0.09719514846801758
-0.0979485958814621
-0.09828656166791916
-0.09798618406057358
-0.09712640941143036
-0.0979449525475502
-0.09796250611543655
-0.09788540750741959
-0.09775739163160324
-0.09841255098581314
-0.09793734550476074
-0.09726239740848541
-0.09824921190738678
-0.09771888703107834
-0.09768732637166977
-0.09832994639873505
-0.09759368747472763
-0.09767649322748184
-0.09718678146600723
-0.09774168580770493
-0.09830760955810547
-0.0975399762392044
-0.09716496616601944
-0.0980120450258255
-0.09785561263561249
-0.09751486778259277
-0.0974169671535492
-0.09742185473442078
-0.09749194234609604
-0.09796757996082306
-0.09735234826803207
-0.09795168042182922
-0.09715203195810318
-0.09733358770608902
-0.09775733202695847
-0.09759017825126648
-0.09766779839992523
-0.0970485582947731
-0.09739772975444794
-0.0976404994726181
-0.09742216020822525
-0.09785021841526031
-0.0973009318113327
-0.09728411585092545
-0.09788700193166733
-0.09727971255779266
-0.09756186604499817
-0.09764273464679718
-0.09764298796653748
-0.09723853319883347
-0.09801598638296127
-0.09718969464302063
-0.09778545796871185
-0.09787578135728836
-0.0972650796175003
-0.09757786244153976
-0.09777224808931351
-0.0981287881731987
-0.09737847000360489
-0.09739134460687637
-0.09806285053491592
-0.0976579487323761
-0.09789273887872696
-0.0976492166519165
-0.09832294285297394
-0.09768505394458771
-0.09789532423019409
-0.09839873015880585
-0.09803339838981628
-0.09765785932540894
41.91332244873047
157.93911743164062
216.57980346679688
146.43838500976562
95.71774291992188
145.5396270751953
142.59291076660156
119.3697509765625
125.19996643066406
127.82122802734375
122.41165924072266
127.51115417480469
130.23040771484375
129.2015838623047
134.4329833984375
135.32867431640625
136.273681640625
141.60836791992188
146.03785705566406
150.83016967773438
155.7296905517578
160.57467651367188
164.139892578125
167.20242309570312
173.1645965576172
178.15206909179688
184.28604125976562
189.4746856689453
192.88595581054688
197.6187744140625
200.1350555419922
206.138916015625
211.58474731445312
217.0697479248047
224.02883911132812
229.0283660888672
233.07077026367188
231.6387176513672
225.4837646484375
222.67333984375
224.11044311523438
225.2180938720703
229.20718383789062
236.1754608154297
231.593994140625
225.74771118164062
225.0597381591797
223.3472442626953
222.778564453125
229.10153198242188
237.31515502929688
234.8400421142578
229.51953125
229.95767211914062
227.5410614013672
224.6210174560547
226.9696044921875
226.4935302734375
229.1966552734375
232.73388671875
232.78341674804688
232.624267578125
233.22726440429688
229.74453735351562
227.91677856445312
226.7926788330078
225.376220703125
227.04611206054688
228.3013916015625
230.4630126953125
234.26089477539062
235.49276733398438
236.99368286132812
238.16183471679688
237.63204956054688
236.9742431640625
235.99545288085938
233.81027221679688
233.081298828125
230.5734100341797
229.632080078125
228.25375366210938
227.3701934814453
226.73898315429688
226.2261962890625
226.48257446289062
226.26193237304688
227.2051239013672
227.0746612548828
227.62649536132812
227.53311157226562
228.3878631591797
228.31591796875
228.3994140625
229.53848266601562
228.73825073242188
229.43533325195312
230.2499237060547
230.45462036132812
231.58291625976562
232.43246459960938
225.7264862060547
183.66334533691406
31.508296966552734
-0.0953119620680809
-0.09933888912200928
-0.09548451006412506
-0.09902866929769516
-0.09784102439880371
-0.09641575813293457
-0.0978669598698616
-0.0973389521241188
-0.09702523052692413
-0.09812898933887482
-0.09720030426979065
-0.09768728911876678
-0.09816349297761917
-0.09743279963731766
-0.09756691753864288
-0.09811053425073624
-0.09748568385839462
-0.09750008583068848
-0.0977923721075058
-0.09793825447559357
-0.0974748507142067
-0.09775714576244354
-0.09811367094516754
-0.0979040339589119
-0.09800560772418976
-0.0978027880191803
-0.09760655462741852
-0.09791911393404007
-0.09806855022907257
-0.09779692441225052
-0.09723072499036789
-0.09840966016054153
-0.09827549010515213
-0.09776424616575241
-0.09735874831676483
-0.09823063015937805
-0.09796839207410812
-0.09697140753269196
-0.09792451560497284
-0.09802655875682831
-0.09749326854944229
-0.0977514386177063
-0.09811621159315109
-0.09788060933351517
-0.09729266911745071
-0.09741385281085968
-0.09800907224416733
-0.09774921834468842
-0.0971301794052124
-0.09781292825937271
-0.09753836691379547
-0.09752973169088364
-0.09799645841121674
-0.0971677303314209
-0.09790468961000443
-0.0974910706281662
-0.09683544933795929
-0.09791530668735504
-0.09727776795625687
-0.09800027310848236
-0.09752263873815536
-0.09738044440746307
-0.09736496955156326
-0.09750363230705261
-0.09805096685886383
-0.09692368656396866
-0.09758197516202927
-0.09776900708675385
-0.09733395278453827
-0.09758586436510086
-0.09728927910327911
-0.09731437265872955
-0.09762053936719894
-0.09769563376903534
-0.0976184606552124
-0.09726373106241226
-0.09789904206991196
-0.09730931371450424
-0.09765389561653137
-0.09746331721544266
-0.0980406254529953
-0.09820760786533356
-0.09690339863300323
-0.09766065329313278
-0.09719427675008774
-0.097569540143013
-0.09830239415168762
-0.09778018295764923
-0.09808943420648575
-0.0976671427488327
-0.0976615846157074
-0.09778756648302078
-0.09837309271097183
-0.09781106561422348
-0.0978718027472496
-0.09803873300552368
31.59385108947754
146.99952697753906
206.6080780029297
136.07131958007812
88.28175354003906
133.70530700683594
126.30494689941406
101.39476776123047
110.05721282958984
111.37835693359375
106.99519348144531
114.3346176147461
117.79106140136719
118.69937896728516
124.17341613769531
127.01832580566406
131.26828002929688
136.5996551513672
142.43942260742188
148.0258026123047
152.9670867919922
157.69065856933594
159.12860107421875
165.24526977539062
170.80552673339844
176.2885284423828
182.99951171875
187.00949096679688
191.42822265625
193.79959106445312
199.20091247558594
205.5348663330078
210.8361358642578
217.9402618408203
222.3572540283203
226.78256225585938
230.15872192382812
229.6862335205078
225.6221160888672
226.3383331298828
225.3031463623047
223.1515350341797
225.24502563476562
225.6493682861328
224.6549530029297
225.6180419921875
225.294921875
224.60549926757812
225.4563751220703
224.5155029296875
225.22677612304688
228.9167938232422
233.73123168945312
232.85299682617188
228.9281768798828
230.19091796875
229.2613983154297
227.74411010742188
228.62356567382812
227.9251251220703
227.68063354492188
228.8489532470703
227.74459838867188
228.9207305908203
229.4721221923828
228.3805694580078
229.61669921875
229.98410034179688
229.15432739257812
230.18081665039062
230.251708984375
230.28604125976562
230.62503051757812
230.8709716796875
230.9822235107422
231.4703369140625
230.9868927001953
231.63363647460938
232.44314575195312
231.78750610351562
232.0475616455078
232.32730102539062
232.9521942138672
233.0466766357422
233.16873168945312
233.1854705810547
234.0510711669922
234.3125
233.16427612304688
234.44448852539062
234.3597412109375
234.5210723876953
234.7987823486328
235.33059692382812
234.5397491455078
235.7512969970703
235.69522094726562
235.4426727294922
236.1314697265625
235.84915161132812
235.6630096435547
229.0003662109375
185.81044006347656
33.17755126953125
-0.09518785774707794
-0.09935703873634338
-0.09569321572780609
-0.09862308204174042
-0.09754256159067154
-0.09673214703798294
-0.09752829372882843
-0.09764562547206879
-0.09715311974287033
-0.09782431274652481
-0.09715960174798965
-0.09759379923343658
-0.09805421531200409
-0.09767649322748184
-0.09740539640188217
-0.0979091078042984
-0.09762786328792572
-0.09800589084625244
-0.0976991057395935
-0.09766058623790741
-0.09775152802467346
-0.0973680168390274
-0.09824399650096893
-0.09807605296373367
-0.09825744479894638
-0.09765002131462097
-0.09749731421470642
-0.09761928021907806
-0.09810517728328705
-0.09747090935707092
-0.09751340001821518
-0.09774695336818695
-0.09830038249492645
-0.09800983965396881
-0.09779151529073715
-0.09787257015705109
-0.09783357381820679
-0.09729726612567902
-0.09790623188018799
-0.09756304323673248
-0.09823369234800339
-0.09762678295373917
-0.09751015156507492
-0.09804540127515793
-0.09730052947998047
-0.09782367944717407
-0.0978642925620079
-0.09730096161365509
-0.09746123105287552
-0.09839080274105072
-0.09692545980215073
-0.09756821393966675
-0.09775938093662262
-0.09698392450809479
-0.09757308661937714
-0.09770552814006805
-0.09745112806558609
-0.09762335568666458
-0.09724569320678711
-0.09771363437175751
-0.097475565969944
-0.09789164364337921
-0.09726615250110626
-0.09769473969936371
-0.0972062349319458
-0.09729013592004776
-0.09766308218240738
-0.09767317771911621
-0.09706996381282806
-0.0974128395318985
-0.09770040959119797
-0.09691301733255386
-0.09752052277326584
-0.09804650396108627
-0.09704497456550598
-0.09812594205141068
-0.0970725566148758
-0.09710726886987686
-0.09798575937747955
-0.0975504145026207
-0.09772966802120209
-0.09753856062889099
-0.09738144278526306
-0.09798915684223175
-0.09770578891038895
-0.09765452146530151
-0.09767033904790878
-0.09765354543924332
-0.09766524285078049
-0.09773178398609161
-0.09846480190753937
-0.09803574532270432
-0.09751494228839874
-0.0977642685174942
-0.09794820845127106
-0.09785725176334381
53.461029052734375
168.58888244628906
225.1699676513672
150.27818298339844
91.0239486694336
133.6735076904297
136.6968994140625
107.5760498046875
115.71077728271484
118.59964752197266
109.97989654541016
113.26399230957031
115.5539321899414
116.8121566772461
123.32635498046875
124.90775299072266
126.89527893066406
132.45851135253906
137.34181213378906
141.88662719726562
145.53759765625
148.14163208007812
153.0133056640625
159.19677734375
164.46932983398438
170.47811889648438
175.22640991210938
179.17385864257812
181.750244140625
187.37619018554688
191.99510192871094
198.23178100585938
205.3018035888672
209.7920379638672
214.9443817138672
218.00912475585938
222.9747772216797
223.15945434570312
220.08889770507812
220.8241424560547
221.72348022460938
221.5374755859375
227.3501739501953
233.0871124267578
228.96481323242188
224.9842529296875
224.735595703125
224.0338134765625
224.010498046875
231.6743621826172
238.71109008789062
233.5638885498047
229.7175750732422
229.1296844482422
226.09408569335938
225.3160400390625
225.5950469970703
225.5993194580078
228.3540496826172
230.89035034179688
231.32559204101562
232.21652221679688
231.9436492919922
230.42739868164062
229.79879760742188
229.0540771484375
227.5839385986328
227.67434692382812
226.7678680419922
227.01150512695312
227.9645538330078
227.5782928466797
229.2234344482422
230.37295532226562
230.6674346923828
231.93881225585938
231.98153686523438
232.59579467773438
232.85110473632812
233.73287963867188
233.64370727539062
235.07241821289062
234.83877563476562
235.2355499267578
236.2218780517578
235.3243865966797
235.4866485595703
235.46865844726562
235.9025115966797
235.82290649414062
236.1835479736328
235.89126586914062
236.6546173095703
236.7154998779297
236.959716796875
237.5648956298828
238.0943145751953
238.93215942382812
238.7811737060547
238.95932006835938
239.58529663085938
230.8714599609375
188.3675079345703
34.03105926513672
-0.09547685086727142
-0.09892779588699341
-0.09600065648555756
-0.09886972606182098
-0.09766552597284317
-0.09665081650018692
-0.09796451032161713
-0.09738665074110031
-0.09717798978090286
-0.09834606945514679
-0.0974806696176529
-0.09735818207263947
-0.0979301929473877
-0.09749438613653183
-0.09759650379419327
-0.09834162890911102
-0.09734883904457092
-0.0978190004825592
-0.09758581221103668
-0.0978977307677269
-0.09761075675487518
-0.09787191450595856
-0.09823253005743027
-0.09763233363628387
-0.09853872656822205
-0.09723768383264542
-0.09741877764463425
-0.0984770730137825
-0.09787657111883163
-0.09742265939712524
-0.09757469594478607
-0.0979720801115036
-0.09802085161209106
-0.0977247804403305
-0.09781153500080109
-0.09829337894916534
-0.09748254716396332
-0.09745582193136215
-0.09813468903303146
-0.09766040742397308
-0.09773772209882736
-0.09792862087488174
-0.09759517014026642
-0.09789805859327316
-0.09744086116552353
-0.0972537025809288
-0.09866388887166977
-0.0970468670129776
-0.09745742380619049
-0.09810055792331696
-0.0976557731628418
-0.0975804477930069
-0.09762796014547348
-0.09670686721801758
-0.09822064638137817
-0.09718898683786392
-0.09753070771694183
-0.09816646575927734
-0.0968456044793129
-0.09764281660318375
-0.09777092933654785
-0.09766830503940582
-0.09734974801540375
-0.0973883718252182
-0.09782934188842773
-0.0973932221531868
-0.09755995124578476
-0.097416952252388
-0.09691186249256134
-0.09750089049339294
-0.09751127660274506
-0.09763041883707047
-0.09757331013679504
-0.09716260433197021
-0.09797296673059464
-0.09742434322834015
-0.09728618711233139
-0.0977548137307167
-0.09760969132184982
-0.09783618897199631
-0.09730348736047745
-0.09730789810419083
-0.09779559820890427
-0.09768213331699371
-0.09776894003152847
-0.09728080034255981
-0.09784580767154694
-0.09803898632526398
-0.09789057821035385
-0.09768421947956085
-0.09798365831375122
-0.09746614843606949
-0.0982654020190239
-0.09787032008171082
-0.09768065810203552
-0.09769057482481003
22.457176208496094
137.48826599121094
202.71592712402344
136.1960906982422
91.44157409667969
133.4295654296875
132.6464080810547
105.47652435302734
113.16569519042969
114.11927795410156
107.43196105957031
114.22990417480469
117.6298828125
118.1771469116211
125.30619049072266
127.40769958496094
131.42340087890625
138.21084594726562
141.34033203125
146.010986328125
149.1868896484375
154.4908447265625
161.46315002441406
166.51919555664062
171.85263061523438
175.69659423828125
180.0364227294922
183.57528686523438
188.82691955566406
195.31590270996094
200.85679626464844
206.2506103515625
210.4040985107422
214.6146697998047
217.95492553710938
223.84017944335938
229.18765258789062
230.27029418945312
229.5619659423828
229.6429901123047
225.49667358398438
221.7937469482422
223.88156127929688
225.88314819335938
226.95004272460938
229.6029510498047
230.53115844726562
226.5306854248047
225.9309844970703
223.8305206298828
222.9396514892578
228.8698272705078
237.0426788330078
236.6118927001953
234.8177490234375
236.1759796142578
232.3741912841797
229.77999877929688
227.40560913085938
224.16015625
225.0340576171875
226.7200164794922
228.6390838623047
232.3879852294922
234.0773162841797
235.2724609375
236.0213165283203
234.14102172851562
232.6049346923828
230.5170440673828
227.86166381835938
226.53125
225.4544677734375
224.92996215820312
225.3175048828125
225.7608184814453
227.6782684326172
229.0772247314453
230.2636260986328
232.72091674804688
234.9571990966797
236.5716552734375
236.2909698486328
238.4316864013672
240.17526245117188
240.1875762939453
240.585205078125
240.666015625
240.97085571289062
241.4357147216797
241.13388061523438
241.8405303955078
242.06100463867188
241.4064483642578
241.47885131835938
241.0474853515625
241.21481323242188
240.3921661376953
239.45693969726562
239.5983428955078
239.2605438232422
231.813720703125
191.13739013671875
38.24079513549805
-0.09511745721101761
-0.09946838021278381
-0.09558546543121338
-0.09868001937866211
-0.09774363040924072
-0.09692663699388504
-0.0975247174501419
-0.09743507206439972
-0.09734829515218735
-0.09794555604457855
-0.09716834127902985
-0.09763344377279282
-0.09831149876117706
-0.0973038524389267
-0.09758380055427551
-0.09835446625947952
-0.09721557796001434
-0.09758163243532181
-0.09785838425159454
-0.09757592529058456
-0.09800592809915543
-0.09753109514713287
-0.09801772981882095
-0.09816743433475494
-0.09756241738796234
-0.09811992943286896
-0.09776552021503448
-0.0974939614534378
-0.09805627167224884
-0.09787863492965698
-0.09766502678394318
-0.09776176512241364
-0.09858014434576035
-0.0973246619105339
-0.09737719595432281
-0.09841053932905197
-0.09749685227870941
-0.09759864956140518
-0.09803014993667603
-0.09760948270559311
-0.09783228486776352
-0.0979510098695755
-0.09746911376714706
-0.09796073287725449
-0.09771718084812164
-0.09756357967853546
-0.09711673110723495
-0.09747941792011261
-0.09810946881771088
-0.0975581556558609
-0.09754296392202377
-0.09792515635490417
-0.0975545197725296
-0.09763100743293762
-0.09774347394704819
-0.09709660708904266
-0.09770328551530838
-0.09739953279495239
-0.09755095839500427
-0.09746415913105011
-0.0972355455160141
-0.09791495651006699
-0.09716086089611053
-0.09749908745288849
-0.0975983589887619
-0.09689946472644806
-0.09749329090118408
-0.09800563007593155
-0.09718351066112518
-0.09766469150781631
-0.09723693132400513
-0.09734088182449341
-0.09766075015068054
-0.09813061356544495
-0.09713409841060638
-0.09740175306797028
-0.09774662554264069
-0.09765899926424026
-0.09777235239744186
-0.0974542498588562
-0.09749779850244522
-0.09756751358509064
-0.09783688187599182
-0.09762527048587799
-0.0979742780327797
-0.09782809019088745
-0.09783526510000229
-0.09753711521625519
-0.09806815534830093
-0.09829239547252655
-0.09703844785690308
-0.09786063432693481
-0.0983022078871727
-0.09762797504663467
-0.09736759960651398
-0.09833033382892609
23.04693603515625
139.46224975585938
215.5272979736328
158.37246704101562
111.66139221191406
106.64434814453125
97.17928314208984
90.06531524658203
91.8133316040039
91.2711181640625
91.47645568847656
98.22703552246094
100.059326171875
103.98848724365234
111.10575103759766
114.75699615478516
119.81361389160156
124.88128662109375
129.45040893554688
133.5835723876953
139.4131317138672
145.4091339111328
150.77500915527344
154.6992950439453
156.80050659179688
162.6914825439453
167.5641326904297
172.19772338867188
180.06973266601562
184.80282592773438
189.7109375
193.533203125
197.67361450195312
201.8401336669922
208.89364624023438
213.1505126953125
217.65713500976562
219.15234375
218.3419647216797
222.85269165039062
226.42977905273438
225.9582061767578
224.48916625976562
224.80419921875
224.52401733398438
224.0012969970703
224.3226318359375
224.43161010742188
227.46939086914062
233.4824676513672
233.61279296875
228.9539337158203
229.46151733398438
229.0697784423828
226.7024688720703
227.6565399169922
227.955322265625
227.18936157226562
227.8988037109375
228.01632690429688
227.64376831054688
228.34414672851562
228.0167236328125
228.28817749023438
228.7979736328125
228.53781127929688
229.07876586914062
229.26986694335938
229.6680450439453
229.9392547607422
230.5821990966797
230.16482543945312
230.7251739501953
231.4576416015625
230.3974151611328
231.3241424560547
231.6163330078125
231.66445922851562
232.01242065429688
232.056396484375
232.26870727539062
232.1488494873047
233.05154418945312
232.6459197998047
233.77499389648438
232.819580078125
233.7375030517578
233.88424682617188
233.73983764648438
234.761962890625
233.6790771484375
234.7969207763672
234.7509307861328
234.89926147460938
235.31564331054688
235.3706817626953
235.2056121826172
235.40084838867188
235.78805541992188
235.81210327148438
236.4386444091797
228.3305206298828
185.42958068847656
31.903207778930664
-0.09497247636318207
-0.09947630017995834
-0.09561840444803238
-0.09890450537204742
-0.09744849056005478
-0.09672163426876068
-0.09804624319076538
-0.09729709476232529
-0.09676642715930939
-0.09788322448730469
-0.0977165549993515
-0.09745728224515915
-0.0979754626750946
-0.09753865748643875
-0.09755344688892365
-0.09782466292381287
-0.09778238832950592
-0.09739655256271362
-0.09782884269952774
-0.09772951155900955
-0.09805905818939209
-0.09713604301214218
-0.0978446900844574
-0.09777642041444778
-0.09816320240497589
-0.0973936915397644
-0.0977632999420166
-0.0983797237277031
-0.0978085845708847
-0.09751790761947632
-0.09744703024625778
-0.09786804020404816
-0.0986107811331749
-0.09702283143997192
-0.09779499471187592
-0.09841630607843399
-0.09799589216709137
-0.097068190574646
-0.09803013503551483
-0.09760896861553192
-0.09777439385652542
-0.09770675003528595
-0.09780196100473404
-0.09778325259685516
-0.09759305417537689
-0.0974280908703804
-0.09767868369817734
-0.09785288572311401
-0.09778536856174469
-0.09809817373752594
-0.09741251170635223
-0.09709445387125015
-0.09752337634563446
-0.09757153689861298
-0.09824813157320023
-0.0970190241932869
-0.09689195454120636
-0.09781327843666077
-0.09785320609807968
-0.09736933559179306
-0.09732583165168762
-0.0975322499871254
-0.09746403992176056
-0.09739302098751068
-0.09805183857679367
-0.09743315726518631
-0.09751274436712265
-0.09752857685089111
-0.09718351066112518
-0.0979369580745697
-0.09769503772258759
-0.09734376519918442
-0.09734278917312622
-0.09760073572397232
-0.09718716144561768
-0.09772934764623642
-0.09801766276359558
-0.09731678664684296
-0.09759168326854706
-0.09757119417190552
-0.09791239351034164
-0.09769509732723236
-0.09732583910226822
-0.09823619574308395
-0.0975898951292038
-0.09770852327346802
-0.09818722307682037
-0.09769313782453537
-0.0979800596833229
-0.097575344145298
-0.09775993227958679
-0.09768438339233398
-0.0983947217464447
-0.09778716415166855
-0.09786505997180939
-0.09792107343673706
31.993206024169922
146.7430419921875
207.4682159423828
137.48390197753906
92.9697265625
143.36138916015625
143.4652862548828
121.84410095214844
129.27395629882812
132.88475036621094
127.0355224609375
131.4639892578125
134.40267944335938
135.21426391601562
140.6607208251953
142.39784240722656
143.67727661132812
148.35482788085938
153.24618530273438
157.30833435058594
160.32217407226562
163.503662109375
168.12339782714844
173.97177124023438
179.0980987548828
184.557373046875
190.21408081054688
193.1887969970703
196.0173797607422
202.2803955078125
206.75033569335938
212.92495727539062
220.0400848388672
224.2422332763672
228.2813262939453
227.68020629882812
223.91464233398438
223.6300811767578
221.9251251220703
222.3052520751953
226.1476287841797
227.70883178710938
227.9267120361328
228.07321166992188
225.42910766601562
224.486083984375
224.0975341796875
224.3183135986328
224.12356567382812
228.0360565185547
235.7773895263672
232.5366668701172
227.52487182617188
229.48690795898438
227.2895050048828
226.6044158935547
228.99374389648438
227.87869262695312
231.72042846679688
233.6230010986328
231.7073211669922
230.8626708984375
229.56790161132812
228.5826416015625
228.1658935546875
227.5397186279297
227.79708862304688
228.4669952392578
228.4994659423828
229.77651977539062
229.54080200195312
229.3915557861328
229.8747100830078
229.9308319091797
230.52880859375
230.6896514892578
231.1360626220703
231.53848266601562
232.4369354248047
233.3130340576172
233.9620819091797
234.15890502929688
234.2586212158203
234.1953125
234.53646850585938
234.8497314453125
235.6201629638672
235.52584838867188
235.88522338867188
236.1365966796875
235.89071655273438
237.1183624267578
237.3397216796875
237.2441864013672
237.45401000976562
237.7568817138672
237.7975311279297
236.8041534423828
236.39151000976562
237.153076171875
237.46157836914062
228.5025177001953
185.87396240234375
32.842918395996094
-0.09564200043678284
-0.0989467054605484
-0.09568364918231964
-0.09908714145421982
-0.09762151539325714
-0.09658468514680862
-0.09790252149105072
-0.09728692471981049
-0.0972529947757721
-0.09798091650009155
-0.0972442775964737
-0.09759916365146637
-0.09866809099912643
-0.09750469028949738
-0.0974319651722908
-0.09774314612150192
-0.09827066957950592
-0.09760142862796783
-0.09735661000013351
-0.09791824966669083
-0.09776939451694489
-0.09782508760690689
-0.09794136136770248
-0.09822241961956024
-0.09776954352855682
-0.09758281707763672
-0.09771443903446198
-0.09797545522451401
-0.09774874150753021
-0.09813791513442993
-0.09749002754688263
-0.09727136045694351
-0.09809597581624985
-0.09827134758234024
-0.09714598953723907
-0.09824906289577484
-0.09779447317123413
-0.09710486233234406
-0.09795113652944565
-0.09775779396295547
-0.09769582748413086
-0.09767136722803116
-0.09796552360057831
-0.09761247783899307
-0.09714473783969879
-0.09751138836145401
-0.09809041023254395
-0.0977090373635292
-0.09742819517850876
-0.09795606136322021
-0.09708931297063828
-0.0977899506688118
-0.09783916175365448
-0.09709371626377106
-0.09770357608795166
-0.0973084568977356
-0.09745018184185028
-0.09761282801628113
-0.09693744033575058
-0.09735503792762756
-0.09806849807500839
-0.09737327694892883
-0.0975804552435875
-0.09712044149637222
-0.09719911217689514
-0.09795814752578735
-0.0975373238325119
-0.09730048477649689
-0.09686274826526642
-0.09773952513933182
-0.09752776473760605
-0.09725770354270935
-0.0976978987455368
-0.09716854989528656
-0.0978660061955452
-0.09722156077623367
-0.09765124320983887
-0.097331702709198
-0.0976509377360344
-0.09798429906368256
-0.09696751832962036
-0.09820464253425598
-0.09752459824085236
-0.09757214784622192
-0.09748650342226028
-0.09760504215955734
-0.09801483899354935
-0.09731267392635345
-0.09780452400445938
-0.0980244129896164
-0.09771069139242172
-0.09772791713476181
-0.09814465045928955
-0.09784919768571854
-0.0981154516339302
-0.0974666029214859
53.7458381652832
168.9276123046875
225.353515625
151.18746948242188
95.62727355957031
145.7006072998047
151.05679321289062
114.9109878540039
117.80809020996094
122.89872741699219
115.87530517578125
120.6482162475586
124.59297943115234
122.6581802368164
128.4707489013672
129.89505004882812
129.9467315673828
136.28945922851562
140.0435028076172
144.78836059570312
150.90847778320312
154.6856689453125
158.4215545654297
162.15823364257812
167.3719024658203
173.14456176757812
178.84918212890625
184.00485229492188
188.21258544921875
192.6595916748047
195.5323944091797
201.92190551757812
207.3094024658203
212.32589721679688
219.31118774414062
223.3941650390625
227.3275146484375
227.2913360595703
221.2425079345703
220.45108032226562
228.5690460205078
235.88070678710938
234.3855438232422
229.5381622314453
227.5789794921875
226.2174072265625
224.3358917236328
225.63760375976562
226.1168212890625
230.23965454101562
236.953125
233.41983032226562
226.5228729248047
226.7936553955078
225.60336303710938
223.9619903564453
228.65151977539062
230.134765625
231.7652587890625
232.8638916015625
232.70126342773438
230.5665283203125
228.4962921142578
226.40542602539062
224.15609741210938
223.8513946533203
223.7296905517578
223.7960662841797
225.18179321289062
227.8037567138672
230.62841796875
232.3321075439453
234.0647735595703
235.94509887695312
237.5509796142578
238.75003051757812
238.24374389648438
237.7625732421875
236.40151977539062
234.7028045654297
232.7403106689453
231.0934295654297
229.708984375
228.1820526123047
227.5249786376953
227.326904296875
226.9040985107422
227.08993530273438
227.22909545898438
227.20736694335938
227.58236694335938
227.0776824951172
227.31491088867188
227.96401977539062
228.0089874267578
228.3200225830078
228.67990112304688
229.20724487304688
228.8783416748047
229.58853149414062
229.5423126220703
222.77175903320312
181.05288696289062
29.70660400390625
-0.0952325090765953
-0.09932785481214523
-0.09572900831699371
-0.09868323802947998
-0.09801866114139557
-0.09668166935443878
-0.09775950759649277
-0.0975155159831047
-0.0970453992486
-0.09849994629621506
-0.09727619588375092
-0.09745603799819946
-0.09826967865228653
-0.09748772531747818
-0.09778501838445663
-0.09804829210042953
-0.09747962653636932
-0.09770195186138153
-0.09770344942808151
-0.09791813045740128
-0.09759198129177094
-0.09802129864692688
-0.09785060584545135
-0.09822733700275421
-0.09748165309429169
-0.09742926061153412
-0.09750919044017792
-0.09812186658382416
-0.0986398309469223
-0.09729378670454025
-0.0979839563369751
-0.09743990004062653
-0.09746355563402176
-0.0980505719780922
-0.09806542098522186
-0.09776350855827332
-0.09742628782987595
-0.0972340926527977
-0.09824919700622559
-0.0975961908698082
-0.09774474799633026
-0.09765596687793732
-0.09815716743469238
-0.09767530113458633
-0.09755797684192657
-0.09735780209302902
-0.09816288948059082
-0.09796121716499329
-0.09758911281824112
-0.09824369847774506
-0.09730324894189835
-0.09710625559091568
-0.09796416759490967
-0.09728012979030609
-0.09740521013736725
-0.09781133383512497
-0.09726916253566742
-0.09778565168380737
-0.09756751358509064
-0.0975855216383934
-0.09742586314678192
-0.09770632535219193
-0.09772590547800064
-0.0970790684223175
-0.0973920077085495
-0.09777706116437912
-0.0973796620965004
-0.09746778011322021
-0.0972348004579544
-0.09745373576879501
-0.09770163148641586
-0.0974942296743393
-0.09730549901723862
-0.097281813621521
-0.09756237268447876
-0.0976695567369461
-0.0981762707233429
-0.09701226651668549
-0.09770700335502625
-0.09779243171215057
-0.09740356355905533
-0.09755511581897736
-0.0978388860821724
-0.0980381965637207
-0.09722302854061127
-0.09772630780935287
-0.09753802418708801
-0.09721660614013672
-0.09828363358974457
-0.0975605770945549
-0.09802653640508652
-0.0975838452577591
-0.09782207012176514
-0.09833500534296036
-0.098213791847229
-0.09759728610515594
31.5169677734375
146.6790313720703
206.01559448242188
136.4154510498047
93.10060119628906
140.1769256591797
145.26914978027344
115.85540771484375
124.7618408203125
128.23008728027344
121.60494232177734
125.39278411865234
129.13027954101562
129.75177001953125
134.1102752685547
137.05276489257812
137.28700256347656
142.6088104248047
148.11239624023438
151.3695068359375
155.58201599121094
158.12539672851562
161.8602752685547
169.1239776611328
173.81771850585938
179.7448272705078
185.26182556152344
188.06399536132812
191.44717407226562
197.18943786621094
202.26243591308594
208.47317504882812
214.7203826904297
219.2021484375
222.9449462890625
222.7672576904297
223.1839599609375
224.67520141601562
221.0804901123047
221.88595581054688
229.8858184814453
234.6500244140625
230.7338104248047
227.65078735351562
226.91464233398438
226.03433227539062
224.6340789794922
226.8009033203125
225.4087677001953
224.08041381835938
227.2223663330078
226.4998779296875
225.43603515625
225.9106903076172
225.56777954101562
225.95114135742188
228.0845947265625
229.2407989501953
227.0780029296875
227.2935028076172
228.16207885742188
227.13516235351562
227.3897247314453
227.98458862304688
227.3044891357422
229.2001953125
229.14907836914062
230.4339599609375
230.9380645751953
230.7886199951172
231.4990692138672
231.19717407226562
231.4241485595703
230.77377319335938
231.3289031982422
230.68045043945312
230.4318389892578
230.46725463867188
229.9687042236328
230.63589477539062
231.4863739013672
232.10580444335938
232.078857421875
232.50894165039062
232.59652709960938
232.889892578125
233.4421844482422
232.8704071044922
233.71957397460938
233.6857452392578
233.4263153076172
234.00643920898438
233.30136108398438
234.5325164794922
233.79061889648438
234.39266967773438
233.99624633789062
234.8798370361328
235.20004272460938
234.1978302001953
235.01345825195312
227.5808868408203
184.1380157470703
31.298969268798828
-0.09507555514574051
-0.09915859252214432
-0.0958787202835083
-0.09910508245229721
-0.09750784188508987
-0.09686177223920822
-0.0978279560804367
-0.0973159670829773
-0.09685493260622025
-0.09809265285730362
-0.09755679965019226
-0.09711122512817383
-0.09849755465984344
-0.09746264666318893
-0.09778588265180588
-0.0977059155702591
-0.09768460690975189
-0.09766966849565506
-0.09799116104841232
-0.09783335775136948
-0.09752554446458817
-0.0975087583065033
-0.09818609058856964
-0.0979715958237648
-0.09798896312713623
-0.09749532490968704
-0.09769152104854584
-0.09827867895364761
-0.09772287309169769
-0.09758401662111282
-0.09774339199066162
-0.09814555197954178
-0.09757958352565765
-0.09781153500080109
-0.09763523936271667
-0.09788689762353897
-0.09772132337093353
-0.09730000793933868
-0.09795554727315903
-0.09809301793575287
-0.0968932956457138
-0.09854041785001755
-0.09761177003383636
-0.0973864197731018
-0.09821268171072006
-0.09761137515306473
-0.09709177166223526
-0.09783822298049927
-0.09749411046504974
-0.09784441441297531
-0.09768544882535934
-0.09771783649921417
-0.09746642410755157
-0.09723115712404251
-0.09787061810493469
-0.09737896919250488
-0.09730494022369385
-0.09792433679103851
-0.09710299968719482
-0.09744967520236969
-0.09795649349689484
-0.0970999151468277
-0.09770901501178741
-0.09716744720935822
-0.09775221347808838
-0.0975620448589325
-0.09749778360128403
-0.09758831560611725
-0.09713959693908691
-0.09724553674459457
-0.09741122275590897
-0.09765379130840302
-0.09776811301708221
-0.09722979366779327
-0.0974569171667099
-0.09739749878644943
-0.09771513193845749
-0.09743757545948029
-0.09785351902246475
-0.09731538593769073
-0.09750309586524963
-0.09744296222925186
-0.09758663177490234
-0.09780353307723999
-0.09798450022935867
-0.09714949876070023
-0.09817580878734589
-0.098161980509758
-0.09734536707401276
-0.097808338701725
-0.09790761768817902
-0.09796114265918732
-0.09798736125230789
-0.09796176850795746
-0.09813088923692703
-0.09772138297557831
53.0773811340332
168.40585327148438
214.88101196289062
128.48263549804688
68.98035430908203
125.1432876586914
124.16109466552734
99.43009185791016
106.95086669921875
109.567138671875
104.53669738769531
109.67610168457031
112.89888763427734
113.4435806274414
119.29512023925781
119.91180419921875
121.181640625
126.96443939208984
131.19921875
136.80245971679688
140.25450134277344
143.89627075195312
149.35743713378906
152.62472534179688
158.89939880371094
165.71775817871094
169.53500366210938
173.95933532714844
176.9160919189453
181.94430541992188
187.05752563476562
193.65005493164062
199.37228393554688
205.98367309570312
211.88687133789062
217.29263305664062
220.2227783203125
221.058349609375
218.4742889404297
219.0518341064453
220.0868377685547
220.5103759765625
226.10922241210938
231.75051879882812
228.382568359375
224.3634796142578
223.78970336914062
222.45095825195312
222.9877471923828
231.1962890625
238.14596557617188
235.8989715576172
230.9498748779297
231.7920379638672
228.62850952148438
226.8710174560547
227.03964233398438
226.11441040039062
228.971923828125
231.88546752929688
232.44815063476562
232.5666046142578
232.80331420898438
231.1487579345703
228.5863800048828
228.09768676757812
226.02523803710938
224.8149871826172
225.27932739257812
224.8641815185547
225.93588256835938
228.47134399414062
231.53512573242188
232.90457153320312
235.0363311767578
237.0658721923828
238.15701293945312
238.7379913330078
238.69454956054688
238.1315155029297
238.3140411376953
236.48117065429688
236.1499481201172
234.0678253173828
232.6268310546875
232.33544921875
230.8540802001953
230.9007110595703
230.6247100830078
230.55654907226562
231.53671264648438
230.94564819335938
231.0269012451172
231.2012481689453
230.86434936523438
231.7587127685547
232.49362182617188
232.8160858154297
234.83145141601562
236.0911102294922
236.67965698242188
231.00509643554688
188.2694549560547
34.054229736328125
-0.0951622724533081
-0.09954779595136642
-0.09544368088245392
-0.09903763234615326
-0.09790030866861343
-0.09703605622053146
-0.09751562774181366
-0.09731452167034149
-0.09732617437839508
-0.09824292361736298
-0.09742856025695801
-0.09760475158691406
-0.09821111708879471
-0.09724938124418259
-0.09803790599107742
-0.09806696325540543
-0.09756375849246979
-0.09714183956384659
-0.09776698797941208
-0.09793630242347717
-0.09766281396150589
-0.09794314205646515
-0.09766837954521179
-0.09799723327159882
-0.09799408912658691
-0.0976024940609932
-0.0973859578371048
-0.0976259708404541
-0.09809036552906036
-0.09784992039203644
-0.09754360467195511
-0.09740792214870453
-0.09828466176986694
-0.09758128225803375
-0.09789242595434189
-0.09813762456178665
-0.09763257205486298
-0.0971611961722374
-0.09820110350847244
-0.09775950014591217
-0.09767311066389084
-0.09787183254957199
-0.09745898842811584
-0.09807618707418442
-0.09707514196634293
-0.09715437889099121
-0.09840711951255798
-0.09739547222852707
-0.09738235920667648
-0.09815379977226257
-0.09772329032421112
-0.09747830033302307
-0.09761406481266022
-0.09720158576965332
-0.0977461040019989
-0.09723109751939774
-0.0979008823633194
-0.09736955165863037
-0.097293421626091
-0.09756821393966675
-0.09772099554538727
-0.0976986512541771
-0.0973692387342453
-0.09691785275936127
-0.09752782434225082
-0.09770672023296356
-0.09718365967273712
-0.09768032282590866
-0.0976145789027214
-0.09747017920017242
-0.09742220491170883
-0.09748805314302444
-0.09708919376134872
-0.09778333455324173
-0.09769189357757568
-0.09767363965511322
-0.09692791849374771
-0.09720418602228165
-0.09794162213802338
-0.09765364229679108
-0.09776072204113007
-0.09741558879613876
-0.09738705307245255
-0.09810443967580795
-0.0976916179060936
-0.0974213108420372
-0.09790991246700287
-0.0980588048696518
-0.09756158292293549
-0.09783218055963516
-0.09811856597661972
-0.09736470878124237
-0.09815453737974167
-0.09791764616966248
-0.09793148189783096
-0.09810333698987961
54.133750915527344
