30.90972328186035
30.90972328186035
25.853923797607422
6.634207725524902
-0.010949731804430485
-0.01019941084086895
-0.009560364298522472
-0.00972986314445734
-0.009327542968094349
-0.00884646363556385
-0.008790191262960434
-0.008043082430958748
-0.007909546606242657
-0.007592848502099514
-0.007255373988300562
-0.006535165943205357
-0.006251464132219553
-0.00634037097916007
-0.0057767583057284355
-0.0055068680085241795
-0.004855435341596603
-0.004762416705489159
-0.004269003868103027
-0.0036527644842863083
-0.0035258238203823566
-0.003093868726864457
-0.0026666016783565283
-0.0021972658578306437
-0.0021456999238580465
-0.0013971524313092232
-0.000939372752327472
-0.000595892604906112
0.00010275871318299323
0.0001274870301131159
0.0006249206489883363
0.0011616639094427228
0.0008846408454701304
0.0016703375149518251
0.0022079970221966505
0.002041691681370139
0.0032956183422356844
0.0031196889467537403
0.003625042736530304
0.0039045638404786587
0.0044101933017373085
0.004223809577524662
0.004832777194678783
0.005267785396426916
0.00544522050768137
0.006047255825251341
0.005851285997778177
0.006394353695213795
0.006516506429761648
0.006917897611856461
0.006682007573544979
0.007678598165512085
0.007431723177433014
0.007559155113995075
0.00801242608577013
0.008447052910923958
0.007767325732856989
0.008421804755926132
0.008928379975259304
0.008652003481984138
0.008533594198524952
0.00918828509747982
0.009337875060737133
0.009267816320061684
0.008465873077511787
0.009494150057435036
0.009339789859950542
0.009244763292372227
0.009565378539264202
0.009119612164795399
0.009180537424981594
0.009297788143157959
0.009329015389084816
0.009238778613507748
0.009175997227430344
0.009061344899237156
0.009449684992432594
0.008762741461396217
0.008917934261262417
0.00914451852440834
0.009025445207953453
0.008027912117540836
0.008914441801607609
0.008567849174141884
0.007964866235852242
0.008126477710902691
0.007818499580025673
0.007761513348668814
0.007733625825494528
0.007243445608764887
0.007373351603746414
0.006358315236866474
0.00699234614148736
0.00650319317355752
0.0065306080505251884
0.10127881914377213
3.8719305992126465
-5.890507698059082
-12.897709846496582
-10.12596321105957
-10.192281723022461
-7.488442420959473
-6.880788326263428
-6.854822635650635
-5.7604193687438965
-5.791220664978027
-6.1009416580200195
-5.247260093688965
-5.590592384338379
-6.016538143157959
-5.392765045166016
-5.531447887420654
-5.173854827880859
-4.445389747619629
-4.9007697105407715
-4.678633213043213
-5.179611682891846
-4.883767604827881
-4.9503302574157715
-4.486266136169434
-4.052929401397705
-4.3843817710876465
-4.073116779327393
-3.678834915161133
-3.541537046432495
-3.032154083251953
-2.3173530101776123
-2.7612032890319824
-2.724475145339966
-1.3619592189788818
-1.0692347288131714
-1.1748932600021362
-0.412443071603775
-1.210110068321228
-0.6362523436546326
0.7259067296981812
0.5260704159736633
-0.23928353190422058
1.2042577266693115
1.3601064682006836
1.6229051351547241
2.5108237266540527
3.64379620552063
4.129759788513184
3.172248125076294
4.325568199157715
4.693608283996582
4.57027530670166
4.481769561767578
4.9736762046813965
5.209166526794434
6.15829610824585
6.939011573791504
6.497786045074463
7.152202606201172
7.0661492347717285
7.665553092956543
7.115338325500488
7.818538665771484
8.937110900878906
9.443503379821777
9.77278995513916
10.220690727233887
10.13719654083252
11.497125625610352
11.225969314575195
11.841252326965332
12.516998291015625
12.569184303283691
12.693418502807617
13.726402282714844
13.610603332519531
14.237103462219238
14.109784126281738
14.70312786102295
14.704545974731445
15.403816223144531
16.0207462310791
16.59723663330078
16.18544578552246
16.835268020629883
18.16543960571289
18.581533432006836
19.16707992553711
17.910720825195312
19.354310989379883
19.766916275024414
20.440345764160156
21.446178436279297
21.53261947631836
21.484477996826172
22.839351654052734
22.29239845275879
22.669788360595703
23.006607055664062
21.52532196044922
14.830770492553711
-33.36798858642578
-26.427013397216797
-0.006949912756681442
-0.009203292429447174
-0.008420612663030624
-0.010897510685026646
-0.009530683979392052
-0.00817787367850542
-0.008837169036269188
-0.008637383580207825
-0.007726079318672419
-0.008000110276043415
-0.007457628846168518
-0.007184585090726614
-0.006835965905338526
-0.0063811964355409145
-0.005983839742839336
-0.005939589813351631
-0.005151127465069294
-0.0048617590218782425
-0.00475314911454916
-0.0039421687833964825
-0.003933062311261892
-0.003692192956805229
-0.0029729262460023165
-0.0025616860948503017
-0.002529039280489087
-0.0017190242651849985
-0.0013164399424567819
-0.001147574745118618
-0.0008175678667612374
-0.00017778831534087658
-0.0002021378604695201
0.0007317840936593711
0.0009653858141973615
0.0014066670555621386
0.0017759425099939108
0.002001966815441847
0.0023389537818729877
0.003155836369842291
0.0029687390197068453
0.003529948415234685
0.004241292364895344
0.0038131054025143385
0.004767162259668112
0.004755965434014797
0.005183899309486151
0.005852792877703905
0.005232812371104956
0.005943062249571085
0.0064561679027974606
0.0064445482566952705
0.007091616280376911
0.006714509334415197
0.0070860981941223145
0.007772691547870636
0.007280044257640839
0.008093663491308689
0.008034131489694118
0.00798648502677679
0.00837757159024477
0.008630161173641682
0.008722563274204731
0.00845868419855833
0.008929744362831116
0.009202538058161736
0.008872493170201778
0.009062591940164566
0.009473218582570553
0.008805270306766033
0.008886927738785744
0.00972627755254507
0.009201315231621265
0.009130069985985756
0.009205779060721397
0.00952459592372179
0.00882796011865139
0.009141846559941769
0.009231502190232277
0.008968991227447987
0.009227664209902287
0.008790443651378155
0.008845873177051544
0.008473202586174011
0.008588170632719994
0.008069622330367565
0.008702743798494339
0.008163891732692719
0.007488271687179804
0.008200268261134624
0.007475697435438633
0.007418525405228138
0.007190600968897343
0.007121955044567585
0.0065989308059215546
0.006783402059227228
0.006682086735963821
0.005786584224551916
20.717071533203125
93.02604675292969
110.25667572021484
60.98485565185547
36.446388244628906
22.97014045715332
19.37848472595215
8.11184310913086
7.849759578704834
5.083034992218018
1.1391037702560425
1.1147876977920532
-0.5704954266548157
-2.805030345916748
-2.1390414237976074
-3.0939042568206787
-3.5569300651550293
-3.343390941619873
-3.872014284133911
-3.9818737506866455
-3.5215110778808594
-3.9523284435272217
-4.2049970626831055
-3.6503520011901855
-4.140442848205566
-3.987758159637451
-3.8072075843811035
-3.6379497051239014
-3.565472364425659
-3.2836098670959473
-3.7044475078582764
-2.9116408824920654
-3.2830681800842285
-2.0276689529418945
-1.4787700176239014
-1.8979450464248657
-0.9295427203178406
-0.2719821333885193
-0.856857180595398
0.8640493154525757
0.0683770701289177
0.3861040472984314
0.9725152850151062
1.5022459030151367
1.9857114553451538
2.3826406002044678
2.5658349990844727
2.4129538536071777
3.186378240585327
2.830665111541748
3.9835991859436035
3.7354164123535156
5.264303684234619
5.247284412384033
3.750694751739502
6.313345432281494
5.44091272354126
5.88586950302124
6.450150489807129
6.452972412109375
7.5008225440979
7.480627536773682
7.8848443031311035
8.491104125976562
9.043798446655273
9.275651931762695
9.791391372680664
9.831884384155273
10.680562973022461
9.847879409790039
10.938523292541504
11.54176139831543
12.17754077911377
13.126394271850586
13.137018203735352
12.948039054870605
13.910711288452148
13.870112419128418
14.142786026000977
15.120805740356445
14.487810134887695
15.958714485168457
15.862234115600586
15.801483154296875
16.73189926147461
17.19960594177246
17.78213882446289
18.431560516357422
18.56521987915039
19.843952178955078
19.11724281311035
19.293441772460938
21.336400985717773
20.618139266967773
20.980989456176758
22.004072189331055
22.628753662109375
22.040584564208984
22.83669662475586
23.032848358154297
22.030298233032227
15.830682754516602
-32.56685256958008
-29.245697021484375
-0.007278548087924719
-0.009218187071383
-0.008174576796591282
-0.010672703385353088
-0.0092840027064085
-0.00812621135264635
-0.00881111714988947
-0.008589345030486584
-0.007462121546268463
-0.007911277934908867
-0.007711298763751984
-0.006718873977661133
-0.006707766558974981
-0.0068422602489590645
-0.005857639946043491
-0.005717948079109192
-0.005131617654114962
-0.004770481027662754
-0.004513938911259174
-0.004362442530691624
-0.0036399445962160826
-0.0035617880057543516
-0.003169183386489749
-0.0025001910980790854
-0.0020619607530534267
-0.0020439394284039736
-0.00139318045694381
-0.001231669564731419
-0.0004889057017862797
-0.0001432033022865653
-3.48523972206749e-05
0.00044773114495910704
0.000997123192064464
0.001443453598767519
0.0015646148240193725
0.002009699121117592
0.0025691776536405087
0.0026921567041426897
0.0033467598259449005
0.003693836508318782
0.0036754042375832796
0.0037804562598466873
0.004568607080727816
0.004910632036626339
0.004932434763759375
0.005653063766658306
0.005336749367415905
0.005696177948266268
0.006807650439441204
0.006581389345228672
0.006982370279729366
0.0068572224117815495
0.007068214472383261
0.00763967540115118
0.007485195994377136
0.007834361866116524
0.008152950555086136
0.008160648867487907
0.008395683951675892
0.008499374613165855
0.008517635986208916
0.008872823789715767
0.00903368555009365
0.008782404474914074
0.009148070588707924
0.009172292426228523
0.008726165629923344
0.009470997378230095
0.009422088041901588
0.009031557478010654
0.00949364434927702
0.009302116930484772
0.009365680627524853
0.009234600700438023
0.00942554697394371
0.009126134216785431
0.008910292759537697
0.008917822502553463
0.009152838960289955
0.008483631536364555
0.008969701826572418
0.008796099573373795
0.008625129237771034
0.008349133655428886
0.008389247581362724
0.008156429044902325
0.00811709649860859
0.007431672420352697
0.007829178124666214
0.007380706258118153
0.007285183761268854
0.007328803185373545
0.006739351898431778
0.006623642053455114
0.006594239734113216
0.006129113957285881
20.94414710998535
93.7308349609375
110.3328857421875
60.609222412109375
34.55336380004883
19.779890060424805
18.112333297729492
6.007014274597168
5.597485542297363
5.261063575744629
1.3997085094451904
0.7519225478172302
-0.48217135667800903
-2.4896631240844727
-2.579801082611084
-3.6280620098114014
-3.6270947456359863
-3.7276084423065186
-4.433619976043701
-4.510646820068359
-4.18412446975708
-4.236079216003418
-4.478403091430664
-3.9285576343536377
-4.006793022155762
-4.2409467697143555
-3.92014741897583
-3.9581236839294434
-3.3808178901672363
-3.5247085094451904
-3.3282837867736816
-2.0951762199401855
-1.6739084720611572
-2.5721089839935303
-1.2456133365631104
-1.0075047016143799
-1.2282202243804932
-1.2150992155075073
-0.7444148063659668
-0.7494214773178101
0.005626067519187927
0.280432790517807
1.462273359298706
0.606268584728241
1.4595319032669067
2.337073564529419
2.1167380809783936
3.2036330699920654
3.2760329246520996
3.127014398574829
4.183664798736572
5.053066253662109
4.189846515655518
4.951807975769043
5.412656784057617
5.272780418395996
6.222793102264404
6.537973880767822
6.775897026062012
7.108889102935791
7.701586723327637
8.323991775512695
7.985359191894531
8.826227188110352
8.10409927368164
8.858540534973145
9.530232429504395
10.246306419372559
11.188100814819336
10.635799407958984
10.6668119430542
11.877243995666504
12.2434663772583
12.794111251831055
12.21083927154541
12.61166000366211
13.509759902954102
14.001263618469238
13.99065113067627
14.64489459991455
15.622761726379395
15.74693489074707
16.50096893310547
16.791574478149414
17.05904769897461
16.092052459716797
17.458377838134766
17.757488250732422
18.756000518798828
19.325817108154297
19.708669662475586
19.387348175048828
20.178001403808594
21.358123779296875
21.171361923217773
21.128986358642578
22.21227264404297
22.33651351928711
23.103057861328125
24.161903381347656
22.60098648071289
17.14771842956543
-31.405874252319336
-29.748138427734375
-0.007591351866722107
-0.009366887621581554
-0.008557172492146492
-0.010276438668370247
-0.009792066179215908
-0.007989340461790562
-0.008951740339398384
-0.008252319879829884
-0.007921868935227394
-0.008193764835596085
-0.007221088744699955
-0.007161303423345089
-0.006900849286466837
-0.006147267296910286
-0.006246885750442743
-0.005288672633469105
-0.005878330208361149
-0.004726009909063578
-0.004628853872418404
-0.004183065611869097
-0.003699313150718808
-0.00339984567835927
-0.0029037413187325
-0.0027671698480844498
-0.0018378890817984939
-0.0018164992798119783
-0.0013259223196655512
-0.0008583829621784389
-0.0008623331086710095
-3.950910104322247e-05
-6.568808748852462e-05
0.00082829047460109
0.0012619586195796728
0.0009765858994796872
0.002226016018539667
0.002173713408410549
0.0020092250779271126
0.002799205482006073
0.0034832418896257877
0.003403276205062866
0.004183574579656124
0.003941440023481846
0.004656783305108547
0.004963025916367769
0.0049832770600914955
0.005660158582031727
0.005335628520697355
0.005958030000329018
0.006248376332223415
0.00657857209444046
0.00710607785731554
0.0070412978529930115
0.007227783557027578
0.007708956487476826
0.007288867142051458
0.007990625686943531
0.008098193444311619
0.008239297196269035
0.008477355353534222
0.008204384706914425
0.008873552083969116
0.008900545537471771
0.008894875645637512
0.00898812897503376
0.009570686146616936
0.009266547858715057
0.009041291661560535
0.009005230851471424
0.00918055884540081
0.009203516878187656
0.009462694637477398
0.009109361097216606
0.008932186290621758
0.009210780262947083
0.008898546919226646
0.009586633183062077
0.008790169842541218
0.009007326327264309
0.009091350249946117
0.008827128447592258
0.008869346231222153
0.008823010139167309
0.008495285175740719
0.008366965688765049
0.008719826117157936
0.008290726691484451
0.00787991564720869
0.00807351153343916
0.007531016133725643
0.007364892400801182
0.007430953439325094
0.0072916774079203606
0.0066448235884308815
0.006892388220876455
0.006224002223461866
0.006449955049902201
30.24625587463379
103.14168548583984
117.03132629394531
65.3101577758789
40.04468536376953
21.64522361755371
19.35145378112793
8.965338706970215
8.151350021362305
6.434322357177734
2.718596935272217
2.1965301036834717
0.3467400074005127
-1.8041393756866455
-1.8689095973968506
-2.6622774600982666
-3.2338833808898926
-3.6176750659942627
-3.644893169403076
-3.790030002593994
-3.6461894512176514
-3.8399975299835205
-3.68449330329895
-3.691981077194214
-3.824155807495117
-4.015650749206543
-3.5778956413269043
-3.9319679737091064
-3.167381525039673
-3.0779504776000977
-3.188669204711914
-2.911262035369873
-2.4907498359680176
-1.6558210849761963
-1.3673155307769775
-1.2963746786117554
-1.5920889377593994
-0.03448348492383957
-0.9653854370117188
0.10026838630437851
-0.05967102199792862
-0.33032363653182983
0.07821087539196014
1.5379661321640015
1.8193492889404297
1.6709457635879517
1.9662349224090576
2.2171578407287598
2.851386547088623
3.1442880630493164
4.484694957733154
4.407500267028809
3.648892641067505
5.285557746887207
5.396941184997559
3.942059278488159
5.422106742858887
6.108547210693359
6.121157646179199
6.487898826599121
7.2397871017456055
7.80585241317749
8.688685417175293
7.8953094482421875
8.258498191833496
9.768120765686035
9.309032440185547
9.78028392791748
10.11121940612793
11.066052436828613
11.94089412689209
11.533275604248047
12.532374382019043
12.098783493041992
12.897122383117676
13.675244331359863
13.816215515136719
15.15178394317627
14.79255199432373
14.64307689666748
14.599408149719238
14.539090156555176
15.946786880493164
15.567922592163086
16.914106369018555
17.368799209594727
17.695999145507812
17.612751007080078
18.412914276123047
19.263093948364258
18.37550163269043
19.596593856811523
19.33206558227539
20.476062774658203
20.531808853149414
20.62458038330078
22.09364891052246
21.771148681640625
22.375463485717773
22.88436508178711
22.34556007385254
16.85468864440918
-32.44623947143555
-28.048969268798828
-0.00718874204903841
-0.009303545579314232
-0.00846368819475174
-0.010390499606728554
-0.009807931259274483
-0.008208965882658958
-0.00898987241089344
-0.008546045050024986
-0.0075994012877345085
-0.008013725280761719
-0.00761417904868722
-0.0069659193977713585
-0.006949516478925943
-0.006361997686326504
-0.005981246940791607
-0.005792325362563133
-0.005403104238212109
-0.005075561814010143
-0.004235857632011175
-0.004325612913817167
-0.0036616281140595675
-0.003428107127547264
-0.0030921618454158306
-0.002751775551587343
-0.0022569061256945133
-0.0022664875723421574
-0.0010035291779786348
-0.0010608825832605362
-0.0007677493849769235
0.00011816523328889161
-0.0003078532754443586
0.0009401522693224251
0.001215070253238082
0.0009321460383944213
0.002233179286122322
0.0019423309713602066
0.002206371631473303
0.0031038124579936266
0.0031075552105903625
0.0034766015596687794
0.003915061242878437
0.004062916152179241
0.00441583851352334
0.005288355518132448
0.004959311336278915
0.0059835100546479225
0.0052994792349636555
0.006082070060074329
0.0065614632330834866
0.006139109376817942
0.006719392724335194
0.007199337240308523
0.007352697663009167
0.0074725947342813015
0.007339718285948038
0.007612092886120081
0.008672373369336128
0.00787388626486063
0.0084541542455554
0.008416635915637016
0.008654716424643993
0.008710991591215134
0.008529876358807087
0.008987425826489925
0.009067091159522533
0.009046653285622597
0.009358322247862816
0.009033114649355412
0.009268559515476227
0.009297475218772888
0.00920902844518423
0.00983381923288107
0.008987648412585258
0.009242281317710876
0.00897381640970707
0.00944414734840393
0.009354619309306145
0.008371537551283836
0.00918604712933302
0.008813614957034588
0.008926802314817905
0.0087661724537611
0.00839152280241251
0.008470258675515652
0.00803840160369873
0.008274173364043236
0.007671152241528034
0.007956696674227715
0.007663971744477749
0.007525753229856491
0.007025945000350475
0.007028887514024973
0.007040809839963913
0.006829028017818928
0.006174682639539242
0.006362134125083685
20.418987274169922
93.222900390625
110.5114517211914
60.68085861206055
33.856056213378906
24.442590713500977
20.682254791259766
7.492150783538818
5.766390800476074
4.700219631195068
0.2830663323402405
0.2111472636461258
-1.1503803730010986
-3.3000283241271973
-2.2738261222839355
-3.973087787628174
-3.86464262008667
-3.8986244201660156
-4.165030479431152
-4.302902698516846
-3.7766292095184326
-4.4066877365112305
-3.6469569206237793
-3.904303789138794
-4.403626441955566
-4.0877909660339355
-3.6804003715515137
-3.5449905395507812
-3.366095781326294
-2.761690139770508
-2.9615349769592285
-3.00654935836792
-2.828104257583618
-2.34603214263916
-2.0849947929382324
-1.5314626693725586
-1.4701817035675049
-0.5795911550521851
-0.7536718845367432
-0.364363431930542
0.5133678913116455
0.31901317834854126
1.074375867843628
1.1705472469329834
0.8595348596572876
1.6822487115859985
1.9858522415161133
2.540722370147705
2.4212939739227295
2.9563345909118652
4.452949523925781
4.7543768882751465
4.263582706451416
4.675685405731201
5.176337242126465
5.532134056091309
6.500330924987793
5.783463478088379
6.115925312042236
6.1005706787109375
6.759198188781738
7.195777893066406
8.466341018676758
9.05393123626709
9.623071670532227
9.115936279296875
9.605072975158691
9.830904006958008
9.710262298583984
10.698240280151367
11.021086692810059
10.776174545288086
12.814666748046875
12.322187423706055
12.207902908325195
12.966264724731445
13.81840705871582
14.497340202331543
14.534894943237305
14.966211318969727
15.129572868347168
15.40330696105957
15.611114501953125
16.63265037536621
17.495731353759766
18.06509780883789
18.4376163482666
18.368839263916016
19.003597259521484
19.043458938598633
19.074626922607422
18.721609115600586
19.450599670410156
21.077327728271484
21.62222671508789
21.501079559326172
21.927921295166016
22.177104949951172
23.21837615966797
23.88199234008789
23.19744300842285
15.915051460266113
-32.23646926879883
-29.8727970123291
-0.007152915932238102
-0.009240970015525818
-0.008269007317721844
-0.010738542303442955
-0.009275423362851143
-0.008236031047999859
-0.009185048751533031
-0.008133712224662304
-0.007846957072615623
-0.007911860942840576
-0.007199353538453579
-0.007260289043188095
-0.006836132612079382
-0.0063627646304667
-0.0061152419075369835
-0.005896375980228186
-0.005369114689528942
-0.005228101275861263
-0.004412309266626835
-0.004297509323805571
-0.003467033850029111
-0.0040660882368683815
-0.0028496745508164167
-0.0029046512208878994
-0.0020184461027383804
-0.0020205865148454905
-0.0014193130191415548
-0.0007717894623056054
-0.0007615866488777101
-9.044343460118398e-05
-6.811651110183448e-05
0.0005060561234131455
0.0011619615834206343
0.0012421380961313844
0.002093991730362177
0.0020081917755305767
0.0021106605418026447
0.002990582026541233
0.0032511211466044188
0.003670432837679982
0.003873449983075261
0.0038080133963376284
0.004701203666627407
0.004905625246465206
0.005209534429013729
0.005048999562859535
0.005609303712844849
0.006204371340572834
0.006277639418840408
0.006344252731651068
0.007018128875643015
0.007026319392025471
0.00731602543964982
0.00713312765583396
0.0077163404785096645
0.00776135828346014
0.008383432403206825
0.00807926058769226
0.008612248115241528
0.008545711636543274
0.008496500551700592
0.008871020749211311
0.008621364831924438
0.009228512644767761
0.008839749731123447
0.00936712697148323
0.009114004671573639
0.00907299853861332
0.009562480263411999
0.009355729445815086
0.009130887687206268
0.009181895293295383
0.009401515126228333
0.009182076901197433
0.009179766289889812
0.00923324003815651
0.00933322124183178
0.008693655952811241
0.008956493809819221
0.008663986809551716
0.008743971586227417
0.008360378444194794
0.008728371001780033
0.008068359456956387
0.008326232433319092
0.008036194369196892
0.008330502547323704
0.00775779876857996
0.007700249552726746
0.007460614200681448
0.007186572067439556
0.007170051336288452
0.0064086029306054115
0.006783474236726761
0.006682553328573704
0.005926762241870165
13.072751998901367
83.55804443359375
106.9198989868164
63.619407653808594
27.748737335205078
22.91613006591797
17.673267364501953
11.093415260314941
7.6322221755981445
4.3667402267456055
1.6500650644302368
0.37857547402381897
-0.9069344401359558
-2.106113910675049
-2.5573668479919434
-2.852864980697632
-3.4714481830596924
-3.6850268840789795
-4.156968593597412
-4.076485633850098
-4.079967021942139
-4.303890705108643
-4.162522792816162
-4.104694366455078
-4.354869842529297
-3.903245449066162
-3.3509764671325684
-3.3038501739501953
-3.22318696975708
-3.3912405967712402
-3.3094730377197266
-3.3981704711914062
-2.7518320083618164
-2.391308307647705
-0.9119023084640503
-2.227525234222412
-1.7166942358016968
-1.776261329650879
-0.43522176146507263
0.46002277731895447
0.2589389681816101
0.27173322439193726
0.4120451807975769
0.37851330637931824
2.0532031059265137
2.6230571269989014
2.68462872505188
2.046353816986084
3.021207809448242
3.3259940147399902
2.887819766998291
4.443123817443848
4.6178879737854
5.003816604614258
4.863793849945068
6.09230899810791
5.6801042556762695
6.028786659240723
6.571498870849609
6.160440444946289
6.912420749664307
7.4605512619018555
8.052510261535645
8.25766658782959
8.35901927947998
8.864073753356934
10.215456008911133
9.818754196166992
10.015226364135742
10.512774467468262
10.993719100952148
11.407466888427734
11.70054817199707
12.556116104125977
13.026662826538086
12.963865280151367
13.707934379577637
13.857261657714844
14.488122940063477
14.868080139160156
15.619830131530762
16.184715270996094
16.646554946899414
16.292978286743164
16.423053741455078
16.961782455444336
17.990345001220703
18.26552963256836
18.896387100219727
19.966384887695312
20.813119888305664
20.50567054748535
20.77517318725586
20.844118118286133
20.579559326171875
20.833850860595703
22.28897476196289
22.448501586914062
22.721324920654297
22.758867263793945
23.004953384399414
16.90322494506836
-31.579147338867188
-29.512277603149414
-0.006942429579794407
-0.009283204562962055
-0.0081831319257617
-0.010815717279911041
-0.00969281792640686
-0.008478496223688126
-0.008839873597025871
-0.008365373127162457
-0.007794565055519342
-0.00807348731905222
-0.007396326866000891
-0.007055624388158321
-0.0068054175935685635
-0.006329321768134832
-0.006013571750372648
-0.005869988352060318
-0.005411927588284016
-0.005046661477535963
-0.004164824262261391
-0.00443784985691309
-0.0038214116357266903
-0.002978682518005371
-0.003227627370506525
-0.0025352381635457277
-0.0024089193902909756
-0.0016498178010806441
-0.001425313064828515
-0.0012556954752653837
-0.0005808309651911259
7.998033106559888e-05
-0.0001421035995008424
0.0005515755037777126
0.001210070913657546
0.0008325646631419659
0.0016721254214644432
0.002049058210104704
0.002426608931273222
0.00289539759978652
0.003368627978488803
0.003506843699142337
0.0037712841294705868
0.004218145273625851
0.004297206643968821
0.0048524136655032635
0.005150719545781612
0.005438055843114853
0.005586549639701843
0.005966242402791977
0.006560712121427059
0.006086020730435848
0.006917167454957962
0.007223749067634344
0.006916267331689596
0.007905600592494011
0.007351301610469818
0.007942887023091316
0.008184760808944702
0.007856160402297974
0.008859161287546158
0.008292574435472488
0.008834708482027054
0.008682845160365105
0.008758502081036568
0.008884923532605171
0.009215732105076313
0.009149185381829739
0.009167011827230453
0.009241990745067596
0.00949280895292759
0.00911963265389204
0.009216995909810066
0.009390989318490028
0.009413139894604683
0.009262466803193092
0.009488672018051147
0.008995543234050274
0.00930109340697527
0.0090263020247221
0.00893307477235794
0.008670424111187458
0.00894323643296957
0.008574207313358784
0.00817287340760231
0.008771992288529873
0.00809893012046814
0.008243734948337078
0.00785256177186966
0.007633809000253677
0.007266582455486059
0.0076584951020777225
0.007229277398437262
0.00724815484136343
0.006566832773387432
0.006757365074008703
0.006478679366409779
0.006026575807482004
13.051813125610352
83.13143920898438
102.67726135253906
55.007667541503906
30.438812255859375
20.26049041748047
17.41824722290039
5.009557247161865
4.054549217224121
3.4351468086242676
-0.10428953170776367
-0.32688969373703003
-0.47589197754859924
-2.6233983039855957
-2.791713237762451
-3.4749348163604736
-3.9286701679229736
-3.795701503753662
-4.586956977844238
-4.175559043884277
-4.227866172790527
-4.006817817687988
-4.243305206298828
-4.5285539627075195
-4.08695125579834
-3.927109956741333
-3.6252388954162598
-3.858229160308838
-3.6374752521514893
-3.061800241470337
-3.0510306358337402
-3.048591375350952
-2.4910902976989746
-2.8352949619293213
-1.6322358846664429
-1.896207571029663
-1.684844970703125
-1.0476323366165161
-0.09129367023706436
-0.5455800294876099
-0.007434538099914789
0.7666540145874023
1.3247039318084717
1.045025110244751
2.014035940170288
2.177476167678833
2.266880989074707
2.228654146194458
4.155016899108887
3.857725143432617
3.457618236541748
4.661795139312744
4.733901023864746
5.301992893218994
5.140896320343018
4.922883033752441
5.146756649017334
7.134310722351074
7.017828941345215
6.760153293609619
7.4859209060668945
7.628619194030762
8.624526977539062
8.95885181427002
9.144044876098633
9.129472732543945
8.685613632202148
9.350568771362305
10.767577171325684
11.252622604370117
11.474615097045898
11.692107200622559
12.344743728637695
12.338140487670898
12.983123779296875
13.028434753417969
13.218249320983887
14.251884460449219
14.565363883972168
15.019491195678711
15.06895923614502
15.495317459106445
15.944158554077148
16.59598159790039
17.29148292541504
17.611448287963867
18.203481674194336
18.082582473754883
18.058828353881836
17.877666473388672
18.198755264282227
19.2866268157959
20.315353393554688
21.44033432006836
21.37957191467285
22.304889678955078
21.631189346313477
23.439720153808594
23.193363189697266
22.74595832824707
21.042522430419922
15.8257474899292
-32.669769287109375
-29.28481674194336
-0.007073728833347559
-0.009063102304935455
-0.008240660652518272
-0.010650461539626122
-0.009495953097939491
-0.008255178108811378
-0.00886010192334652
-0.008261853829026222
-0.007626259233802557
-0.008243503049015999
-0.007327176630496979
-0.006757842842489481
-0.00712940189987421
-0.006271482910960913
-0.006208100356161594
-0.005559938959777355
-0.005415557883679867
-0.004834330175071955
-0.004474418703466654
-0.004627507645636797
-0.0035457336343824863
-0.0035552731715142727
-0.003189699724316597
-0.0025887717492878437
-0.0021682006772607565
-0.0018890196224674582
-0.0011768399272114038
-0.0009069144725799561
-0.0006679085199721158
4.721572622656822e-05
-8.50461219670251e-05
0.0007370810490101576
0.000815120991319418
0.0013247954193502665
0.0016466367524117231
0.0022412321995943785
0.002440934767946601
0.0030059891287237406
0.002734855283051729
0.004391539841890335
0.0032678190618753433
0.004249063320457935
0.004832398612052202
0.004755762405693531
0.005222567357122898
0.005527315195649862
0.005969046149402857
0.0058786263689398766
0.006501086056232452
0.006621097214519978
0.006925457157194614
0.006704323925077915
0.007483293768018484
0.007480821572244167
0.00763350073248148
0.0076713464222848415
0.008467253297567368
0.007982434704899788
0.008111972361803055
0.008392573334276676
0.008678596466779709
0.008816532790660858
0.008862481452524662
0.009197873994708061
0.009050953201949596
0.008848185651004314
0.009308499284088612
0.009216928854584694
0.00913234706968069
0.009220320731401443
0.00935952179133892
0.009415973909199238
0.009390484541654587
0.008695611730217934
0.009314224123954773
0.009016654454171658
0.008983013220131397
0.009096018970012665
0.008770089596509933
0.00861339457333088
0.008731338195502758
0.008667743764817715
0.00843423418700695
0.008176560513675213
0.008136394433677197
0.007860898971557617
0.008120119571685791
0.00755523145198822
0.007694713771343231
0.007093894295394421
0.0074681853875517845
0.006974951829761267
0.007065157406032085
0.006315992213785648
0.006098508834838867
0.00640322407707572
12.844327926635742
83.57933044433594
103.39653015136719
55.48430633544922
30.952346801757812
17.35975456237793
16.369314193725586
4.881285667419434
5.182734966278076
4.943242073059082
1.0607572793960571
0.7198280096054077
-0.5280953049659729
-2.494539260864258
-2.093682050704956
-3.130105495452881
-3.9357876777648926
-3.4206364154815674
-4.176331520080566
-4.286505699157715
-3.5648155212402344
-3.9973762035369873
-4.013090133666992
-4.29585599899292
-3.735990047454834
-3.7676615715026855
-3.6730761528015137
-4.048923969268799
-3.3787009716033936
-3.4601027965545654
-3.734039783477783
-2.7648026943206787
-2.8010518550872803
-2.8601508140563965
-2.008385181427002
-1.3000032901763916
-1.6824840307235718
-0.8960995674133301
-0.6397832036018372
-0.5604177117347717
-0.11952409893274307
0.0666876807808876
0.3996047079563141
0.23696637153625488
1.6694633960723877
1.5480960607528687
1.6382948160171509
2.8043556213378906
2.8000853061676025
2.887989044189453
2.954075813293457
4.107644081115723
3.9643077850341797
4.977969169616699
5.441256046295166
4.720154762268066
5.638369083404541
6.015883445739746
6.784904479980469
7.029651641845703
7.596195220947266
6.789076328277588
8.477018356323242
8.065898895263672
8.61465072631836
8.960929870605469
9.621767044067383
10.104400634765625
10.275118827819824
9.703564643859863
11.158544540405273
11.815627098083496
12.275510787963867
12.213213920593262
12.652507781982422
13.544477462768555
14.361688613891602
14.240547180175781
15.162040710449219
15.48054313659668
16.065998077392578
15.592079162597656
16.047061920166016
16.385997772216797
16.633663177490234
17.14799690246582
18.00190544128418
17.850053787231445
18.64849853515625
18.18692970275879
18.93722152709961
20.560997009277344
20.697010040283203
21.275390625
20.938716888427734
21.95248031616211
21.880441665649414
22.218271255493164
22.628559112548828
22.829227447509766
21.726139068603516
15.335075378417969
-32.24531936645508
-29.613021850585938
-0.007181152701377869
-0.009003618732094765
-0.008283141069114208
-0.010673388838768005
-0.009609274566173553
-0.0081638777628541
-0.008779486641287804
-0.00830131210386753
-0.00811071414500475
-0.00794870126992464
-0.007464413996785879
-0.006703555583953857
-0.007227075286209583
-0.0060454076156020164
-0.006161827128380537
-0.006024533417075872
-0.005412256810814142
-0.004795899614691734
-0.004743621218949556
-0.003984601702541113
-0.004169023595750332
-0.0032332204282283783
-0.0031518235336989164
-0.002661657053977251
-0.002265049610286951
-0.0018901603762060404
-0.0013127366546541452
-0.001224114908836782
-0.00048530689673498273
-0.0007103598327375948
0.00038795574801042676
0.0007609380409121513
0.0007442968781106174
0.001150335418060422
0.0019492001738399267
0.0017714540008455515
0.002445931313559413
0.0030176963191479445
0.0028618385549634695
0.0036708922125399113
0.00391819141805172
0.004214765038341284
0.004725167993456125
0.004862728528678417
0.004795496817678213
0.005697626154869795
0.005764577072113752
0.005765294190496206
0.006268858909606934
0.0065072886645793915
0.006767893675714731
0.00680841039866209
0.0076334187760949135
0.0073583670891821384
0.007638336159288883
0.0075012752786278725
0.00804899726063013
0.008403459563851357
0.008234620094299316
0.008521261624991894
0.008568070828914642
0.008723401464521885
0.008624156937003136
0.009462468326091766
0.00888657197356224
0.008926798589527607
0.009450485929846764
0.009128001518547535
0.008963759057223797
0.00976314302533865
0.00885874591767788
0.008983979001641273
0.009360520169138908
0.009457449428737164
0.009090187959372997
0.009325159713625908
0.008377204649150372
0.009124877862632275
0.009019378572702408
0.008940327912569046
0.00886617787182331
0.008419519290328026
0.008666080422699451
0.008214807137846947
0.008474563248455524
0.008195088244974613
0.008132359012961388
0.007748370058834553
0.0075723230838775635
0.007551169954240322
0.007154525723308325
0.007016617804765701
0.006802904419600964
0.006741344928741455
0.006354006938636303
0.006243537180125713
38.94451141357422
111.55204010009766
123.74562072753906
69.98313903808594
43.48401641845703
26.336767196655273
22.10015106201172
8.392520904541016
5.849708080291748
5.417271137237549
1.5278880596160889
0.5086798071861267
-0.2516191601753235
-1.819801926612854
-2.390753984451294
-2.3332715034484863
-3.2522170543670654
-3.40519380569458
-3.600489377975464
-3.8252365589141846
-4.626888275146484
-3.964855909347534
-3.838819980621338
-4.08907413482666
-4.114635944366455
-3.622547149658203
-4.039288520812988
-3.511392593383789
-3.6434578895568848
-3.1562728881835938
-3.0486021041870117
-2.5709304809570312
-2.03338360786438
-1.9030752182006836
-1.5919378995895386
-0.8622289896011353
-1.3987512588500977
-1.8976736068725586
-0.8490937352180481
-0.035426389425992966
-0.07034507393836975
0.9518917202949524
1.9432083368301392
1.013084888458252
0.9068756103515625
2.100670576095581
2.091104745864868
1.5406763553619385
3.423985719680786
3.645570755004883
3.4755349159240723
3.710447311401367
4.005861759185791
4.232724189758301
5.216928958892822
6.329526901245117
6.447684288024902
5.621493339538574
6.970267295837402
6.747188568115234
6.835341453552246
7.986240386962891
8.152776718139648
8.976091384887695
9.136698722839355
9.106350898742676
9.149063110351562
10.74284553527832
9.986661911010742
10.340826988220215
10.971834182739258
10.941855430603027
11.388776779174805
12.718195915222168
12.876703262329102
13.483479499816895
13.82752799987793
13.608884811401367
14.131155014038086
14.150938034057617
14.438446044921875
14.949914932250977
15.256278991699219
16.449796676635742
17.185941696166992
18.19093132019043
17.658039093017578
18.19188690185547
18.722782135009766
18.977758407592773
19.589614868164062
20.368362426757812
20.201601028442383
20.282808303833008
20.288623809814453
21.089651107788086
22.373615264892578
22.12863540649414
22.66799545288086
23.786596298217773
23.224315643310547
16.379009246826172
-34.3311767578125
-25.522327423095703
-0.0074524953961372375
-0.009622680954635143
-0.008042584173381329
-0.010634276084601879
-0.0092734694480896
-0.008053169585764408
-0.009147354401648045
-0.008252125233411789
-0.007784716784954071
-0.007856233045458794
-0.006982455961406231
-0.0074499608017504215
-0.006473205052316189
-0.006480640731751919
-0.00589379807934165
-0.005854111164808273
-0.005213458556681871
-0.005024055019021034
-0.00456285011023283
-0.00408754451200366
-0.0037353604566305876
-0.0032871700823307037
-0.0030472679063677788
-0.0025500734336674213
-0.0023544642608612776
-0.0015653513837605715
-0.001373782055452466
-0.0014473219634965062
-0.0005155208637006581
-0.000288084294879809
0.00028329846099950373
0.0004995601484552026
0.0012510910164564848
0.0011956548551097512
0.0020418933127075434
0.0018527188804000616
0.0022945269010961056
0.003205561311915517
0.00329826888628304
0.00320960721001029
0.004032033495604992
0.004157614428550005
0.0047056893818080425
0.004678059369325638
0.005244399420917034
0.005427665077149868
0.005738577339798212
0.00615339633077383
0.006667862646281719
0.006093802861869335
0.007367500104010105
0.007005278952419758
0.007225541863590479
0.007601541467010975
0.007988249883055687
0.007677067071199417
0.008558182045817375
0.007787540555000305
0.008386552333831787
0.008253779262304306
0.008691206574440002
0.008967194706201553
0.008762864395976067
0.008880489505827427
0.00945158489048481
0.008594920858740807
0.00940864346921444
0.009286414831876755
0.009241828694939613
0.009088192135095596
0.009734389372169971
0.009097261354327202
0.009356612339615822
0.009082408621907234
0.00900156982243061
0.009616173803806305
0.009177720174193382
0.00849519856274128
0.009009280242025852
0.0089977802708745
0.008934663608670235
0.00861340668052435
0.008462970145046711
0.008365224115550518
0.008286353200674057
0.00796983577311039
0.0076794312335550785
0.008108935318887234
0.007695096079260111
0.007110235281288624
0.0072491830214858055
0.007083973381668329
0.007109995931386948
0.006349126808345318
0.006253244820982218
0.00646809721365571
30.117950439453125
103.17498779296875
118.01948547363281
66.20948791503906
38.41001510620117
18.629867553710938
18.090938568115234
7.587634086608887
7.181495666503906
6.937145233154297
2.8122599124908447
1.9465210437774658
0.7242792844772339
-1.255311369895935
-1.7385257482528687
-2.2601943016052246
-3.4251866340637207
-3.947216033935547
-3.7693095207214355
-4.218944549560547
-3.8788704872131348
-4.157418251037598
-3.964489459991455
-3.7525081634521484
-3.188143253326416
-3.5884718894958496
-3.70232892036438
-3.6538805961608887
-3.950103759765625
-3.330806016921997
-2.500814914703369
-2.6077463626861572
-2.855433702468872
-2.140899419784546
-2.0280160903930664
-1.3887014389038086
-1.0215847492218018
-1.163377046585083
-0.7205678224563599
-0.6120041608810425
-0.29239004850387573
0.8320425748825073
1.2904655933380127
1.015818476676941
1.8043134212493896
2.32774019241333
1.3120427131652832
1.6220382452011108
4.0469584465026855
3.4544677734375
2.8870368003845215
4.137991428375244
4.375341415405273
4.268698692321777
5.690298080444336
6.31248664855957
5.384415626525879
6.468203067779541
6.942951202392578
6.56276798248291
8.021169662475586
8.040871620178223
8.873559951782227
8.835379600524902
8.468415260314941
9.549138069152832
9.00572395324707
9.798484802246094
10.523778915405273
11.326456069946289
11.589828491210938
11.851399421691895
12.794355392456055
12.38066577911377
13.139305114746094
13.745721817016602
13.969972610473633
14.070253372192383
14.28205680847168
14.677517890930176
15.42747974395752
15.848962783813477
16.357791900634766
16.101972579956055
17.175146102905273
17.24138832092285
18.301435470581055
17.523426055908203
19.3727970123291
19.810449600219727
19.63262939453125
19.73691177368164
19.50286293029785
20.29302406311035
21.892738342285156
22.051265716552734
22.554805755615234
22.884191513061523
23.830018997192383
24.666828155517578
23.234737396240234
15.38209342956543
-32.67267990112305
-29.47067642211914
-0.00744953379034996
-0.009075849317014217
-0.008423158898949623
-0.010727813467383385
-0.009544354863464832
-0.008408436551690102
-0.008689050562679768
-0.008676469326019287
-0.007884749211370945
-0.007742679212242365
-0.007721445057541132
-0.006991587579250336
-0.006932484917342663
-0.006380412727594376
-0.006069760769605637
-0.005810789298266172
-0.00517671275883913
-0.005216985009610653
-0.004119224846363068
-0.0044801807962358
-0.003623711410909891
-0.00336923124268651
-0.003190233139321208
-0.0028214515186846256
-0.002093902323395014
-0.0018704840913414955
-0.0013436229201033711
-0.0012493828544393182
-0.000596056692302227
-0.00011486213043099269
0.0002464952121954411
0.0006702953251078725
0.0007905458915047348
0.0013642919948324561
0.001518595265224576
0.002265365794301033
0.002487058285623789
0.0028744847513735294
0.003108890959993005
0.003404889954254031
0.00360162858851254
0.0042937761172652245
0.004402162041515112
0.0049074264243245125
0.0054887430742383
0.005403033457696438
0.005767511669546366
0.00613559503108263
0.006293696351349354
0.006794518791139126
0.006542920134961605
0.007355532143265009
0.007013171911239624
0.007788682822138071
0.0075364671647548676
0.007926614955067635
0.00814142357558012
0.00807906687259674
0.008873184211552143
0.008249005302786827
0.008968326263129711
0.00848417915403843
0.008819295093417168
0.009046128019690514
0.008759565651416779
0.009299899451434612
0.008946765214204788
0.009014183655381203
0.009168894961476326
0.009368687868118286
0.00932676438242197
0.009421344846487045
0.009144383482635021
0.008975991047918797
0.009671894833445549
0.00880452524870634
0.009112963452935219
0.009239567443728447
0.008830557577311993
0.00906350091099739
0.008596537634730339
0.008609352633357048
0.008363164961338043
0.008521229028701782
0.008625006303191185
0.007877062074840069
0.007931740954518318
0.008172458969056606
0.007265274412930012
0.007898646406829357
0.006930530071258545
0.007066971622407436
0.0068574524484574795
0.007000400219112635
0.006007394287735224
0.0065674022771418095
29.413345336914062
102.3979263305664
117.45011901855469
65.4035873413086
37.313751220703125
23.78322982788086
21.042800903320312
8.682161331176758
5.70229959487915
5.155989646911621
1.1342520713806152
0.38011106848716736
-0.3518441617488861
-2.448218822479248
-3.002786874771118
-2.903897523880005
-4.2762861251831055
-3.7215945720672607
-3.791341781616211
-4.219820022583008
-4.0257487297058105
-3.7516136169433594
-3.962981700897217
-3.4615070819854736
-3.6016201972961426
-3.5493526458740234
-3.9055895805358887
-3.7328543663024902
-3.8835577964782715
-3.009744644165039
-2.9907054901123047
-2.3609328269958496
-2.7375452518463135
-2.669332981109619
-2.227731227874756
-1.2769911289215088
-1.2447680234909058
-0.924017608165741
-0.885025680065155
0.14713487029075623
0.1241578683257103
0.5565537214279175
1.0722706317901611
0.8500760793685913
1.4712756872177124
2.0355000495910645
1.7768669128417969
2.1763296127319336
3.6448631286621094
3.9796624183654785
3.3371520042419434
4.517679214477539
4.011024475097656
4.361559867858887
4.445165157318115
5.4329938888549805
6.393073081970215
5.529952526092529
6.450435638427734
7.2518815994262695
7.206023216247559
8.016611099243164
7.773354530334473
7.29388427734375
8.079397201538086
8.472599029541016
9.984054565429688
10.36848258972168
10.550636291503906
11.13259220123291
11.54999828338623
11.679145812988281
12.014750480651855
12.983427047729492
12.403579711914062
14.166679382324219
13.551900863647461
13.47553539276123
14.255717277526855
14.758956909179688
14.723695755004883
15.133153915405273
15.553950309753418
16.389446258544922
16.05545997619629
16.523441314697266
16.868724822998047
17.590883255004883
17.641300201416016
18.866680145263672
18.465383529663086
19.541790008544922
19.378108978271484
20.506229400634766
20.277917861938477
20.870817184448242
21.062824249267578
20.94852066040039
21.779993057250977
22.976890563964844
22.316856384277344
15.661308288574219
-32.68813705444336
-28.38546371459961
-0.0069396039471030235
-0.009344259276986122
-0.008042136207222939
-0.010786691680550575
-0.009301682934165001
-0.008776823058724403
-0.00855294894427061
-0.008391724899411201
-0.007594694383442402
-0.008206234313547611
-0.007201457861810923
-0.0069192275404930115
-0.006587683223187923
-0.006774070672690868
-0.00612000422552228
-0.005310007371008396
-0.005252444185316563
-0.005059592425823212
-0.004420912824571133
-0.004059772938489914
-0.0033950041979551315
-0.003553346497938037
-0.0030392457265406847
-0.0026612014044076204
-0.002171754138544202
-0.0016533683519810438
-0.0012630426790565252
-0.0012958638835698366
-0.0007784782210364938
-0.0002432280161883682
0.00013743150338996202
0.0006620524218305945
0.0009442634764127433
0.0011478880187496543
0.0017510481411591172
0.001981169218197465
0.002538608852773905
0.0031974457670003176
0.0033068563789129257
0.003368127392604947
0.003781956387683749
0.004325570072978735
0.00498336972668767
0.005079798400402069
0.0047929855063557625
0.005583037156611681
0.0060573904775083065
0.006358036305755377
0.006083100102841854
0.006387231405824423
0.0068232216872274876
0.007181722670793533
0.006979115307331085
0.007839145138859749
0.007783760782331228
0.007483058609068394
0.008435995317995548
0.008291380479931831
0.008450391702353954
0.008611425757408142
0.008678988553583622
0.008755003102123737
0.008934239856898785
0.00914232712239027
0.00903602596372366
0.0086408955976367
0.009406410157680511
0.00892992690205574
0.009715880267322063
0.00890312809497118
0.009477938525378704
0.009542843326926231
0.009048339910805225
0.00918626505881548
0.00931247603148222
0.009359723888337612
0.008803249336779118
0.00936181005090475
0.008670588955283165
0.008866050280630589
0.00878633838146925
0.008547031320631504
0.008340377360582352
0.008726337924599648
0.008007028140127659
0.007834477350115776
0.008438820950686932
0.0076087540946900845
0.00810741726309061
0.007576158735901117
0.007353832479566336
0.0070594800636172295
0.006811660714447498
0.006590174976736307
0.006341003812849522
0.006454127840697765
39.254432678222656
110.97493743896484
123.33455657958984
69.16788482666016
40.08683395385742
24.34682846069336
22.55982780456543
9.212801933288574
5.73611307144165
6.4320244789123535
2.0203497409820557
0.5476743578910828
0.24721035361289978
-2.3156661987304688
-2.4989874362945557
-2.4425158500671387
-3.5838584899902344
-3.7726638317108154
-3.4584479331970215
-4.192047119140625
-4.233698844909668
-3.4090347290039062
-4.062579154968262
-4.0180253982543945
-3.5192604064941406
-3.9514548778533936
-4.111270427703857
-3.607731342315674
-3.0523810386657715
-3.238532304763794
-2.6627509593963623
-2.4459235668182373
-1.889798879623413
-2.4642300605773926
-1.8047876358032227
-1.8037307262420654
-1.5429065227508545
-1.0496505498886108
-0.486005961894989
-0.25584763288497925
0.1415804773569107
0.3649824559688568
-0.08204488456249237
0.7756412029266357
1.9543406963348389
1.3963916301727295
2.161769151687622
2.517803907394409
2.4902544021606445
2.6179182529449463
4.486187934875488
4.320633888244629
3.650972843170166
4.454657077789307
5.251364707946777
5.895586967468262
6.285329818725586
5.675539970397949
6.907190799713135
6.925640106201172
6.849139213562012
8.13915729522705
8.208288192749023
8.70371150970459
8.646391868591309
9.243855476379395
9.352100372314453
9.831016540527344
10.363805770874023
10.787994384765625
11.031167984008789
12.054709434509277
11.767987251281738
12.358931541442871
12.314483642578125
12.892290115356445
12.161450386047363
13.466639518737793
14.0559663772583
15.044347763061523
15.637025833129883
15.763174057006836
16.292137145996094
16.66402816772461
17.230926513671875
17.837778091430664
16.829601287841797
17.657161712646484
18.255414962768555
18.734106063842773
18.57264518737793
19.682567596435547
20.13701057434082
20.791187286376953
20.798667907714844
20.69026756286621
22.025949478149414
21.822721481323242
22.176546096801758
22.85635757446289
22.191600799560547
15.392465591430664
-33.01830291748047
-26.8922061920166
-0.006837004330009222
-0.009422214701771736
-0.008309506811201572
-0.010965141467750072
-0.008948186412453651
-0.00834671687334776
-0.008849640376865864
-0.008143145591020584
-0.007815318182110786
-0.007855131290853024
-0.0073218075558543205
-0.0068877749145030975
-0.006501960568130016
-0.00636515486985445
-0.005902973003685474
-0.006093652453273535
-0.005173311568796635
-0.004865390248596668
-0.0044782026670873165
-0.00408120546489954
-0.003508294466882944
-0.003545475425198674
-0.00318215717561543
-0.0025480366311967373
-0.0022681362461298704
-0.001370587619021535
-0.0016009487444534898
-0.0012577103916555643
-0.000518730201292783
0.00018506178457755595
-0.0001906607358250767
0.0003764856664929539
0.0011066255392506719
0.0012839389964938164
0.0018117952859029174
0.0021344709675759077
0.0026019017677754164
0.0027458949480205774
0.003008766332641244
0.00368569977581501
0.003630677703768015
0.004494901280850172
0.004643950145691633
0.004816367290914059
0.005178098101168871
0.005197372753173113
0.005974120460450649
0.006313793361186981
0.006022900342941284
0.006852493621408939
0.007352136075496674
0.006704916246235371
0.007264671381562948
0.007565914653241634
0.007413887418806553
0.00844478327780962
0.008102990686893463
0.00827399455010891
0.008474722504615784
0.008226941339671612
0.008904693648219109
0.008928149938583374
0.00865931622684002
0.008812312968075275
0.009078767150640488
0.009478138759732246
0.009024709463119507
0.009223571047186852
0.009284796193242073
0.009085342288017273
0.009099823422729969
0.009186896495521069
0.008943512104451656
0.009307894855737686
0.009082935750484467
0.009156066924333572
0.008819198235869408
0.009662771597504616
0.009163043461740017
0.008253881707787514
0.008973171003162861
0.008971070870757103
0.008263319730758667
0.008944216184318066
0.008251229301095009
0.00768565759062767
0.008103661239147186
0.007717445492744446
0.00807168148458004
0.0072703612968325615
0.007308219559490681
0.006780325435101986
0.007094415370374918
0.006572921760380268
0.006538319401443005
0.0065812403336167336
20.57944107055664
93.11174011230469
110.60172271728516
61.227745056152344
36.53797149658203
25.793304443359375
20.571542739868164
6.86525821685791
6.066375732421875
3.3524603843688965
-0.03504740446805954
-0.12065994739532471
-1.0803523063659668
-2.674740791320801
-2.5050711631774902
-2.9087252616882324
-3.4685168266296387
-2.8616931438446045
-3.9636974334716797
-3.851677656173706
-4.27458381652832
-4.117374420166016
-3.748810291290283
-3.9888787269592285
-3.965763807296753
-4.426212310791016
-3.3579132556915283
-3.5718510150909424
-3.400871992111206
-3.1231746673583984
-2.516876697540283
-2.4221744537353516
-2.1563501358032227
-2.745357036590576
-2.2200005054473877
-1.7996466159820557
-1.3857420682907104
-0.9737140536308289
-0.440136581659317
0.4959801137447357
0.6930948495864868
-0.20565684139728546
0.4158400893211365
1.6210912466049194
1.8166182041168213
1.7250503301620483
2.548217296600342
2.914255380630493
2.5010454654693604
3.0575671195983887
3.60956072807312
3.6234264373779297
3.8373970985412598
5.077703952789307
4.8611297607421875
6.0988311767578125
6.369353294372559
5.7778520584106445
6.719337463378906
6.772531986236572
6.997018337249756
7.9555344581604
8.667218208312988
8.294008255004883
9.63176441192627
9.70853328704834
9.31276798248291
9.592872619628906
10.953015327453613
11.005945205688477
11.244508743286133
11.388284683227539
12.225576400756836
11.860528945922852
12.761789321899414
13.019376754760742
13.328295707702637
13.941093444824219
14.605740547180176
14.647954940795898
15.819894790649414
14.96247386932373
16.189197540283203
15.857014656066895
17.091899871826172
17.986909866333008
18.3173770904541
17.995037078857422
17.955196380615234
18.590457916259766
19.577653884887695
20.190582275390625
21.270828247070312
21.052104949951172
22.175067901611328
22.385066986083984
22.752349853515625
22.507431030273438
24.312095642089844
23.36822509765625
22.499250411987305
15.794557571411133
-32.82813262939453
-30.721664428710938
-0.00724024185910821
-0.009328203275799751
-0.008138781413435936
-0.010685207322239876
-0.009622330777347088
-0.008170328103005886
-0.009151367470622063
-0.00841858796775341
-0.007635410875082016
-0.00838418398052454
-0.007065746001899242
-0.007165729068219662
-0.007019388489425182
-0.00651756813749671
-0.005979974288493395
-0.005923600867390633
-0.005210308823734522
-0.005424696020781994
-0.004330107942223549
-0.0043003493919968605
-0.00368058355525136
-0.0037797228433191776
-0.0031225192360579967
-0.002406876999884844
-0.0023643956519663334
-0.001907623023726046
-0.0011086136801168323
-0.0011867249850183725
-0.0007614366477355361
3.792357165366411e-05
2.024928107857704e-05
0.000623341416940093
0.0007411296828649938
0.0011967208702117205
0.0018254894530400634
0.0020767548121511936
0.002404911909252405
0.0032778091263026
0.003037507412955165
0.003140753833577037
0.004235214553773403
0.004150351043790579
0.004243691451847553
0.00511984433978796
0.005092349834740162
0.005487636663019657
0.005702821537852287
0.006068887189030647
0.0065641850233078
0.006250625941902399
0.006880412343889475
0.007227487862110138
0.007349204272031784
0.007257718592882156
0.007904885336756706
0.007917149923741817
0.007827339693903923
0.008311288431286812
0.008298592641949654
0.008542230352759361
0.008714414201676846
0.008716520853340626
0.009128459729254246
0.008537059649825096
0.00909945834428072
0.008958503603935242
0.009061528369784355
0.009355093352496624
0.009295739233493805
0.009235511533915997
0.009220984764397144
0.008995376527309418
0.009550286456942558
0.00932461116462946
0.00942856166511774
0.009435432031750679
0.009057639166712761
0.008746304549276829
0.009088028222322464
0.009039218537509441
0.008524796925485134
0.00872091855853796
0.008674150332808495
0.008338537998497486
0.008290850557386875
0.00819386262446642
0.008103075437247753
0.00761828338727355
0.007416103966534138
0.007179390639066696
0.007093054708093405
0.006982778664678335
0.006727863103151321
0.007275581359863281
0.006152638234198093
0.006231092847883701
39.414306640625
111.88670349121094
123.906005859375
69.692626953125
40.393455505371094
19.791271209716797
19.866098403930664
7.886376857757568
8.383223533630371
8.001420974731445
3.3206253051757812
1.729243278503418
0.676690936088562
-1.537826418876648
-2.0294113159179688
-2.321150302886963
-3.4871630668640137
-3.453885555267334
-3.681908369064331
-4.098543643951416
-4.025510787963867
-3.8577606678009033
-4.0553364753723145
-4.125886917114258
-3.3497836589813232
-4.016992092132568
-3.748176097869873
-3.1600241661071777
-3.459606885910034
-3.137094020843506
-3.016629695892334
-2.954266309738159
-2.4731249809265137
-2.1659433841705322
-1.8549705743789673
-0.9842073321342468
-1.4607610702514648
-0.9741762280464172
-0.6308299899101257
-0.9877440333366394
-0.08409575372934341
0.6152735948562622
0.8539621233940125
1.73273503780365
2.0310192108154297
1.5647480487823486
2.7519659996032715
3.1887381076812744
2.0772807598114014
2.8686163425445557
4.5149712562561035
4.5562849044799805
3.7445385456085205
5.101667881011963
4.630401134490967
5.595632553100586
6.391725063323975
5.9984307289123535
6.7260003089904785
7.123088836669922
7.555777072906494
7.596401214599609
8.380425453186035
8.905929565429688
8.953960418701172
9.920012474060059
9.821194648742676
10.420061111450195
10.680437088012695
10.027852058410645
11.61430835723877
11.272793769836426
11.999119758605957
12.228991508483887
12.656746864318848
13.037992477416992
13.240626335144043
14.333662033081055
15.042596817016602
15.392929077148438
15.228675842285156
15.210626602172852
15.287264823913574
16.552011489868164
16.672475814819336
18.035099029541016
18.3112850189209
18.120285034179688
19.07619285583496
19.199222564697266
19.375165939331055
19.43534278869629
20.814083099365234
20.759971618652344
22.540164947509766
21.539653778076172
21.686676025390625
23.149635314941406
23.505130767822266
23.365459442138672
22.381458282470703
16.81485366821289
-36.87190246582031
-34.46445083618164
-0.006208378821611404
-0.009280262514948845
-0.008882259950041771
-0.010282784700393677
-0.009820555336773396
-0.008338900282979012
-0.00911182351410389
-0.008170424960553646
-0.007891129702329636
-0.00798992719501257
-0.007277836557477713
-0.007218708284199238
-0.006872589234262705
-0.006548414938151836
-0.0057541378773748875
-0.0060511427000164986
-0.005568136461079121
-0.004978028126060963
-0.004616976715624332
-0.0037839021533727646
-0.003983966074883938
-0.0034143030643463135
-0.0032922488171607256
-0.0025972940493375063
-0.0021915859542787075
-0.002009384334087372
-0.0013069533742964268
-0.0008970597991719842
-0.0008660084567964077
-0.00027562782634049654
0.00037491702823899686
0.0004050766001455486
0.001010152162052691
0.0012284547556191683
0.0015570125542581081
0.0020047801081091166
0.002557300729677081
0.003043545875698328
0.003258331213146448
0.0035040974617004395
0.0038438704796135426
0.0040648155845701694
0.0048696789890527725
0.0046719713136553764
0.005294655449688435
0.0057304492220282555
0.005346478428691626
0.006552078761160374
0.006138394121080637
0.006609814707189798
0.0066850632429122925
0.0072452835738658905
0.007152101490646601
0.007413381244987249
0.0075598000548779964
0.008251749910414219
0.0077392831444740295
0.008527358993887901
0.008108444511890411
0.008380122482776642
0.008631566539406776
0.009045088663697243
0.008676668629050255
0.00928258802741766
0.009176002815365791
0.009053150191903114
0.008829900063574314
0.009304228238761425
0.009661296382546425
0.009117982350289822
0.009264522232115269
0.009300945326685905
0.00920882448554039
0.009314586408436298
0.009484024718403816
0.00887267105281353
0.008958469144999981
0.009231729432940483
0.008930696174502373
0.008736027404665947
0.008560242131352425
0.008877073414623737
0.008456136099994183
0.008026214316487312
0.008401110768318176
0.008022382855415344
0.007911326363682747
0.0077119255438447
0.007643600460141897
0.0077575622126460075
0.0070963697507977486
0.007091443054378033
0.006534196436405182
0.006984368897974491
0.006227868143469095
0.006202913820743561
12.937202453613281
82.549072265625
102.86482238769531
55.47045135498047
30.850833892822266
20.54697608947754
17.81525230407715
7.0924882888793945
7.4151201248168945
4.937175750732422
1.414945363998413
0.8069685101509094
-0.40691471099853516
-2.6208879947662354
-1.9349666833877563
-2.8743860721588135
-3.546424150466919
-3.0928921699523926
-3.4663867950439453
-3.992145538330078
-3.88130259513855
-4.371401309967041
-4.2029619216918945
-3.8278045654296875
-3.894672393798828
-3.662309169769287
-3.8567962646484375
-3.5369369983673096
-3.146759510040283
-3.3747611045837402
-3.2802608013153076
-2.587353229522705
-2.8383119106292725
-1.7602965831756592
-1.7893816232681274
-1.182470440864563
-1.2393442392349243
-0.6370623707771301
-1.2697069644927979
-0.13502512872219086
0.43621549010276794
-0.018538838252425194
0.9954805374145508
1.8005176782608032
1.323601484298706
1.830686330795288
1.8244470357894897
2.2680773735046387
2.7976276874542236
3.428118944168091
2.2863173484802246
2.814462900161743
3.8819451332092285
4.601416110992432
5.018768787384033
6.045582294464111
6.391326904296875
6.364185810089111
7.10750675201416
6.571798801422119
7.042916297912598
7.037575721740723
7.370850563049316
8.232036590576172
8.493916511535645
9.489806175231934
9.811819076538086
10.63134479522705
10.762506484985352
11.002066612243652
11.195873260498047
11.146763801574707
12.334961891174316
12.61677360534668
12.193062782287598
12.524025917053223
13.410844802856445
13.726785659790039
14.230705261230469
15.25926685333252
15.396641731262207
14.859843254089355
15.705288887023926
15.623319625854492
17.02811050415039
16.932523727416992
17.185937881469727
17.993343353271484
17.670188903808594
19.04143524169922
19.243541717529297
20.911352157592773
20.114383697509766
20.886009216308594
21.0828800201416
20.583892822265625
21.369647979736328
22.750598907470703
22.350725173950195
22.738693237304688
22.573863983154297
16.887706756591797
-32.33365249633789
-28.157968521118164
-0.007097276858985424
-0.00925535149872303
-0.00812569074332714
-0.010756360366940498
-0.00947950966656208
-0.00804442074149847
-0.008877983316779137
-0.0084804967045784
-0.00794313382357359
-0.007630092091858387
-0.007657133042812347
-0.006827681325376034
-0.006697528995573521
-0.006466871593147516
-0.00593567406758666
-0.005800458136945963
-0.0052728066220879555
-0.005032457411289215
-0.004763946868479252
-0.0039138188585639
-0.0036556951235979795
-0.0035457052290439606
-0.003153391182422638
-0.00282326340675354
-0.001968205673620105
-0.002177063375711441
-0.0012034695828333497
-0.000838878913782537
-0.0008813320891931653
-7.927119440864772e-05
0.00011097516107838601
0.0002658143639564514
0.0011903040576726198
0.0011699292808771133
0.001982498448342085
0.0019000561442226171
0.002855142345651984
0.0027794458437711
0.003034445224329829
0.003681375179439783
0.0036136191338300705
0.0038166095037013292
0.0047174422070384026
0.004746388178318739
0.0053232884965837
0.005498294718563557
0.005579066928476095
0.006119315978139639
0.006452449597418308
0.006162137724459171
0.0071060797199606895
0.007022186182439327
0.007319881580770016
0.0075074248015880585
0.007355839945375919
0.008431246504187584
0.00776649871841073
0.008220227435231209
0.008510204032063484
0.0084216995164752
0.008399628102779388
0.009037010371685028
0.009112103842198849
0.008791246451437473
0.00888262689113617
0.009020203724503517
0.009483951143920422
0.008682429790496826
0.009193839505314827
0.009231091476976871
0.00914771854877472
0.009412148967385292
0.00914323702454567
0.008709633722901344
0.009399166330695152
0.009137909859418869
0.009488323703408241
0.008925877511501312
0.009016930125653744
0.008371892385184765
0.009017941541969776
0.008538826368749142
0.008527448400855064
0.008331595920026302
0.008305387571454048
0.00786545779556036
0.008016715757548809
0.007625035010278225
0.007634637411683798
0.0074786171317100525
0.007170913275331259
0.007067868020385504
0.007036621682345867
0.006766187958419323
0.006187125574797392
0.005685293115675449
13.285371780395508
83.45204162597656
103.92900085449219
56.29357147216797
30.517887115478516
21.582443237304688
18.409475326538086
5.556612968444824
4.483041286468506
4.062342643737793
0.33362627029418945
-0.23157954216003418
-0.8027669191360474
-2.7248728275299072
-2.529879093170166
-3.2386951446533203
-4.206762790679932
-3.9880008697509766
-4.379931449890137
-4.78853702545166
-4.107518672943115
-4.7547807693481445
-4.306147575378418
-3.8039937019348145
-4.175567626953125
-3.9673194885253906
-3.9467644691467285
-3.847792863845825
-3.622375965118408
-3.340379238128662
-2.9897735118865967
-2.960578441619873
-2.5581226348876953
-2.453587055206299
-2.664855480194092
-1.395886778831482
-1.3640540838241577
-0.6341040134429932
-1.2547390460968018
-0.6907339692115784
0.31985437870025635
1.364606499671936
2.0131382942199707
1.0818772315979004
1.4519222974777222
1.8478567600250244
1.2215402126312256
2.2101385593414307
3.3484737873077393
3.086524486541748
3.994241237640381
4.408061981201172
3.8370068073272705
4.352900981903076
4.662372589111328
4.366572380065918
5.225283622741699
7.2834062576293945
7.38739013671875
6.36967658996582
6.791853427886963
7.945776462554932
8.419620513916016
9.492201805114746
8.799972534179688
9.241662979125977
8.957656860351562
8.609441757202148
9.858452796936035
9.876646041870117
10.769440650939941
12.599586486816406
12.193614959716797
11.959566116333008
12.70439338684082
13.71960163116455
13.935516357421875
14.472332954406738
14.383915901184082
14.92138671875
15.026118278503418
15.976606369018555
16.173259735107422
16.422115325927734
16.82318687438965
16.94137954711914
17.47850227355957
18.47874641418457
18.583763122558594
17.74364471435547
19.221940994262695
19.654624938964844
19.62895965576172
20.228673934936523
20.720529556274414
21.33461570739746
22.044025421142578
22.414655685424805
23.7088565826416
22.83095932006836
22.016218185424805
16.13808250427246
-32.50202178955078
-30.5509090423584
-0.007001975085586309
-0.009156488813459873
-0.008194098249077797
-0.01080815028399229
-0.009534059092402458
-0.007882717996835709
-0.009010310284793377
-0.008692756295204163
-0.007815668359398842
-0.007652380969375372
-0.007075238041579723
-0.007343691773712635
-0.006633284036070108
-0.006383286323398352
-0.00602948572486639
-0.005682279821485281
-0.0054887705482542515
-0.004678484983742237
-0.004765587393194437
-0.004054883494973183
-0.004185238387435675
-0.00340639753267169
-0.0026017806958407164
-0.002916422439739108
-0.0022328593768179417
-0.0017738124588504434
-0.0012566522927954793
-0.000983361853286624
-0.0005759474588558078
-0.0003888350329361856
1.4149118214845657e-05
0.0008355026948265731
0.0010495269671082497
0.0011256759753450751
0.0017002914100885391
0.0016745332395657897
0.002628746908158064
0.002861568471416831
0.0030400045216083527
0.0036578732542693615
0.004039474297314882
0.004118612501770258
0.0043884203769266605
0.004691171459853649
0.005324064753949642
0.00592320179566741
0.00554343918338418
0.005533662158995867
0.006332377437502146
0.006728676147758961
0.006818254478275776
0.007079816423356533
0.007124920375645161
0.007541421800851822
0.00760270282626152
0.007845189422369003
0.00809860322624445
0.008117100223898888
0.008630665950477123
0.008527489379048347
0.008877004496753216
0.008707571774721146
0.008746737614274025
0.009171759709715843
0.008949139155447483
0.009011377580463886
0.009242030791938305
0.009417559951543808
0.00937051884829998
0.00896834023296833
0.009429420344531536
0.00891955941915512
0.009375214576721191
0.00918724574148655
0.009188137948513031
0.008911852724850178
0.009346093982458115
0.008973181247711182
0.00909296702593565
0.008571920916438103
0.00922921858727932
0.008644869551062584
0.008693606592714787
0.008387676440179348
0.008109979331493378
0.0079592764377594
0.008174591697752476
0.00801620539277792
0.007531824056059122
0.0074407970532774925
0.007309214677661657
0.006760967429727316
0.0069002932868897915
0.0064285011030733585
0.006257533095777035
0.005735596176236868
21.20328140258789
93.93225860595703
110.47178649902344
60.98443603515625
33.58723068237305
23.77903175354004
20.237600326538086
6.8923139572143555
5.184736251831055
4.101220607757568
-0.22496190667152405
-0.5141720771789551
-1.0956060886383057
-3.332632064819336
-2.717432737350464
-3.4992313385009766
-4.116311073303223
-4.111881732940674
-4.609042167663574
-4.380642414093018
-4.1054158210754395
-4.202791690826416
-4.380451679229736
-3.7961623668670654
-4.249891757965088
-4.1649041175842285
-3.6039319038391113
-3.6872735023498535
-3.390666961669922
-3.1978957653045654
-3.2501392364501953
-2.6746695041656494
-2.8117527961730957
-2.5650901794433594
-1.8403775691986084
-1.1701908111572266
-1.3435333967208862
-0.4317893087863922
-1.0971999168395996
-0.31610816717147827
0.13040366768836975
0.4416484236717224
1.3133049011230469
1.9532769918441772
1.6744972467422485
1.7945600748062134
1.7110519409179688
1.6520169973373413
3.5178756713867188
3.0834343433380127
3.113480567932129
4.105556488037109
4.166476726531982
5.728212833404541
5.2133402824401855
4.711393356323242
5.851333141326904
6.921351432800293
6.640294075012207
7.304566383361816
7.493009090423584
7.611027717590332
7.816170692443848
8.294983863830566
8.663700103759766
9.769357681274414
9.771078109741211
10.233278274536133
9.7783203125
11.593202590942383
10.559972763061523
11.885785102844238
12.163471221923828
12.745332717895508
12.360315322875977
13.804899215698242
13.839086532592773
13.7953519821167
13.487966537475586
14.271947860717773
15.291417121887207
15.554555892944336
15.854646682739258
16.475629806518555
16.974252700805664
17.610328674316406
18.023975372314453
17.774967193603516
19.213939666748047
18.89846420288086
19.879520416259766
20.331607818603516
20.509889602661133
20.716123580932617
21.017452239990234
21.579572677612305
22.324771881103516
23.32904624938965
22.755529403686523
24.20022964477539
22.41619300842285
15.825414657592773
-32.12620162963867
-29.670185089111328
-0.007200850639492273
-0.009552141651511192
-0.008277131244540215
-0.010730267502367496
-0.00943887047469616
-0.00835606548935175
-0.008969677612185478
-0.00846756063401699
-0.007384853903204203
-0.008513720706105232
-0.007512419018894434
-0.006736022885888815
-0.006937328726053238
-0.006377536803483963
-0.0058310008607804775
-0.0058078826405107975
-0.005403694696724415
-0.004805150907486677
-0.004821465816348791
-0.003909750375896692
-0.003956533502787352
-0.0033934558741748333
-0.0034124013036489487
-0.002614840865135193
-0.002279819454997778
-0.001696085906587541
-0.0014397401828318834
-0.0010937592014670372
-0.0010343051981180906
5.893139314139262e-05
0.0002366849221289158
0.0007576883654110134
0.00090806744992733
0.001090099336579442
0.0018319761147722602
0.0018904845928773284
0.0024165473878383636
0.0030303082894533873
0.003289140062406659
0.0032164286822080612
0.004053040407598019
0.004090083763003349
0.004466536920517683
0.005084048956632614
0.005315246060490608
0.005335702560842037
0.005830025300383568
0.005874440539628267
0.00626326585188508
0.006708225701004267
0.006560078356415033
0.007210721727460623
0.006918974220752716
0.007621767930686474
0.007727009244263172
0.007710146252065897
0.007912459783256054
0.008583544753491879
0.008257108740508556
0.008065510541200638
0.008926997892558575
0.008855914697051048
0.00891385693103075
0.008870167657732964
0.009068405255675316
0.00919786561280489
0.009434443898499012
0.009042413905262947
0.009042927995324135
0.009337229654192924
0.009219838306307793
0.009145662188529968
0.009247682057321072
0.00923082884401083
0.009177061729133129
0.009554517455399036
0.00898877065628767
0.008605378679931164
0.009021937847137451
0.00873426254838705
0.008889376185834408
0.008356766775250435
0.008584471419453621
0.008333098143339157
0.008544813841581345
0.0081781055778265
0.007826300337910652
0.00775104109197855
0.007493113167583942
0.007292172405868769
0.007266368716955185
0.0074050696566700935
0.0065311165526509285
0.006821398623287678
0.006821556948125362
0.005974013824015856
20.66714096069336
93.20906829833984
110.43174743652344
61.203956604003906
36.573402404785156
22.975452423095703
18.81111717224121
5.376818656921387
4.265799522399902
3.172840118408203
-0.7280625104904175
-0.936016857624054
-1.6725327968597412
-3.559494733810425
-3.495521068572998
-3.378889799118042
-3.8837730884552
-4.001246929168701
-4.09968900680542
-4.759510040283203
-3.6060376167297363
-4.772514820098877
-3.6851649284362793
-3.985764980316162
-4.080228328704834
-3.9509499073028564
-4.0552496910095215
-4.0789055824279785
-3.922929286956787
-2.8705849647521973
-3.0082359313964844
-2.757134199142456
-1.933728575706482
-2.044194221496582
-1.8949987888336182
-0.9064450263977051
-1.7299127578735352
-0.805716335773468
-0.8870488405227661
-1.0834543704986572
-0.6515792012214661
0.8631061315536499
0.7358707785606384
0.1840212196111679
1.135863184928894
1.3215817213058472
1.935441255569458
2.2902603149414062
3.7584121227264404
3.2690658569335938
3.1090989112854004
4.701235771179199
4.1551618576049805
4.524085998535156
4.840297698974609
5.0155439376831055
5.426146507263184
6.7024054527282715
6.221710681915283
7.534324645996094
8.076495170593262
8.461868286132812
7.805062770843506
8.593031883239746
8.155461311340332
9.390888214111328
9.682104110717773
9.348228454589844
10.473814010620117
10.42774772644043
11.584197998046875
12.057798385620117
12.137402534484863
13.346905708312988
13.805994033813477
13.753849983215332
13.711886405944824
14.259347915649414
14.485128402709961
14.62378978729248
14.742815971374512
15.2340669631958
16.372194290161133
16.261728286743164
15.938104629516602
17.205307006835938
17.694869995117188
17.884424209594727
18.34518051147461
18.024105072021484
18.9016056060791
19.538827896118164
19.546030044555664
19.62891960144043
20.354700088500977
20.50589370727539
20.361366271972656
22.858776092529297
22.0122013092041
23.23310661315918
22.205961227416992
16.55405616760254
-31.564468383789062
-29.048076629638672
-0.007320669945329428
-0.009182150475680828
-0.008054976351559162
-0.010776002891361713
-0.009416485205292702
-0.008174613118171692
-0.009204283356666565
-0.008230410516262054
-0.00782334990799427
-0.00784836895763874
-0.00716805923730135
-0.007320093922317028
-0.006664904300123453
-0.006302894093096256
-0.0062211742624640465
-0.005638380069285631
-0.005382423289120197
-0.004703250247985125
-0.0048947385512292385
-0.004057500045746565
-0.0038706541527062654
-0.0032142959535121918
-0.0031312182545661926
-0.0026789207477122545
-0.0023536672815680504
-0.0016889231046661735
-0.0009622406214475632
-0.001440284657292068
-0.0008496580412611365
-0.00027971307281404734
9.788186434889212e-05
0.0005717765889130533
0.0010587051510810852
0.0015223838854581118
0.0014888946898281574
0.0020780316554009914
0.002497293520718813
0.0030557371210306883
0.0030614484567195177
0.003627049271017313
0.003579797688871622
0.0041253152303397655
0.0046779690310359
0.004610654432326555
0.0054536983370780945
0.0053714727982878685
0.005616196896880865
0.006228237878531218
0.006053038872778416
0.00658407062292099
0.006847163196653128
0.007038685493171215
0.006913807243108749
0.007582816295325756
0.0075638266280293465
0.007561666425317526
0.008367530070245266
0.008282562717795372
0.008032014593482018
0.008867195807397366
0.008569049648940563
0.008600142784416676
0.009179205633699894
0.008891510777175426
0.009030711837112904
0.009217199869453907
0.009286744520068169
0.009386702440679073
0.009086916223168373
0.009505595080554485
0.009301800280809402
0.009119144640862942
0.009366551414132118
0.00914166308939457
0.009402453899383545
0.009127283468842506
0.009082789532840252
0.008874181658029556
0.009288239292800426
0.008843888528645039
0.00911034271121025
0.008254150860011578
0.008977164514362812
0.00821278803050518
0.008275018073618412
0.007970228791236877
0.00808471255004406
0.008023008704185486
0.007623594254255295
0.007387024816125631
0.007379698567092419
0.007287807762622833
0.007301025092601776
0.006273770239204168
0.006555628962814808
0.006315601523965597
13.382037162780762
84.03377532958984
103.88824462890625
56.800628662109375
33.249839782714844
20.902910232543945
17.471954345703125
6.4098310470581055
6.6877875328063965
3.8098983764648438
0.39010003209114075
0.3826138377189636
-1.28892982006073
-3.0549933910369873
-2.183353900909424
-2.9232404232025146
-3.6499619483947754
-4.141186714172363
-4.053413391113281
-4.355910301208496
-3.915173053741455
-4.023287773132324
-4.531151294708252
-3.8613715171813965
-4.16205358505249
-3.919403076171875
-3.717181444168091
-3.959364652633667
-3.172142267227173
-3.1731679439544678
-2.933985471725464
-2.58309268951416
-2.6260151863098145
-2.3181512355804443
-1.6841456890106201
-1.1687442064285278
-0.6383345723152161
0.02637934684753418
-0.9519537091255188
-0.20006437599658966
0.04860752075910568
0.03675410524010658
0.43853411078453064
1.4081976413726807
2.1272006034851074
2.1585049629211426
2.5781075954437256
2.7131218910217285
1.6445751190185547
2.693821668624878
4.692538261413574
4.015346527099609
3.7091166973114014
4.795637607574463
4.74742317199707
4.709479808807373
6.086186408996582
6.627708435058594
6.88588809967041
7.437882423400879
6.65723180770874
7.582576751708984
8.934752464294434
8.851358413696289
9.466043472290039
9.660654067993164
10.007966995239258
10.174407958984375
9.533485412597656
10.067986488342285
11.389396667480469
11.487422943115234
11.906248092651367
12.916425704956055
12.276211738586426
12.116121292114258
12.971261978149414
14.576080322265625
15.131794929504395
16.032264709472656
16.730037689208984
16.613027572631836
16.555225372314453
16.85417938232422
17.29378890991211
17.937480926513672
18.169185638427734
17.921627044677734
19.321195602416992
19.677539825439453
19.113262176513672
20.05921173095703
20.387950897216797
21.30422019958496
21.146709442138672
22.01850700378418
21.92725372314453
22.091869354248047
22.728946685791016
22.497314453125
22.572467803955078
16.880290985107422
-32.375919342041016
-31.345800399780273
-0.0069719539023935795
-0.009200048632919788
-0.008235936984419823
-0.01063097920268774
-0.009716125205159187
-0.007920635864138603
-0.00914846546947956
-0.008488812483847141
-0.007437461521476507
-0.008068437688052654
-0.007394060492515564
-0.006840926595032215
-0.007033010013401508
-0.006459136493504047
-0.006126805208623409
-0.005626490339636803
-0.005205666180700064
-0.0049564107321202755
-0.004539832007139921
-0.004165862686932087
-0.0037694051861763
-0.0036022874992340803
-0.0029133958742022514
-0.0025313873775303364
-0.002337926533073187
-0.0017468578880652785
-0.0014517470262944698
-0.0012090227100998163
-0.0006062166066840291
-0.00021079907310195267
0.0002673629205673933
0.0001837116724345833
0.001093406928703189
0.0010846741497516632
0.001757579855620861
0.0020955177024006844
0.0024814403150230646
0.0028347668703645468
0.003104505594819784
0.0034662142861634493
0.0037850006483495235
0.003931759856641293
0.004527589306235313
0.005066163372248411
0.004975053481757641
0.005377843044698238
0.005937485955655575
0.005865609273314476
0.0061372676864266396
0.006776177324354649
0.0068246060982346535
0.006920970976352692
0.007101151160895824
0.0077906325459480286
0.0074238888919353485
0.008194445632398129
0.0079318443313241
0.008175209164619446
0.008762277662754059
0.008242434822022915
0.00861983373761177
0.008608963340520859
0.009018512442708015
0.009168810211122036
0.009146935306489468
0.00917799212038517
0.008878504857420921
0.009347928687930107
0.00882105715572834
0.009550296701490879
0.00903431884944439
0.009380719624459743
0.0092679588124156
0.009208180010318756
0.00902081374078989
0.00927997101098299
0.009075641632080078
0.008890008553862572
0.008879040367901325
0.009289458394050598
0.008674701675772667
0.008593435399234295
0.008343249559402466
0.008669372648000717
0.00834678579121828
0.008412531577050686
0.007765681482851505
0.007667758967727423
0.007675877772271633
0.007575488183647394
0.007381763309240341
0.006824280135333538
0.006827987730503082
0.006924348883330822
0.006311253644526005
0.0063072978518903255
29.76836585998535
103.10069274902344
117.12614440917969
65.26875305175781
37.283355712890625
23.402244567871094
20.803476333618164
7.88931131362915
5.2401580810546875
5.081521034240723
0.7600725293159485
-0.05283508449792862
-0.34114718437194824
-2.7753701210021973
-2.5865273475646973
-2.7503042221069336
-3.8212475776672363
-3.4841465950012207
-3.983383893966675
-4.70898962020874
-3.2192416191101074
-3.7140941619873047
-4.2385125160217285
-4.40266227722168
-3.8571770191192627
-3.8297629356384277
-3.565425157546997
-3.641010284423828
-3.6452393531799316
-3.073472499847412
-2.9950764179229736
-2.1433725357055664
-2.294294834136963
-2.0653862953186035
-1.3759961128234863
-1.7293859720230103
-1.419602394104004
-0.31366056203842163
-0.5731943845748901
0.11708338558673859
0.08452324569225311
0.4335922598838806
0.4156397879123688
1.451074481010437
1.1857454776763916
1.8979495763778687
1.7526540756225586
2.340845823287964
3.8952343463897705
3.8380558490753174
3.516526699066162
4.4127020835876465
4.167841911315918
4.337096691131592
4.364665985107422
4.930466175079346
5.513842582702637
7.056146144866943
7.153900146484375
6.484350681304932
8.072149276733398
7.893322944641113
8.490595817565918
8.277261734008789
8.468070030212402
9.364156723022461
9.014761924743652
9.747665405273438
10.37959098815918
9.57555866241455
10.950840950012207
12.10033130645752
13.027572631835938
13.122462272644043
12.507100105285645
13.594647407531738
13.094343185424805
13.815869331359863
14.460512161254883
14.779840469360352
15.105822563171387
15.537841796875
14.938299179077148
15.906900405883789
16.937767028808594
16.68706703186035
17.174266815185547
17.719207763671875
18.525930404663086
18.310989379882812
17.38107681274414
19.631301879882812
19.816814422607422
20.217941284179688
21.184978485107422
20.960494995117188
21.8330020904541
22.239566802978516
22.151329040527344
23.15959930419922
22.226245880126953
16.350191116333008
-32.07639694213867
-27.743627548217773
-0.007318471558392048
-0.009329045191407204
-0.008134232833981514
-0.010667860507965088
-0.00950802955776453
-0.008149908855557442
-0.009023591876029968
-0.008337344042956829
-0.007566378451883793
-0.008211718872189522
-0.007140635512769222
-0.007021062076091766
-0.006759474985301495
-0.006422472186386585
-0.005978526081889868
-0.005791566334664822
-0.005241280887275934
-0.005143488757312298
-0.00444601196795702
-0.0041231922805309296
-0.003767681075260043
-0.0035214689560234547
-0.0032824482768774033
-0.0023711356334388256
-0.0027516200207173824
-0.001738385995849967
-0.0012699745129793882
-0.0009823018917813897
-0.0010560237569734454
0.00018073660612571985
-0.0003015209222212434
0.0006458017742261291
0.0010925312526524067
0.0011664560297504067
0.0013951597502455115
0.002292047021910548
0.002343543339520693
0.002648805733770132
0.003358915913850069
0.003380659269168973
0.0038627213798463345
0.004345753695815802
0.004394778981804848
0.00508459797129035
0.005320393946021795
0.005393580999225378
0.0060615502297878265
0.006077981553971767
0.006210602819919586
0.006220449693500996
0.007104390766471624
0.007271985057741404
0.007133226841688156
0.0072813681326806545
0.007882634177803993
0.00810372643172741
0.007753216661512852
0.008127288892865181
0.008438738994300365
0.00834142416715622
0.008676196448504925
0.008905215188860893
0.008883433416485786
0.009098144248127937
0.008946796879172325
0.009229706600308418
0.009185167960822582
0.008892289362847805
0.009674513712525368
0.008790950290858746
0.009552575647830963
0.00923515297472477
0.00944424420595169
0.008995814248919487
0.009140634909272194
0.009184697642922401
0.009318357333540916
0.008676300756633282
0.00889844261109829
0.008885806426405907
0.009243706241250038
0.008430621586740017
0.008453628979623318
0.007794423494488001
0.008401384577155113
0.008235566318035126
0.007877095602452755
0.007759716361761093
0.007985269650816917
0.006977261509746313
0.0072441427037119865
0.007059170864522457
0.006838818546384573
0.006684951484203339
0.006171820685267448
0.006491121836006641
13.220613479614258
