-8.584185600280762
-8.584185600280762
-15.380758285522461
-26.551769256591797
-5.7390217781066895
0.007150964345782995
0.007362409494817257
0.006537227425724268
0.007596970535814762
0.006460058502852917
0.006768089719116688
0.006985182408243418
0.006656375713646412
0.007130348589271307
0.006873659789562225
0.0060205282643437386
0.006374239921569824
0.007117827422916889
0.005791502073407173
0.006256583146750927
0.006518019828945398
0.00578586058691144
0.006272585596889257
0.006543898023664951
0.005373978056013584
0.005702226422727108
0.005778590217232704
0.005111087113618851
0.005730185657739639
0.004979429300874472
0.005242698825895786
0.005285566207021475
0.005204012617468834
0.004440753720700741
0.004358849488198757
0.005506880581378937
0.004261658526957035
0.0043436866253614426
0.0034580559004098177
0.004781666211783886
0.003868482541292906
0.0037362072616815567
0.00435769883915782
0.003302535507827997
0.0036053608637303114
0.004071355797350407
0.003497658995911479
0.0027309150900691748
0.0034800183493644
0.0026522227562963963
0.0034913946874439716
0.0024502845481038094
0.0031040566973388195
0.002884461311623454
0.00243119103834033
0.0029103667475283146
0.002173741813749075
0.0019216698128730059
0.0014699508901685476
0.002490408020094037
0.002054212149232626
0.002362558152526617
0.0018667964031919837
0.0018098903819918633
0.0020681621972471476
0.001819658325985074
0.001962631708011031
0.0016416661674156785
0.0011655339039862156
0.0012019712012261152
0.0013253071811050177
0.0018724162364378572
0.0009109056554734707
0.0016147186979651451
0.0007599644013680518
0.0009209091076627374
0.0016892028506845236
0.00023914044140838087
0.0016018601600080729
0.001124835223890841
0.00014895529602654278
0.0012683093082159758
0.0007330387597903609
0.0008202611352317035
0.0010984186083078384
0.000888845301233232
0.0010877656750380993
0.0006128108943812549
0.001362562645226717
-0.00013261527055874467
0.001738038845360279
0.0009684199467301369
0.0005130743375048041
0.0007071875734254718
0.0012227088445797563
0.00043096128501929343
0.00106433080509305
0.0013633288908749819
0.0004896175814792514
8.546231269836426
21.10260009765625
26.583480834960938
20.425479888916016
5.5648908615112305
9.937823295593262
8.176138877868652
2.9793858528137207
-1.9232051372528076
2.025862216949463
1.3649355173110962
-0.9532710909843445
-0.9038043022155762
-0.43789950013160706
-1.7200082540512085
-0.9963124394416809
-1.228654384613037
-1.8069299459457397
-2.0365350246429443
-2.8489315509796143
-3.0168254375457764
-3.4774181842803955
-3.643918514251709
-3.008795976638794
-3.1794118881225586
-3.568695545196533
-4.151322841644287
-4.529122829437256
-4.093167304992676
-4.919382572174072
-4.538222312927246
-5.420079231262207
-4.571948051452637
-5.841358184814453
-5.549107074737549
-6.83257532119751
-6.293234348297119
-6.305553436279297
-6.160844326019287
-7.601271629333496
-7.339840888977051
-6.809586524963379
-6.908059120178223
-7.550206661224365
-7.025979518890381
-7.8107709884643555
-7.382189750671387
-8.044404983520508
-8.906144142150879
-8.656255722045898
-10.445388793945312
-9.028436660766602
-8.355319023132324
-8.746488571166992
-8.159749984741211
-9.054088592529297
-8.884570121765137
-9.50670051574707
-10.632044792175293
-9.554618835449219
-10.310705184936523
-9.747978210449219
-9.474745750427246
-9.5540132522583
-10.249272346496582
-10.807958602905273
-10.158221244812012
-10.176370620727539
-11.09421443939209
-11.388431549072266
-12.159944534301758
-12.121747970581055
-12.262248992919922
-12.096206665039062
-11.89199161529541
-12.464569091796875
-13.423225402832031
-11.954458236694336
-12.736021041870117
-13.111799240112305
-12.583977699279785
-12.792691230773926
-12.268256187438965
-13.040730476379395
-12.936039924621582
-12.841436386108398
-13.802574157714844
-13.96259593963623
-13.936643600463867
-14.173582077026367
-14.708287239074707
-14.978271484375
-14.852571487426758
-14.420498847961426
-16.10639762878418
-16.40023422241211
-15.560773849487305
-16.186195373535156
-16.199987411499023
-15.773183822631836
-16.21744155883789
-14.934356689453125
-5.810386657714844
-6.581433296203613
0.006356421858072281
0.005655794404447079
0.00713410833850503
0.007254722062498331
0.007206704467535019
0.006863907910883427
0.006592367775738239
0.007309188600629568
0.006658581085503101
0.006795079447329044
0.0066148401238024235
0.006318479776382446
0.006663866341114044
0.006071757525205612
0.006433266215026379
0.006645763758569956
0.006156892981380224
0.006337570492178202
0.005982058588415384
0.005643914453685284
0.005695082247257233
0.0062309629283845425
0.005853482522070408
0.005683166906237602
0.00552533520385623
0.0053184921853244305
0.005423648748546839
0.005508226342499256
0.0047563211992383
0.005142968613654375
0.0051112123765051365
0.004750486463308334
0.004719986114650965
0.004338482860475779
0.00453815096989274
0.004473125096410513
0.004010623320937157
0.004008729942142963
0.004294640850275755
0.00412225304171443
0.0035829402040690184
0.004190216306596994
0.0037423030007630587
0.0026445381809026003
0.0036254115402698517
0.0037076883018016815
0.0030807803850620985
0.002800194313749671
0.0032859123311936855
0.0028471050318330526
0.002588946372270584
0.002786100609228015
0.0026411039289087057
0.0022335341200232506
0.0022720505949109793
0.002794311847537756
0.002189086051657796
0.0018277158960700035
0.00225077080540359
0.0020014909096062183
0.0018538329750299454
0.0021353906486183405
0.00127597083337605
0.0018850115593522787
0.00153904571197927
0.001217768294736743
0.002214748179540038
0.0011120396666228771
0.0014933447819203138
0.0013124292017892003
0.0012467451160773635
0.001243438571691513
0.001172987511381507
0.0004795902350451797
0.00133675173856318
0.0019485469674691558
8.244934724643826e-05
0.0017909161979332566
0.0008306247182190418
0.0012739270459860563
0.00023042652173899114
0.0011209504446014762
0.0008053065976127982
0.0006636319449171424
0.0012594041181728244
0.0008663724293000996
0.000564627698622644
0.0006180580821819603
0.0012681109365075827
0.001267721294425428
0.000755573739297688
0.0013170030433684587
0.0005055135698057711
0.0009047606727108359
0.0012550365645438433
0.0010938344057649374
-6.040529727935791
-18.825321197509766
-19.676313400268555
-12.155355453491211
-14.868942260742188
-13.665870666503906
-3.282061815261841
-9.69604778289795
-7.101541042327881
-1.8591692447662354
-2.191007137298584
-0.7109963893890381
-0.891843318939209
-1.4022233486175537
-1.6137374639511108
-2.0484278202056885
-1.968724012374878
-2.5222108364105225
-2.756988048553467
-3.3114993572235107
-2.5267934799194336
-3.160875082015991
-4.1278605461120605
-4.083096027374268
-4.569314956665039
-4.663525581359863
-4.552219390869141
-5.016692161560059
-4.336490154266357
-4.515276908874512
-5.673527240753174
-4.932868003845215
-6.616116523742676
-6.1666998863220215
-6.066132068634033
-5.5470428466796875
-6.441587924957275
-6.976462364196777
-6.36538028717041
-6.865651607513428
-7.745816230773926
-7.136315822601318
-8.254073143005371
-6.951623439788818
-7.297471046447754
-7.418456077575684
-7.477799892425537
-8.82841682434082
-8.862043380737305
-8.280403137207031
-8.531777381896973
-8.990521430969238
-9.958706855773926
-8.381794929504395
-9.091009140014648
-8.806026458740234
-9.624505996704102
-10.579792976379395
-9.928949356079102
-9.208562850952148
-9.062565803527832
-9.973729133605957
-10.202369689941406
-9.605260848999023
-10.6220064163208
-10.298628807067871
-11.570455551147461
-11.248760223388672
-10.766779899597168
-10.794013023376465
-10.858924865722656
-11.580708503723145
-12.750616073608398
-11.820924758911133
-12.641051292419434
-13.117947578430176
-12.501188278198242
-12.490802764892578
-12.298407554626465
-12.40976619720459
-13.771794319152832
-12.520125389099121
-14.10045051574707
-14.121546745300293
-13.83777904510498
-13.572604179382324
-13.4409818649292
-14.598114013671875
-15.024914741516113
-14.188909530639648
-15.179631233215332
-15.159159660339355
-15.111059188842773
-15.620786666870117
-14.356646537780762
-15.78393840789795
-16.365530014038086
-16.170442581176758
-16.360488891601562
-16.068397521972656
-15.804774284362793
-15.856521606445312
-3.6089158058166504
-4.336592674255371
0.00579861830919981
0.006441405508667231
0.006680542137473822
0.006725438870489597
0.007489199750125408
0.006554977037012577
0.007091774605214596
0.007037217263132334
0.006317042745649815
0.006865343544632196
0.006765873171389103
0.006567721255123615
0.006620949599891901
0.006313450634479523
0.005981371272355318
0.00609686691313982
0.005961575545370579
0.006478061433881521
0.0060632615350186825
0.005814285017549992
0.005792933516204357
0.00632118433713913
0.005340480245649815
0.006045561749488115
0.005310975480824709
0.005424561910331249
0.005050203297287226
0.0051949517801404
0.0050858925096690655
0.005312594585120678
0.0049074506387114525
0.004494160879403353
0.005105534568428993
0.0042151520028710365
0.0046486323699355125
0.00445534847676754
0.003770421724766493
0.004324990324676037
0.0037874970585107803
0.004286409821361303
0.003734702244400978
0.003296173643320799
0.003498506499454379
0.003868925618007779
0.003106846008449793
0.0028698400128632784
0.0034043067134916782
0.002907675225287676
0.002812144812196493
0.0029408885166049004
0.002626982517540455
0.002283635316416621
0.002954580821096897
0.0023171475622802973
0.002102242549881339
0.0025753360241651535
0.00251954747363925
0.001231730217114091
0.0022384519688785076
0.0024454682134091854
0.001327719073742628
0.0020239888690412045
0.0013052562717348337
0.0016604950651526451
0.0014878979418426752
0.0014984584413468838
0.001296828966587782
0.0013110635336488485
0.0008913561468943954
0.0015295480843633413
0.0012898157583549619
0.0009752741316333413
0.0007550795562565327
0.0015615362208336592
0.000837181112729013
0.0015273188473656774
0.0004758221621159464
0.0014535672962665558
0.0009580707410350442
0.0011250398820266128
0.0007951488951221108
0.000833723577670753
0.0008563354494981468
0.0010792112443596125
0.0010956812184304
0.00036576465936377645
0.0008574823150411248
0.0012949071824550629
0.0015149714890867472
0.00014015499618835747
0.0007951804436743259
0.001461637206375599
0.0011148803168907762
0.0009390825289301574
0.0008887097355909646
0.0012173993745818734
-3.3018672466278076
-16.21002769470215
-18.147472381591797
-10.844897270202637
-12.886140823364258
-17.972991943359375
-5.748913764953613
-8.756166458129883
-5.235328197479248
-2.136711835861206
-2.444173812866211
-1.4028751850128174
-2.2392499446868896
-2.226895809173584
-2.0593161582946777
-1.4612964391708374
-1.664942741394043
-2.1518008708953857
-1.9537022113800049
-3.348733901977539
-3.203162431716919
-3.889047622680664
-3.8614730834960938
-3.3805816173553467
-4.032662391662598
-4.0969767570495605
-3.613163709640503
-3.802614212036133
-4.534036159515381
-4.745710849761963
-4.8493852615356445
-5.839910507202148
-6.040757179260254
-5.681255340576172
-5.4862165451049805
-5.426367282867432
-6.627307891845703
-7.254395484924316
-7.055885314941406
-7.261908054351807
-6.936942100524902
-6.587313175201416
-7.339900016784668
-7.4383955001831055
-7.150289058685303
-7.6183953285217285
-8.394758224487305
-8.004034996032715
-7.744351387023926
-7.193683624267578
-8.214373588562012
-8.962446212768555
-9.033772468566895
-8.968474388122559
-8.226598739624023
-9.671717643737793
-9.95127010345459
-8.905122756958008
-8.809857368469238
-9.088890075683594
-9.517011642456055
-10.619312286376953
-10.277336120605469
-10.001211166381836
-9.994851112365723
-11.414182662963867
-10.916370391845703
-10.261602401733398
-11.341412544250488
-11.484912872314453
-11.76415729522705
-12.60068130493164
-11.081242561340332
-11.710809707641602
-11.385385513305664
-11.968942642211914
-11.888742446899414
-12.942486763000488
-12.630697250366211
-12.327385902404785
-13.614145278930664
-13.0393648147583
-12.887039184570312
-12.87782096862793
-13.109631538391113
-13.656122207641602
-13.853179931640625
-13.908958435058594
-15.259490966796875
-14.305720329284668
-14.661809921264648
-14.744123458862305
-15.586219787597656
-15.187299728393555
-14.798991203308105
-16.530654907226562
-15.30065631866455
-15.902565002441406
-15.323984146118164
-16.1011962890625
-15.958282470703125
-14.801698684692383
-7.422502040863037
-4.1992902755737305
0.006356380879878998
0.006520661525428295
0.006314447615295649
0.00741891423240304
0.007162176072597504
0.006720939185470343
0.006788154132664204
0.006427946500480175
0.006847885437309742
0.006737402640283108
0.006904414854943752
0.00614137714728713
0.006788832135498524
0.006393491290509701
0.006081320345401764
0.006588637828826904
0.006259049288928509
0.006021450273692608
0.006092337425798178
0.005973162595182657
0.0060562859289348125
0.00549659039825201
0.005913610570132732
0.005467236042022705
0.005986868403851986
0.005076334811747074
0.00526910787448287
0.005229464266449213
0.0052032265812158585
0.004782394506037235
0.00503082200884819
0.004823663737624884
0.004480013158172369
0.004378737416118383
0.00514036463573575
0.003909776918590069
0.004727131687104702
0.004139994736760855
0.0038675484247505665
0.003607276827096939
0.004330584313720465
0.0031730688642710447
0.0035493425093591213
0.003688861383125186
0.0034476660657674074
0.003030400490388274
0.003264096099883318
0.002714260946959257
0.003423582296818495
0.002736880909651518
0.0028081845957785845
0.0024745811242610216
0.002790395636111498
0.0021544795017689466
0.0029246597550809383
0.0018589349929243326
0.0022241438273340464
0.0020231190137565136
0.002278521889820695
0.0016888653626665473
0.001800891594029963
0.0025584609247744083
0.001249545020982623
0.0017957845702767372
0.0014930014731362462
0.002074324758723378
0.0016142989043146372
0.0009025985491462052
0.0016053415602073073
0.0012532614637166262
0.001321870251558721
0.0014666460920125246
0.001027434365823865
0.001100526424124837
0.0014747020322829485
0.000997935188934207
0.000795074156485498
0.0008447497384622693
0.0013638881500810385
0.0008245108765549958
0.0008620627340860665
0.0011664441553875804
0.0007329884683713317
0.0010901890927925706
0.0010058570187538862
0.0010190943721681833
0.0007023626239970326
0.0012004381278529763
0.0010786947095766664
0.0008366021211259067
0.0007946264231577516
0.001305287005379796
0.001073535531759262
0.0015538667794317007
0.0002652944531291723
0.0011805858230218291
-7.108563423156738
-20.003223419189453
-21.039228439331055
-12.668424606323242
-11.19572639465332
-12.183236122131348
-7.599488258361816
-6.9536309242248535
-6.296565055847168
-4.042516231536865
-3.6297607421875
-2.493730068206787
-3.0662806034088135
-3.0289454460144043
-1.7915010452270508
-2.6621358394622803
-2.2567479610443115
-2.9383087158203125
-2.6736912727355957
-4.06899881362915
-3.017495632171631
-3.5393643379211426
-4.137563705444336
-2.975527286529541
-3.356281280517578
-3.8465914726257324
-4.13311767578125
-4.3057966232299805
-4.3779191970825195
-4.395719528198242
-5.875296592712402
-5.91225004196167
-5.347783088684082
-5.17177677154541
-7.038311958312988
-6.267098903656006
-7.2806525230407715
-6.138030529022217
-6.312619209289551
-7.035861015319824
-6.827085971832275
-7.4499945640563965
-7.537876129150391
-7.721682548522949
-8.711690902709961
-8.17099380493164
-7.670360565185547
-7.708829402923584
-8.54371166229248
-8.161874771118164
-9.1506986618042
-9.174276351928711
-9.247614860534668
-8.795059204101562
-8.832310676574707
-8.929903030395508
-8.682645797729492
-9.90412425994873
-8.730936050415039
-9.407791137695312
-10.840422630310059
-11.283247947692871
-10.947721481323242
-11.022337913513184
-10.041215896606445
-9.91004753112793
-9.841328620910645
-10.843839645385742
-11.249384880065918
-11.640140533447266
-11.515237808227539
-11.888505935668945
-11.127683639526367
-11.427148818969727
-12.014941215515137
-12.569555282592773
-12.035845756530762
-13.051177978515625
-12.595617294311523
-12.764945030212402
-12.539227485656738
-13.871980667114258
-14.044781684875488
-13.142129898071289
-13.236620903015137
-13.348233222961426
-14.01988697052002
-14.1693115234375
-14.914031982421875
-14.453158378601074
-15.685340881347656
-14.215258598327637
-15.338424682617188
-15.495577812194824
-15.570917129516602
-15.822099685668945
-15.362706184387207
-16.53041648864746
-15.841142654418945
-15.56287956237793
-16.37836265563965
-15.990453720092773
-5.116575717926025
-4.929614067077637
0.005835221614688635
0.006046689581125975
0.00631678244099021
0.00726755615323782
0.007743052206933498
0.006450778804719448
0.0065418416634202
0.006885699927806854
0.006831688340753317
0.0068546319380402565
0.006721212528645992
0.006863148417323828
0.005876361392438412
0.006568076554685831
0.006728748325258493
0.0063699521124362946
0.005834652576595545
0.00601835735142231
0.006581328809261322
0.005442576017230749
0.0057268766686320305
0.005821480415761471
0.005249178968369961
0.006162938196212053
0.0052519068121910095
0.005434238817542791
0.005402733571827412
0.005190706346184015
0.005115024745464325
0.005174837075173855
0.0050789229571819305
0.004810413345694542
0.004165441729128361
0.00506718410179019
0.0047110700979828835
0.003999227192252874
0.004462507553398609
0.003814584342762828
0.0037724864669144154
0.004180195275694132
0.0036351524759083986
0.0035247518680989742
0.003754080506041646
0.0030079397838562727
0.0036790301091969013
0.003322396893054247
0.003294763620942831
0.003204078646376729
0.002592534525319934
0.0031436006538569927
0.00281726848334074
0.0022648083977401257
0.0027117584832012653
0.0026481840759515762
0.0022945015225559473
0.0027505105827003717
0.0019961416255682707
0.0012319099623709917
0.002998100593686104
0.0014086173614487052
0.0019993395544588566
0.002365313470363617
0.0012537833536043763
0.0017573933582752943
0.0011860887752845883
0.0015203648945316672
0.0015665737446397543
0.001972990343347192
0.0008399388752877712
0.002106133848428726
0.0009665511315688491
0.0005989401834085584
0.0018195912707597017
0.0008402702515013516
0.0013496645260602236
0.0010654701618477702
0.000342593906680122
0.0018934598192572594
3.89731940231286e-05
0.0008140996214933693
0.001743870205245912
0.000628068926744163
0.0008146043983288109
0.001266844104975462
0.0005789648275822401
0.000458011869341135
0.0011559739941731095
0.0014465643325820565
0.000708238803781569
0.0010581917595118284
0.0006948845111764967
0.0010743045713752508
0.0012847299221903086
0.0010795065900310874
0.0007350238156504929
0.0009623775258660316
-6.796201229095459
-18.830154418945312
-20.442127227783203
-12.68284797668457
-15.627309799194336
-16.463098526000977
-4.754716396331787
-9.550821304321289
-6.996614933013916
-2.240523338317871
-2.0375101566314697
-0.7918615341186523
-1.326162338256836
-1.5318610668182373
-1.6630308628082275
-2.6181797981262207
-1.4613492488861084
-1.958221197128296
-2.433718681335449
-3.0574634075164795
-3.0092625617980957
-3.004199266433716
-3.5190632343292236
-4.017666816711426
-4.604762077331543
-4.758694648742676
-4.326264381408691
-4.96990442276001
-4.624975681304932
-5.58406400680542
-5.668346881866455
-6.06203556060791
-5.265896797180176
-6.484752655029297
-5.951308727264404
-6.167480945587158
-6.383941173553467
-6.636300086975098
-6.70327091217041
-6.985864162445068
-6.6168622970581055
-7.368821620941162
-7.7943596839904785
-7.457745552062988
-8.322822570800781
-7.40863561630249
-7.735793113708496
-7.8975348472595215
-7.976788520812988
-7.591104984283447
-7.581629276275635
-8.274006843566895
-8.230502128601074
-8.821746826171875
-9.000898361206055
-8.805646896362305
-8.948184967041016
-9.995759963989258
-10.644747734069824
-10.035398483276367
-10.712028503417969
-10.045533180236816
-9.289390563964844
-10.246838569641113
-10.31303596496582
-10.842997550964355
-11.355978012084961
-11.066642761230469
-10.659250259399414
-10.936948776245117
-11.336411476135254
-11.399991989135742
-11.490833282470703
-11.405655860900879
-11.543208122253418
-12.128747940063477
-11.743204116821289
-12.194574356079102
-12.777318000793457
-12.904197692871094
-13.711494445800781
-13.401237487792969
-13.838018417358398
-13.121943473815918
-13.353039741516113
-13.992901802062988
-14.155023574829102
-14.772911071777344
-14.725931167602539
-14.750226020812988
-15.295553207397461
-15.418663024902344
-15.11097526550293
-15.26079273223877
-15.307777404785156
-15.967508316040039
-15.911483764648438
-16.597929000854492
-16.49738311767578
-16.410785675048828
-17.387920379638672
-15.940755844116211
-3.8361740112304688
-4.229482650756836
0.0060414159670472145
0.0062868534587323666
0.006507233716547489
0.007584096398204565
0.007611370645463467
0.006659285165369511
0.006464052014052868
0.007301622536033392
0.006758286617696285
0.006419462617486715
0.006433048751205206
0.0066274432465434074
0.007086196448653936
0.006138120777904987
0.006308065261691809
0.006154118105769157
0.006406840868294239
0.005970223341137171
0.005804273299872875
0.006323128938674927
0.0056358398869633675
0.005983177572488785
0.005519364960491657
0.006148152984678745
0.005308001767843962
0.004909726791083813
0.005261014215648174
0.005550027824938297
0.00508296862244606
0.00513279577717185
0.004556532017886639
0.004904349334537983
0.004544019233435392
0.00473732128739357
0.0043281810358166695
0.004612599033862352
0.004363763611763716
0.004057921003550291
0.004029827192425728
0.003944483119994402
0.0038859383203089237
0.003643381642177701
0.003526554210111499
0.0037344570737332106
0.0032141648698598146
0.0032139145769178867
0.0029297820292413235
0.003448189003393054
0.002456683199852705
0.0032177362591028214
0.002581397071480751
0.0024195935111492872
0.0029360908083617687
0.0021572920959442854
0.0023117822129279375
0.0026843997184187174
0.0023264705669134855
0.0017213504761457443
0.0020629544742405415
0.0018198092002421618
0.0020315235015004873
0.001567159779369831
0.0020975659135729074
0.0016029635444283485
0.0016053119907155633
0.0013750181533396244
0.0018351979088038206
0.0013994589680805802
0.0009842446306720376
0.0016841168981045485
0.0007969710859470069
0.0011192371603101492
0.0011204580077901483
0.001107699004933238
0.001219086698256433
0.001387131167575717
0.0010464873630553484
0.0008212763932533562
0.0014742326457053423
0.0010640638647601008
0.0011316578602418303
0.0004440569318830967
0.0006987957167439163
0.0010440413607284427
0.001083464128896594
0.0010811862302944064
0.0011624221224337816
0.0002084793959511444
0.001650149584747851
0.0007415191503241658
0.0008221298339776695
0.001023306860588491
0.0011818311177194118
0.000804603099822998
0.0013143562246114016
0.0007549499860033393
-2.880174398422241
-15.954521179199219
-17.723344802856445
-9.445002555847168
-8.865255355834961
-17.481643676757812
-7.588316440582275
-6.724307060241699
-3.408203125
-1.9450771808624268
-1.2732237577438354
-1.8598442077636719
-1.8934952020645142
-2.136659622192383
-2.641141414642334
-2.670823097229004
-3.3682773113250732
-2.4145524501800537
-3.099066972732544
-2.4341845512390137
-3.739384174346924
-3.5889732837677
-3.149583578109741
-3.3839194774627686
-3.3121161460876465
-4.097030162811279
-4.957863807678223
-5.14094877243042
-5.262139320373535
-4.830709457397461
-4.641854763031006
-5.141862392425537
-5.299655437469482
-6.091168403625488
-6.043436527252197
-6.679492950439453
-6.275956630706787
-6.515927314758301
-6.188639163970947
-6.149121284484863
-5.670435905456543
-7.046884059906006
-8.10000228881836
-7.138225555419922
-7.952744960784912
-8.019164085388184
-7.446629524230957
-8.342530250549316
-7.559523105621338
-7.9690093994140625
-7.50723934173584
-8.550100326538086
-8.572792053222656
-8.945341110229492
-9.196812629699707
-8.265763282775879
-8.685175895690918
-8.669576644897461
-9.830221176147461
-9.179047584533691
-9.864027976989746
-9.972846984863281
-10.255289077758789
-10.201681137084961
-10.362417221069336
-10.599187850952148
-10.747294425964355
-10.350886344909668
-11.062126159667969
-11.659531593322754
-11.603547096252441
-11.189218521118164
-11.248876571655273
-11.382075309753418
-12.367178916931152
-12.46873950958252
-12.355695724487305
-11.716192245483398
-11.894365310668945
-12.760956764221191
-12.479570388793945
-13.752944946289062
-13.97999095916748
-13.222038269042969
-13.618280410766602
-13.392558097839355
-13.83593463897705
-14.124972343444824
-13.50707721710205
-14.020441055297852
-14.845497131347656
-14.369722366333008
-15.470341682434082
-15.528289794921875
-16.1231632232666
-15.989140510559082
-15.645037651062012
-16.619365692138672
-16.614665985107422
-17.431095123291016
-16.30929946899414
-16.132579803466797
-4.239632606506348
-4.493504047393799
0.005982623901218176
0.005964736454188824
0.006607885006815195
0.0073097459971904755
0.007305321283638477
0.006760972552001476
0.006983904633671045
0.007143738213926554
0.006629553623497486
0.006740759126842022
0.006413925439119339
0.006529125384986401
0.006348896771669388
0.006467259488999844
0.006567039992660284
0.0062043918296694756
0.00607734639197588
0.006430699024349451
0.006044923793524504
0.006293749902397394
0.0058315349742770195
0.005604655481874943
0.005795049015432596
0.005652443505823612
0.005865969229489565
0.005279631353914738
0.005134596489369869
0.004767094738781452
0.006092159077525139
0.004979928955435753
0.004176354967057705
0.005360637325793505
0.004393479786813259
0.004431367386132479
0.004926035646349192
0.004279127344489098
0.004128276836127043
0.004317697137594223
0.003395032836124301
0.004031199961900711
0.0041048238053917885
0.00371372327208519
0.0036218012683093548
0.003450107993558049
0.003514466807246208
0.003121978836134076
0.002756971400231123
0.0029063276015222073
0.00301182409748435
0.002992345718666911
0.0023271057289093733
0.00289543648250401
0.002321281237527728
0.002371471840888262
0.0024614594876766205
0.002169110579416156
0.0020223953761160374
0.002127415733411908
0.0019804281182587147
0.0024304024409502745
0.0014991227071732283
0.0021062882151454687
0.0019386118510738015
0.0014405918773263693
0.0017211843514814973
0.00178442127071321
0.0015448080375790596
0.0015259453793987632
0.0013220278779044747
0.0011232063407078385
0.000932102557271719
0.0016019281465560198
0.0009031540830619633
0.0008805819670669734
0.0011247298680245876
0.0016654307255521417
0.0016379167791455984
-9.75067014223896e-05
0.001263590413145721
0.001242346246726811
0.0006693329778499901
0.0004415425064507872
0.0008367614937014878
0.001022456563077867
0.0003691937308758497
0.001766872825101018
0.001230141962878406
0.0005630446830764413
0.0006902270833961666
0.0012348738964647055
0.0012752240290865302
0.0008197270217351615
0.0012723531108349562
0.00042319847852922976
0.0010444929357618093
0.0011527424212545156
-2.000316619873047
-12.751873970031738
-17.25970458984375
-10.768678665161133
-8.214595794677734
-14.955511093139648
-4.622196674346924
-8.257431030273438
-5.176213264465332
-3.0888307094573975
-2.484208583831787
-1.5994353294372559
-2.763094663619995
-1.5768845081329346
-1.701452612876892
-2.121023178100586
-2.3352866172790527
-2.4800920486450195
-3.2497971057891846
-2.32370662689209
-2.419768810272217
-3.755092144012451
-3.9089114665985107
-3.1873042583465576
-3.8939881324768066
-4.878989219665527
-4.026110649108887
-4.390629768371582
-4.430621147155762
-4.872443199157715
-4.454148769378662
-4.808515548706055
-5.0586957931518555
-5.706654071807861
-6.04257345199585
-6.35603141784668
-6.357087135314941
-6.356574058532715
-5.998011589050293
-7.337139129638672
-7.376051425933838
-7.899710178375244
-7.91054630279541
-7.298296928405762
-7.377461910247803
-7.133695125579834
-7.660494804382324
-7.087477207183838
-7.947074890136719
-8.091329574584961
-9.38843059539795
-8.207449913024902
-7.668463230133057
-8.26289176940918
-8.667641639709473
-9.163190841674805
-9.608068466186523
-10.390545845031738
-9.350162506103516
-10.30225658416748
-9.682648658752441
-9.1489839553833
-10.573530197143555
-10.434648513793945
-9.939447402954102
-10.296788215637207
-11.119279861450195
-11.39205551147461
-11.776888847351074
-11.452387809753418
-11.576128005981445
-11.903497695922852
-11.445089340209961
-11.442895889282227
-11.621962547302246
-12.705862045288086
-12.707151412963867
-12.290887832641602
-12.321718215942383
-12.689876556396484
-11.947115898132324
-12.846738815307617
-12.907272338867188
-14.034306526184082
-14.129356384277344
-12.673818588256836
-13.720083236694336
-13.915847778320312
-14.491506576538086
-15.421667098999023
-15.20806884765625
-15.660174369812012
-14.310705184936523
-15.195169448852539
-14.550501823425293
-15.890294075012207
-15.721769332885742
-16.071033477783203
-17.160877227783203
-17.387285232543945
-17.584022521972656
-16.563446044921875
-4.890347957611084
-4.579493045806885
0.006036319304257631
0.0064336927607655525
0.006307453848421574
0.0071803005412220955
0.007899895310401917
0.006514003034681082
0.006854020990431309
0.007138109300285578
0.006468803621828556
0.006922021508216858
0.00659347977489233
0.006583817303180695
0.006585504859685898
0.006138768047094345
0.00677428999915719
0.006211661733686924
0.006259177811443806
0.006372747011482716
0.005753647070378065
0.005798500031232834
0.0061239018104970455
0.006121578626334667
0.005636890884488821
0.005423859693109989
0.00595674104988575
0.00540544930845499
0.005174738820642233
0.005213257856667042
0.004642943851649761
0.005610543768852949
0.005082237534224987
0.004967369604855776
0.0043526520021259785
0.004722118843346834
0.004373743198812008
0.004552845843136311
0.00460605975240469
0.003958667162805796
0.004142866935580969
0.0037496176082640886
0.004068457055836916
0.0036630784161388874
0.0036495295353233814
0.003512351540848613
0.0035405363887548447
0.003251507179811597
0.0029746987856924534
0.0036184065975248814
0.0026700119487941265
0.003038055030629039
0.002641537692397833
0.002220306545495987
0.0025140680372714996
0.0025576618500053883
0.00218055653385818
0.002167509635910392
0.0019658966921269894
0.0019687593448907137
0.002274224068969488
0.0019531906582415104
0.0014726740773767233
0.0023857627529650927
0.0014234238769859076
0.0016545389080420136
0.0018130916869267821
0.001796457334421575
0.0013908438850194216
0.0014734280994161963
0.0011846179841086268
0.0011052916524931788
0.0015561019536107779
0.0013408579397946596
0.0008713168790563941
0.0012809328036382794
0.0008577157859690487
0.0007725752657279372
0.0013077338226139545
0.0007863969658501446
0.001153330085799098
0.0010788218351081014
0.0007450795965269208
0.0006869888165965676
0.0014950473560020328
0.0008062104461714625
0.000593731994740665
0.0010123823303729296
0.0011796432081609964
0.0007784784538671374
0.0007491317810490727
0.000983644975349307
0.0005650062812492251
0.0011489202734082937
0.0013975270558148623
0.000735748209990561
0.0014170011272653937
0.0008821532246656716
-5.376477241516113
-17.548877716064453
-19.972021102905273
-11.814408302307129
-9.484720230102539
-8.409847259521484
-6.121998310089111
-7.146640777587891
-6.319760322570801
-4.382699012756348
-3.9639999866485596
-2.646808385848999
-3.3145675659179688
-2.824103832244873
-2.144869565963745
-3.1378676891326904
-3.4185314178466797
-2.7937469482421875
-2.7628302574157715
-2.5119800567626953
-3.145108461380005
-3.193410634994507
-3.709091901779175
-3.5345540046691895
-3.688812732696533
-4.442854404449463
-4.022254943847656
-3.5790584087371826
-3.759303331375122
-4.870220184326172
-4.849764823913574
-4.858675956726074
-5.635855674743652
-6.116057395935059
-6.599541664123535
-6.849907875061035
-7.446499824523926
-6.739089012145996
-7.940030574798584
-6.810042381286621
-6.918710231781006
-7.120610237121582
-7.9129438400268555
-8.474178314208984
-8.700801849365234
-7.9940996170043945
-7.998391628265381
-7.655226707458496
-8.56580924987793
-8.594053268432617
-8.456053733825684
-10.343321800231934
-9.804376602172852
-9.367124557495117
-8.615999221801758
-8.692337989807129
-9.36931037902832
-9.159753799438477
-9.295235633850098
-10.199910163879395
-9.63199234008789
-10.198417663574219
-10.29207706451416
-11.097030639648438
-9.763843536376953
-9.726970672607422
-10.470907211303711
-10.352760314941406
-11.25866413116455
-10.81810188293457
-11.54397201538086
-11.21716022491455
-10.826546669006348
-12.5023775100708
-11.244379997253418
-11.473706245422363
-12.033885955810547
-12.447778701782227
-12.9287748336792
-13.363357543945312
-13.76618480682373
-14.195734977722168
-13.042346000671387
-13.305679321289062
-13.246243476867676
-14.113781929016113
-15.175146102905273
-15.641080856323242
-15.072013854980469
-14.427978515625
-14.738439559936523
-14.91974925994873
-15.983813285827637
-15.871042251586914
-16.149837493896484
-16.84186553955078
-16.39834976196289
-16.772207260131836
-15.689584732055664
-16.11461639404297
-16.750057220458984
-15.661943435668945
-3.5419445037841797
-4.316244125366211
0.00636239955201745
0.0061102574691176414
0.006812100764364004
0.0072033340111374855
0.007430075667798519
0.006514344364404678
0.007110049016773701
0.007244310341775417
0.006271665450185537
0.006902184337377548
0.0066565461456775665
0.006332762539386749
0.0066803209483623505
0.0063253967091441154
0.006391795817762613
0.006247468292713165
0.006083964835852385
0.005795950535684824
0.005722174886614084
0.006111522670835257
0.005959589499980211
0.005577017553150654
0.006236288696527481
0.006047259084880352
0.005332061555236578
0.005422110669314861
0.005479360930621624
0.005246174521744251
0.004956710152328014
0.004693193361163139
0.004905832000076771
0.0047585018910467625
0.005122805945575237
0.004273849539458752
0.004235503263771534
0.004693732596933842
0.00452573923394084
0.003756157588213682
0.0037335585802793503
0.004032764118164778
0.004425138235092163
0.003318503964692354
0.0037679641973227262
0.003354384796693921
0.003686714917421341
0.0035304792691022158
0.0029157570097595453
0.0028630574233829975
0.002941790269687772
0.003150802105665207
0.0027075628750026226
0.002269975608214736
0.00234843697398901
0.0027124485932290554
0.002394125796854496
0.002283301670104265
0.001930929021909833
0.002222483977675438
0.001986513379961252
0.002166817430406809
0.0019261452835053205
0.0017138334224000573
0.0020796083845198154
0.001651239232160151
0.0017212694510817528
0.0011449337471276522
0.0020966357551515102
0.0012316133361309767
0.0014122393913567066
0.0012153721181675792
0.0011912432964891195
0.0011811010772362351
0.001181368832476437
0.0013708615442737937
0.0007502241060137749
0.0012381871929392219
0.000908950692974031
0.0010568391298875213
0.000405582512030378
0.001232244772836566
0.0012090082745999098
0.0009154800209216774
0.001347733079455793
0.0010742193553596735
0.00015445690951310098
0.0013902889331802726
0.0008409315487369895
0.0004050338757224381
0.0012165539665147662
0.0006440774304792285
0.0015665991231799126
0.0007814645650796592
0.0004223473370075226
0.0014109495095908642
0.0009888805216178298
0.0007315875263884664
-7.165319919586182
-19.42061996459961
-19.941905975341797
-12.463738441467285
-18.735416412353516
-18.131641387939453
-5.580880641937256
-9.496637344360352
-6.211026668548584
-1.2943042516708374
-2.2102086544036865
-1.1678283214569092
-1.2604800462722778
-1.1566472053527832
-1.4872748851776123
-1.242156744003296
-1.4526557922363281
-1.7771294116973877
-2.673748016357422
-4.038601875305176
-3.6283373832702637
-3.805304765701294
-4.239968299865723
-2.958184003829956
-4.291319370269775
-4.290797710418701
-5.10398006439209
-5.397507667541504
-4.761656761169434
-4.7820587158203125
-5.524707317352295
-6.0370659828186035
-6.117959976196289
-6.945730686187744
-5.971076011657715
-6.5494208335876465
-6.3254804611206055
-6.796404838562012
-6.957772254943848
-7.4132232666015625
-7.595335483551025
-8.231484413146973
-7.699194431304932
-7.4685773849487305
-7.548834800720215
-7.9261040687561035
-7.975118160247803
-8.42293930053711
-8.458061218261719
-8.333078384399414
-9.09865665435791
-9.878491401672363
-9.327880859375
-8.807313919067383
-8.910440444946289
-8.843107223510742
-9.651782035827637
-8.080377578735352
-8.789916038513184
-9.565034866333008
-9.826748847961426
-9.271778106689453
-10.316932678222656
-9.490840911865234
-10.383397102355957
-10.164892196655273
-10.318798065185547
-10.267343521118164
-10.380914688110352
-11.246684074401855
-11.493688583374023
-11.236862182617188
-12.623369216918945
-13.036672592163086
-12.198397636413574
-12.188629150390625
-12.166650772094727
-11.796472549438477
-12.166177749633789
-12.355196952819824
-12.720355987548828
-12.832303047180176
-13.314371109008789
-13.46049976348877
-13.991674423217773
-13.675508499145508
-13.785993576049805
-13.309117317199707
-13.005587577819824
-14.121935844421387
-14.076769828796387
-15.53007698059082
-15.105829238891602
-15.135543823242188
-15.427273750305176
-15.306219100952148
-15.503997802734375
-15.749702453613281
-15.71324634552002
-17.112415313720703
-16.12790870666504
-15.679887771606445
-3.5006065368652344
-4.114004135131836
0.005995132960379124
0.006120858248323202
0.0064518870785832405
0.007543320767581463
0.006889431271702051
0.0066063664853572845
0.006957425270229578
0.007237260229885578
0.006341463886201382
0.006771230138838291
0.006815641187131405
0.006439393851906061
0.0064951712265610695
0.0063390969298779964
0.006134368479251862
0.006052081473171711
0.0064966557547450066
0.006072544027119875
0.006238813977688551
0.005948220379650593
0.00561995105817914
0.006248907186090946
0.005454917438328266
0.005799078848212957
0.005275791976600885
0.005705426447093487
0.0049496968276798725
0.004884236957877874
0.005465126596391201
0.004900647792965174
0.005555812269449234
0.0040469602681696415
0.005237757693976164
0.004391574766486883
0.004415740258991718
0.004473953507840633
0.004189684987068176
0.004132140427827835
0.003997300751507282
0.0039236219599843025
0.004118433687835932
0.0032117082737386227
0.0038948426954448223
0.004072367213666439
0.002908699680119753
0.0031342909205704927
0.003092170227319002
0.0026758918538689613
0.0029071373865008354
0.003132767276838422
0.0020399359054863453
0.0031125268433243036
0.003106816904619336
0.0020145592279732227
0.0022304437588900328
0.002439564559608698
0.0023408778943121433
0.0019859098829329014
0.0016424332279711962
0.002216255059465766
0.0019817971624433994
0.001705568633042276
0.001579437404870987
0.0019688073080033064
0.0012587171513587236
0.0011317796306684613
0.002024862915277481
0.0010837326990440488
0.00130658398848027
0.0013862171908840537
0.0016030222177505493
0.0007887502433732152
0.000907986075617373
0.0013510751305148005
0.0012555245775729418
0.0004147530416958034
0.0009711190359666944
0.0011019695084542036
0.0013403028715401888
0.000773363106418401
0.0013528456911444664
0.0005232513067312539
0.0015396231319755316
0.0006401435239240527
0.0012366732116788626
0.0010663977591320872
0.0009683156386017799
0.0008949026232585311
0.0005753200384788215
0.0010360733140259981
0.0008438335498794913
0.0011634938418865204
0.0007800630410201848
0.0004906415706500411
0.0014211982488632202
0.001239305012859404
-6.648492336273193
-18.407041549682617
-17.493453979492188
-9.447107315063477
-9.325848579406738
-5.977721214294434
-3.4953677654266357
-4.42608118057251
-6.5925092697143555
-3.129805088043213
-2.4164199829101562
-1.672438383102417
-1.6268564462661743
-2.5333800315856934
-2.646956205368042
-2.751856803894043
-2.781464099884033
-2.5567638874053955
-3.3239059448242188
-2.4691529273986816
-3.1984968185424805
-2.2698731422424316
-2.7586982250213623
-3.7109932899475098
-3.9563546180725098
-3.9717514514923096
-3.5470988750457764
-4.429307460784912
-4.500539302825928
-4.705770015716553
-5.343779563903809
-5.271480083465576
-5.515264987945557
-5.673950672149658
-5.874946594238281
-6.706658840179443
-7.23013973236084
-6.992722988128662
-6.299495697021484
-6.328933238983154
-6.639199733734131
-6.7645134925842285
-6.834864616394043
-6.9051055908203125
-7.685142517089844
-7.911551475524902
-8.217077255249023
-8.170337677001953
-7.868299961090088
-7.862832546234131
-9.044050216674805
-8.71284294128418
-9.397062301635742
-8.598716735839844
-8.233305931091309
-9.924772262573242
-9.387626647949219
-8.59973430633545
-9.308511734008789
-9.420494079589844
-9.774770736694336
-9.432954788208008
-9.867995262145996
-10.282414436340332
-11.370901107788086
-10.290952682495117
-10.661964416503906
-10.784195899963379
-12.002379417419434
-11.336043357849121
-11.623963356018066
-11.632224082946777
-11.99441909790039
-12.035725593566895
-11.977988243103027
-11.870858192443848
-12.421916007995605
-12.815147399902344
-12.38405990600586
-13.47563648223877
-13.063542366027832
-12.94499683380127
-12.34862995147705
-13.31902027130127
-13.733762741088867
-13.907743453979492
-14.157613754272461
-13.603654861450195
-13.988121032714844
-14.764152526855469
-14.418447494506836
-14.627077102661133
-14.949551582336426
-14.679483413696289
-14.973302841186523
-15.015894889831543
-15.577215194702148
-16.647628784179688
-16.830135345458984
-17.43500518798828
-16.168107986450195
-15.481758117675781
-4.250041961669922
-4.295287132263184
0.006014752201735973
0.006497187074273825
0.006907822098582983
0.007364069111645222
0.007039899472147226
0.006688754074275494
0.006814026739448309
0.006866030395030975
0.006593435071408749
0.006920623127371073
0.006717209704220295
0.006500847637653351
0.006429559085518122
0.0063399202190339565
0.006433796137571335
0.006045600399374962
0.006594234146177769
0.006051206029951572
0.006027021910995245
0.006091108545660973
0.005897750146687031
0.005568095948547125
0.005600661039352417
0.005954122636467218
0.0055681555531919
0.004989255219697952
0.005484464578330517
0.005329488776624203
0.004873333498835564
0.005236492957919836
0.004708676133304834
0.004553365521132946
0.004798605106770992
0.004960984922945499
0.004215043969452381
0.004313950892537832
0.0044632041826844215
0.003911063075065613
0.004116179421544075
0.003793007228523493
0.0037671742029488087
0.003932078368961811
0.003675852669402957
0.0034959129989147186
0.0036989867221564054
0.0031199294608086348
0.0027492984663695097
0.003488382790237665
0.0029731672257184982
0.003024131990969181
0.0025879796594381332
0.0023538984823971987
0.0027832628693431616
0.0028647647704929113
0.0015610080445185304
0.002260211855173111
0.0027437147218734026
0.0021567861549556255
0.00230122241191566
0.0014864648692309856
0.00196227990090847
0.00181378738489002
0.0014561738353222609
0.0009491259115748107
0.002138004172593355
0.0015488152857869864
0.0012049555080011487
0.0017108302563428879
0.0010237154783681035
0.0017527437303215265
0.0006295944331213832
0.0010798595612868667
0.0012984497006982565
0.0008299002656713128
0.000975245435256511
0.0010741744190454483
0.001151682110503316
0.0008113734656944871
0.001292712870053947
0.0008198066498152912
0.0014520713593810797
5.466544462251477e-05
0.0017797438194975257
-7.825928332749754e-05
0.0013414806453511119
0.0012048707576468587
0.0010817453730851412
0.0011362150544300675
0.0007278877310454845
0.0006344373105093837
0.0012487411731854081
0.0013672118075191975
0.0007396525470539927
0.001262849778868258
0.0010865124640986323
0.0011485045542940497
-6.833471775054932
-18.763601303100586
-19.88141632080078
-12.064201354980469
-15.539677619934082
-16.299968719482422
-4.5372419357299805
-10.390827178955078
-4.499453544616699
-2.933544397354126
-2.808534860610962
-1.5708649158477783
-1.8505256175994873
-2.026993989944458
-1.6708253622055054
-2.1225781440734863
-2.38918399810791
-2.742094039916992
-2.4355275630950928
-3.4318065643310547
-2.808284044265747
-3.3828728199005127
-3.583838939666748
-3.4403984546661377
-3.9322094917297363
-4.295467376708984
-4.1253252029418945
-3.3966686725616455
-5.453652858734131
-4.780519485473633
-5.157926559448242
-5.384191989898682
-4.864357948303223
-5.926940441131592
-5.961193084716797
-6.4267120361328125
-6.68463659286499
-5.591923713684082
-6.719637393951416
-6.732335090637207
-7.60479736328125
-7.234328269958496
-7.465754508972168
-7.05612850189209
-7.706945896148682
-7.630947113037109
-8.437036514282227
-8.240694999694824
-8.567949295043945
-8.746325492858887
-7.939557075500488
-8.492849349975586
-9.067246437072754
-8.991458892822266
-8.249377250671387
-8.566088676452637
-8.864812850952148
-10.131942749023438
-9.722460746765137
-9.874908447265625
-9.725425720214844
-10.179716110229492
-9.885128021240234
-10.856221199035645
-10.945276260375977
-12.176810264587402
-10.840485572814941
-10.565607070922852
-11.708890914916992
-11.506526947021484
-11.465604782104492
-11.437253952026367
-11.597943305969238
-12.951395988464355
-12.296011924743652
-12.876222610473633
-12.975422859191895
-12.150667190551758
-13.005325317382812
-13.440710067749023
-13.26203441619873
-12.507623672485352
-13.365121841430664
-12.791513442993164
-13.882739067077637
-13.432825088500977
-14.018789291381836
-15.120874404907227
-14.536720275878906
-15.264640808105469
-15.11027717590332
-14.72968578338623
-14.460780143737793
-15.307260513305664
-15.766988754272461
-16.21334457397461
-16.39358139038086
-16.873516082763672
-16.805866241455078
-17.10283660888672
-17.159500122070312
-15.618309020996094
-4.043453693389893
-4.488365173339844
0.006116801872849464
0.00616574939340353
0.006785478442907333
0.006876676343381405
0.007470103446394205
0.006856149528175592
0.0064805918373167515
0.007621335797011852
0.006339861545711756
0.006596396677196026
0.006560896523296833
0.006433022208511829
0.006737365387380123
0.006638106890022755
0.006153881549835205
0.005811586044728756
0.0063846176490187645
0.006145283579826355
0.006470443215221167
0.005843202117830515
0.005858512129634619
0.005690222140401602
0.005966993048787117
0.005863429047167301
0.00572305079549551
0.005119937472045422
0.00574542535468936
0.004735029302537441
0.0053567648865282536
0.004883334971964359
0.004921917803585529
0.004551486112177372
0.0048199305310845375
0.005071180406957865
0.0043424698524177074
0.004245826508849859
0.004205652512609959
0.004127469379454851
0.003982214722782373
0.0037239454686641693
0.004107872024178505
0.0038474458269774914
0.003335969988256693
0.003445372451096773
0.0031535164453089237
0.003007545368745923
0.003309889230877161
0.0032770924735814333
0.0030685910023748875
0.003145103808492422
0.002598891966044903
0.002524291630834341
0.002288881689310074
0.002984854858368635
0.002444181125611067
0.0022893294226378202
0.0021674628369510174
0.002013401361182332
0.0018656166503205895
0.0022525801323354244
0.002045120345428586
0.0016496616881340742
0.0019045413937419653
0.001912078820168972
0.001342092640697956
0.0017720491159707308
0.0016218263190239668
0.00105901132337749
0.0010393215343356133
0.0016758155543357134
0.0012736348435282707
0.0006485962076112628
0.001179172657430172
0.001073042512871325
0.0011703784111887217
0.0005108483019284904
0.001123493886552751
0.0017154738306999207
0.000684667844325304
0.0013027312234044075
0.0011141684371978045
0.00022937606263440102
0.0013720343122258782
0.0010036065941676497
0.0010236812522634864
0.0004740559379570186
0.0009336087969131768
0.00108451081905514
0.001134116668254137
0.000724698998965323
0.0012858578702434897
0.0006319034146144986
0.001266885083168745
0.0006667241686955094
0.0013203254202380776
0.0012319419765844941
-2.1290476322174072
-13.541071891784668
-17.029563903808594
-9.935334205627441
-12.1939697265625
-9.250393867492676
-6.041834354400635
-7.361549377441406
-6.980276584625244
-4.0543212890625
-3.3147029876708984
-3.2081680297851562
-2.642977237701416
-1.8367884159088135
-2.3399627208709717
-2.731055736541748
-2.695675849914551
-1.8290973901748657
-2.9899251461029053
-2.6106204986572266
-3.165029764175415
-3.1654582023620605
-3.618635892868042
-4.167862892150879
-3.7946784496307373
-4.957800388336182
-4.441058158874512
-4.193123817443848
-3.969904661178589
-4.737732887268066
-5.004051208496094
-4.975419998168945
-5.498272895812988
-6.244165897369385
-6.610908508300781
-6.830361843109131
-6.89910888671875
-5.159070014953613
-5.932999610900879
-6.481865882873535
-6.325560569763184
-6.4213457107543945
-7.337416648864746
-7.258476257324219
-7.345940589904785
-7.544084072113037
-7.629643440246582
-7.4781317710876465
-8.50147819519043
-8.138696670532227
-8.157803535461426
-9.193532943725586
-9.280661582946777
-8.106305122375488
-9.0658540725708
-8.539176940917969
-8.896490097045898
-9.622318267822266
-8.727867126464844
-9.278489112854004
-9.57087516784668
-10.058103561401367
-9.189306259155273
-9.50041675567627
-10.70713996887207
-9.729204177856445
-10.923650741577148
-10.711421012878418
-11.84107494354248
-10.553207397460938
-10.26972484588623
-11.208112716674805
-12.007835388183594
-11.938634872436523
-12.741888046264648
-12.529836654663086
-11.656251907348633
-11.939793586730957
-12.73658561706543
-12.491965293884277
-12.66915512084961
-13.448183059692383
-13.858015060424805
-14.503560066223145
-13.66124153137207
-13.262382507324219
-13.54029369354248
-13.773155212402344
-14.18242073059082
-14.285934448242188
-14.922053337097168
-15.157041549682617
-14.10145092010498
-15.10496997833252
-14.87226676940918
-15.696165084838867
-15.936076164245605
-15.942506790161133
-16.392532348632812
-16.013086318969727
-15.784439086914062
-15.577265739440918
-4.161292552947998
-4.42476224899292
0.006036060396581888
0.006340837571769953
0.006529376842081547
0.007368178106844425
0.007409276906400919
0.006914825644344091
0.006642499472945929
0.0067367516458034515
0.007142794784158468
0.0068925670348107815
0.006684408988803625
0.006406718399375677
0.006765800528228283
0.006339035928249359
0.006253113504499197
0.006108500994741917
0.006706994026899338
0.00613880529999733
0.006169847212731838
0.005828454624861479
0.0062625594437122345
0.005622192285954952
0.005580938421189785
0.005466064438223839
0.0059172771871089935
0.005517339333891869
0.004901803098618984
0.0058761946856975555
0.004865850787609816
0.004904170520603657
0.004817857872694731
0.005165670532733202
0.004705877508968115
0.004208440892398357
0.004819943103939295
0.004512731451541185
0.004318960011005402
0.004166271071881056
0.0035815995652228594
0.004199021030217409
0.0043635121546685696
0.002661942271515727
0.00397549569606781
0.0037266232538968325
0.003133745165541768
0.003403137670829892
0.0032660141587257385
0.0029100612737238407
0.0029267333447933197
0.0029530618339776993
0.002567257499322295
0.003007797058671713
0.002671434311196208
0.0022175279445946217
0.0020638378337025642
0.002607394475489855
0.002616455312818289
0.0020007407292723656
0.0018247325206175447
0.002185275312513113
0.0016856128349900246
0.0013035682495683432
0.00193741952534765
0.001760293496772647
0.0016681812703609467
0.0008684267522767186
0.0019995849579572678
0.0014552886132150888
0.0017083028797060251
0.0011866072891280055
0.0009030270157381892
0.0015967115759849548
0.0012861896539106965
0.0005904479185119271
0.0012230654247105122
0.0011039143428206444
0.00028918421594426036
0.001424516667611897
0.0008565887692384422
0.0011403963435441256
0.0004786048084497452
0.000975983974058181
0.0009163152426481247
0.0005545987514778972
0.001275896094739437
0.0008293652208521962
0.0007000967161729932
0.0008221394382417202
0.0011330668348819017
0.0009007120388559997
0.0007311146473512053
0.000898083089850843
0.001588479964993894
0.000968616921454668
0.0011290484108030796
0.0007476942846551538
-4.135977268218994
-16.729951858520508
-18.734256744384766
-11.269083023071289
-9.093647003173828
-18.604923248291016
-7.324451446533203
-7.7264556884765625
-3.792752504348755
-1.6310484409332275
-2.8077163696289062
-1.1274709701538086
-1.3406789302825928
-1.707251787185669
-2.0870189666748047
-2.275197744369507
-2.56337833404541
-2.4826042652130127
-2.527986526489258
-2.253370761871338
-2.9993138313293457
-3.2257771492004395
-3.528867244720459
-3.0718674659729004
-3.956902027130127
-4.126473426818848
-4.250967502593994
-4.166795253753662
-4.827259540557861
-4.854773998260498
-5.647091388702393
-5.508442401885986
-5.288224697113037
-6.081751823425293
-6.705096244812012
-6.827522277832031
-6.973919868469238
-6.106533050537109
-6.0654473304748535
-6.528054714202881
-7.01871395111084
-6.878670692443848
-7.227991580963135
-7.568541049957275
-7.863722324371338
-7.685632228851318
-8.509954452514648
-7.870645046234131
-8.21986198425293
-8.317688941955566
-8.478700637817383
-9.017086029052734
-9.350916862487793
-8.323796272277832
-9.307568550109863
-8.918889999389648
-9.007209777832031
-9.569730758666992
-9.709566116333008
-9.47252082824707
-9.344785690307617
-9.508502960205078
-10.457892417907715
-10.393120765686035
-10.018268585205078
-9.87433910369873
-10.703154563903809
-10.574892044067383
-10.874505043029785
-10.203143119812012
-11.066203117370605
-12.57290267944336
-11.714208602905273
-12.25908374786377
-12.306227684020996
-12.27252197265625
-13.203326225280762
-12.000459671020508
-12.263724327087402
-13.071783065795898
-12.909358024597168
-14.005523681640625
-13.769365310668945
-13.04847526550293
-13.932536125183105
-13.661112785339355
-13.67694091796875
-14.162727355957031
-14.004280090332031
-14.225926399230957
-13.977165222167969
-15.281816482543945
-15.285573959350586
-14.676609992980957
-15.304468154907227
-16.904300689697266
-15.926569938659668
-16.78207778930664
-16.521286010742188
-17.001834869384766
-16.259628295898438
-15.390052795410156
-3.5793182849884033
-4.376221656799316
0.006044377572834492
0.005875208415091038
0.0068415082059800625
0.007023160345852375
0.007193814963102341
0.0066491952165961266
0.006567197386175394
0.007028861902654171
0.006612072698771954
0.006837460212409496
0.006647135131061077
0.006319975946098566
0.007078332360833883
0.006190218962728977
0.0059599196538329124
0.0065070390701293945
0.005775499623268843
0.006332538090646267
0.006066430825740099
0.00590531574562192
0.006437951233237982
0.005250517278909683
0.005951976869255304
0.005851679481565952
0.005285155028104782
0.005169005133211613
0.0055853137746453285
0.005007513798773289
0.00532545056194067
0.005167445167899132
0.0044453139416873455
0.004598542116582394
0.004487022291868925
0.005204147193580866
0.003970402292907238
0.004666642285883427
0.00432274304330349
0.003745569381862879
0.003953504841774702
0.0036675974261015654
0.0041673616506159306
0.0037934421561658382
0.0033288351260125637
0.0035688639618456364
0.0034459407906979322
0.0032198247499763966
0.0033666077069938183
0.003054194850847125
0.003033578395843506
0.002618791302666068
0.0031546703539788723
0.0023109768517315388
0.0023088997695595026
0.002885893452912569
0.0019413379486650229
0.0020405552349984646
0.0025545337703078985
0.0016273021465167403
0.0025242194533348083
0.0018522769678384066
0.0016281682765111327
0.0020777122117578983
0.0019693674985319376
0.0018594646826386452
0.0012196877505630255
0.0014591028448194265
0.0015251912409439683
0.0014104656875133514
0.0013206742005422711
0.0012101058382540941
0.0016943871742114425
0.001060632523149252
0.0008350305142812431
0.0018612055573612452
0.0007062803488224745
0.0010519145289435983
0.00037075678119435906
0.0011386253172531724
0.0013948779087513685
0.0005093292566016316
0.001098629436455667
0.0009751858306117356
0.0009510532254353166
0.0013053405564278364
0.0002551861689426005
0.0007872797432355583
0.001297775306738913
0.0008872355101630092
0.0006639018538407981
0.001148104202002287
0.0007510112482123077
0.0010037653846666217
0.0008865114068612456
0.0015382764395326376
0.0006388736655935645
0.0007756780250929296
-3.35729718208313
-15.405001640319824
-17.610435485839844
-10.92707347869873
-13.648388862609863
-8.111921310424805
-4.921103477478027
-5.41168212890625
-4.313193321228027
-3.2189319133758545
-3.0177581310272217
-2.8938002586364746
-2.38366436958313
-2.2010531425476074
-2.960902214050293
-2.923334836959839
-2.8909971714019775
-1.8162444829940796
-2.2201642990112305
-2.540217876434326
-2.5448429584503174
-3.337372303009033
-3.4248929023742676
-3.1928656101226807
-3.8706295490264893
-4.403541088104248
-3.6174330711364746
-5.218990802764893
-4.548487186431885
-5.325875759124756
-4.98313570022583
-4.7179670333862305
-5.79545783996582
-6.238312721252441
-6.7129998207092285
-6.51708984375
-6.361905097961426
-6.434065818786621
-6.84384822845459
-6.788376808166504
-6.410355567932129
-6.8634490966796875
-6.354732036590576
-6.263992786407471
-7.77755880355835
-8.532225608825684
-8.37562370300293
-7.235873222351074
-8.597879409790039
-8.661215782165527
-8.543590545654297
-7.791695594787598
-8.414990425109863
-8.89455509185791
-9.362923622131348
-9.728721618652344
-9.455904006958008
-9.18704891204834
-10.29948616027832
-10.214048385620117
-10.027485847473145
-9.558174133300781
-9.943307876586914
-10.776433944702148
-9.82614803314209
-10.699633598327637
-10.599294662475586
-11.822623252868652
-11.29023265838623
-12.061225891113281
-11.7742338180542
-11.72729206085205
-11.939224243164062
-12.6764554977417
-11.873159408569336
-11.829716682434082
-12.224519729614258
-12.420641899108887
-12.43525505065918
-13.216344833374023
-12.8049898147583
-13.436213493347168
-14.065022468566895
-14.002758979797363
-14.506288528442383
-13.848162651062012
-13.366183280944824
-14.240331649780273
-13.148869514465332
-14.541727066040039
-14.41319751739502
-15.068615913391113
-14.679086685180664
-15.484312057495117
-16.02462387084961
-16.048402786254883
-16.193180084228516
-16.27298355102539
-16.499238967895508
-16.543758392333984
-16.283723831176758
-15.84547233581543
-3.5369935035705566
-4.384983062744141
0.006152506452053785
0.006161747965961695
0.006598285399377346
0.007145257201045752
0.007328697480261326
0.006464375648647547
0.007136404514312744
0.007220348808914423
0.006502692587673664
0.0067422157153487206
0.0064453803934156895
0.00628952169790864
0.006868716329336166
0.006038499064743519
0.00653834780678153
0.005833461415022612
0.006737004034221172
0.006394769065082073
0.006002912297844887
0.005880453158169985
0.006142246071249247
0.005965240299701691
0.005557110533118248
0.005732660181820393
0.005399369169026613
0.005709442775696516
0.005078992806375027
0.005447984207421541
0.00481915008276701
0.004899992141872644
0.004720073193311691
0.005306050647050142
0.004533548839390278
0.004250216297805309
0.004559844732284546
0.004175409208983183
0.00440092571079731
0.004274307284504175
0.003657010616734624
0.0043024709448218346
0.0038058864884078503
0.0036168736405670643
0.0038217187393456697
0.0033168320078402758
0.0034415782429277897
0.0030675099696964025
0.0034988275729119778
0.002794125583022833
0.0029833740554749966
0.0031988886184990406
0.0028402823954820633
0.0026101500261574984
0.0027779084630310535
0.0022771318908780813
0.002031493466347456
0.0026322680059820414
0.002215531188994646
0.001788044930435717
0.002011201810091734
0.002238915767520666
0.0018330340972170234
0.00132560427300632
0.0016940832138061523
0.0022121008951216936
0.0012185163795948029
0.0013083785306662321
0.0018192545976489782
0.0012185224331915379
0.0015581988263875246
0.0013815138954669237
0.0012364538852125406
0.0008301581256091595
0.0012508271029219031
0.001421136548742652
0.0008668334921821952
0.0010488147381693125
0.0009799962863326073
0.0010181849356740713
0.0010143673280254006
0.000597808975726366
0.001228169770911336
0.0017761694034561515
0.0005707195959985256
0.0012196075404062867
0.0011516384547576308
0.0008928923052735627
0.0008343118242919445
0.0013604911509901285
0.0011691463878378272
0.0006156063755042851
0.0009498808649368584
0.0008074482902884483
0.0015024793101474643
0.000864053494296968
0.001132749137468636
0.0012284398544579744
-5.0320539474487305
-16.17641830444336
-18.906959533691406
-10.942985534667969
-7.292837619781494
-10.578003883361816
-6.445806980133057
-6.211424827575684
-6.253716468811035
-3.6774017810821533
-3.4642601013183594
-2.4016218185424805
-2.4213709831237793
-3.1838040351867676
-3.268592119216919
-3.599756956100464
-3.102752923965454
-2.915330410003662
-3.144641399383545
-2.230813980102539
-2.976349353790283
-2.899575710296631
-3.5230281352996826
-4.275681495666504
-3.5644900798797607
-4.534584999084473
-5.0312395095825195
-5.6399054527282715
-4.878820419311523
-4.115054130554199
-4.7151618003845215
-5.540169715881348
-5.737454414367676
-5.480472087860107
-6.269311428070068
-5.7654948234558105
-6.126739501953125
-6.808512210845947
-7.4784064292907715
-6.986316680908203
-6.882838249206543
-7.249068260192871
-7.15729284286499
-6.7790327072143555
-7.060347080230713
-8.082109451293945
-7.175586700439453
-7.7624711990356445
-7.938665866851807
-7.452637672424316
-8.77513313293457
-9.106111526489258
-9.297407150268555
-8.849308967590332
-8.524216651916504
-9.294118881225586
-10.047967910766602
-9.040590286254883
-9.402287483215332
-9.307973861694336
-9.30075454711914
-9.391202926635742
-9.382271766662598
-10.103496551513672
-9.818375587463379
-11.212364196777344
-11.308697700500488
-10.93516731262207
-10.312438011169434
-11.569185256958008
-11.344423294067383
-10.698529243469238
-10.889385223388672
-11.275368690490723
-11.937503814697266
-11.939123153686523
-11.391765594482422
-12.401230812072754
-13.418298721313477
-13.402442932128906
-13.899709701538086
-13.788456916809082
-13.399385452270508
-12.976153373718262
-13.328767776489258
-13.3663969039917
-13.963800430297852
-14.392221450805664
-14.65454387664795
-14.411283493041992
-14.450610160827637
-15.063860893249512
-15.337997436523438
-15.217599868774414
-16.054370880126953
-15.198358535766602
-15.584146499633789
-16.31204605102539
-16.811847686767578
-16.656396865844727
-17.866722106933594
-16.017669677734375
-5.017911434173584
-4.622681617736816
0.00608817208558321
0.006226684432476759
0.0064146751537919044
0.0074083334766328335
0.007640331983566284
0.006270232144743204
0.00686489325016737
0.007138592191040516
0.0064802588894963264
0.006375557277351618
0.006826446391642094
0.006608578376471996
0.006516350898891687
0.006268342025578022
0.006590562406927347
0.005850919056683779
0.005839920602738857
0.006586260162293911
0.0061459909193217754
0.006150559522211552
0.0056134602054953575
0.005866547580808401
0.005354329943656921
0.005970071069896221
0.005456350743770599
0.005587871186435223
0.005601493176072836
0.005094465333968401
0.00503244623541832
0.0050817811861634254
0.004324230831116438
0.005516713485121727
0.0044308016076684
0.00469856197014451
0.0042269108816981316
0.004207476507872343
0.00443251384422183
0.004027916584163904
0.003938036970794201
0.003811976406723261
0.0039839306846261024
0.004180251620709896
0.0031330573838204145
0.0036450070329010487
0.0030351870227605104
0.003853828879073262
0.003063225420191884
0.002767452271655202
0.003029188374057412
0.0030068482737988234
0.0027522877790033817
0.0021232280414551497
0.003118520602583885
0.002726729493588209
0.001743900589644909
0.002801132621243596
0.0018302422249689698
0.002330155810341239
0.0020129529293626547
0.002410327084362507
0.00167284463532269
0.0015683963429182768
0.0019398948643356562
0.0016901444178074598
0.0013026855885982513
0.0016044031362980604
0.0016726317116990685
0.0013243668945506215
0.0013771916273981333
0.0009729008888825774
0.0010291305370628834
0.0010965808760374784
0.0012877158587798476
0.0011109301121905446
0.0009453651728108525
0.0007986427517607808
0.001539047108963132
0.0004432535788509995
0.0013127013808116317
0.0014100880362093449
0.0006285851122811437
0.0010145338019356132
0.0008991848444566131
0.0009400889975950122
0.00037428372888825834
0.00196663080714643
0.000715785485226661
0.0006345714791677892
0.0009421210852451622
0.0009998570894822478
0.0009652084554545581
0.0012036071857437491
0.0002684374921955168
0.0018098230939358473
7.971258310135454e-05
0.0008892972837202251
-3.1509926319122314
-14.00304126739502
-16.65949249267578
-10.129378318786621
-14.339401245117188
-8.152082443237305
-4.952232837677002
-7.021320343017578
-7.108389854431152
-3.316206693649292
-2.639188766479492
-1.71697998046875
-1.7254421710968018
-1.7186988592147827
-1.7383077144622803
-2.100116491317749
-2.5818533897399902
-2.1326193809509277
-3.0784435272216797
-3.3671486377716064
-2.6108908653259277
-3.51330304145813
-3.6387152671813965
-3.6726112365722656
-3.095771074295044
-4.1070332527160645
-4.57028865814209
-4.250060081481934
-5.434972763061523
-5.375844478607178
-5.376291275024414
-5.252220153808594
-5.804572105407715
-6.501208305358887
-6.025357246398926
-5.986893177032471
-7.323154449462891
-7.495615482330322
-7.512950897216797
-6.905574798583984
-5.886979579925537
-7.1533355712890625
-7.931334495544434
-7.76641321182251
-7.333322048187256
-7.305039882659912
-7.656691551208496
-8.157319068908691
-7.836097717285156
-8.347729682922363
-8.788520812988281
-8.695838928222656
-8.59899616241455
-8.209144592285156
-8.507013320922852
-8.647537231445312
-9.355643272399902
-8.99617862701416
-9.410383224487305
-9.598950386047363
-10.92100715637207
-9.707094192504883
-9.54836368560791
-9.240527153015137
-9.882322311401367
-12.039582252502441
-9.969282150268555
-9.957551956176758
-9.903162002563477
-11.024664878845215
-10.826391220092773
-10.917510032653809
-11.083932876586914
-11.610193252563477
-11.25794792175293
-12.883816719055176
-11.93295669555664
-12.611831665039062
-11.978546142578125
-13.383685111999512
-13.567814826965332
-13.330774307250977
-13.133094787597656
-14.116788864135742
-13.115153312683105
-13.279340744018555
-14.5997314453125
-14.215970993041992
-15.204327583312988
-14.017497062683105
-14.322237968444824
-14.984220504760742
-14.915061950683594
-14.804936408996582
-15.970149040222168
-16.4202938079834
-17.05455207824707
-15.697361946105957
-16.79105567932129
-16.596500396728516
-17.180583953857422
-16.448190689086914
-4.317296504974365
-4.4555745124816895
0.0059720417484641075
0.006194223649799824
0.006483952049165964
0.007292164023965597
0.007669370621442795
0.00689240638166666
0.006517254747450352
0.006934185978025198
0.00704930117353797
0.006777515169233084
0.006496368441730738
0.006627465598285198
0.006223893724381924
0.00681985542178154
0.00617645401507616
0.006166717037558556
0.006199790630489588
0.006339830346405506
0.005898027215152979
0.005817920435220003
0.006277367472648621
0.005541130434721708
0.005941412411630154
0.006246806588023901
0.005011997185647488
0.005069009494036436
0.005217171274125576
0.005231228657066822
0.005048251710832119
0.0054138535633683205
0.004561632871627808
0.005079834721982479
0.005067452788352966
0.004336459096521139
0.00443233409896493
0.004530833102762699
0.003976949956268072
0.004293767735362053
0.0038852295838296413
0.004447713028639555
0.0039687310345470905
0.003663544775918126
0.0038674711249768734
0.0032459262292832136
0.0031706509180366993
0.0038842118810862303
0.0026930358726531267
0.0033961485605686903
0.002676553325727582
0.0029191640205681324
0.0026513966731727123
0.0026553799398243427
0.0023104886058717966
0.0028883155900985003
0.0020969498436897993
0.002342425286769867
0.0019056976307183504
0.002219316316768527
0.002037163358181715
0.0020445077680051327
0.0016768269706517458
0.0017731072148308158
0.0013992872554808855
0.0017856645863503218
0.0016780734295025468
0.0016836540307849646
0.0010389983654022217
0.0017095627263188362
0.0017179712885990739
0.0010681936983019114
0.0017239029984921217
0.0011424135882407427
0.0008682246552780271
0.0014812796143814921
0.000877511571161449
0.0015145442448556423
0.000648095621727407
0.0006709659355692565
0.0012384079163894057
0.0005386871052905917
0.001599067822098732
0.0009608683176338673
0.000947835564147681
0.00100178353022784
0.00041363289346918464
0.001285402337089181
0.0009379515540786088
0.0002934565127361566
0.0013572626048699021
0.0007449358236044645
0.0012273616157472134
0.0010935707250609994
0.0007523979293182492
0.000606690242420882
0.0016485288506373763
0.001141694956459105
-2.2075934410095215
-14.32659912109375
-17.99111557006836
-10.028172492980957
-9.392280578613281
-17.545684814453125
-7.306902885437012
-6.7453508377075195
-3.1051878929138184
-1.5003106594085693
-1.7133201360702515
-1.823922872543335
-2.462343692779541
-2.9271130561828613
-2.265197277069092
-3.1004812717437744
-2.724515438079834
-2.2049808502197266
-2.7363762855529785
-3.3829894065856934
-3.538376569747925
-3.606973648071289
-4.263173580169678
-4.022627353668213
-3.447483539581299
-3.9214768409729004
-4.635361671447754
-5.107308387756348
-5.1457600593566895
-5.0632429122924805
-4.608832359313965
-6.540915012359619
-7.121250152587891
-6.356152057647705
-5.215926170349121
-6.309262275695801
-7.091246604919434
-5.819183349609375
-7.2903008460998535
-7.435990333557129
-7.544198513031006
-6.58876895904541
-7.078816890716553
-6.924680233001709
-7.951977729797363
-7.908686637878418
-7.587912082672119
-8.225805282592773
-7.959505558013916
-8.527746200561523
-8.069307327270508
-7.814261436462402
-8.576117515563965
-8.764994621276855
-9.517738342285156
-10.363443374633789
-9.186798095703125
-10.322400093078613
-9.152226448059082
-9.332344055175781
-9.42404842376709
-9.375157356262207
-9.747563362121582
-10.264425277709961
-10.373722076416016
-10.696195602416992
-10.807065963745117
-11.05772590637207
-11.427433967590332
-11.642922401428223
-11.066067695617676
-12.137343406677246
-12.672578811645508
-12.644941329956055
-11.642186164855957
-11.924332618713379
-11.438844680786133
-12.075307846069336
-11.976526260375977
-12.166284561157227
-12.009588241577148
-13.267878532409668
-13.400471687316895
-13.629501342773438
-13.396527290344238
-13.933603286743164
-14.230157852172852
-14.24353313446045
-14.831888198852539
-15.16527271270752
-14.588178634643555
-14.953004837036133
-15.85620403289795
-15.272831916809082
-15.357609748840332
-15.639814376831055
-15.427447319030762
-16.540878295898438
-16.21978759765625
-16.925447463989258
-16.810291290283203
-15.888479232788086
-4.2028279304504395
-4.329524040222168
0.006035786122083664
0.006350512150675058
0.006639772094786167
0.006888892501592636
0.007514700293540955
0.006936381570994854
0.006506972014904022
0.0072487397119402885
0.006569211836904287
0.006874246057122946
0.00673389807343483
0.006240189541131258
0.006428244523704052
0.006344208959490061
0.006703332997858524
0.0062180133536458015
0.006014249753206968
0.006127324420958757
0.006146811880171299
0.005879015661776066
0.006251687649637461
0.005347217433154583
0.005558720789849758
0.006235030479729176
0.005024755373597145
0.005639295093715191
0.00500387791544199
0.00518342200666666
0.005587555468082428
0.004556803964078426
0.005143888294696808
0.00486935768276453
0.004815913736820221
0.004544342868030071
0.004719081334769726
0.004222179763019085
0.003980402834713459
0.0042233774438500404
0.0038801860064268112
0.003961745649576187
0.004307644907385111
0.003625816199928522
0.0031137096229940653
0.003764527617022395
0.0034089989494532347
0.0034160991199314594
0.0030576642602682114
0.002952127018943429
0.003345696721225977
0.003162739332765341
0.0022790238726884127
0.0023597790859639645
0.0028106921818107367
0.00199624034576118
0.0023712164256721735
0.0019905385561287403
0.002501424867659807
0.0020134765654802322
0.0024825450964272022
0.0015525863273069263
0.0017350591951981187
0.002270664554089308
0.0014735492877662182
0.0016932261642068624
0.0016893676947802305
0.0007451800629496574
0.001533548696897924
0.0016935581807047129
0.0009521842002868652
0.0014022202230989933
0.0011264672502875328
0.0009768560994416475
0.0011309675173833966
0.0009734787745401263
0.0013349249493330717
0.0010294512612745166
0.0008862934773787856
0.0009907502681016922
0.0019416401628404856
0.0005813698517158628
0.001410471391864121
0.0007312113884836435
0.0006707347929477692
0.0006075417622923851
0.0009217645856551826
0.0008688704110682011
0.0007849287358112633
0.0009609951521269977
0.0006674419855698943
0.0007217819220386446
0.0012440979480743408
0.0010828619124367833
0.0005885506980121136
0.0011128784390166402
0.0010044488590210676
0.0007511529256589711
-2.1231770515441895
-14.796551704406738
-16.53853416442871
-10.163345336914062
-14.402132987976074
-9.56796932220459
-5.622531890869141
-6.571275234222412
-6.397059917449951
-3.791841983795166
-3.6512932777404785
-3.013357639312744
-3.3556830883026123
-2.5566883087158203
-2.4229187965393066
-3.2548835277557373
-2.456153154373169
-2.3338212966918945
-3.4059550762176514
-3.0834102630615234
-3.2161107063293457
-3.5565762519836426
-4.500330924987793
-3.383920669555664
-3.296191453933716
-3.9638850688934326
-4.023666858673096
-5.252985954284668
-4.8302812576293945
-5.039080619812012
-5.322884559631348
-4.814576148986816
-5.704061985015869
-6.209328651428223
-6.945634365081787
-6.371341228485107
-6.403548240661621
-6.8547539710998535
-6.9287872314453125
-6.7164154052734375
-7.74862813949585
-7.527961730957031
-7.620721340179443
-7.8857927322387695
-7.8865532875061035
-8.19932746887207
-7.810741424560547
-7.816729545593262
-7.742015838623047
-8.034180641174316
-8.83627986907959
-8.86778450012207
-8.390132904052734
-9.291189193725586
-9.514311790466309
-8.947443962097168
-8.430394172668457
-9.199163436889648
-10.154240608215332
-9.533377647399902
-9.957404136657715
-10.20678424835205
-9.700837135314941
-10.750848770141602
-9.891494750976562
-10.82402515411377
-10.969043731689453
-10.504242897033691
-12.075884819030762
-10.877622604370117
-11.34119987487793
-11.55760669708252
-11.210005760192871
-12.207208633422852
-13.004064559936523
-12.782660484313965
-13.22474193572998
-13.316232681274414
-12.336118698120117
-13.245702743530273
-13.132234573364258
-13.021820068359375
-13.814321517944336
-14.097376823425293
-13.837783813476562
-13.361607551574707
-13.27845573425293
-13.604469299316406
-13.273712158203125
-13.249277114868164
-13.536450386047363
-14.599695205688477
-13.39953327178955
-14.404586791992188
-14.853231430053711
-14.959671020507812
-14.97734260559082
-14.691488265991211
-15.658880233764648
-15.844096183776855
-16.286296844482422
-16.040311813354492
-11.702577590942383
-3.3211658000946045
0.009505858644843102
0.007110214326530695
0.005177874118089676
0.007054436951875687
0.0073056407272815704
0.006665603723376989
0.00675086909905076
0.006582856178283691
0.006871549878269434
0.0061087943613529205
0.00660984730347991
0.006265352480113506
0.006616632454097271
0.006662224419414997
0.006331765092909336
0.005899813957512379
0.006082543171942234
0.006161215715110302
0.006004199385643005
0.005922974552959204
0.0057906475849449635
0.0056703840382397175
0.005748342256993055
0.005643983371555805
0.005041787400841713
0.005387728568166494
0.005814075004309416
0.005033235065639019
0.005541947670280933
0.004657256882637739
0.004646102897822857
0.0051050009205937386
0.004778173752129078
0.0045012133195996284
0.004292640835046768
0.004477431531995535
0.004032421857118607
0.004368984140455723
0.003710079938173294
0.0036464438308030367
0.004029103089123964
0.003499219659715891
0.0037023969925940037
0.0034196353517472744
0.003203348023816943
0.0033547785133123398
0.0034857727587223053
0.003053361549973488
0.002589728683233261
0.002792546059936285
0.002712286775931716
0.002701210556551814
0.002686076331883669
0.002284587826579809
0.0024948823265731335
0.0021928560454398394
0.0023305187933146954
0.0024074488319456577
0.0016991437878459692
0.0019117051269859076
0.0017035125056281686
0.0023412134032696486
0.0016671724151819944
0.0015131025575101376
0.001766736269928515
0.0014811253640800714
0.0019295730162411928
0.0010714816162362695
0.001303488272242248
0.0016089130658656359
0.0010732823284342885
0.0013967892155051231
0.0010651246411725879
0.0012963576009497046
0.0011489720782265067
0.0005521635757759213
0.0015406470047309995
0.0010798987932503223
0.0009910791413858533
0.000791560101788491
0.0006130887195467949
0.0009275935590267181
0.0012946934439241886
0.0011649347143247724
0.00038875191239640117
0.0009004861349239945
0.0008960271952673793
0.0008331296849064529
0.0003520360332913697
0.00154981785453856
0.0007538094068877399
0.0003089277888648212
0.0016522069927304983
0.0005558169214054942
0.0010213326895609498
0.0006459594005718827
-3.305392026901245
-15.453229904174805
-17.238618850708008
-10.57429027557373
-15.37419605255127
-10.379265785217285
-6.306973934173584
-6.462676048278809
-5.7204060554504395
-2.603904962539673
-2.265270948410034
-2.315363645553589
-2.5516648292541504
-1.6167447566986084
-2.4379475116729736
-2.6472296714782715
-2.7263600826263428
-3.284125804901123
-2.142906665802002
-2.990318775177002
-3.2607522010803223
-3.50703763961792
-3.4710888862609863
-3.251607894897461
-4.663760185241699
-5.021530628204346
-4.066798210144043
-4.936749458312988
-4.126518249511719
-5.547094345092773
-5.098057270050049
-4.970758438110352
-5.782956123352051
-5.273136138916016
-5.956974029541016
-6.311671733856201
-5.465964317321777
-6.103957176208496
-7.257560729980469
-6.253540515899658
-6.355420112609863
-6.276856422424316
-7.25127649307251
-6.732489585876465
-7.947343349456787
-8.03331184387207
-7.6192121505737305
-8.234461784362793
-8.157846450805664
-8.418473243713379
-8.247815132141113
-8.428934097290039
-8.480274200439453
-8.58065414428711
-8.98801040649414
-8.849203109741211
-9.49506664276123
-9.01957893371582
-9.068582534790039
-8.615411758422852
-9.793272972106934
-10.42405891418457
-10.478856086730957
-11.14661693572998
-10.218793869018555
-11.405364036560059
-11.737838745117188
-11.014181137084961
-10.769502639770508
-10.328943252563477
-10.424694061279297
-11.470054626464844
-12.843106269836426
-12.829449653625488
-11.84900188446045
-11.433844566345215
-12.262789726257324
-12.425745010375977
-12.199075698852539
-13.208455085754395
-12.57875919342041
-13.033831596374512
-13.624957084655762
-13.620898246765137
-14.77619457244873
-13.45616626739502
-14.266653060913086
-14.181253433227539
-13.605059623718262
-13.837987899780273
-14.38755989074707
-14.793603897094727
-15.107437133789062
-15.429898262023926
-15.835212707519531
-16.61717414855957
-15.576377868652344
-15.553204536437988
-15.604497909545898
-17.13196563720703
-16.59356117248535
-15.995201110839844
-4.45490026473999
-4.352083683013916
0.005625195801258087
0.006357117556035519
0.0067758625373244286
0.006819522473961115
0.007561284117400646
0.006551505532115698
0.006953260861337185
0.007391730789095163
0.006347486283630133
0.00674072653055191
0.006651198957115412
0.006334275938570499
0.006326121278107166
0.00636114040389657
0.006869296543300152
0.005879231262952089
0.005789595656096935
0.006321092136204243
0.005796369165182114
0.006367614027112722
0.0055518439039587975
0.006193198263645172
0.005522876046597958
0.005889351479709148
0.005257120821624994
0.005073891952633858
0.005597757641226053
0.005432251840829849
0.004851864650845528
0.005021469667553902
0.005136364139616489
0.004827826749533415
0.004692834336310625
0.004802265204489231
0.004163744393736124
0.0044022900983691216
0.003702805144712329
0.004274571314454079
0.003787752240896225
0.0044720908626914024
0.0037418175488710403
0.003728394163772464
0.003630196675658226
0.00356616685166955
0.0032814242877066135
0.0030604570638388395
0.0031081668566912413
0.0029745877254754305
0.002868438372388482
0.002541817259043455
0.0027597229927778244
0.002575294580310583
0.0026504669804126024
0.0025542639195919037
0.0023956168442964554
0.002654292155057192
0.0020779038313776255
0.0014558702241629362
0.0024248980917036533
0.0021497022826224566
0.0017950503388419747
0.0012891378719359636
0.0020020322408527136
0.001796289929188788
0.0014148749178275466
0.0014841186348348856
0.001994161633774638
0.0009016438270919025
0.0013034228468313813
0.0007388406665995717
0.0021079005673527718
0.0005973355146124959
0.0015257246559485793
0.0011695807334035635
0.0009920778684318066
0.0013502903748303652
0.0014312766725197434
0.0014399110805243254
0.0010363052133470774
0.0003209174028597772
0.0013016138691455126
0.0010196598013862967
0.000574406934902072
0.0007452695863321424
0.0009584810468368232
0.0011584308231249452
0.0006201213109306991
0.0009968087542802095
0.0009165030205622315
0.0007503830711357296
0.001471449970267713
0.0010701906867325306
0.0009461842710152268
0.0011814944446086884
0.0010688124457374215
0.0008733795257285237
-2.518721342086792
-13.556050300598145
-16.46549415588379
-10.035581588745117
-16.450321197509766
-14.116032600402832
-4.449891090393066
-7.448132514953613
-3.4904868602752686
-0.8310763239860535
-1.095319390296936
-1.4466731548309326
-2.1372556686401367
-1.581205129623413
-1.4098432064056396
-2.5545225143432617
-1.775015115737915
-1.8350613117218018
-2.15275239944458
-2.600684404373169
-3.0839266777038574
-3.0817363262176514
-3.7544608116149902
-4.743465423583984
-4.622025966644287
-4.7280731201171875
-4.200927257537842
-4.512200355529785
-4.502612590789795
-4.21250057220459
-5.1972222328186035
-5.6132707595825195
-5.573012351989746
-6.4285569190979
-7.033076286315918
-6.773497104644775
-7.627176761627197
-7.388247489929199
-6.835284233093262
-6.85361385345459
-6.490258693695068
-7.3621978759765625
-7.809751987457275
-7.537876129150391
-8.270572662353516
-7.946188926696777
-8.462103843688965
-7.82229471206665
-9.06643295288086
-8.687092781066895
-8.534012794494629
-8.120654106140137
-8.975521087646484
-9.648649215698242
-8.305973052978516
-9.109756469726562
-9.211968421936035
-9.506673812866211
-9.179564476013184
-9.457687377929688
-10.355703353881836
-9.91528034210205
-10.05781364440918
-10.276354789733887
-10.012669563293457
-10.393571853637695
-10.5161714553833
-11.34805679321289
-10.57921028137207
-10.628297805786133
-11.606427192687988
-11.363214492797852
-12.470739364624023
-12.676756858825684
-12.475481033325195
-12.875001907348633
-12.364089965820312
-12.668106079101562
-12.315391540527344
-13.159189224243164
-13.184961318969727
-13.402275085449219
-13.620132446289062
-14.601137161254883
-14.188987731933594
-14.669476509094238
-13.763325691223145
-14.512621879577637
-15.18034839630127
-14.850275039672852
-15.053693771362305
-14.70268726348877
-15.05383586883545
-15.876371383666992
-15.52446174621582
-15.884902954101562
-16.722299575805664
-16.4573917388916
-16.68240737915039
-17.42612648010254
-16.917652130126953
-16.113792419433594
-4.63320255279541
-4.4805121421813965
0.005882485769689083
0.0061893099918961525
0.006403929088264704
0.007009801454842091
0.007339976727962494
0.006935871206223965
0.0067917704582214355
0.0070020826533436775
0.00699833407998085
0.006776902824640274
0.0065008243545889854
0.006419842131435871
0.006930829491466284
0.006447110325098038
0.006359926424920559
0.00619864696636796
0.00618115346878767
0.0062821730971336365
0.006109366659075022
0.005846761632710695
0.005714879836887121
0.006104602944105864
0.005735201761126518
0.005774478893727064
0.005130392964929342
0.0055250804871320724
0.005155007820576429
0.005568523891270161
0.005041607655584812
0.00487348111346364
0.004994002170860767
0.004711731802672148
0.004793857224285603
0.004629337228834629
0.004604519344866276
0.003965633921325207
0.004581093788146973
0.003621285082772374
0.004357086960226297
0.003749251365661621
0.0035499793011695147
0.004057365469634533
0.003678312059491873
0.0035749722737818956
0.00344400224275887
0.0033227012027055025
0.002923825057223439
0.003400498302653432
0.0028558720368891954
0.002826305804774165
0.003177682403475046
0.00245205732062459
0.002771002007648349
0.0024201630149036646
0.0024515953846275806
0.002402928890660405
0.0023932941257953644
0.0017697574803605676
0.0025371566880494356
0.001760704442858696
0.0022391886450350285
0.0016958958003669977
0.0018438143888488412
0.0014804108068346977
0.0016503098886460066
0.001437957165762782
0.0015696871560066938
0.001495563774369657
0.001672817044891417
0.0008276112494058907
0.0011338500771671534
0.0012996474979445338
0.0017824288224801421
0.0006964643835090101
0.0009723010589368641
0.001317590824328363
0.0014582559233531356
0.000663934217300266
0.0014039812376722693
0.0013215334620326757
0.0004750393272843212
0.001003775279968977
0.0006842833245173097
0.0009240484796464443
0.0010538666974753141
0.0005556966061703861
0.0012804231373593211
0.0006028419593349099
0.0008254108834080398
0.0011642362223938107
0.0003188514965586364
0.0014027711004018784
0.001536563504487276
0.0009761819383129478
0.0008240767056122422
0.0008459616219624877
-3.4486136436462402
