30.67096519470215
30.67096519470215
26.978286743164062
9.517218589782715
0.38114744424819946
-0.010363198816776276
-0.010132608003914356
-0.00969203095883131
-0.008743559941649437
-0.00930817611515522
-0.008470834232866764
-0.008580702356994152
-0.008208237588405609
-0.0072901370003819466
-0.007511505391448736
-0.006682319100946188
-0.00655234744772315
-0.006550041027367115
-0.004835448227822781
-0.005744115449488163
-0.0048741367645561695
-0.004593464080244303
-0.0046068658120930195
-0.003686141688376665
-0.0035046166740357876
-0.0032045182306319475
-0.0020572778303176165
-0.0023311825934797525
-0.002070128917694092
-0.0014040099922567606
-0.000888882321305573
-0.0018165505025535822
0.00030623283237218857
7.707446638960391e-05
0.0004250178171787411
0.0011577127734199166
0.0007222353597171605
0.002125689759850502
0.0020048352889716625
0.0020312468986958265
0.002861031563952565
0.00320039433427155
0.0036762901581823826
0.003670318750664592
0.0039467341266572475
0.004830154590308666
0.004456550348550081
0.00532465148717165
0.005795215722173452
0.005895812064409256
0.005879600532352924
0.006884078495204449
0.006042386405169964
0.007271668408066034
0.0069170305505394936
0.007280376739799976
0.007088568992912769
0.0076748160645365715
0.0081477714702487
0.00753292441368103
0.008250521495938301
0.008603258058428764
0.008119060657918453
0.008764943107962608
0.00877538975328207
0.008682443760335445
0.009153460152447224
0.009068561717867851
0.009345749393105507
0.009339435957372189
0.009216835722327232
0.009347648359835148
0.009157313033938408
0.009455835446715355
0.009578118100762367
0.008969615213572979
0.009047739207744598
0.00998410489410162
0.008796165697276592
0.008867170661687851
0.008945858106017113
0.008914071135222912
0.008808786049485207
0.008942225947976112
0.008665460161864758
0.008543511852622032
0.008467702195048332
0.008364172652363777
0.0080106845125556
0.008279556408524513
0.007403913885354996
0.007533612661063671
0.007326159626245499
0.007509829942137003
0.007520562969148159
0.00651171337813139
0.006551787257194519
0.0062769316136837006
0.006496760994195938
0.8729942440986633
6.005387306213379
-2.9299590587615967
-10.019708633422852
-9.141690254211426
-8.29177188873291
-6.84695291519165
-6.501318454742432
-6.38558292388916
-6.085089683532715
-6.321349143981934
-5.461554527282715
-5.470467567443848
-5.887677192687988
-5.61806583404541
-5.169102191925049
-5.482596397399902
-5.603299140930176
-5.231860160827637
-4.754637718200684
-4.778073310852051
-4.639809608459473
-5.302030086517334
-5.032431125640869
-4.6727142333984375
-4.540838241577148
-4.107512950897217
-3.43190336227417
-3.758077621459961
-3.3863167762756348
-3.3563132286071777
-2.564160108566284
-2.8183560371398926
-2.553304433822632
-2.2825839519500732
-0.7862812876701355
-0.3357408046722412
-0.9497969746589661
-0.9024921655654907
0.5045138597488403
-0.027738085016608238
-0.1858968883752823
0.7915331125259399
1.9986207485198975
1.4688786268234253
1.9448375701904297
1.672402024269104
2.0799481868743896
3.054379463195801
2.9893314838409424
3.8456034660339355
3.509639024734497
3.8184452056884766
4.356314659118652
4.593316555023193
5.154626846313477
6.695755958557129
6.481008052825928
5.944045066833496
7.254598140716553
7.480884552001953
7.216958045959473
8.374107360839844
8.390592575073242
8.55896282196045
8.895719528198242
9.721456527709961
10.518775939941406
10.061728477478027
10.998438835144043
10.970991134643555
10.972249984741211
12.311272621154785
12.34923267364502
13.109761238098145
13.604515075683594
14.035059928894043
14.608184814453125
14.439936637878418
14.888336181640625
14.968963623046875
15.130760192871094
15.70965576171875
16.477140426635742
16.325916290283203
17.76418685913086
17.693517684936523
18.130390167236328
18.598102569580078
19.117778778076172
19.63047218322754
19.460805892944336
20.42745590209961
21.30702781677246
20.97951316833496
21.126514434814453
21.94196319580078
22.785919189453125
22.66513442993164
23.354360580444336
22.694738388061523
16.62313461303711
-32.4560546875
-29.25912857055664
-0.006943804211914539
-0.009434572421014309
-0.00822377111762762
-0.010485642589628696
-0.009785976260900497
-0.00805723574012518
-0.00907501857727766
-0.008597973734140396
-0.007529507391154766
-0.008063023909926414
-0.0073321424424648285
-0.007147707976400852
-0.006734216120094061
-0.006402864120900631
-0.0059558372013270855
-0.005856881383806467
-0.00526146125048399
-0.005081143695861101
-0.004621337167918682
-0.003933354280889034
-0.0036830075550824404
-0.0035191115457564592
-0.0031407393980771303
-0.0028157252818346024
-0.00211897399276495
-0.0018011864740401506
-0.0014825258404016495
-0.0006811952916905284
-0.0008915370563045144
-0.0004025513189844787
-0.00014680437743663788
0.0005008276784792542
0.0012814573710784316
0.0013449180405586958
0.0016463203355669975
0.0020167953334748745
0.0021959501318633556
0.002967922715470195
0.003110713791102171
0.0033024903386831284
0.0038569029420614243
0.004055275581777096
0.004655531607568264
0.004679586738348007
0.00480066379532218
0.0055751679465174675
0.005873809102922678
0.005912676453590393
0.00650115916505456
0.006434326525777578
0.006876687053591013
0.007135608699172735
0.00683311652392149
0.007858815602958202
0.007191851735115051
0.008118540048599243
0.007775126490741968
0.00841648317873478
0.008235086686909199
0.008689869195222855
0.008485110476613045
0.00875556468963623
0.0089917266741395
0.008933718316257
0.008962615393102169
0.008861139416694641
0.009037183597683907
0.009217534214258194
0.009279211983084679
0.008832274004817009
0.00909338891506195
0.009296449832618237
0.0093366838991642
0.008943652734160423
0.009378530085086823
0.009286439046263695
0.008662592619657516
0.009104736149311066
0.008608326315879822
0.008906052447855473
0.008399332873523235
0.009156878106296062
0.00831855833530426
0.008514543063938618
0.008147748187184334
0.00795522890985012
0.008025945164263248
0.007657872978597879
0.007156962063163519
0.007687689270824194
0.007333717308938503
0.006743754260241985
0.006622488610446453
0.006500729359686375
0.006555916275829077
0.0061792354099452496
12.863520622253418
82.83916473388672
103.126708984375
55.8912353515625
32.81014633178711
20.158857345581055
17.07097053527832
6.459001064300537
6.540228843688965
3.87231183052063
-0.1986437737941742
0.09351726621389389
-1.2210829257965088
-2.7181882858276367
-2.2143428325653076
-3.661334991455078
-3.524198055267334
-3.6667728424072266
-4.247218132019043
-4.439591884613037
-4.164913654327393
-3.683072566986084
-3.893669843673706
-4.242467880249023
-3.7731990814208984
-3.9094929695129395
-3.9120304584503174
-3.6629223823547363
-3.4061501026153564
-3.5183491706848145
-3.4111900329589844
-2.895904541015625
-2.2056503295898438
-1.8796087503433228
-2.112525463104248
-1.5323803424835205
-1.802077054977417
-0.5135596990585327
-0.9294212460517883
-0.8924481272697449
-0.08965570479631424
-0.16381821036338806
0.947109043598175
1.7379319667816162
0.7540949583053589
2.8142201900482178
2.029961347579956
2.5818943977355957
3.1990506649017334
3.4466137886047363
3.550703525543213
3.7341792583465576
5.229408264160156
5.129122257232666
4.52247428894043
5.616605281829834
6.529758453369141
5.942011833190918
6.117390155792236
6.997315883636475
6.7323126792907715
7.765774726867676
8.38134479522705
8.608658790588379
9.018533706665039
9.523893356323242
9.424333572387695
10.084480285644531
9.71934700012207
11.002847671508789
11.421116828918457
12.222085952758789
12.276525497436523
12.359118461608887
12.394800186157227
12.566793441772461
14.071527481079102
14.007589340209961
14.876367568969727
14.495489120483398
15.273406982421875
15.255964279174805
16.519319534301758
16.78410530090332
17.800304412841797
16.766559600830078
16.757253646850586
17.500497817993164
18.281665802001953
19.03072738647461
19.249860763549805
20.009647369384766
19.211456298828125
19.53887939453125
20.704505920410156
21.803287506103516
23.001251220703125
22.26845359802246
22.713869094848633
23.238189697265625
22.819889068603516
16.443790435791016
-32.63389587402344
-29.460412979125977
-0.007127569057047367
-0.009171916171908379
-0.008160678669810295
-0.010824105702340603
-0.009314272552728653
-0.008337033912539482
-0.008587640710175037
-0.00853688083589077
-0.00763745978474617
-0.00809143390506506
-0.00735348928719759
-0.0074663059785962105
-0.006499498151242733
-0.006478560622781515
-0.006093233358114958
-0.005471230484545231
-0.005111978854984045
-0.004814385436475277
-0.004648206755518913
-0.004118301905691624
-0.003954588435590267
-0.003361980663612485
-0.003032713197171688
-0.0025924365036189556
-0.002243363531306386
-0.0017842274392023683
-0.001136500621214509
-0.0012272304156795144
-0.0007711771177127957
-2.466561227265629e-06
0.00014231514069251716
0.00032908350112847984
0.0009649748681113124
0.0014865434495732188
0.0018518881406635046
0.0020636911503970623
0.0022924509830772877
0.0028050660621374846
0.0030893965158611536
0.0033438666723668575
0.003734379541128874
0.003902824129909277
0.00496445968747139
0.0046361293643713
0.005640605464577675
0.005258358083665371
0.005523157771676779
0.005935119930654764
0.006727828644216061
0.006207462400197983
0.0069190869107842445
0.007060384843498468
0.007194352336227894
0.00777116185054183
0.0075507210567593575
0.007832500152289867
0.00800740160048008
0.007919656112790108
0.008517110720276833
0.008383018895983696
0.008203234523534775
0.009004666469991207
0.00869124848395586
0.009397435002028942
0.009234538301825523
0.008789586834609509
0.009458975866436958
0.00903981365263462
0.009036587551236153
0.009162823669612408
0.00915333442389965
0.009512891061604023
0.008956203237175941
0.009313232265412807
0.009338083676993847
0.008867377415299416
0.008932095021009445
0.009338488802313805
0.008559073321521282
0.008718885481357574
0.009131675586104393
0.008569205179810524
0.00835795234888792
0.008645000867545605
0.008309749886393547
0.008488195016980171
0.007709430065006018
0.007672451436519623
0.0076178135350346565
0.007110863924026489
0.0071527971886098385
0.007392313331365585
0.006422872189432383
0.006495808716863394
0.006170826964080334
0.006298442836850882
39.504493713378906
112.2257308959961
124.20906829833984
70.24794006347656
42.1395263671875
24.344322204589844
21.6795597076416
10.004671096801758
8.734038352966309
7.104337215423584
2.700402021408081
1.918967604637146
0.2809225618839264
-1.7597768306732178
-2.0235159397125244
-3.088982105255127
-3.585881471633911
-3.152710437774658
-3.552732467651367
-3.879169464111328
-4.04509973526001
-4.121678829193115
-3.8293182849884033
-4.323014259338379
-3.5805835723876953
-3.9618477821350098
-3.336540699005127
-3.7003421783447266
-3.67878794670105
-3.2779884338378906
-2.4256558418273926
-2.7543044090270996
-2.0530200004577637
-2.405369997024536
-1.8515945672988892
-1.2592254877090454
-1.8757925033569336
-0.3910030722618103
-0.8701859712600708
-0.6865113377571106
-0.024837130680680275
-0.05155092477798462
0.2669000029563904
1.485917091369629
2.2713561058044434
2.2266907691955566
2.335862636566162
2.615903854370117
2.2841439247131348
3.164228677749634
4.64117431640625
4.719060897827148
3.5599963665008545
5.870400428771973
5.651013374328613
5.877440452575684
6.03817081451416
4.8785400390625
6.080594539642334
7.141287326812744
7.072628974914551
8.293607711791992
8.313486099243164
8.674848556518555
8.853616714477539
8.98993968963623
9.565472602844238
10.272912979125977
10.837104797363281
10.611449241638184
11.308384895324707
12.414144515991211
11.619134902954102
11.506059646606445
12.229470252990723
13.149215698242188
14.194803237915039
15.188896179199219
14.999481201171875
14.962651252746582
14.92749309539795
15.601534843444824
16.518890380859375
17.24515151977539
17.347007751464844
17.885936737060547
18.008258819580078
19.554317474365234
20.075241088867188
20.007246017456055
20.516359329223633
20.662399291992188
20.060522079467773
20.803007125854492
20.974740982055664
21.137584686279297
22.183748245239258
23.300464630126953
23.168235778808594
23.747697830200195
22.63038444519043
15.515371322631836
-32.75299835205078
-27.97798728942871
-0.006797099020332098
-0.009498080238699913
-0.007930112071335316
-0.011182500049471855
-0.009524999186396599
-0.008230945095419884
-0.009279539808630943
-0.008379511535167694
-0.0076509034261107445
-0.00827977154403925
-0.007271799258887768
-0.006796018686145544
-0.007252575363963842
-0.006178908981382847
-0.006193501874804497
-0.005547535605728626
-0.005476915277540684
-0.004966315347701311
-0.004605524241924286
-0.004209019709378481
-0.00355132226832211
-0.003543377388268709
-0.0028128791600465775
-0.0027360839303582907
-0.0025292099453508854
-0.0017892703181132674
-0.0013308129273355007
-0.0011688737431541085
-0.0006825979216955602
-0.00012017926201224327
0.00042079592822119594
0.0003472713869996369
0.0007356898859143257
0.0015082895988598466
0.0018562932964414358
0.0023260191082954407
0.0022290050983428955
0.0029076463542878628
0.002881099237129092
0.0037323073484003544
0.003829418448731303
0.004162890370935202
0.004354697652161121
0.004740272648632526
0.00538201117888093
0.0052369218319654465
0.005827116779983044
0.005858155898749828
0.006300450302660465
0.006571262143552303
0.006579353008419275
0.007367894984781742
0.007054266985505819
0.007472698576748371
0.00780120026320219
0.007595364935696125
0.00824379175901413
0.0080662677064538
0.008508840575814247
0.00835973210632801
0.00885879434645176
0.00890189129859209
0.008644635789096355
0.008913961239159107
0.009211034514009953
0.009014773182570934
0.009442736394703388
0.008996434509754181
0.009475345723330975
0.009014677256345749
0.009611368179321289
0.009192566387355328
0.00909330416470766
0.009038683958351612
0.009387461468577385
0.00909198634326458
0.009467880241572857
0.00909002497792244
0.008985774591565132
0.008900046348571777
0.00923618208616972
0.008073498494923115
0.008609059266746044
0.00830040406435728
0.008845238015055656
0.007953067310154438
0.007909847423434258
0.007948122918605804
0.007338234223425388
0.007501000072807074
0.00744054839015007
0.007335796020925045
0.006948859430849552
0.00661458820104599
0.00644295196980238
0.006263428833335638
12.855669975280762
82.95345306396484
103.0033950805664
55.08594512939453
29.588891983032227
20.992830276489258
18.331663131713867
5.811771869659424
4.760161876678467
4.031439781188965
-0.012912103906273842
0.06140025705099106
-1.3675622940063477
-2.9308888912200928
-2.5079569816589355
-3.5114097595214844
-3.8561816215515137
-3.5304672718048096
-4.088947772979736
-4.472408771514893
-4.18492317199707
-4.2337493896484375
-4.268264293670654
-4.116814613342285
-3.5630581378936768
-3.9522151947021484
-3.454871654510498
-3.652684450149536
-3.2672924995422363
-3.2165634632110596
-3.2759041786193848
-2.9515318870544434
-2.630225658416748
-2.3256382942199707
-2.2456865310668945
-1.3805426359176636
-1.4978859424591064
-0.19172140955924988
-0.5072469711303711
-0.3234248757362366
0.20754960179328918
0.3230481743812561
0.810670018196106
0.2856370508670807
2.079857349395752
2.068840503692627
1.6521046161651611
2.053302764892578
2.370753765106201
2.497610092163086
3.972555637359619
4.5278825759887695
3.964423418045044
5.326406955718994
5.678053855895996
5.194778919219971
5.546597480773926
6.133233547210693
6.249887466430664
6.556918144226074
7.468836784362793
7.3845696449279785
7.686226844787598
8.101847648620605
8.764251708984375
9.466745376586914
9.14360237121582
10.350770950317383
10.58503246307373
10.529745101928711
11.143182754516602
11.453474044799805
11.685534477233887
12.193098068237305
12.280153274536133
13.641940116882324
13.744058609008789
14.082432746887207
14.167279243469238
14.843347549438477
15.955609321594238
15.937522888183594
16.426570892333984
16.362957000732422
16.978595733642578
16.657590866088867
16.973838806152344
17.436338424682617
18.323833465576172
18.0109920501709
18.333044052124023
19.221464157104492
19.865642547607422
20.4970703125
21.130735397338867
22.203580856323242
21.243549346923828
21.307048797607422
21.276668548583984
21.9180850982666
21.52168846130371
15.450469970703125
-32.51762008666992
-29.158498764038086
-0.006964812520891428
-0.00914386473596096
-0.008491817861795425
-0.010436627082526684
-0.009601300582289696
-0.008194622583687305
-0.00885043665766716
-0.008381171151995659
-0.007737032137811184
-0.008167424239218235
-0.007378506474196911
-0.006790117360651493
-0.006791277322918177
-0.00646040728315711
-0.005914605688303709
-0.005793221760541201
-0.005268323700875044
-0.004888762719929218
-0.004383494611829519
-0.0040364498272538185
-0.0040238178335130215
-0.0032472610473632812
-0.003127212170511484
-0.002655172720551491
-0.0023835226893424988
-0.0017830267315730453
-0.0013333635870367289
-0.0012845093151554465
-0.0008043922716751695
-0.00019098941993433982
0.0001264495513169095
0.0006059345323592424
0.001122406218200922
0.00109377084299922
0.001664034673012793
0.0019233098719269037
0.0023474502377212048
0.0025976127944886684
0.0032470612786710262
0.003205660032108426
0.0038899481296539307
0.004383023828268051
0.004455446265637875
0.005411486141383648
0.004826657939702272
0.005878404714167118
0.005760068539530039
0.00555430119857192
0.006678997538983822
0.0062659988179802895
0.00647223275154829
0.007483100052922964
0.007268345449119806
0.0075920624658465385
0.0074768951162695885
0.007618295960128307
0.008268946781754494
0.008152792230248451
0.008248593658208847
0.008481031283736229
0.00824728049337864
0.009145565330982208
0.008198064751923084
0.009106183424592018
0.009083520621061325
0.008907457813620567
0.009039991535246372
0.00943368673324585
0.009157347492873669
0.00913170911371708
0.009213000535964966
0.009107900783419609
0.0093076778575778
0.009342443197965622
0.009757631458342075
0.008999679237604141
0.008876947686076164
0.009276374243199825
0.009087497368454933
0.008890789933502674
0.009079745970666409
0.008558307774364948
0.008050144650042057
0.008630948141217232
0.008154688403010368
0.007995319552719593
0.00821632705628872
0.007576554082334042
0.007467764429748058
0.007622762117534876
0.0074953315779566765
0.007287928368896246
0.0066629936918616295
0.006935148499906063
0.006185899488627911
0.006090853828936815
20.98042869567871
93.7431869506836
111.0154800415039
61.62959671020508
37.09606170654297
26.208694458007812
20.704639434814453
7.432374477386475
6.548842430114746
3.8873839378356934
0.241545170545578
-0.04660918191075325
-0.9329861402511597
-2.8599777221679688
-1.7598146200180054
-3.2048022747039795
-3.631603956222534
-2.9524919986724854
-3.6090290546417236
-3.834473133087158
-4.003631114959717
-4.304147243499756
-4.644144058227539
-3.840069532394409
-3.794384002685547
-4.0522236824035645
-3.4985129833221436
-3.9947261810302734
-3.1879279613494873
-3.1658127307891846
-2.8526840209960938
-2.2624547481536865
-1.8680766820907593
-2.1926612854003906
-2.0461504459381104
-1.8362001180648804
-0.8893141746520996
-0.7404467463493347
-1.1350516080856323
-0.3600534200668335
0.6577069759368896
0.0605861134827137
0.32281023263931274
1.8583557605743408
1.0427340269088745
1.372976541519165
2.640476703643799
2.153571605682373
2.4436166286468506
2.9384639263153076
3.729113817214966
3.847151279449463
4.75626277923584
4.8584136962890625
4.423342704772949
6.069430351257324
6.228117942810059
5.7493133544921875
6.682191371917725
7.069033145904541
7.371642112731934
7.950779914855957
7.641007900238037
7.996755123138428
8.918756484985352
9.433934211730957
10.404769897460938
10.122140884399414
10.305501937866211
11.60832405090332
11.198212623596191
11.172971725463867
11.689149856567383
13.247102737426758
12.754769325256348
13.200563430786133
13.127766609191895
13.662317276000977
14.064298629760742
14.201151847839355
15.7161865234375
14.543485641479492
16.322601318359375
16.77766990661621
17.057422637939453
17.291706085205078
18.69888687133789
18.3709659576416
18.921810150146484
19.610641479492188
19.465656280517578
20.773611068725586
21.353418350219727
20.88320541381836
21.052005767822266
21.719924926757812
22.215974807739258
22.548009872436523
22.480154037475586
22.68862533569336
22.24281883239746
16.871437072753906
-32.088050842285156
-30.098215103149414
-0.007110584527254105
-0.009594297036528587
-0.008155674673616886
-0.010363356210291386
-0.009967225603759289
-0.007763523608446121
-0.009044153615832329
-0.008587142452597618
-0.007433544844388962
-0.007922225631773472
-0.007430406752973795
-0.006628305651247501
-0.007093689404428005
-0.00652282452210784
-0.005930555053055286
-0.00583905354142189
-0.005306193605065346
-0.004898248240351677
-0.0045362599194049835
-0.0043065352365374565
-0.004015634767711163
-0.0030865336302667856
-0.003286785911768675
-0.0027108523063361645
-0.0022986058611422777
-0.0014626338379457593
-0.001462905085645616
-0.000961041369009763
-0.0009621192584745586
-0.0002317400649189949
0.00032226700568571687
0.0010456042364239693
0.000982276862487197
0.0008729296969249845
0.0018890012288466096
0.0016894858563318849
0.0024762325920164585
0.002729835920035839
0.0035657454282045364
0.0031062995549291372
0.004104544874280691
0.004175526089966297
0.004797398578375578
0.005011690314859152
0.005203424021601677
0.0056059351190924644
0.005481968633830547
0.005887550767511129
0.006151276174932718
0.0067600468173623085
0.007045325823128223
0.006995120085775852
0.006909762509167194
0.007860558107495308
0.007612509187310934
0.008122235536575317
0.008473305031657219
0.0080209169536829
0.008329961448907852
0.009032346308231354
0.008561608381569386
0.008563188835978508
0.008587303571403027
0.009292209520936012
0.009141296148300171
0.009377310052514076
0.00915262009948492
0.009009568952023983
0.009402240626513958
0.009407930076122284
0.009449475444853306
0.00943766813725233
0.008702104911208153
0.009259188547730446
0.00938141904771328
0.008900957182049751
0.009535195305943489
0.00895642302930355
0.008815180510282516
0.008865239098668098
0.00886487402021885
0.008417436853051186
0.008930939249694347
0.008299825713038445
0.008462762460112572
0.008378995582461357
0.00776222487911582
0.007562760263681412
0.007567740045487881
0.007874551229178905
0.00704420218244195
0.007281431462615728
0.00701646413654089
0.006501532159745693
0.006583852227777243
0.006239696405827999
13.14630126953125
83.82203674316406
103.64898681640625
55.53583908081055
31.248336791992188
17.772502899169922
16.38650894165039
4.933611869812012
4.978395938873291
4.954736232757568
0.6736612319946289
1.25442373752594
0.02971544861793518
-2.1129181385040283
-1.9098913669586182
-3.5474231243133545
-3.467731475830078
-3.4453608989715576
-4.256552696228027
-4.127104759216309
-4.1376800537109375
-4.538651466369629
-4.325921058654785
-3.9250857830047607
-3.609126329421997
-4.020509719848633
-3.5888965129852295
-3.401622772216797
-3.08111310005188
-3.264726161956787
-3.230504274368286
-2.6448893547058105
-2.7578117847442627
-2.871030330657959
-2.2261271476745605
-0.7940551042556763
-1.582487940788269
-1.0479556322097778
-1.4331457614898682
-1.049930453300476
0.2201748788356781
1.212417483329773
1.5856903791427612
1.2878092527389526
2.0299205780029297
2.3275394439697266
1.8758690357208252
2.52546763420105
3.180955648422241
2.778062582015991
4.254626274108887
4.557574272155762
4.263211727142334
5.156769752502441
4.136415004730225
5.32546329498291
6.196299076080322
6.860599517822266
7.202388763427734
6.176091194152832
7.804917335510254
8.247157096862793
8.787210464477539
8.595415115356445
8.271272659301758
9.144314765930176
9.480161666870117
9.632521629333496
11.305606842041016
10.267545700073242
11.11176872253418
11.1464204788208
11.53080940246582
12.506210327148438
12.997576713562012
12.795561790466309
13.65684700012207
14.420066833496094
14.609375
15.047159194946289
14.684471130371094
15.5194730758667
16.128171920776367
17.240779876708984
16.49614906311035
17.005624771118164
17.291017532348633
18.316980361938477
18.21712303161621
18.541860580444336
19.25595474243164
19.016923904418945
20.38912582397461
20.1737117767334
21.367313385009766
21.579437255859375
21.909210205078125
22.189861297607422
22.792911529541016
22.79178237915039
22.636783599853516
16.73282241821289
-31.77309799194336
-29.674108505249023
-0.007004067301750183
-0.009464497677981853
-0.008404841646552086
-0.0107353450730443
-0.009175250306725502
-0.008506683632731438
-0.00884728692471981
-0.008566412143409252
-0.007499533239752054
-0.00797299761325121
-0.00735853984951973
-0.006905644200742245
-0.007145450916141272
-0.006469197571277618
-0.005815013311803341
-0.005451726261526346
-0.005772174336016178
-0.004778673406690359
-0.00458590779453516
-0.0041788360103964806
-0.0038151652552187443
-0.0032842818181961775
-0.002957776887342334
-0.0028783909510821104
-0.001850788132287562
-0.0019860300235450268
-0.0015539259184151888
-0.0011201860615983605
-0.0004525562690105289
-0.0002502483257558197
0.00021485646720975637
0.0006452155066654086
0.0011382376542314887
0.0010263386648148298
0.001980448607355356
0.0017792688449844718
0.0024222941137850285
0.0027311446610838175
0.0033144764602184296
0.003213338553905487
0.004085021559149027
0.00401648972183466
0.0046990495175123215
0.0047558811493217945
0.005197138991206884
0.00554278027266264
0.0057992516085505486
0.0057676746509969234
0.006414290517568588
0.006549641489982605
0.0065660313703119755
0.007444205228239298
0.0073945848271250725
0.007207083515822887
0.008031896315515041
0.0073281871154904366
0.008566427044570446
0.007813524454832077
0.008280803449451923
0.009114967659115791
0.008476689457893372
0.008897991850972176
0.008383272215723991
0.009220045059919357
0.008568684570491314
0.00937014352530241
0.009355641901493073
0.00935309287160635
0.009225758723914623
0.009056538343429565
0.009554816409945488
0.009520208463072777
0.008920446038246155
0.009176449850201607
0.009514359757304192
0.009054837748408318
0.009320241399109364
0.008793092332780361
0.009189401753246784
0.008928956463932991
0.008571406826376915
0.008979294449090958
0.008077858947217464
0.00878934282809496
0.008422973565757275
0.008538566529750824
0.008042636327445507
0.007749189622700214
0.007478275801986456
0.007463523652404547
0.007454606704413891
0.007076260633766651
0.006826336495578289
0.006621261592954397
0.006462035235017538
0.006184159778058529
29.772119522094727
103.0790786743164
117.59903717041016
65.51988983154297
38.83997344970703
25.974712371826172
21.74860382080078
7.847289085388184
5.81442928314209
4.783187389373779
0.2990448772907257
0.21086569130420685
-0.7753424644470215
-2.9586756229400635
-2.5186779499053955
-3.0617427825927734
-3.7356598377227783
-3.384827136993408
-3.798628330230713
-4.326468467712402
-4.0246171951293945
-4.156432151794434
-3.9764175415039062
-4.3302106857299805
-3.796381711959839
-3.6684882640838623
-3.538179397583008
-3.478422164916992
-3.462050199508667
-2.9360640048980713
-3.592405319213867
-2.7888736724853516
-1.7759044170379639
-2.4924535751342773
-1.7749760150909424
-1.447993278503418
-1.057466745376587
-0.7351877689361572
-0.9925811886787415
0.11298346519470215
0.24010784924030304
0.4033964276313782
-0.5058030486106873
0.7701851725578308
1.5934336185455322
1.6797096729278564
2.2957327365875244
2.8447601795196533
2.5080134868621826
3.070502519607544
4.251697540283203
4.155882358551025
4.480055809020996
5.029667854309082
5.0394463539123535
5.240962505340576
5.930817604064941
5.115233421325684
6.63723087310791
6.4507293701171875
7.416280269622803
7.975013732910156
7.804360866546631
8.340127944946289
8.318656921386719
8.194125175476074
9.359702110290527
9.820703506469727
10.275228500366211
10.253164291381836
10.928153038024902
10.86706829071045
12.330583572387695
12.723150253295898
12.758727073669434
13.330129623413086
14.203346252441406
13.929128646850586
14.963075637817383
14.966764450073242
14.881597518920898
15.546521186828613
15.655110359191895
15.847112655639648
16.270130157470703
17.036224365234375
16.989124298095703
17.604148864746094
18.593276977539062
19.76681137084961
19.716472625732422
19.2777156829834
19.85943603515625
21.14474105834961
21.229393005371094
21.174943923950195
21.677934646606445
22.639694213867188
23.36762237548828
23.442337036132812
22.185932159423828
15.740928649902344
-28.14762306213379
-38.07016372680664
-0.007252685725688934
-0.009189577773213387
-0.00882906373590231
-0.010416099801659584
-0.009551560506224632
-0.008510196581482887
-0.008549791760742664
-0.008730788715183735
-0.007775584701448679
-0.008108207024633884
-0.007302171550691128
-0.007009694818407297
-0.006914806552231312
-0.0066389827989041805
-0.005813079420477152
-0.0059161679819226265
-0.005184912588447332
-0.004893718287348747
-0.004674619995057583
-0.004076006356626749
-0.004038029816001654
-0.00353437103331089
-0.0030727668199688196
-0.0024186132941395044
-0.0026200234424322844
-0.0018113799160346389
-0.0012294307816773653
-0.001233723945915699
-0.0010397982550784945
-0.00010679555271053687
0.0001308656792389229
0.0006602549692615867
0.0008093243231996894
0.0012459976132959127
0.002132928464561701
0.0016679443651810288
0.00246752193197608
0.0028077433817088604
0.0032761048059910536
0.0035293251276016235
0.003711053403094411
0.004046133253723383
0.0045617567375302315
0.004524766467511654
0.005430673249065876
0.005562589503824711
0.005603182595223188
0.005672766827046871
0.006428859196603298
0.006577698048204184
0.007024052087217569
0.007310149725526571
0.007043906487524509
0.007413013372570276
0.0077469199895858765
0.007868132553994656
0.00828287098556757
0.008213945664465427
0.008092758245766163
0.008827390149235725
0.00850858073681593
0.008860060945153236
0.008491531945765018
0.009267939254641533
0.008689751848578453
0.009052022360265255
0.009147578850388527
0.009184087626636028
0.009157819673418999
0.009538378566503525
0.009310374036431313
0.008993826806545258
0.009618213400244713
0.009281666949391365
0.009217632003128529
0.009119933471083641
0.008997367694973946
0.00924101285636425
0.009395747445523739
0.00816729199141264
0.008763741701841354
0.009063860401511192
0.00855776946991682
0.00840656366199255
0.008448895998299122
0.0077087790705263615
0.008381114341318607
0.007874025031924248
0.007638013456016779
0.007151092402637005
0.0073495889082551
0.007324064616113901
0.0065996283665299416
0.006641838699579239
0.006550022400915623
0.0060301003977656364
39.354591369628906
112.64860534667969
127.75399017333984
78.51263427734375
37.942176818847656
30.34352684020996
23.519062042236328
15.98222541809082
11.247095108032227
6.987223148345947
3.557360887527466
1.84371018409729
0.31400826573371887
-1.5154993534088135
-1.7408018112182617
-3.1195380687713623
-3.545454502105713
-3.4319539070129395
-3.7249393463134766
-3.8661742210388184
-3.980736494064331
-4.30279541015625
-4.491217613220215
-3.750577449798584
-4.131146430969238
-3.4811668395996094
-3.656672954559326
-3.3809993267059326
-3.396939516067505
-3.3337559700012207
-3.410205364227295
-3.00994873046875
-2.052685260772705
-2.236983060836792
-1.52842116355896
-1.5511367321014404
-1.5182573795318604
-0.9280800819396973
-0.08965035527944565
0.4628719687461853
-0.3817071318626404
0.2126898318529129
1.1414703130722046
0.47105780243873596
1.2820217609405518
2.7489094734191895
3.0499870777130127
2.0613505840301514
2.9498984813690186
3.2148845195770264
3.5220344066619873
3.2014846801757812
3.409334897994995
3.8146889209747314
5.3569841384887695
5.695630073547363
4.818945407867432
6.112631320953369
6.159523010253906
5.699521064758301
7.7510271072387695
7.381198883056641
6.971421241760254
8.533050537109375
8.1022367477417
8.937789916992188
9.910757064819336
9.032304763793945
9.863104820251465
10.305696487426758
11.125326156616211
10.383708953857422
11.44193172454834
11.940378189086914
11.529972076416016
12.008050918579102
13.012483596801758
13.680305480957031
13.679376602172852
14.276861190795898
14.374601364135742
15.134445190429688
15.850115776062012
15.837023735046387
16.995433807373047
17.39217185974121
16.930471420288086
18.022258758544922
18.69176483154297
17.565715789794922
18.603073120117188
19.109203338623047
19.302133560180664
20.00750732421875
20.119571685791016
20.41869354248047
21.307048797607422
21.528518676757812
22.197914123535156
23.715795516967773
22.870418548583984
15.951288223266602
-32.326698303222656
-30.120248794555664
-0.007196524646133184
-0.009387964382767677
-0.008138580247759819
-0.010476409457623959
-0.009461228735744953
-0.008314276114106178
-0.008810034953057766
-0.008137568831443787
-0.007817421108484268
-0.007828505709767342
-0.007284272462129593
-0.007053223438560963
-0.006936070509254932
-0.00623954925686121
-0.00565554341301322
-0.005701194517314434
-0.004832517821341753
-0.005128330551087856
-0.0047651962377130985
-0.0038604862056672573
-0.0037752266507595778
-0.003363149706274271
-0.0032258774153888226
-0.0026236772537231445
-0.0019693998619914055
-0.0019744797609746456
-0.0015278899809345603
-0.0008636897546239197
-0.00040207337588071823
-0.0002427223662380129
0.00017929270688910037
0.0007596269133500755
0.0005693548591807485
0.0012853031512349844
0.001559619209729135
0.0023935982026159763
0.0022244867868721485
0.00289527396671474
0.0033803123515099287
0.0033508683554828167
0.003707409370690584
0.004296072758734226
0.004411417059600353
0.005035841837525368
0.00498170917853713
0.005645459052175283
0.005501421634107828
0.006127136293798685
0.006187246646732092
0.006759735755622387
0.006968955509364605
0.006986414082348347
0.006817021407186985
0.008121591061353683
0.0075037055648863316
0.007861015386879444
0.008006986230611801
0.008046275936067104
0.008498769253492355
0.008334977552294731
0.008634526282548904
0.008895867504179478
0.008690839633345604
0.0093500055372715
0.00893483404070139
0.008870300836861134
0.009427433833479881
0.00909178052097559
0.0094135832041502
0.009051363915205002
0.009406441822648048
0.009408065117895603
0.009417583234608173
0.009071732871234417
0.0092385308817029
0.009225408546626568
0.008961556479334831
0.008842913433909416
0.009139844216406345
0.008277134969830513
0.008890937082469463
0.0091093135997653
0.008474046364426613
0.00854760967195034
0.008519880473613739
0.007845766842365265
0.008314517326653004
0.007231325842440128
0.008116615004837513
0.007146981544792652
0.0071948557160794735
0.0070062680169939995
0.0072403340600430965
0.006407813169062138
0.006539135240018368
0.006534612271934748
12.904207229614258
83.176025390625
103.16194915771484
55.941551208496094
30.996912002563477
20.380146026611328
17.9737606048584
6.602684020996094
6.829901218414307
4.972727298736572
1.297426462173462
0.8625890612602234
-0.7023283243179321
-2.5609164237976074
-2.214238405227661
-3.0126829147338867
-3.280287981033325
-3.71308970451355
-3.7810661792755127
-4.575113296508789
-4.252909183502197
-4.153073310852051
-3.844336986541748
-3.9371323585510254
-3.8702011108398438
-3.622861385345459
-3.944350004196167
-4.2937822341918945
-3.4858603477478027
-3.3823134899139404
-2.655289888381958
-2.6596970558166504
-2.753347873687744
-2.099118947982788
-1.8011935949325562
-1.4631402492523193
-1.212476372718811
-1.0948362350463867
-0.6625362038612366
0.5839775800704956
-0.27266842126846313
1.0332319736480713
1.3591439723968506
0.9612357020378113
1.0401934385299683
2.0324783325195312
2.848975658416748
1.2749892473220825
2.57761812210083
3.38586688041687
3.1981616020202637
3.1195731163024902
5.279343605041504
4.529318332672119
5.088273048400879
6.259988784790039
5.633241653442383
5.915329933166504
6.9817914962768555
6.265206813812256
6.463216304779053
6.964001655578613
7.495153903961182
8.840872764587402
9.264239311218262
8.898794174194336
9.766105651855469
9.533979415893555
10.049047470092773
11.649848937988281
10.85583209991455
11.029324531555176
11.095913887023926
12.134446144104004
12.721013069152832
12.955265998840332
13.400227546691895
13.542770385742188
14.186450004577637
14.4109468460083
14.29912281036377
15.179583549499512
15.753105163574219
16.40079689025879
16.16261100769043
17.175914764404297
17.327564239501953
18.380573272705078
19.20127296447754
19.542173385620117
20.18935775756836
20.384063720703125
20.117000579833984
20.645397186279297
21.377445220947266
21.552480697631836
21.943946838378906
22.091567993164062
23.1265926361084
23.22346305847168
21.522932052612305
14.945404052734375
-33.169273376464844
-28.134613037109375
-0.007159232161939144
-0.009104187600314617
-0.008307898417115211
-0.010554465465247631
-0.009573354385793209
-0.008316511288285255
-0.00850589107722044
-0.008468829095363617
-0.007748184259980917
-0.007664211094379425
-0.007506939582526684
-0.006984269712120295
-0.0065629007294774055
-0.0062356265261769295
-0.006145847495645285
-0.0056893667206168175
-0.00525519996881485
-0.005013144109398127
-0.00447083730250597
-0.0041193715296685696
-0.0036731164436787367
-0.0033460415434092283
-0.003011226188391447
-0.0023593048099428415
-0.0025164582766592503
-0.0018528036307543516
-0.0011740770423784852
-0.00138188642449677
-0.0010085739195346832
0.00026174113736487925
-7.168327283579856e-05
0.0006015090621076524
0.0010241467971354723
0.001136292819865048
0.0018620208138599992
0.0017635764088481665
0.002528203884139657
0.00271202577278018
0.003077191999182105
0.003650890663266182
0.0039580632001161575
0.004100111313164234
0.004798785783350468
0.004763623233884573
0.004687005188316107
0.0057984646409749985
0.005790323950350285
0.005913314409554005
0.006333799101412296
0.006227555684745312
0.00711433682590723
0.007019251585006714
0.00716443732380867
0.007424044422805309
0.007817248813807964
0.007687505334615707
0.008381098508834839
0.008249926380813122
0.008280977606773376
0.00854638684540987
0.008586361072957516
0.009194249287247658
0.008449715562164783
0.008893439546227455
0.009342427365481853
0.008707309141755104
0.00965158175677061
0.008766481652855873
0.009558074176311493
0.009045246988534927
0.009581373073160648
0.008957996964454651
0.0094307791441679
0.009549998678267002
0.009168391115963459
0.009039759635925293
0.009360436350107193
0.00909070298075676
0.009040022268891335
0.008388198912143707
0.00875657144933939
0.008697998709976673
0.008902757428586483
0.008345304988324642
0.008411824703216553
0.008051766082644463
0.00802159495651722
0.007317180745303631
0.007980954833328724
0.007183391600847244
0.0072288671508431435
0.0072614168748259544
0.006884714122861624
0.006889914162456989
0.006662141531705856
0.005940368864685297
39.31048583984375
111.93536376953125
124.04293060302734
69.99602508544922
41.19636917114258
21.0208797454834
20.419620513916016
8.752030372619629
7.266762733459473
7.78009033203125
3.3758537769317627
1.9753437042236328
1.5855680704116821
-1.234446406364441
-1.393204927444458
-2.3416905403137207
-2.8884787559509277
-3.120424747467041
-4.023770332336426
-4.376720905303955
-4.0354533195495605
-3.733224391937256
-4.147381782531738
-4.586313724517822
-3.9605259895324707
-3.825040817260742
-4.37445592880249
-3.8477814197540283
-3.53663969039917
-3.396247148513794
-2.5561375617980957
-2.7761731147766113
-2.0801188945770264
-2.1562905311584473
-2.3217649459838867
-1.5217218399047852
-1.3115297555923462
-0.26195406913757324
-0.10271339118480682
-0.25965118408203125
-0.09417817741632462
0.015125622972846031
0.9880653619766235
1.0610803365707397
1.7488887310028076
1.8675047159194946
1.977538824081421
2.7473552227020264
3.141343832015991
2.881497859954834
4.72804069519043
4.620223045349121
3.95246958732605
5.087396144866943
4.860116481781006
5.797922611236572
5.4941487312316895
6.415189266204834
6.933887481689453
6.969921112060547
7.5867919921875
7.017025947570801
8.01662540435791
8.613855361938477
8.26467514038086
9.057515144348145
9.841920852661133
10.013097763061523
10.275213241577148
10.475754737854004
11.47703742980957
12.043550491333008
11.485050201416016
12.024548530578613
12.135313034057617
12.702442169189453
12.911409378051758
14.586503982543945
14.970878601074219
14.704495429992676
15.20477294921875
14.762918472290039
16.027973175048828
17.598915100097656
17.062992095947266
17.21459197998047
17.782129287719727
17.254642486572266
17.4256649017334
18.662214279174805
19.177255630493164
19.952709197998047
20.572750091552734
20.8189640045166
20.93035316467285
20.944583892822266
22.048847198486328
22.173419952392578
22.619604110717773
22.867979049682617
22.3099308013916
16.259037017822266
-32.331642150878906
-30.613880157470703
-0.0071715665981173515
-0.009433021768927574
-0.008352993056178093
-0.010368632152676582
-0.009404992684721947
-0.008372687734663486
-0.008778335526585579
-0.008486591279506683
-0.007559802383184433
-0.008097496815025806
-0.007295521907508373
-0.006827951408922672
-0.006800025701522827
-0.006143948994576931
-0.005988667719066143
-0.005668763071298599
-0.0052622114308178425
-0.004932086914777756
-0.0043603843078017235
-0.004459168296307325
-0.0036194398999214172
-0.0034799850545823574
-0.0030574530828744173
-0.002530100056901574
-0.002121268305927515
-0.0018944430630654097
-0.001312482520006597
-0.0011449120938777924
-0.0005802520900033414
-0.0001905016542878002
0.0002454715722706169
0.0005096856621094048
0.0008236648282036185
0.0009845022577792406
0.0019725325983017683
0.0018122257897630334
0.00268021528609097
0.002824304858222604
0.0029923166148364544
0.0037513356655836105
0.0035461510997265577
0.004503491800278425
0.004695960320532322
0.004777138587087393
0.004946401808410883
0.005238736514002085
0.005694353487342596
0.00621780613437295
0.0062247514724731445
0.0065268417820334435
0.007045515812933445
0.0067568933591246605
0.00742697948589921
0.00734488433226943
0.007693732623010874
0.008191860280930996
0.008021673187613487
0.007840092293918133
0.008486419916152954
0.007823169231414795
0.009173674508929253
0.008937661536037922
0.008617183193564415
0.008908825926482677
0.009120000526309013
0.009334690868854523
0.008600719273090363
0.009049949236214161
0.00916428305208683
0.009151841513812542
0.009206222370266914
0.009342586621642113
0.009091788902878761
0.009369448758661747
0.009571140632033348
0.00884818471968174
0.008931275457143784
0.008789527229964733
0.009128039702773094
0.008520340546965599
0.009216958656907082
0.008971546776592731
0.00827758014202118
0.008528357371687889
0.008152196183800697
0.008336322382092476
0.00786447525024414
0.007734482642263174
0.007935239002108574
0.007144752889871597
0.007495191879570484
0.007208982948213816
0.006912450306117535
0.006525454577058554
0.006552898790687323
0.006250527687370777
39.22444152832031
111.5604019165039
125.6222915649414
73.50423431396484
40.517784118652344
32.06791305541992
24.044403076171875
16.648273468017578
11.73873519897461
7.67160701751709
4.428389549255371
2.3184216022491455
-0.007499103434383869
-0.8368757963180542
-1.5091450214385986
-1.7863657474517822
-2.4097800254821777
-2.4382729530334473
-2.948941707611084
-3.513545513153076
-3.035147190093994
-3.386019468307495
-3.6724472045898438
-3.484503984451294
-3.413952589035034
-3.0156807899475098
-2.77740478515625
-2.903528928756714
-3.201508045196533
-2.5421841144561768
-2.4820313453674316
-2.6750190258026123
-2.510647773742676
-1.9805949926376343
-1.482463002204895
-1.6096172332763672
-0.8881940841674805
-1.2628653049468994
-0.37215444445610046
-0.29357680678367615
-0.3301085829734802
0.3736741542816162
0.9388616681098938
0.6001330614089966
1.5135204792022705
1.1853922605514526
1.643389105796814
2.746242046356201
2.2463419437408447
3.2745113372802734
4.402171611785889
4.158287525177002
5.032036781311035
4.73898983001709
4.774415493011475
5.443174362182617
6.189713954925537
5.344951152801514
6.394697189331055
7.107787132263184
7.515841484069824
8.588202476501465
7.760404109954834
7.6705002784729
8.036495208740234
8.425816535949707
9.632421493530273
10.417627334594727
9.719200134277344
10.253063201904297
10.72642707824707
11.225912094116211
12.248747825622559
11.93210506439209
12.441332817077637
12.869424819946289
13.16649341583252
13.388476371765137
14.166783332824707
14.492067337036133
14.596600532531738
15.681607246398926
16.29521369934082
16.48358726501465
16.097515106201172
17.012428283691406
17.674365997314453
18.66001319885254
19.135417938232422
19.03622817993164
19.655780792236328
20.38400650024414
20.783748626708984
20.14089012145996
21.158851623535156
20.561731338500977
21.42483901977539
22.439510345458984
22.156457901000977
23.718965530395508
22.644062042236328
16.032899856567383
-32.904808044433594
-28.974868774414062
-0.00732556264847517
-0.009269357658922672
-0.007990303449332714
-0.010845746845006943
-0.009629317559301853
-0.008279222995042801
-0.009056853130459785
-0.00858248583972454
-0.0076273903250694275
-0.007931318134069443
-0.007235766388475895
-0.00714113051071763
-0.006754758767783642
-0.006583422422409058
-0.006067461799830198
-0.0058600883930921555
-0.005291323643177748
-0.005233555566519499
-0.004438560921698809
-0.004192914813756943
-0.003536645323038101
-0.0034650855232030153
-0.003062234492972493
-0.002955550793558359
-0.0021312141325324774
-0.0015711173182353377
-0.0014078343519940972
-0.0010579933878034353
-0.0006758648087270558
-0.0002476315130479634
6.517679139506072e-05
0.0004403817583806813
0.0012204328086227179
0.0010165603598579764
0.0020281472243368626
0.0019114594906568527
0.002098917029798031
0.003136248793452978
0.0030628510285168886
0.0038028911221772432
0.0038030631840229034
0.004260421730577946
0.00430474616587162
0.005168489180505276
0.005300931166857481
0.005161375738680363
0.005744251422584057
0.005997905507683754
0.006294925697147846
0.00640246132388711
0.006965751759707928
0.006822667084634304
0.006982509046792984
0.007573944982141256
0.007878548465669155
0.007715496234595776
0.008292259648442268
0.007889972068369389
0.008350398391485214
0.008630221709609032
0.008422648534178734
0.00892864353954792
0.008754236623644829
0.008976928889751434
0.008993896655738354
0.008808941580355167
0.009432991966605186
0.009404841810464859
0.009326822124421597
0.009264816530048847
0.009513354860246181
0.009263133630156517
0.00930699147284031
0.009560074657201767
0.009218654595315456
0.008949307724833488
0.00914975255727768
0.009237289428710938
0.009102846495807171
0.008514003828167915
0.009277713485062122
0.008644758723676205
0.008551331236958504
0.008370539173483849
0.007992631755769253
0.008374342694878578
0.007974283769726753
0.007802789565175772
0.007525506429374218
0.007492587901651859
0.007296980824321508
0.006428203079849482
0.007551941089332104
0.006557870656251907
0.006327921990305185
0.006004996597766876
38.99702835083008
111.48822021484375
123.64372253417969
69.60993957519531
41.28559112548828
21.5781192779541
20.036479949951172
8.7964506149292
7.3301568031311035
7.293951511383057
3.016305446624756
1.495581865310669
0.8602758646011353
-1.6328763961791992
-1.4139983654022217
-2.5133087635040283
-3.2190825939178467
-3.3504207134246826
-4.03733491897583
-4.12052059173584
-4.314249515533447
-3.8651134967803955
-4.086276054382324
-4.042525291442871
-3.5185153484344482
-4.398004055023193
-3.723559856414795
-4.230534076690674
-3.575726270675659
-3.2982277870178223
-3.0096542835235596
-2.695004940032959
-2.505760669708252
-2.559826135635376
-1.4596948623657227
-1.3722528219223022
-1.4467723369598389
-0.9013334512710571
-0.7548679709434509
-0.18186751008033752
-0.9579793214797974
0.943210780620575
1.560401201248169
0.5917483568191528
1.9423911571502686
2.475013256072998
1.373260259628296
2.4123663902282715
3.9055333137512207
4.03916597366333
3.707810640335083
4.4674787521362305
3.770495891571045
4.24452543258667
5.134261131286621
5.3335065841674805
6.228133201599121
6.4074530601501465
6.9704155921936035
7.357105255126953
8.254865646362305
7.486725807189941
7.520546913146973
7.858075141906738
8.075820922851562
10.052091598510742
10.286752700805664
10.010690689086914
10.356962203979492
10.756620407104492
11.020583152770996
11.518213272094727
12.122900009155273
13.264242172241211
12.632441520690918
13.53150749206543
14.105356216430664
14.106903076171875
14.727739334106445
14.0602445602417
15.180933952331543
14.715929985046387
15.590764999389648
16.20140266418457
16.90899085998535
17.520614624023438
17.643314361572266
17.745817184448242
17.31991958618164
17.72426414489746
18.36519432067871
19.916698455810547
19.887304306030273
20.994001388549805
21.268356323242188
20.87531089782715
20.989185333251953
21.485746383666992
22.653181076049805
22.8773136138916
22.480022430419922
15.510554313659668
-32.555503845214844
-27.915271759033203
-0.007242190185934305
-0.009453303180634975
-0.008007804863154888
-0.010716686956584454
-0.009603317826986313
-0.008105442859232426
-0.008762121200561523
-0.008557764813303947
-0.007739449385553598
-0.008046019822359085
-0.007111874409019947
-0.006985747255384922
-0.006725737359374762
-0.006738526280969381
-0.005763673223555088
-0.005579701159149408
-0.005212764255702496
-0.004671311471611261
-0.0050699771381914616
-0.0039001922123134136
-0.003653294872492552
-0.0034786711912602186
-0.002764543518424034
-0.0031156570184975863
-0.0021947300992906094
-0.0019805312622338533
-0.0008741833153180778
-0.0013081752695143223
-0.0007695395033806562
0.00014325887605082244
0.0001602542761247605
0.0006029696669429541
0.0009853156516328454
0.0009834123775362968
0.0016283143777400255
0.002287110546603799
0.002392663387581706
0.002788848476484418
0.0032473381143063307
0.0035876729525625706
0.0038453489542007446
0.0038985423743724823
0.004877430386841297
0.004838115535676479
0.004820387344807386
0.005702029913663864
0.005736479535698891
0.005703980103135109
0.006743009202182293
0.006315385457128286
0.006705646403133869
0.007110474165529013
0.007101340685039759
0.007692331913858652
0.007860643789172173
0.007746921386569738
0.008068794384598732
0.008229573257267475
0.008303782902657986
0.008656380698084831
0.008549695834517479
0.008468263782560825
0.009130669757723808
0.008863708935678005
0.009003551676869392
0.009021664038300514
0.009241621010005474
0.009262846782803535
0.00926219392567873
0.009382383897900581
0.009453224018216133
0.009400884620845318
0.008578344248235226
0.009585822932422161
0.009022396057844162
0.009196706116199493
0.009348703548312187
0.008981631137430668
0.00889602117240429
0.008904722519218922
0.008790971711277962
0.008282288908958435
0.00867483951151371
0.008494914509356022
0.008322708308696747
0.007895375601947308
0.0076710074208676815
0.007743682712316513
0.007733023259788752
0.007425128016620874
0.007227998226881027
0.006941867060959339
0.007186807692050934
0.006816156208515167
0.006397983990609646
0.006194465793669224
38.91138458251953
111.61915588378906
126.71073913574219
77.49034118652344
38.23130416870117
30.1282901763916
23.114612579345703
15.371175765991211
9.851706504821777
6.7930006980896
3.287888765335083
1.2503044605255127
-0.02264908328652382
-1.6472421884536743
-2.157041549682617
-2.539289951324463
-3.9130146503448486
-2.9530911445617676
-3.6451053619384766
-4.075336456298828
-3.9539318084716797
-3.9650967121124268
-4.001607418060303
-3.560290575027466
-3.4324183464050293
-4.010303497314453
-4.0522356033325195
-3.625126600265503
-3.520944595336914
-2.958980083465576
-3.346782684326172
-3.1705856323242188
-2.753814458847046
-2.112380266189575
-1.9044902324676514
-1.5062726736068726
-0.6973288655281067
-0.5983691811561584
-0.5569276213645935
-0.38791728019714355
0.1863340437412262
0.08722727745771408
0.2598229944705963
1.4566535949707031
1.7201626300811768
0.7549106478691101
1.451891541481018
2.8464221954345703
3.4101176261901855
2.8708503246307373
4.085495471954346
4.6260151863098145
4.228598594665527
4.787402153015137
4.67592716217041
4.822603702545166
5.6420698165893555
6.614405632019043
6.614602088928223
6.722951412200928
7.194764137268066
7.949467658996582
8.447141647338867
7.714799404144287
8.896211624145508
8.949329376220703
8.825441360473633
9.934359550476074
10.602733612060547
10.303133010864258
11.148490905761719
11.993130683898926
12.68882942199707
12.592691421508789
13.306608200073242
13.361900329589844
13.50219440460205
14.907661437988281
14.04358959197998
13.884669303894043
15.472269058227539
15.904294967651367
15.369280815124512
16.825725555419922
16.30965805053711
17.46966552734375
17.274410247802734
17.35782241821289
18.384397506713867
18.875347137451172
19.660734176635742
19.718311309814453
20.08823013305664
20.713027954101562
21.23158836364746
21.345041275024414
22.37568473815918
22.955135345458984
22.709054946899414
23.969430923461914
22.74616050720215
16.12225341796875
-28.16725730895996
-37.79657745361328
-0.007253175135701895
-0.009665404446423054
-0.008535603992640972
-0.010301976464688778
-0.00947533268481493
-0.008476614952087402
-0.008621265180408955
-0.008395684882998466
-0.007821818813681602
-0.008210244588553905
-0.007674772292375565
-0.006752981338649988
-0.0067730797454714775
-0.00649289321154356
-0.00586712546646595
-0.0059197149239480495
-0.005399741232395172
-0.004661276005208492
-0.004873652942478657
-0.003877321956679225
-0.0036979964934289455
-0.00379564194008708
-0.0028627931606024504
-0.002560545690357685
-0.001999449450522661
-0.0016909405821934342
-0.00163900142069906
-0.0008394790929742157
-0.000737111025955528
3.81790341634769e-05
-3.945743810618296e-05
0.0008562879520468414
0.0007975721964612603
0.0013289314229041338
0.0017874818295240402
0.0021034686360508204
0.002543756505474448
0.0030211186967790127
0.0028614625334739685
0.0036503816954791546
0.0037660538218915462
0.003985683899372816
0.004627098795026541
0.004795249551534653
0.0048759193159639835
0.005702142138034105
0.005862956866621971
0.005793788004666567
0.006664972752332687
0.006351723335683346
0.006868633441627026
0.006944471504539251
0.007307765539735556
0.0076558529399335384
0.007901521399617195
0.00791595596820116
0.007586876396089792
0.008584393188357353
0.008343374356627464
0.008558451198041439
0.00903498288244009
0.00835067592561245
0.009095464833080769
0.008838089182972908
0.0090045016258955
0.009444487281143665
0.009215086698532104
0.00877833180129528
0.00939911138266325
0.009313355199992657
0.009632939472794533
0.00898914784193039
0.009062478318810463
0.0094512440264225
0.009100972674787045
0.009390709921717644
0.00863204151391983
0.00946836732327938
0.009136272594332695
0.008403492160141468
0.008948863483965397
0.008029244840145111
0.00903964415192604
0.00835602916777134
0.008389176800847054
0.00762865599244833
0.008144845254719257
0.007854185998439789
0.008107917383313179
0.007155006285756826
0.00732326228171587
0.006859184242784977
0.007269665598869324
0.006438571959733963
0.006357756443321705
0.006489341612905264
39.66314697265625
112.09281921386719
124.460205078125
70.62464904785156
42.89553451538086
27.31424331665039
23.08624267578125
9.630139350891113
6.506382942199707
6.655124664306641
1.675610899925232
1.315420389175415
0.8598213195800781
-2.0632894039154053
-1.856167197227478
-2.833969831466675
-3.647782564163208
-3.2594523429870605
-3.982461452484131
-4.053925514221191
-3.903308391571045
-4.54219913482666
-4.173012733459473
-3.8261501789093018
-3.645453691482544
-3.5395355224609375
-3.6618335247039795
-3.9200336933135986
-3.60840106010437
-3.086470127105713
-2.8783862590789795
-2.2442784309387207
-2.378002643585205
-1.9307546615600586
-1.705588936805725
-1.8641411066055298
-1.2233258485794067
0.008902212604880333
-0.8463864326477051
-0.5164052248001099
-0.6046562194824219
-0.04271804541349411
0.298520565032959
1.633911371231079
1.6043792963027954
2.2945992946624756
2.6656274795532227
2.543370246887207
1.9801419973373413
3.0425257682800293
4.491710662841797
4.105215549468994
4.10630464553833
5.7999677658081055
5.285519123077393
4.0681891441345215
5.299311637878418
4.99425745010376
6.104535102844238
6.526327610015869
6.798000335693359
7.621331691741943
8.240303039550781
8.871419906616211
8.847131729125977
9.856145858764648
9.764450073242188
9.891592979431152
10.011701583862305
10.28791618347168
10.337061882019043
11.584928512573242
11.63547134399414
10.939567565917969
12.166208267211914
12.453108787536621
13.798765182495117
13.495223999023438
14.881837844848633
15.969345092773438
16.223102569580078
16.00418472290039
15.711729049682617
17.087440490722656
17.310691833496094
17.888721466064453
17.61286163330078
17.777671813964844
18.589487075805664
19.527605056762695
19.798986434936523
20.462724685668945
21.1323299407959
21.82014274597168
20.999216079711914
21.71377944946289
21.77740478515625
22.569595336914062
22.995101928710938
24.14945411682129
23.186443328857422
16.282691955566406
-33.56793975830078
-29.060733795166016
-0.0071318624541163445
-0.009067781269550323
-0.008211122825741768
-0.01101161539554596
-0.00936239492148161
-0.008358683437108994
-0.008774256333708763
-0.008240073919296265
-0.007517199032008648
-0.008253396488726139
-0.0072066811844706535
-0.006996342446655035
-0.0067947255447506905
-0.006453805603086948
-0.005735536105930805
-0.005694312509149313
-0.00512302853167057
-0.00490910466760397
-0.004636276978999376
-0.004144909791648388
-0.0037171479780226946
-0.003178249578922987
-0.0030471165664494038
-0.002770560560747981
-0.002064609667286277
-0.0019204238196834922
-0.0012617933098226786
-0.001060565235093236
-0.00043278763769194484
-0.0003842463775072247
0.0001626026351004839
0.0006149670807644725
0.0012594552244991064
0.0009756814688444138
0.001742010354064405
0.0022490075789391994
0.0019278693944215775
0.0034556142054498196
0.003173819277435541
0.0034018829464912415
0.003950412850826979
0.004007966257631779
0.004736752714961767
0.004778691101819277
0.004827685188502073
0.005730143282562494
0.005752325989305973
0.005738896783441305
0.006496303714811802
0.006474153604358435
0.007330737076699734
0.006500932388007641
0.007392528001219034
0.007681024260818958
0.00760766863822937
0.007935121655464172
0.008170295506715775
0.008220924064517021
0.008119594305753708
0.008432099595665932
0.00861271284520626
0.008642124012112617
0.009312538430094719
0.008906971663236618
0.009219345636665821
0.009145686402916908
0.008731006644666195
0.009676246903836727
0.008851466700434685
0.008966154418885708
0.00947868824005127
0.009170305915176868
0.009228250943124294
0.009293420240283012
0.009216917678713799
0.009444186463952065
0.008859749883413315
0.009216534905135632
0.009032590314745903
0.008719108998775482
0.008767631836235523
0.00854796264320612
0.008386628702282906
0.008947971276938915
0.008243133313953876
0.007590423338115215
0.007725036237388849
0.007759209722280502
0.008179467171430588
0.006860312074422836
0.007691214792430401
0.0069842287339270115
0.00699173379689455
0.006300470791757107
0.006579269655048847
0.006142447702586651
20.5511474609375
93.28458404541016
110.83354187011719
60.72442626953125
34.074729919433594
23.79495620727539
20.517871856689453
8.174623489379883
6.491569519042969
4.806779384613037
0.17613950371742249
-0.15587469935417175
-0.6595862507820129
-2.7013931274414062
-3.0147650241851807
-2.8364834785461426
-3.816174030303955
-3.3641369342803955
-4.0696611404418945
-4.007598876953125
-4.310055255889893
-4.022463798522949
-4.377758979797363
-4.449422359466553
-3.961446762084961
-3.714268922805786
-3.543862819671631
-3.177184820175171
-3.5707924365997314
-2.5352911949157715
-2.988738536834717
-2.4725430011749268
-2.4616341590881348
-2.5405116081237793
-1.8498773574829102
-1.191179871559143
-1.3275039196014404
-0.7147756218910217
-1.2261203527450562
-0.45521706342697144
0.12412463128566742
1.177559494972229
1.3617541790008545
0.8047468066215515
1.8815648555755615
2.209742546081543
2.011147975921631
2.465714931488037
2.4725587368011475
2.200540065765381
3.473111391067505
4.269601821899414
4.221397876739502
4.818978309631348
5.596407413482666
5.060564041137695
5.504863739013672
7.200891017913818
6.825273036956787
6.872524261474609
7.8852667808532715
7.4683051109313965
7.767404079437256
8.839154243469238
8.593464851379395
9.344058990478516
9.702457427978516
9.822229385375977
10.302652359008789
10.862290382385254
11.268181800842285
11.961128234863281
11.570383071899414
11.960853576660156
13.102350234985352
13.040013313293457
13.85675048828125
13.712057113647461
15.432551383972168
15.156320571899414
15.825614929199219
16.06009864807129
16.412364959716797
16.129161834716797
17.424392700195312
17.2475643157959
17.030717849731445
17.851892471313477
18.293758392333984
19.768112182617188
19.086688995361328
19.896289825439453
20.44065284729004
20.108022689819336
20.5236873626709
21.96337890625
22.373516082763672
23.259380340576172
23.225204467773438
22.96800422668457
22.29939079284668
15.633329391479492
-33.09111404418945
-30.717174530029297
-0.007309185806661844
-0.009367872960865498
-0.00838039256632328
-0.0106962313875556
-0.00949337799102068
-0.008269190788269043
-0.008978622034192085
-0.00855416338890791
-0.0077307866886258125
-0.007716934196650982
-0.0076544322073459625
-0.006916175130754709
-0.006677761673927307
-0.006393305957317352
-0.0060265278443694115
-0.0055670239962637424
-0.005552815739065409
-0.004991297610104084
-0.004570579621940851
-0.004081553313881159
-0.003838317934423685
-0.0034664429258555174
-0.00295739877037704
-0.0027361891698092222
-0.002252959879115224
-0.0018443685257807374
-0.0012487855274230242
-0.0012294478947296739
-0.0007778526050969958
0.00013989086437504739
-2.5224615455954336e-05
0.0004273990052752197
0.0011562866857275367
0.0009161747875623405
0.0020089070312678814
0.0018425332382321358
0.0024292659945786
0.002792003797367215
0.0030594165436923504
0.003392126876860857
0.004020115360617638
0.004097034689038992
0.0042047882452607155
0.004784313030540943
0.004988318309187889
0.0058363741263747215
0.005390374921262264
0.006178420037031174
0.006262378301471472
0.006656667683273554
0.006694469600915909
0.006809262093156576
0.007290338631719351
0.007248756475746632
0.008000004105269909
0.00770315807312727
0.007900794968008995
0.007977591827511787
0.008419647812843323
0.008273933082818985
0.009132307954132557
0.00852554477751255
0.009020628407597542
0.008888782933354378
0.009051325730979443
0.00911008007824421
0.008899996057152748
0.009267027489840984
0.009568674489855766
0.009081022813916206
0.008934322744607925
0.009559398517012596
0.009282231330871582
0.009293208830058575
0.009052880108356476
0.009148851037025452
0.009267320856451988
0.009219578467309475
0.00867967028170824
0.008747112937271595
0.00891933124512434
0.008570628240704536
0.008501231670379639
0.00812393520027399
0.008202750235795975
0.008199566975235939
0.00786891020834446
0.00768883666023612
0.007807105779647827
0.007337392773479223
0.007361187133938074
0.006817317102104425
0.00714796781539917
0.006438528187572956
0.0062659434042871
0.006172363180667162
12.968008041381836
83.49571228027344
103.3980941772461
56.12819290161133
30.616214752197266
23.040637969970703
19.22428321838379
6.278645992279053
5.304295063018799
3.0152270793914795
-0.552645742893219
-0.08398167788982391
-1.256390929222107
-3.097698926925659
-2.434900999069214
-2.8497519493103027
-3.7117111682891846
-3.4115779399871826
-3.7967381477355957
-3.916991710662842
-3.7680001258850098
-4.147861480712891
-3.9603798389434814
-3.9560532569885254
-4.154991626739502
-4.084787845611572
-3.984048843383789
-3.2728424072265625
-2.9346718788146973
-2.8376212120056152
-3.338777542114258
-2.910214900970459
-1.959883451461792
-2.731414794921875
-1.7793442010879517
-1.6940444707870483
-1.0249950885772705
-0.5031468272209167
-0.4963935911655426
-0.1112588495016098
0.020967727527022362
0.10313236713409424
1.0423190593719482
1.3043670654296875
1.224388837814331
2.2479395866394043
2.353851318359375
2.1566176414489746
3.6605162620544434
3.3853020668029785
3.265749454498291
3.7863051891326904
4.893662452697754
5.169362545013428
4.7301788330078125
5.932038307189941
5.917695045471191
6.514856815338135
6.825095176696777
6.683260917663574
7.390985012054443
7.52414608001709
8.066560745239258
9.000333786010742
8.901694297790527
8.996427536010742
10.453289031982422
10.238924026489258
10.676359176635742
10.120277404785156
10.765926361083984
11.466690063476562
11.81878662109375
12.12462329864502
12.865521430969238
12.646391868591309
13.629071235656738
13.905390739440918
13.916728019714355
14.261903762817383
14.998781204223633
15.122697830200195
15.671977043151855
16.764196395874023
16.909896850585938
17.291505813598633
17.42453956604004
18.396757125854492
18.06458854675293
18.84501075744629
20.451908111572266
20.202423095703125
21.122739791870117
20.784442901611328
21.428897857666016
21.494060516357422
21.554920196533203
22.419326782226562
22.5378475189209
22.827438354492188
22.01094627380371
15.798687934875488
-33.0447883605957
-28.287277221679688
-0.007075934205204248
-0.009475527331233025
-0.008304175920784473
-0.010584264993667603
-0.009546545334160328
-0.00806331355124712
-0.009190977551043034
-0.008470110595226288
-0.007861615158617496
-0.007886318489909172
-0.0071140737272799015
-0.0069872536696493626
-0.007017991039901972
-0.006075318902730942
-0.005936871282756329
-0.005694129969924688
-0.004980507306754589
-0.00500129908323288
-0.004452926106750965
-0.004025827627629042
-0.004132455680519342
-0.0034293991047888994
-0.002726293168962002
-0.003047119826078415
-0.0019232816994190216
-0.0019278842955827713
-0.0012369644828140736
-0.0009869179921224713
-0.0007901802891865373
-0.0003607328108046204
0.0002622330212034285
0.0004344889894127846
0.0008609274518676102
0.0016213938361033797
0.0016912997234612703
0.0017682783072814345
0.0026709267403930426
0.0026691441889852285
0.003244619118049741
0.0033485223539173603
0.003706901567056775
0.004529574420303106
0.0042936778627336025
0.004970535635948181
0.005214589647948742
0.005946843884885311
0.005280076060444117
0.006140921264886856
0.006131019443273544
0.006665936205536127
0.006994540803134441
0.006901107728481293
0.007373173721134663
0.007756322622299194
0.007443247828632593
0.007909081876277924
0.007794244680553675
0.008298282511532307
0.008236585184931755
0.008298574946820736
0.008671527728438377
0.008880604058504105
0.00895623117685318
0.008870737627148628
0.008955059573054314
0.009076643735170364
0.009521303698420525
0.009062734432518482
0.009258505888283253
0.009238945320248604
0.009561503306031227
0.009130507707595825
0.009187530726194382
0.009660789743065834
0.008646879345178604
0.009445765987038612
0.009175221435725689
0.00893668457865715
0.008757472038269043
0.008508200757205486
0.009168626740574837
0.009007696062326431
0.007922112010419369
0.008640429005026817
0.008413279429078102
0.008020037785172462
0.007698422763496637
0.007740488741546869
0.007811931427568197
0.007239928003400564
0.007437169551849365
0.006994789931923151
0.006683579180389643
0.0066728172823786736
0.00671116029843688
0.005882630590349436
20.849124908447266
93.74635314941406
110.5711441040039
61.069671630859375
36.77018356323242
23.482091903686523
19.872699737548828
8.723179817199707
8.012998580932617
4.821130275726318
1.4855786561965942
1.0244834423065186
-0.14512914419174194
-2.2801003456115723
-2.2666075229644775
-2.734933853149414
-3.0498099327087402
-3.4954006671905518
-3.973463535308838
-4.17286491394043
-3.8138084411621094
-4.100040912628174
-3.6522865295410156
-4.128241062164307
-3.549248218536377
-3.579123020172119
-3.629897356033325
-3.8196444511413574
-3.417795181274414
-2.7818350791931152
-2.725053310394287
-2.834704875946045
-2.4402689933776855
-2.4797494411468506
-1.6356451511383057
-1.2949752807617188
-1.57417893409729
-0.8953456878662109
-0.5543479919433594
-0.7209402322769165
0.41948190331459045
0.15493585169315338
0.9053166508674622
1.5537258386611938
1.2146943807601929
1.212114691734314
2.6730704307556152
3.670313596725464
2.6297192573547363
3.310137987136841
3.3721745014190674
3.297367811203003
4.631048202514648
5.785372734069824
4.176303863525391
5.942379951477051
5.897354602813721
6.0219316482543945
7.178595066070557
7.089223384857178
7.217641353607178
7.69918155670166
7.369265556335449
8.023595809936523
9.047210693359375
8.831809043884277
10.12114429473877
10.335423469543457
10.508581161499023
10.84079647064209
11.656790733337402
11.525147438049316
12.617944717407227
12.76616096496582
13.018510818481445
12.943391799926758
13.290740966796875
13.940373420715332
14.160611152648926
14.348299980163574
15.190852165222168
15.62492561340332
15.51152229309082
16.67017936706543
16.9066219329834
17.428890228271484
17.959003448486328
18.496593475341797
18.74811363220215
18.76573944091797
19.665313720703125
20.4593505859375
20.70732307434082
20.553844451904297
21.326427459716797
21.90041732788086
21.83443260192871
21.7194766998291
22.988971710205078
24.227365493774414
22.823665618896484
15.316816329956055
-33.095699310302734
-30.020992279052734
-0.007118309382349253
-0.009006387554109097
-0.008554549887776375
-0.0105186328291893
-0.009680144488811493
-0.008236286230385303
-0.009064962156116962
-0.008260158821940422
-0.00755590945482254
-0.008054303005337715
-0.007416109554469585
-0.0072622960433363914
-0.006678372621536255
-0.0064408197067677975
-0.005658777430653572
-0.005975191481411457
-0.0053865620866417885
-0.004785197786986828
-0.004756397567689419
-0.003966523800045252
-0.003843829734250903
-0.0033554520923644304
-0.0032446137629449368
-0.002855907194316387
-0.0021605524234473705
-0.0015839219558984041
-0.0011676040012389421
-0.0016499394550919533
-0.0005977380787953734
-0.0001028040423989296
0.0002051628689514473
0.00043334922520443797
0.001226069056428969
0.0012735034106299281
0.0014182933373376727
0.0025056018494069576
0.0023736818693578243
0.0027440390549600124
0.0035492877941578627
0.003274056361988187
0.004127556923776865
0.0036403252743184566
0.0046044522896409035
0.005158266983926296
0.004930124618113041
0.005737591534852982
0.005484444089233875
0.005751348100602627
0.00673192972317338
0.006307096686214209
0.006714160554111004
0.007056436035782099
0.007200999651104212
0.00756977591663599
0.007967784069478512
0.0075108991004526615
0.008260242640972137
0.008464946411550045
0.008179706521332264
0.008609456941485405
0.009028995409607887
0.008663542568683624
0.008937662467360497
0.00890058558434248
0.00890798307955265
0.00940036028623581
0.009088780730962753
0.00920200627297163
0.009463373571634293
0.009593654423952103
0.008922944776713848
0.00975998118519783
0.009025472216308117
0.009461728855967522
0.009170658886432648
0.009453926235437393
0.009323359467089176
0.008813891559839249
0.008857456967234612
0.009275911375880241
0.00856241025030613
0.008645894005894661
0.008584702387452126
0.008477851748466492
0.008411774411797523
0.00775036308914423
0.008317535743117332
0.008092465810477734
0.007577158510684967
0.007450228091329336
0.007161424960941076
0.007045833859592676
0.0066489605233073235
0.006503249518573284
0.006567885167896748
0.006478262133896351
38.94337463378906
111.0495376586914
123.76788330078125
69.67635345458984
41.184879302978516
25.35556411743164
22.806690216064453
9.363734245300293
6.0126237869262695
6.405694484710693
1.9540573358535767
0.9492311477661133
0.8325520753860474
-1.9684112071990967
-2.2490596771240234
-3.0253405570983887
-3.078505039215088
-3.798292636871338
-3.387364149093628
-4.0264081954956055
-4.153649806976318
-4.0219221115112305
-4.233198642730713
-4.531544208526611
-4.4415483474731445
-4.148127555847168
-3.7637112140655518
-3.4934489727020264
-2.9843077659606934
-2.8515210151672363
-2.9830307960510254
-2.4014573097229004
-2.261744499206543
-2.186856269836426
-1.9251152276992798
-1.4430630207061768
-1.5302627086639404
-0.6533635258674622
-1.0253874063491821
-0.8365879058837891
0.6804856657981873
-0.3797915577888489
-0.06076505035161972
1.4022200107574463
2.070915699005127
1.7119343280792236
2.3542184829711914
2.4952075481414795
2.181173324584961
3.0784659385681152
4.076037406921387
4.715067386627197
3.6016876697540283
5.1818366050720215
4.808799743652344
5.033755779266357
5.727614402770996
6.382372856140137
6.409628391265869
6.4807915687561035
6.909197807312012
7.361138343811035
8.481975555419922
8.476959228515625
8.07468318939209
8.08330249786377
9.595619201660156
10.150701522827148
10.708124160766602
11.082618713378906
10.820951461791992
11.100553512573242
11.877685546875
11.837448120117188
12.08814811706543
13.934135437011719
13.432169914245605
14.45532512664795
14.113543510437012
14.330449104309082
15.331791877746582
15.668722152709961
16.323843002319336
15.94701099395752
16.687702178955078
17.442880630493164
17.24514389038086
17.351459503173828
18.49698257446289
19.429767608642578
19.63498878479004
20.019092559814453
20.820104598999023
20.70405387878418
21.615249633789062
21.730960845947266
22.051782608032227
23.063085556030273
23.00041389465332
24.031150817871094
23.07584571838379
15.77282428741455
-29.183197021484375
-35.77810287475586
-0.007201232947409153
-0.00956390518695116
-0.008508527651429176
-0.010327523574233055
-0.009752382524311543
-0.008103667758405209
-0.009157020598649979
-0.008554871194064617
-0.0074851191602647305
-0.00816741120070219
-0.007442296948283911
-0.006846962962299585
-0.006836916320025921
-0.00658582616597414
-0.005744885187596083
-0.006140133831650019
-0.00531578715890646
-0.004725973587483168
-0.004839453846216202
-0.004039653576910496
-0.0037986531388014555
-0.0033100065775215626
-0.002898245584219694
-0.002822722541168332
-0.002402308862656355
-0.0015852553769946098
-0.0016021227929741144
-0.0010246352758258581
-0.0006380145205184817
-0.0003586930106393993
0.00028799797291867435
0.0004949529538862407
0.0008231431129388511
0.0013682718854397535
0.0015355423092842102
0.0022043248172849417
0.0023708168882876635
0.0028132819570600986
0.0031682117842137814
0.0035696811974048615
0.003674114588648081
0.004001718480139971
0.0042603109031915665
0.004902087152004242
0.005112487357109785
0.005847920663654804
0.0056833019480109215
0.006123420316725969
0.006124547217041254
0.006661553867161274
0.0065529607236385345
0.007181002292782068
0.00718847056850791
0.007490706630051136
0.007728042546659708
0.007281540427356958
0.00838995911180973
0.007898987270891666
0.00844106636941433
0.008640477433800697
0.008319433778524399
0.008784232661128044
0.00879383273422718
0.009372113272547722
0.008870871737599373
0.00875802244991064
0.008851115591824055
0.009358631446957588
0.009041993878781796
0.009280762635171413
0.009193826466798782
0.009580008685588837
0.009163590148091316
0.009319927543401718
0.00889015756547451
0.008927256800234318
0.009012364782392979
0.009296650066971779
0.00905117578804493
0.008590838871896267
0.008616549894213676
0.008621208369731903
0.008353312499821186
0.00852208398282528
0.007752373814582825
0.0085230004042387
0.008162940852344036
0.00771042425185442
0.007942323572933674
0.007460703607648611
0.007155675441026688
0.0067667728289961815
0.006916080601513386
0.006500893738120794
0.0063359676860272884
0.0064306966960430145
13.39624309539795
83.89524841308594
106.14201354980469
60.44600296020508
29.34738540649414
24.650211334228516
17.891040802001953
12.382111549377441
8.492362976074219
5.231783390045166
3.02423357963562
0.9740260243415833
-0.8688287734985352
-1.5868127346038818
-1.9756860733032227
-2.2485923767089844
-3.039315700531006
-3.374019145965576
-3.345276355743408
-3.5052947998046875
-3.694347381591797
-3.7423255443573
-3.6078579425811768
-3.591296434402466
-3.5568389892578125
-3.641953706741333
-3.394458055496216
-3.4738783836364746
-3.0748226642608643
-3.185917377471924
-3.1547374725341797
-2.0325560569763184
-1.9305143356323242
-1.6493606567382812
-1.6884310245513916
-1.3869783878326416
-1.3662989139556885
-1.0730302333831787
-1.1338913440704346
-0.6873136758804321
-0.045348815619945526
1.2155665159225464
0.5996012091636658
0.729487419128418
1.4897491931915283
2.101391553878784
2.0523245334625244
2.7584228515625
3.829601287841797
2.4283552169799805
3.644392728805542
3.485278606414795
3.482642650604248
4.451266288757324
5.287032604217529
5.73781681060791
6.717049598693848
6.698586940765381
6.327517032623291
6.479928016662598
6.028477668762207
7.333825588226318
7.775587558746338
8.075892448425293
7.796788215637207
8.65237808227539
10.090636253356934
10.089393615722656
11.743874549865723
11.258563041687012
11.759795188903809
12.485634803771973
12.21841812133789
12.529982566833496
12.61717414855957
13.223889350891113
13.363314628601074
14.020544052124023
14.397912979125977
14.0878267288208
14.887667655944824
15.728785514831543
16.594341278076172
16.836368560791016
16.598628997802734
16.61237335205078
16.940540313720703
17.818260192871094
18.38926124572754
19.1080322265625
19.72698402404785
19.5715274810791
20.08662986755371
20.451175689697266
20.956565856933594
20.806442260742188
21.926198959350586
22.881303787231445
22.833629608154297
22.974262237548828
21.88418197631836
16.371631622314453
-33.36800765991211
-28.572406768798828
-0.007036594208329916
-0.009080411866307259
-0.008413693867623806
-0.0102410688996315
-0.00961298681795597
-0.008028202690184116
-0.008770488202571869
-0.008701663464307785
-0.00755718071013689
-0.007838395424187183
-0.007279838435351849
-0.006892263889312744
-0.006637989077717066
-0.00642044935375452
-0.005696595646440983
-0.005676297936588526
-0.005323729477822781
-0.004950118251144886
-0.004543215036392212
-0.004072130657732487
-0.004007192328572273
-0.003291928442195058
-0.003037133952602744
-0.0024978220462799072
-0.002172185108065605
-0.0021305824629962444
-0.0010413716081529856
-0.0015072200912982225
-0.0004742896999232471
-0.0003077836590819061
0.00015380566765088588
0.0006165735539980233
0.0011229857336729765
0.0011880181264132261
0.0014035440981388092
0.0021344341803342104
0.0022288584150373936
0.0029196718242019415
0.003258993849158287
0.0033993017859756947
0.0035260324366390705
0.004272459074854851
0.0045632971450686455
0.0046014245599508286
0.005357752554118633
0.005160349886864424
0.005679946392774582
0.006170931272208691
0.006505823228508234
0.006266528274863958
0.0068727717734873295
0.006935761775821447
0.007254266645759344
0.007796836085617542
0.007449527736753225
0.007789113558828831
0.008275973610579967
0.008178106509149075
0.008177106268703938
0.008447087369859219
0.008759159594774246
0.008683668449521065
0.008554664440453053
0.009188794530928135
0.008744706399738789
0.00932969432324171
0.009239407256245613
0.008754679933190346
0.009152471087872982
0.009610745124518871
0.009058366529643536
0.009130459278821945
0.009216230362653732
0.009085304103791714
0.009477009065449238
0.009253892116248608
0.009060133248567581
0.008653981611132622
0.009172463789582253
0.008928133174777031
0.008771688677370548
0.00869760476052761
0.0083926972001791
0.008352464996278286
0.00820703711360693
0.008038528263568878
0.008242730982601643
0.007927176542580128
0.007633124943822622
0.007593049202114344
0.007283580955117941
0.006907069589942694
0.007280036807060242
0.0068152956664562225
0.006068719085305929
0.006091096438467503
39.47979736328125
112.375244140625
124.57749938964844
70.9595947265625
42.4307975769043
26.710803985595703
22.66895294189453
9.294062614440918
6.256196022033691
5.726366996765137
1.1605145931243896
0.3902416229248047
-0.5641611814498901
-2.597696304321289
-2.243946075439453
-2.6018574237823486
-3.766117572784424
-3.3995280265808105
-4.122624397277832
-4.336556434631348
-3.950110912322998
-3.898186445236206
-3.9554030895233154
-3.986978054046631
-3.8909542560577393
-3.7802670001983643
-3.573050022125244
-3.570009708404541
-3.6268723011016846
-2.976724624633789
-2.82609486579895
-2.712587833404541
-2.0419576168060303
-2.249300479888916
-1.7178466320037842
-1.2455880641937256
-1.4654263257980347
-1.245859980583191
-0.17365901172161102
-0.30851250886917114
0.08715541660785675
0.7823894023895264
1.2439464330673218
0.6226022243499756
1.3861987590789795
1.5219157934188843
1.5225239992141724
1.935654640197754
3.4669692516326904
3.355693817138672
3.9819202423095703
4.462634563446045
4.274703502655029
4.505859851837158
5.827312469482422
5.7100982666015625
6.079471588134766
6.979365348815918
7.077392578125
7.351476192474365
7.984014987945557
7.96127986907959
8.370779991149902
8.046876907348633
8.91362190246582
9.042123794555664
10.015739440917969
9.617387771606445
10.407106399536133
9.70240592956543
10.83659553527832
12.400247573852539
12.340188026428223
13.599334716796875
13.420068740844727
13.715494155883789
14.165082931518555
13.955899238586426
14.36534595489502
14.696022033691406
15.030985832214355
14.668972969055176
15.94194507598877
16.23274803161621
16.69099235534668
17.196842193603516
17.585983276367188
17.041065216064453
18.317474365234375
18.509679794311523
19.051687240600586
19.479496002197266
19.736839294433594
20.83272933959961
21.07183265686035
21.34701156616211
21.305896759033203
21.827823638916016
22.376972198486328
22.80164909362793
21.37636947631836
16.081090927124023
-32.215702056884766
-29.045339584350586
-0.007175663020461798
-0.009132353588938713
-0.008595338091254234
-0.01034613884985447
-0.009857119992375374
-0.008050428703427315
-0.00915989838540554
-0.008447525091469288
-0.0076489532366395
-0.008179012686014175
-0.007318074814975262
-0.0068742684088647366
-0.0070881471037864685
-0.006452951580286026
-0.006104629021137953
-0.005906835198402405
-0.004918597638607025
-0.00501526053994894
-0.004538037348538637
-0.004363947547972202
-0.003893959103152156
-0.0033408324234187603
-0.0029635485261678696
-0.0027990606613457203
-0.002175120636820793
-0.002122929086908698
-0.0011267804075032473
-0.0013177810469642282
-0.0004448917170520872
-0.0003525765787344426
0.0003572084824554622
0.0005288288230076432
0.0012496053241193295
0.0011821362422779202
0.001868061488494277
0.001851793727837503
0.0022520478814840317
0.003079106565564871
0.003503197804093361
0.003058892907574773
0.0041342126205563545
0.004021763801574707
0.004399276338517666
0.004797352943569422
0.00523812510073185
0.005617295391857624
0.005541333928704262
0.006288384087383747
0.0060958536341786385
0.006482453551143408
0.0070973848924040794
0.006789087317883968
0.007241156883537769
0.007795904763042927
0.007708623073995113
0.007748416159301996
0.007811645977199078
0.008278751745820045
0.008782504126429558
0.008415823802351952
0.008657237514853477
0.00875640194863081
0.00910305418074131
0.008488819934427738
0.009205566719174385
0.009062686935067177
0.009497636929154396
0.00894439872354269
0.009437145665287971
0.009473933838307858
0.00907672755420208
0.009065324440598488
0.009450558573007584
0.009291673079133034
0.009478160180151463
0.009331831708550453
0.008858911693096161
0.008613334968686104
0.009254085831344128
0.008820333518087864
0.00858547817915678
0.009201973676681519
0.008077612146735191
0.0087104681879282
0.008110334165394306
0.008051971904933453
0.007812769152224064
0.007739394903182983
0.007419514004141092
0.0074900416657328606
0.007392081432044506
0.006819222122430801
0.006304432637989521
0.006906270980834961
0.005972464568912983
0.006769465748220682
12.712806701660156
