197.66844177246094
197.66844177246094
149.62547302246094
28.102956771850586
-0.09813769161701202
-0.09784100204706192
-0.09779240936040878
-0.09831000119447708
-0.09666489064693451
-0.09757515043020248
-0.09746323525905609
-0.09744139015674591
-0.09850381314754486
-0.09740476310253143
-0.09764901548624039
-0.09746071696281433
-0.0974222719669342
-0.09799008071422577
-0.09727086126804352
-0.09710949659347534
-0.09755998849868774
-0.09809786081314087
-0.09768582880496979
-0.09774155914783478
-0.09711066633462906
-0.09831266105175018
-0.09780232608318329
-0.09766595810651779
-0.09823880344629288
-0.0981234461069107
-0.0980444848537445
-0.0984397754073143
-0.09755203127861023
-0.09755959361791611
-0.09800809621810913
-0.09730328619480133
-0.09788299351930618
-0.09773321449756622
-0.09676221013069153
-0.09734035283327103
-0.09803704917430878
-0.09797725081443787
-0.0986018180847168
-0.09739680588245392
-0.09867716580629349
-0.09813319146633148
-0.09775219857692719
-0.09740415960550308
-0.09786466509103775
-0.09769307076931
-0.09654853492975235
-0.09620009362697601
-0.09792561829090118
-0.09854166209697723
-0.09706418216228485
-0.09811650216579437
-0.09764441102743149
-0.09730314463376999
-0.09799018502235413
-0.09673422574996948
-0.09927494823932648
-0.09733404219150543
-0.09580319374799728
-0.09801272302865982
-0.0977502316236496
-0.09735605865716934
-0.09760677814483643
-0.09736251085996628
-0.09755022823810577
-0.09769372642040253
-0.09713315218687057
-0.09787970036268234
-0.0974930003285408
-0.09749268740415573
-0.09789679944515228
-0.09654951095581055
-0.09764484316110611
-0.09777022898197174
-0.09782536327838898
-0.09788458794355392
-0.09829635173082352
-0.09794279932975769
-0.09712351858615875
-0.09657634794712067
-0.09751071780920029
-0.09837059676647186
-0.09723366796970367
-0.09524092078208923
-0.09843780845403671
-0.09861179441213608
-0.09715555608272552
-0.09861237555742264
-0.10022985935211182
-0.09665003418922424
-0.0984690934419632
-0.09769470989704132
-0.09726303070783615
-0.09844139963388443
-0.0980086699128151
18.799848556518555
130.2451629638672
212.0139617919922
186.86854553222656
151.50180053710938
141.908447265625
132.16212463378906
122.8946533203125
122.11933898925781
119.90003967285156
119.22991943359375
120.40641021728516
123.64018249511719
126.1771240234375
130.18649291992188
134.93283081054688
138.49252319335938
143.09588623046875
147.41268920898438
151.4787139892578
155.6965789794922
161.65969848632812
167.08609008789062
171.72396850585938
176.2972412109375
177.71209716796875
183.3197479248047
188.03298950195312
193.63485717773438
200.26715087890625
205.32009887695312
210.6300048828125
214.269775390625
218.46365356445312
222.3905029296875
223.54714965820312
221.9093475341797
222.0032501220703
222.2354736328125
222.21084594726562
222.1744384765625
225.0795135498047
225.4025115966797
223.4722442626953
224.4000701904297
223.73501586914062
224.75625610351562
227.01718139648438
232.3397216796875
232.7963409423828
228.6266326904297
229.1647491455078
228.2823486328125
226.388427734375
227.9672088623047
226.9651641845703
226.7631378173828
227.60574340820312
227.3893585205078
227.497314453125
227.98995971679688
227.91702270507812
228.13134765625
228.4606475830078
228.83120727539062
227.7425537109375
229.7721710205078
229.41610717773438
228.89785766601562
230.64926147460938
229.4740447998047
230.8417510986328
230.9840545654297
230.1393280029297
231.8438720703125
231.12686157226562
231.25332641601562
231.92031860351562
231.72317504882812
232.27157592773438
232.36709594726562
232.42416381835938
232.56448364257812
233.1459197998047
232.6813507080078
233.5005340576172
234.0703887939453
233.4756622314453
234.2146453857422
233.97079467773438
234.1907196044922
234.4505157470703
234.4238739013672
235.2247772216797
235.23745727539062
235.2475128173828
235.63095092773438
235.5701446533203
236.0380096435547
235.6580810546875
236.14938354492188
228.6363525390625
188.99298095703125
36.897972106933594
-0.09483559429645538
-0.09974081069231033
-0.096332848072052
-0.09861746430397034
-0.09776560962200165
-0.09660407155752182
-0.0976107120513916
-0.09754843264818192
-0.09732000529766083
-0.0980629026889801
-0.09769316017627716
-0.09729833900928497
-0.09825107455253601
-0.09751201421022415
-0.09742675721645355
-0.09828057140111923
-0.0976831316947937
-0.09789907932281494
-0.09798203408718109
-0.09751144051551819
-0.09783174842596054
-0.0979323610663414
-0.09776283800601959
-0.09819547832012177
-0.09754400700330734
-0.09788002073764801
-0.09792669117450714
-0.09817931801080704
-0.09798378497362137
-0.09788262099027634
-0.09723934531211853
-0.09825948625802994
-0.09836331754922867
-0.0974062830209732
-0.09723342955112457
-0.0983109325170517
-0.09796349704265594
-0.09722141921520233
-0.09791217744350433
-0.09806960821151733
-0.0978608950972557
-0.09750200808048248
-0.09788196533918381
-0.09819246828556061
-0.09739494323730469
-0.09725985676050186
-0.09804163873195648
-0.09752730280160904
-0.09726615250110626
-0.09795451164245605
-0.0975397378206253
-0.09769302606582642
-0.0975986197590828
-0.09720740467309952
-0.0981217697262764
-0.09695504605770111
-0.09767473489046097
-0.0976206436753273
-0.097561314702034
-0.097098708152771
-0.09716309607028961
-0.09773316979408264
-0.09745083749294281
-0.09710432589054108
-0.0979841873049736
-0.09739050269126892
-0.09760512411594391
-0.09726408123970032
-0.09733439236879349
-0.09757961332798004
-0.09731312096118927
-0.09748740494251251
-0.09760049730539322
-0.09775318205356598
-0.09727748483419418
-0.0971963033080101
-0.09814343601465225
-0.09737090021371841
-0.09752021729946136
-0.0976213738322258
-0.09769495576620102
-0.09758096933364868
-0.09777049720287323
-0.09799876064062119
-0.09778675436973572
-0.09703613072633743
-0.09791287779808044
-0.09808392822742462
-0.09743104875087738
-0.0981360450387001
-0.09784933179616928
-0.09757040441036224
-0.09799418598413467
-0.09772827476263046
-0.09816031903028488
-0.09787991642951965
22.33995819091797
136.9683837890625
202.48960876464844
136.01913452148438
89.13621520996094
133.4951171875
132.22879028320312
105.12071228027344
113.00761413574219
114.1181640625
106.54579162597656
113.32682037353516
117.10679626464844
116.48094177246094
124.3117446899414
126.0772933959961
129.93228149414062
137.00547790527344
140.5944061279297
144.63516235351562
148.9281005859375
153.85604858398438
159.9401397705078
166.29420471191406
170.7051544189453
174.82618713378906
179.64247131347656
182.13233947753906
188.4190673828125
194.51004028320312
199.78939819335938
205.68862915039062
209.73110961914062
213.068603515625
215.9507293701172
215.6787567138672
215.5286407470703
221.8737335205078
228.6562042236328
228.4860382080078
223.7152862548828
221.41616821289062
223.2149200439453
222.7984619140625
227.9064483642578
236.4805908203125
234.2642364501953
229.6091766357422
228.56600952148438
225.35342407226562
223.850341796875
231.3372344970703
238.85537719726562
237.2686004638672
235.39627075195312
236.57345581054688
232.84933471679688
230.0718536376953
227.5601043701172
224.70315551757812
225.2901153564453
226.5745086669922
228.20010375976562
231.38937377929688
232.0659942626953
233.86434936523438
234.6354522705078
235.1267547607422
234.59420776367188
232.36215209960938
231.3043670654297
228.5570068359375
226.5495147705078
225.9581298828125
224.62002563476562
225.808349609375
225.4865264892578
227.2848663330078
229.0825958251953
230.62820434570312
231.9088134765625
233.4044189453125
233.76058959960938
234.39077758789062
235.3939208984375
235.01876831054688
236.09854125976562
235.94873046875
235.9918975830078
235.9036865234375
236.75900268554688
236.35592651367188
236.7514190673828
237.1680450439453
237.6802520751953
236.6610565185547
236.45962524414062
236.50381469726562
236.1356658935547
236.47018432617188
235.03689575195312
226.2508544921875
183.0436553955078
29.89353370666504
-0.0954141914844513
-0.09939491748809814
-0.09548491984605789
-0.09910960495471954
-0.09802759438753128
-0.0964668020606041
-0.09779627621173859
-0.09746132791042328
-0.09747983515262604
-0.09790834039449692
-0.0972142443060875
-0.09784767031669617
-0.09826891124248505
-0.0975557416677475
-0.09768079221248627
-0.09787362068891525
-0.09730377048254013
-0.0979337990283966
-0.09810374677181244
-0.09729915857315063
-0.0975303128361702
-0.09782353788614273
-0.09824737906455994
-0.09812959283590317
-0.09739390760660172
-0.09763533622026443
-0.09770774096250534
-0.09801508486270905
-0.09823431819677353
-0.097690150141716
-0.09811662882566452
-0.0974411815404892
-0.09790830314159393
-0.09810540825128555
-0.09785740077495575
-0.09754817932844162
-0.09782949090003967
-0.09755324572324753
-0.0978250503540039
-0.09821608662605286
-0.09755091369152069
-0.09823550283908844
-0.09760413318872452
-0.09738849103450775
-0.0978936105966568
-0.09784349799156189
-0.09694458544254303
-0.09815947711467743
-0.09768885374069214
-0.09765061736106873
-0.09728895127773285
-0.09803954511880875
-0.09709377586841583
-0.09757925570011139
-0.09812436997890472
-0.09714047610759735
-0.09715606272220612
-0.09764932096004486
-0.09726123511791229
-0.09788496792316437
-0.09741222858428955
-0.0969744622707367
-0.09807024896144867
-0.09706927090883255
-0.09748983383178711
-0.09773540496826172
-0.09677600860595703
-0.09774313867092133
-0.09750647842884064
-0.09753429889678955
-0.09777297079563141
-0.09753064066171646
-0.09694000333547592
-0.0976712629199028
-0.09796145558357239
-0.09719376266002655
-0.09777459502220154
-0.09728340804576874
-0.09823936969041824
-0.09757225215435028
-0.09725622087717056
-0.09780599176883698
-0.09789770841598511
-0.09779252856969833
-0.09791405498981476
-0.09761440753936768
-0.09771180897951126
-0.09782841056585312
-0.09759936481714249
-0.097860187292099
-0.09807876497507095
-0.09815755486488342
-0.09745708107948303
-0.09764432907104492
-0.09806200861930847
-0.09779690206050873
31.6241455078125
147.255126953125
207.59512329101562
137.1391143798828
89.27315521240234
132.3203582763672
125.96285247802734
101.16352844238281
109.15846252441406
110.66551208496094
104.92317962646484
113.22740173339844
114.57771301269531
115.3314437866211
123.86006927490234
125.4397201538086
131.05067443847656
136.02679443359375
140.6382598876953
147.91200256347656
152.697998046875
156.7621612548828
159.16427612304688
165.17636108398438
169.61671447753906
174.79779052734375
182.62278747558594
186.60330200195312
191.50003051757812
194.92999267578125
199.15057373046875
203.86465454101562
209.10964965820312
215.0825958251953
219.8783416748047
219.4596405029297
218.8504180908203
222.6665496826172
226.23074340820312
225.7862548828125
224.65402221679688
223.8955841064453
224.25686645507812
223.6605682373047
226.8197479248047
232.61166381835938
230.50173950195312
227.2056884765625
228.84912109375
226.5797576904297
225.69802856445312
226.84933471679688
226.2273712158203
226.0990753173828
227.2696990966797
228.16061401367188
226.7343292236328
227.63198852539062
227.66464233398438
226.78369140625
227.5542449951172
228.6139678955078
228.0535125732422
228.3412322998047
228.39895629882812
229.01425170898438
229.138671875
229.3804931640625
229.47128295898438
229.982177734375
230.4075927734375
230.58761596679688
230.24783325195312
230.51708984375
231.08334350585938
230.82778930664062
231.3754425048828
231.78695678710938
231.53530883789062
232.03250122070312
233.0386962890625
231.9921875
232.9452667236328
233.2124786376953
232.89816284179688
233.3777618408203
234.2739715576172
233.5765380859375
234.0149383544922
233.92935180664062
234.2773895263672
234.4029083251953
235.22714233398438
234.6127471923828
235.158935546875
235.13339233398438
235.24929809570312
235.999755859375
235.7799072265625
235.6702117919922
236.167724609375
228.3077850341797
185.79702758789062
32.791542053222656
-0.09542490541934967
-0.09934490919113159
-0.09605982899665833
-0.09878190606832504
-0.09766016900539398
-0.09696830809116364
-0.09765025973320007
-0.09710724651813507
-0.09782783687114716
-0.09805087745189667
-0.097254678606987
-0.09754188358783722
-0.0980750024318695
-0.09767144173383713
-0.09790182113647461
-0.09754420816898346
-0.09776946157217026
-0.09813730418682098
-0.09758979082107544
-0.09773393720388412
-0.09792278707027435
-0.0978906974196434
-0.09752295166254044
-0.09790503978729248
-0.0980638712644577
-0.09765753895044327
-0.09781141579151154
-0.09793094545602798
-0.09806038439273834
-0.09779370576143265
-0.09789720922708511
-0.09787004441022873
-0.09765192121267319
-0.09786885231733322
-0.09768988937139511
-0.09791288524866104
-0.09783414006233215
-0.09741149842739105
-0.09788588434457779
-0.0984000638127327
-0.09766585379838943
-0.09779039025306702
-0.0979497954249382
-0.09786734730005264
-0.0970689058303833
-0.09746752679347992
-0.09821247309446335
-0.09727917611598969
-0.09780228137969971
-0.09772802889347076
-0.09717229753732681
-0.09777577966451645
-0.09772571921348572
-0.09723462164402008
-0.0975450724363327
-0.09674899280071259
-0.09811074286699295
-0.09737367928028107
-0.09725254774093628
-0.09805016219615936
-0.09697260707616806
-0.0980813205242157
-0.09755213558673859
-0.0977911427617073
-0.0972403734922409
-0.09785737842321396
-0.09723484516143799
-0.09777071326971054
-0.09710917621850967
-0.09765497595071793
-0.09738775342702866
-0.09798410534858704
-0.09754693508148193
-0.09722815454006195
-0.09761413931846619
-0.09782300144433975
-0.09749649465084076
-0.09736575186252594
-0.09775911271572113
-0.09770258516073227
-0.09762990474700928
-0.09727753698825836
-0.09763451665639877
-0.09787967056035995
-0.0976155549287796
-0.09769491851329803
-0.09739656001329422
-0.09799497574567795
-0.09788693487644196
-0.09741140156984329
-0.09774680435657501
-0.09789103269577026
-0.09794557094573975
-0.09791988134384155
-0.09786354750394821
-0.09795384109020233
53.953590393066406
168.80885314941406
226.11764526367188
150.91554260253906
95.87162780761719
142.83657836914062
149.05726623535156
110.23680114746094
112.70075988769531
115.13825988769531
107.2872314453125
110.06217193603516
115.64967346191406
113.55979919433594
119.77056884765625
127.15035247802734
130.12149047851562
135.40771484375
139.3080596923828
143.32261657714844
148.7604217529297
155.18624877929688
160.5943603515625
166.3768310546875
169.79855346679688
172.5862579345703
178.10824584960938
182.10556030273438
188.367919921875
195.4759063720703
199.87936401367188
205.29345703125
208.17990112304688
212.21859741210938
216.8233642578125
219.66171264648438
221.4988555908203
223.2395477294922
222.29379272460938
221.9951629638672
225.5891571044922
229.8983917236328
229.64309692382812
226.31356811523438
226.1890106201172
226.42236328125
224.3589630126953
228.93203735351562
234.2014617919922
230.7472686767578
228.7366485595703
229.5888671875
227.3748321533203
227.0640106201172
227.4198760986328
226.8533935546875
227.65182495117188
229.85403442382812
229.7308349609375
228.06430053710938
229.30056762695312
228.6547393798828
227.9493408203125
229.73898315429688
228.24697875976562
228.57662963867188
229.7924041748047
228.96609497070312
229.7437744140625
229.9089813232422
229.781494140625
230.617431640625
230.6756591796875
230.85067749023438
231.0230255126953
231.568603515625
230.8816375732422
231.4835205078125
232.00341796875
232.0458984375
232.2639923095703
232.47726440429688
232.6333465576172
233.36865234375
233.3378143310547
233.2091522216797
233.6611785888672
233.638671875
233.56216430664062
234.73764038085938
234.09140014648438
234.6658935546875
234.5264434814453
235.0186004638672
235.1045379638672
235.3355255126953
235.2897491455078
235.71286010742188
236.31582641601562
235.40902709960938
235.7412109375
227.48855590820312
185.39488220214844
31.317474365234375
-0.09548401832580566
-0.09940274059772491
-0.09577861428260803
-0.09917855262756348
-0.09747394919395447
-0.09655128419399261
-0.09811084717512131
-0.09706790745258331
-0.09770286828279495
-0.09775156527757645
-0.09750790894031525
-0.09757529199123383
-0.09834983944892883
-0.09745114296674728
-0.09761927276849747
-0.09768135845661163
-0.0977289080619812
-0.0979735255241394
-0.09776478260755539
-0.09753729403018951
-0.09804470092058182
-0.0979551151394844
-0.09811116755008698
-0.09787947684526443
-0.09815698862075806
-0.09721456468105316
-0.097963348031044
-0.09829054027795792
-0.09826166927814484
-0.09768814593553543
-0.09766607731580734
-0.09781144559383392
-0.09791944175958633
-0.09758166968822479
-0.09813366830348969
-0.097694531083107
-0.09790348261594772
-0.09686318784952164
-0.09835486114025116
-0.09808148443698883
-0.09770335257053375
-0.09761877357959747
-0.09861674904823303
-0.09736798703670502
-0.09755709767341614
-0.09763647615909576
-0.09806155413389206
-0.09761954098939896
-0.09742344915866852
-0.0977405458688736
-0.09768132865428925
-0.0979672223329544
-0.09745817631483078
-0.09716460108757019
-0.09786242991685867
-0.09739603847265244
-0.09711332619190216
-0.09827645123004913
-0.09724955260753632
-0.09755439311265945
-0.0976976752281189
-0.09779919683933258
-0.09812267869710922
-0.09697142243385315
-0.0975373387336731
-0.09759026765823364
-0.09756697714328766
-0.09782661497592926
-0.09716962277889252
-0.09800028800964355
-0.09758736193180084
-0.0972786396741867
-0.09762696176767349
-0.09751743078231812
-0.09719429165124893
-0.09751946479082108
-0.09756042063236237
-0.09763914346694946
-0.09757062047719955
-0.09779755771160126
-0.09772557020187378
-0.09738897532224655
-0.0980406403541565
-0.09777610749006271
-0.09796570986509323
-0.09762409329414368
-0.09748944640159607
-0.09790890663862228
-0.0972721055150032
-0.09843035787343979
-0.09829811751842499
-0.09742414951324463
-0.0977223664522171
-0.09809835255146027
-0.09835492074489594
-0.09805268794298172
31.268091201782227
147.40545654296875
209.6154022216797
137.80514526367188
88.50115966796875
139.42247009277344
144.06991577148438
114.70062255859375
124.32749938964844
128.91334533691406
119.46565246582031
122.86978912353516
125.1935043334961
126.2708740234375
131.76779174804688
135.02366638183594
137.32040405273438
141.21824645996094
146.7547149658203
149.7126922607422
154.01205444335938
157.28311157226562
161.80593872070312
168.19717407226562
173.76187133789062
178.82530212402344
182.94366455078125
187.5018768310547
190.51815795898438
195.85223388671875
201.7576904296875
207.0550994873047
213.87887573242188
217.55532836914062
221.72470092773438
221.5490264892578
219.21786499023438
220.5006866455078
219.613037109375
219.93798828125
227.2141571044922
231.70413208007812
229.35888671875
225.2152862548828
224.6300048828125
224.30728149414062
223.7294921875
231.25732421875
237.7538604736328
232.80126953125
229.57876586914062
228.8762969970703
226.27493286132812
226.3796844482422
225.77066040039062
226.4506378173828
232.6286163330078
238.8942108154297
235.5499267578125
230.16098022460938
230.2490997314453
228.73739624023438
227.50839233398438
227.90798950195312
227.5972900390625
228.8953857421875
230.6907958984375
231.81576538085938
233.8400421142578
234.105712890625
233.26626586914062
234.5692901611328
233.5766143798828
232.68716430664062
231.96170043945312
230.0588836669922
228.4066619873047
228.7606658935547
227.1792755126953
227.5749053955078
228.23471069335938
229.06887817382812
230.37680053710938
231.07058715820312
233.1733856201172
233.55712890625
235.0349578857422
235.14425659179688
235.79031372070312
235.6665496826172
235.62374877929688
236.27099609375
236.1898956298828
236.8367156982422
237.06143188476562
237.3766632080078
237.1450958251953
237.5752410888672
236.53173828125
235.7067108154297
234.6191864013672
226.70559692382812
183.35403442382812
30.387943267822266
-0.09544868767261505
-0.09939597547054291
-0.09577737748622894
-0.0991869643330574
-0.09758511930704117
-0.09677060693502426
-0.09788905084133148
-0.09756119549274445
-0.09692172706127167
-0.09845011681318283
-0.09751781821250916
-0.09719766676425934
-0.09863655269145966
-0.0974452793598175
-0.09755983203649521
-0.09792822599411011
-0.09781528264284134
-0.09790186583995819
-0.09756322205066681
-0.09820342063903809
-0.09766358137130737
-0.0980711579322815
-0.09779614210128784
-0.09799391776323318
-0.09812740981578827
-0.09698595106601715
-0.09760117530822754
-0.09882105886936188
-0.09781869500875473
-0.09775563329458237
-0.0981692224740982
-0.09761541336774826
-0.09760601818561554
-0.09818728268146515
-0.0974387526512146
-0.09826216846704483
-0.09775352478027344
-0.09695226699113846
-0.0980272963643074
-0.09876952320337296
-0.0974913164973259
-0.0973774790763855
-0.0978507250547409
-0.09801287949085236
-0.0975973904132843
-0.09809178858995438
-0.0971899926662445
-0.09762881696224213
-0.09785697609186172
-0.09763476252555847
-0.09743164479732513
-0.09790255129337311
-0.09737604111433029
-0.09736742079257965
-0.09818295389413834
-0.0973140224814415
-0.0971633568406105
-0.09856867790222168
-0.09677736461162567
-0.09756258130073547
-0.09808759391307831
-0.09680403023958206
-0.09749563038349152
-0.09728403389453888
-0.09756965190172195
-0.09740568697452545
-0.09776347875595093
-0.09731380641460419
-0.09731598198413849
-0.09762740880250931
-0.09697452187538147
-0.09783867746591568
-0.09759227186441422
-0.09726466983556747
-0.09730475395917892
-0.09797551482915878
-0.09779990464448929
-0.09726682305335999
-0.09766493737697601
-0.09761029481887817
-0.0977875143289566
-0.09744744002819061
-0.09735540300607681
-0.09819881618022919
-0.09740518778562546
-0.09756071865558624
-0.09770164638757706
-0.09797607362270355
-0.09760135412216187
-0.09797660261392593
-0.09749814867973328
-0.09807635843753815
-0.09808216243982315
-0.09780232608318329
-0.09789479523897171
-0.09803091734647751
22.448986053466797
137.72767639160156
221.5920867919922
182.74856567382812
140.2022705078125
131.59263610839844
124.7468032836914
115.97224426269531
115.27020263671875
114.45014953613281
113.36155700683594
118.22867584228516
120.37907409667969
122.9574966430664
128.1514434814453
131.1378631591797
133.94024658203125
138.88648986816406
142.6862030029297
146.51512145996094
153.22332763671875
158.60836791992188
163.25071716308594
167.53221130371094
169.17051696777344
174.37680053710938
180.0022735595703
184.43948364257812
192.0084228515625
197.14584350585938
201.38192749023438
205.50668334960938
209.7247772216797
213.52456665039062
219.2606201171875
222.4007110595703
221.83786010742188
223.8729705810547
222.6018524169922
219.87588500976562
223.55191040039062
231.3226318359375
231.0101318359375
226.9629669189453
228.17410278320312
227.2474365234375
223.05093383789062
227.8206024169922
235.59817504882812
234.6182098388672
230.94686889648438
232.66244506835938
230.51565551757812
227.2345733642578
226.9422607421875
224.8621368408203
229.2983856201172
237.7484130859375
235.25460815429688
231.8326873779297
233.82626342773438
234.3455047607422
233.51998901367188
232.94631958007812
230.7663116455078
229.6457977294922
227.16061401367188
226.64456176757812
227.8874969482422
227.7010498046875
229.46908569335938
230.4093475341797
231.5382537841797
233.52749633789062
235.241455078125
235.06887817382812
235.7344970703125
235.48876953125
235.5970458984375
235.1248779296875
235.3925323486328
233.703369140625
233.2697296142578
232.22457885742188
231.1933135986328
230.9460906982422
230.13748168945312
229.94802856445312
229.7268829345703
230.0711669921875
229.7553253173828
230.2762908935547
230.7759246826172
230.39254760742188
230.94528198242188
231.36398315429688
231.79104614257812
231.7895050048828
232.907470703125
233.82077026367188
234.5467071533203
228.61294555664062
190.3450927734375
38.144752502441406
-0.0956706553697586
-0.09943513572216034
-0.09583625197410583
-0.09843754023313522
-0.09815770387649536
-0.09685074537992477
-0.09768219292163849
-0.09735919535160065
-0.0976557657122612
-0.09808630496263504
-0.09757749736309052
-0.09754146635532379
-0.09798236191272736
-0.09779353439807892
-0.09799513220787048
-0.09761395305395126
-0.09725069999694824
-0.09808923304080963
-0.09822319447994232
-0.09743083268404007
-0.09747357666492462
-0.09772054851055145
-0.09821384400129318
-0.09804639965295792
-0.0979958176612854
-0.09726819396018982
-0.09751938283443451
-0.09848390519618988
-0.09820755571126938
-0.09780137240886688
-0.0978424996137619
-0.09790976345539093
-0.09769951552152634
-0.09795253723859787
-0.09749196469783783
-0.0978022962808609
-0.09802541881799698
-0.09785909950733185
-0.09809835255146027
-0.09743593633174896
-0.09749901294708252
-0.09812454879283905
-0.09768856316804886
-0.09766145050525665
-0.09765595197677612
-0.0974937453866005
-0.09777342528104782
-0.0973922461271286
-0.09733778983354568
-0.0980818122625351
-0.09690481424331665
-0.09804077446460724
-0.0976029485464096
-0.09738411009311676
-0.09766092151403427
-0.09724996238946915
-0.09684590995311737
-0.09791640937328339
-0.09774848073720932
-0.09765449166297913
-0.09743591398000717
-0.0975944921374321
-0.09755057841539383
-0.09757686406373978
-0.09760682284832001
-0.09730551391839981
-0.09734344482421875
-0.09797723591327667
-0.09689386934041977
-0.09772618860006332
-0.09725391864776611
-0.09764306992292404
-0.0973907932639122
-0.09736702591180801
-0.09713530540466309
-0.09813834726810455
-0.0971481129527092
-0.09704915434122086
-0.09789884090423584
-0.09747099131345749
-0.09796074777841568
-0.09789831936359406
-0.09741146862506866
-0.09704652428627014
-0.09822310507297516
-0.09834153950214386
-0.09737108647823334
-0.09748170524835587
-0.09804518520832062
-0.09769965708255768
-0.09788690507411957
-0.09772460907697678
-0.09833110123872757
-0.09756015986204147
-0.0976085513830185
-0.09841950982809067
53.21728515625
167.78097534179688
224.14205932617188
151.17495727539062
97.9219741821289
151.34669494628906
153.02114868164062
122.3333969116211
123.36683654785156
124.50435638427734
116.57756042480469
119.1615219116211
122.9496841430664
122.11201477050781
128.7263946533203
133.45883178710938
136.2947235107422
142.6085968017578
146.3446044921875
149.8032684326172
154.0689239501953
159.83047485351562
165.85098266601562
171.27188110351562
176.347900390625
180.39407348632812
184.27993774414062
188.1116485595703
193.11837768554688
199.8997039794922
205.41867065429688
212.1173858642578
216.72903442382812
219.7618865966797
223.1464080810547
223.8653106689453
221.95352172851562
222.84814453125
222.3273162841797
221.8625946044922
225.03121948242188
228.9834747314453
228.8995819091797
225.75711059570312
226.171875
225.65042114257812
224.7083282470703
228.9074249267578
233.87796020507812
231.1284942626953
228.7824249267578
229.31723022460938
227.59432983398438
227.02963256835938
227.20169067382812
227.01492309570312
230.8320770263672
235.84750366210938
235.46435546875
230.5260772705078
231.88333129882812
230.5720672607422
229.7069091796875
230.0515899658203
228.8806610107422
229.6320037841797
229.71926879882812
229.36099243164062
230.2072296142578
229.973388671875
229.94058227539062
230.289306640625
230.5498809814453
231.4349365234375
230.80142211914062
231.7294921875
231.34732055664062
231.9355926513672
231.6065673828125
232.1067352294922
232.3963623046875
232.29843139648438
232.9169464111328
232.97555541992188
233.0744171142578
233.13070678710938
233.4474334716797
233.9179229736328
233.78335571289062
234.2427215576172
234.37973022460938
234.45889282226562
234.83724975585938
234.736083984375
235.1886444091797
235.0677947998047
235.27310180664062
235.8430938720703
236.0172882080078
236.2361297607422
235.43887329101562
228.2978515625
186.27035522460938
32.83357620239258
-0.09548436105251312
-0.09955944120883942
-0.09559763967990875
-0.0993233323097229
-0.09754367917776108
-0.09657774865627289
-0.09792755544185638
-0.09737779945135117
-0.09746821224689484
-0.09805285930633545
-0.09719915688037872
-0.097679004073143
-0.09833894670009613
-0.09770151972770691
-0.09764603525400162
-0.09796455502510071
-0.09770505130290985
-0.09743233025074005
-0.09797339886426926
-0.09813568741083145
-0.0976242646574974
-0.09774156659841537
-0.0979231745004654
-0.09797060489654541
-0.09785514324903488
-0.09704552590847015
-0.09791921079158783
-0.09819217026233673
-0.09805934876203537
-0.09805022925138474
-0.09784667938947678
-0.09789936244487762
-0.0973808616399765
-0.0978442057967186
-0.0978422611951828
-0.0979672223329544
-0.09803248941898346
-0.0968858152627945
-0.09785521030426025
-0.09834393858909607
-0.09760107100009918
-0.09733827412128448
-0.09810712188482285
-0.09791365265846252
-0.09754103422164917
-0.09757192432880402
-0.097645603120327
-0.09744563698768616
-0.0977710485458374
-0.0982411727309227
-0.09752390533685684
-0.09748902171850204
-0.09775858372449875
-0.09697622060775757
-0.09792346507310867
-0.09769755601882935
-0.09752349555492401
-0.09762483835220337
-0.09764660894870758
-0.09741589426994324
-0.09783292561769485
-0.09728794544935226
-0.09774059802293777
-0.09716290980577469
-0.09764162451028824
-0.0972004309296608
-0.09756829589605331
-0.09765030443668365
-0.09756356477737427
-0.09744663536548615
-0.09753309190273285
-0.09720388799905777
-0.09775830805301666
-0.09739608317613602
-0.09785543382167816
-0.09704578667879105
-0.09778702259063721
-0.09745335578918457
-0.09745196998119354
-0.09781753271818161
-0.09801172465085983
-0.09814687073230743
-0.09701073169708252
-0.09757905453443527
-0.09778319299221039
-0.0977247804403305
-0.0977892056107521
-0.0973515659570694
-0.09786928445100784
-0.09795316308736801
-0.0979984924197197
-0.0972805917263031
-0.0985272228717804
-0.09805794060230255
-0.09760089218616486
-0.0981949120759964
22.670133590698242
137.53271484375
212.9496307373047
156.59725952148438
111.54569244384766
107.10819244384766
97.98530578613281
90.50704193115234
92.81249237060547
91.7876968383789
92.56881713867188
98.06367492675781
101.48041534423828
106.26783752441406
111.55875396728516
115.44865417480469
120.28263092041016
123.6740951538086
128.90687561035156
133.63723754882812
139.54725646972656
146.24874877929688
151.178466796875
155.31143188476562
157.3720703125
163.78768920898438
167.91392517089844
173.3985595703125
181.3694610595703
186.27987670898438
190.4352264404297
195.29067993164062
198.9746856689453
202.93978881835938
209.92440795898438
214.8123016357422
219.5238037109375
219.8585205078125
219.34274291992188
222.92752075195312
226.93032836914062
227.4158477783203
224.5425567626953
225.19778442382812
224.7999725341797
224.1069793701172
228.4171142578125
232.90914916992188
231.3892364501953
228.61953735351562
228.8350372314453
227.7941436767578
226.35580444335938
227.08712768554688
226.9454803466797
226.7985382080078
229.06777954101562
228.54806518554688
228.2511444091797
229.0428009033203
227.62649536132812
228.8755340576172
228.2003173828125
228.1613006591797
229.14480590820312
228.8933563232422
228.6993865966797
229.5860595703125
229.4716339111328
230.2378692626953
230.218017578125
230.2224884033203
230.14688110351562
231.03561401367188
230.9811553955078
231.26931762695312
231.46951293945312
231.37075805664062
231.86865234375
232.0089874267578
232.0949249267578
232.7763214111328
232.42910766601562
232.71005249023438
233.7235107421875
233.1739501953125
233.036865234375
234.40841674804688
233.58297729492188
233.902587890625
234.5916290283203
234.3138427734375
234.9177703857422
235.1756591796875
234.72122192382812
235.45132446289062
235.25070190429688
235.7013397216797
235.802978515625
236.0292205810547
235.2920684814453
227.76284790039062
184.0560760498047
31.12020492553711
-0.09536206722259521
-0.09941064566373825
-0.0958925113081932
-0.09919429570436478
-0.09741128981113434
-0.09684658795595169
-0.09755933284759521
-0.09753642231225967
-0.0976463183760643
-0.09779240936040878
-0.09750252217054367
-0.09774088114500046
-0.0978851467370987
-0.09760225564241409
-0.09816088527441025
-0.09804093092679977
-0.09734535217285156
-0.09801481664180756
-0.09761259704828262
-0.09774918854236603
-0.09782280772924423
-0.09775024652481079
-0.0975293442606926
-0.09794585406780243
-0.09820189327001572
-0.09764069318771362
-0.09780961275100708
-0.09775151312351227
-0.09821577370166779
-0.0980268120765686
-0.09751902520656586
-0.09766913950443268
-0.0971873328089714
-0.09818489849567413
-0.09756560623645782
-0.09791339933872223
-0.0976669043302536
-0.09730656445026398
-0.09811443835496902
-0.09783484041690826
-0.09696131199598312
-0.09798554331064224
-0.09800340235233307
-0.09763412177562714
-0.09754987806081772
-0.09768250584602356
-0.09744755923748016
-0.09729874134063721
-0.09738613665103912
-0.09838192909955978
-0.09730925410985947
-0.09770093113183975
-0.09743744134902954
-0.09741617739200592
-0.09731408208608627
-0.09777527302503586
-0.09764961898326874
-0.09791535139083862
-0.09739821404218674
-0.09726883471012115
-0.09791036695241928
-0.09764951467514038
-0.0973944440484047
-0.09695872664451599
-0.0976419523358345
-0.09707994014024734
-0.0974816381931305
-0.0976533442735672
-0.09735410660505295
-0.09745755791664124
-0.09755514562129974
-0.09707478433847427
-0.09792433679103851
-0.0973215326666832
-0.09791161864995956
-0.09775048494338989
-0.09749804437160492
-0.09780286997556686
-0.09798457473516464
-0.09730450809001923
-0.09747800976037979
-0.09794403612613678
-0.09749306738376617
-0.0979267954826355
-0.09717028588056564
-0.09763982892036438
-0.09816960245370865
-0.09819258749485016
-0.09761985391378403
-0.09742005169391632
-0.09826777875423431
-0.09793003648519516
-0.09802229702472687
-0.09778804332017899
-0.0980648547410965
-0.09766418486833572
53.264617919921875
169.5025634765625
225.10739135742188
150.6874542236328
91.8118667602539
133.7283477783203
136.53318786621094
107.91575622558594
116.09228515625
118.87300872802734
110.2056884765625
113.59944915771484
116.1114730834961
117.03407287597656
123.69915771484375
125.9945297241211
126.7997817993164
132.86148071289062
137.67422485351562
141.90965270996094
145.81109619140625
148.09158325195312
153.15159606933594
158.91070556640625
164.14039611816406
170.5533905029297
175.77786254882812
178.69029235839844
182.59530639648438
187.9677734375
191.61843872070312
198.61170959472656
205.1753692626953
210.269287109375
215.319091796875
218.64852905273438
222.72232055664062
224.2284698486328
219.61398315429688
221.74819946289062
223.4424285888672
223.1531524658203
229.0759735107422
234.4110870361328
230.7814483642578
226.82919311523438
225.8302459716797
225.38442993164062
224.9076690673828
232.4664764404297
239.4003143310547
234.1319580078125
229.6007080078125
229.4867401123047
226.48147583007812
225.90048217773438
225.8904571533203
225.240234375
227.2335662841797
228.4840545654297
230.4130859375
232.6457977294922
232.25204467773438
230.03939819335938
229.8636474609375
229.12197875976562
229.05270385742188
229.1773223876953
228.84463500976562
228.73654174804688
228.92965698242188
229.9508819580078
230.4956817626953
231.8441925048828
231.70223999023438
232.953125
233.0768280029297
232.8965301513672
233.31649780273438
232.5912628173828
232.6546173095703
232.4848175048828
233.5797119140625
232.870849609375
232.6855926513672
233.6020965576172
233.9525604248047
233.50967407226562
234.41183471679688
234.1489715576172
234.3927459716797
235.4700469970703
234.8422393798828
235.87295532226562
235.72988891601562
236.02767944335938
236.9093780517578
235.8034210205078
236.46694946289062
236.65060424804688
235.7161102294922
227.547607421875
183.8990478515625
31.41229820251465
-0.09538470953702927
-0.09932547807693481
-0.09564940631389618
-0.09909813851118088
-0.09795364737510681
-0.09667400270700455
-0.09762859344482422
-0.09746397286653519
-0.09734346717596054
-0.09805865585803986
-0.09740100055932999
-0.09750077873468399
-0.09832334518432617
-0.0978127121925354
-0.09760934859514236
-0.09805526584386826
-0.09721888601779938
-0.09776517003774643
-0.09804047644138336
-0.09792168438434601
-0.09804079681634903
-0.09783835709095001
-0.09758341312408447
-0.09798525273799896
-0.0981639176607132
-0.09765560179948807
-0.09771034121513367
-0.09853141009807587
-0.09729018062353134
-0.09800834208726883
-0.09736991673707962
-0.09816747903823853
-0.09808249771595001
-0.09783049672842026
-0.09810999780893326
-0.09760482609272003
-0.09769314527511597
-0.09802104532718658
-0.0978500172495842
-0.09777313470840454
-0.09742818027734756
-0.09767766296863556
-0.09803833067417145
-0.09704840928316116
-0.09792985022068024
-0.09750133752822876
-0.09778028726577759
-0.0979873389005661
-0.09733263403177261
-0.09777660667896271
-0.09754295647144318
-0.0971718579530716
-0.09822717308998108
-0.09682302922010422
-0.09756595641374588
-0.09751011431217194
-0.09736394137144089
-0.09796241670846939
-0.09759953618049622
-0.09777309000492096
-0.09731700271368027
-0.09719928354024887
-0.09794366359710693
-0.09715427458286285
-0.09756520390510559
-0.09766922146081924
-0.09761178493499756
-0.09777567535638809
-0.09675800055265427
-0.09745578467845917
-0.09790890663862228
-0.09705504775047302
-0.09810246527194977
-0.09732414036989212
-0.09734597057104111
-0.09781552851200104
-0.09768451750278473
-0.09759967029094696
-0.09782866388559341
-0.09765388071537018
-0.0975133627653122
-0.09784034639596939
-0.09722089022397995
-0.09770815074443817
-0.09848997741937637
-0.09698070585727692
-0.0983542799949646
-0.09737013280391693
-0.09792136400938034
-0.09816308319568634
-0.09712092578411102
-0.09777292609214783
-0.09840251505374908
-0.0977286845445633
-0.097975954413414
-0.09795310348272324
53.93951416015625
169.60646057128906
225.48214721679688
149.85653686523438
93.44955444335938
143.95626831054688
149.6635284423828
110.5395736694336
112.4488754272461
115.92803955078125
106.98734283447266
112.011474609375
116.94169616699219
115.47764587402344
124.4254150390625
127.46285247802734
130.65843200683594
137.3873291015625
140.4261932373047
144.67837524414062
149.09268188476562
153.8947296142578
160.58053588867188
166.65756225585938
171.78091430664062
175.60745239257812
180.11859130859375
183.26620483398438
188.86708068847656
195.83055114746094
200.52476501464844
207.1855926513672
211.802001953125
215.01760864257812
217.9469757080078
220.55776977539062
219.9215087890625
222.2116241455078
221.98898315429688
221.2650909423828
224.3968048095703
228.45895385742188
228.59481811523438
225.9462127685547
225.97705078125
225.26174926757812
224.5310821533203
229.30130004882812
233.9381103515625
231.09774780273438
228.4966583251953
229.52255249023438
227.9971466064453
227.1883087158203
226.95639038085938
227.0380401611328
227.4239044189453
228.5350799560547
229.013916015625
228.0400390625
228.8701171875
228.18374633789062
228.92056274414062
228.51571655273438
228.467529296875
228.50613403320312
229.02444458007812
229.2671356201172
230.51718139648438
230.099609375
229.6614227294922
230.4525604248047
230.42770385742188
230.5192108154297
231.079833984375
231.2609100341797
231.7685546875
231.4713592529297
231.9501190185547
231.83151245117188
232.4899139404297
232.3540802001953
232.96792602539062
232.89285278320312
233.255126953125
233.2638397216797
233.2841796875
233.7896728515625
233.96896362304688
233.9437255859375
234.42935180664062
235.2971649169922
234.74264526367188
234.5756378173828
235.26077270507812
234.8457794189453
235.1126251220703
235.9274444580078
235.46707153320312
236.0296630859375
236.228759765625
228.67367553710938
186.87673950195312
33.10466766357422
-0.09531064331531525
-0.09947532415390015
-0.09539613127708435
-0.09870882332324982
-0.09754034876823425
-0.09725774824619293
-0.09744071960449219
-0.09733270108699799
-0.0975555032491684
-0.09811662882566452
-0.0973043441772461
-0.09726487100124359
-0.09831941872835159
-0.0978330597281456
-0.09731264412403107
-0.09826445579528809
-0.09763035923242569
-0.09760810434818268
-0.09749484062194824
-0.09815150499343872
-0.09763464331626892
-0.09788890928030014
-0.0975552499294281
-0.09856966882944107
-0.09771370887756348
-0.09739585220813751
-0.09769713878631592
-0.09823388606309891
-0.09802545607089996
-0.09803423285484314
-0.09751680493354797
-0.0977327972650528
-0.09773311764001846
-0.09809594601392746
-0.09727386385202408
-0.0981811136007309
-0.09772562235593796
-0.09717787802219391
-0.09821830689907074
-0.0981183871626854
-0.0974467396736145
-0.09774170070886612
-0.09782272577285767
-0.09750805050134659
-0.09736984968185425
-0.0976036861538887
-0.0977991446852684
-0.0979483351111412
-0.09761428833007812
-0.09798568487167358
-0.09754295647144318
-0.09795509278774261
-0.09710922092199326
-0.09736501425504684
-0.09789130836725235
-0.0974319726228714
-0.09730546921491623
-0.09763765335083008
-0.09720398485660553
-0.0977964773774147
-0.09722661226987839
-0.09727033227682114
-0.0984165221452713
-0.09715137630701065
-0.09759263694286346
-0.0977470651268959
-0.09705033153295517
-0.09806902706623077
-0.09730125963687897
-0.09735728800296783
-0.09743703901767731
-0.09731622785329819
-0.09786517918109894
-0.09746194630861282
-0.09735359251499176
-0.09779204428195953
-0.09749918431043625
-0.09754499793052673
-0.09745799005031586
-0.09714164584875107
-0.09800518304109573
-0.09780167043209076
-0.09756407886743546
-0.09755504876375198
-0.09798852354288101
-0.09727957099676132
-0.09800074249505997
-0.09732585400342941
-0.09803511202335358
-0.09786443412303925
-0.0976056233048439
-0.0979870855808258
-0.09795917570590973
-0.0978495329618454
-0.0976676344871521
-0.09779317677021027
22.464344024658203
136.48680114746094
201.87356567382812
135.88438415527344
91.07950592041016
133.47792053222656
132.65330505371094
105.36678314208984
113.2146224975586
114.35670471191406
106.90030670166016
114.5100326538086
117.29019927978516
117.64115142822266
125.46492767333984
126.81278228759766
131.09881591796875
137.71060180664062
141.15695190429688
145.6715087890625
149.3678741455078
154.6282958984375
161.2132568359375
166.68569946289062
171.7323455810547
175.63131713867188
180.260009765625
182.96286010742188
189.52099609375
195.50115966796875
200.75404357910156
206.71841430664062
210.54360961914062
213.93075561523438
217.5416717529297
215.1009979248047
216.10610961914062
223.03323364257812
229.07272338867188
229.41445922851562
224.30740356445312
221.83712768554688
223.2827911376953
223.1110076904297
228.2413787841797
237.1298828125
235.80825805664062
229.7715606689453
229.6207275390625
226.93093872070312
224.20846557617188
233.03469848632812
239.6953582763672
238.5634765625
236.5101318359375
237.26431274414062
234.1336669921875
229.6142120361328
228.15625
225.9387969970703
226.1112823486328
226.6028289794922
228.8470001220703
232.8279571533203
232.90737915039062
234.0150909423828
234.56185913085938
232.65866088867188
231.92568969726562
230.1180419921875
229.47109985351562
228.2685546875
227.22988891601562
227.51248168945312
226.5262451171875
227.08547973632812
227.44873046875
228.37557983398438
229.46939086914062
232.3881378173828
232.71609497070312
234.1288604736328
234.8843994140625
236.08407592773438
237.26882934570312
237.1269989013672
236.6336669921875
237.9999542236328
239.0026092529297
238.58499145507812
238.33688354492188
238.7443389892578
238.41915893554688
238.4364776611328
238.1090850830078
238.1044464111328
238.31118774414062
236.27938842773438
236.86279296875
235.6852264404297
236.3538055419922
228.2289276123047
185.03598022460938
31.432861328125
-0.09520155191421509
-0.09978289902210236
-0.09542012959718704
-0.09883113950490952
-0.09784005582332611
-0.09666909277439117
-0.09777183085680008
-0.09762923419475555
-0.09741339832544327
-0.09780099242925644
-0.09761781990528107
-0.0973457545042038
-0.09867550432682037
-0.09744416177272797
-0.09725427627563477
-0.09781420975923538
-0.09784932434558868
-0.09741316735744476
-0.09804092347621918
-0.09791528433561325
-0.09745405614376068
-0.09777112305164337
-0.09797924011945724
-0.09800827503204346
-0.09798772633075714
-0.09737257659435272
-0.09744185954332352
-0.09841755032539368
-0.09818024933338165
-0.09748856723308563
-0.09818293899297714
-0.09783434867858887
-0.09738019108772278
-0.09786303341388702
-0.09776266664266586
-0.0980488508939743
-0.09800172597169876
-0.09731441736221313
-0.09794517606496811
-0.09789116680622101
-0.09739355742931366
-0.09797545522451401
-0.0981377512216568
-0.09751378744840622
-0.09740245342254639
-0.0976242795586586
-0.09768398106098175
-0.0976780503988266
-0.09771506488323212
-0.09767122566699982
-0.09750868380069733
-0.09749690443277359
-0.09804391115903854
-0.09700548648834229
-0.09753598272800446
-0.09733853489160538
-0.09717241674661636
-0.09750226140022278
-0.09791186451911926
-0.09784925729036331
-0.09725198894739151
-0.09690526127815247
-0.09812479466199875
-0.09775643795728683
-0.09778043627738953
-0.09769108146429062
-0.09690281003713608
-0.09751968085765839
-0.09745235741138458
-0.09826109558343887
-0.09758614003658295
-0.0964391678571701
-0.09754768759012222
-0.09750570356845856
-0.09755249321460724
-0.09736520051956177
-0.09772618114948273
-0.09763307124376297
-0.09763826429843903
-0.09795205295085907
-0.09775898605585098
-0.09775694459676743
-0.09758149087429047
-0.09713183343410492
-0.09828098118305206
-0.09763208776712418
-0.09808923304080963
-0.0984058529138565
-0.09744025766849518
-0.09743909537792206
-0.09805800020694733
-0.09758417308330536
-0.09837306290864944
-0.09831281751394272
-0.09756495803594589
-0.09751252830028534
53.80278396606445
170.37869262695312
245.6307373046875
198.62429809570312
145.37965393066406
132.92233276367188
126.64436340332031
116.1744613647461
113.41934967041016
112.37208557128906
109.84016418457031
113.9001693725586
115.6209716796875
116.2193832397461
121.33331298828125
124.4352798461914
128.63690185546875
133.569091796875
137.9835205078125
139.24752807617188
146.23239135742188
151.31549072265625
155.24234008789062
160.68942260742188
163.7635498046875
168.0728302001953
173.93704223632812
179.79856872558594
185.63734436035156
192.05587768554688
196.8958740234375
200.5206756591797
204.8399658203125
208.41806030273438
212.83847045898438
214.98046875
217.36416625976562
224.3095703125
230.0598602294922
228.8556365966797
225.74911499023438
224.97525024414062
222.44009399414062
221.48330688476562
223.83200073242188
224.38412475585938
226.9381866455078
233.0229034423828
232.1719970703125
226.3990478515625
226.187744140625
225.5367889404297
224.01016235351562
227.3821563720703
229.77944946289062
229.80105590820312
230.8678436279297
228.9900360107422
226.253173828125
225.0933074951172
224.3054656982422
223.83035278320312
226.46640014648438
228.20077514648438
231.39682006835938
235.54983520507812
235.76754760742188
235.98159790039062
235.57308959960938
234.15988159179688
232.4710693359375
230.328857421875
228.53250122070312
227.59262084960938
226.3030242919922
225.3899688720703
225.35824584960938
225.4845428466797
226.95053100585938
228.8385467529297
229.88082885742188
230.41256713867188
231.7090606689453
231.503173828125
232.73458862304688
234.25503540039062
233.58432006835938
234.8402557373047
235.79745483398438
235.56393432617188
236.0735626220703
236.3634033203125
236.56118774414062
237.1532440185547
237.1463165283203
237.1285400390625
237.85513305664062
237.0406951904297
236.7705078125
236.74032592773438
235.7516326904297
227.9305877685547
184.44027709960938
30.568979263305664
-0.09531964361667633
-0.09943492710590363
-0.09550140053033829
-0.09916216135025024
-0.09766243398189545
-0.09657828509807587
-0.09809716790914536
-0.09713415056467056
-0.09706084430217743
-0.09823156148195267
-0.09732196480035782
-0.09722945839166641
-0.09832434356212616
-0.09750453382730484
-0.09767786413431168
-0.09763345867395401
-0.09727950394153595
-0.09775637090206146
-0.0979098305106163
-0.09747719019651413
-0.09801533818244934
-0.09761522710323334
-0.09823119640350342
-0.09755130857229233
-0.09799328446388245
-0.09737458825111389
-0.09767206013202667
-0.09794578701257706
-0.09848721325397491
-0.09769902378320694
-0.09775818884372711
-0.09783290326595306
-0.09762481600046158
-0.09723076224327087
-0.09811973571777344
-0.09808291494846344
-0.097743920981884
-0.09680680930614471
-0.09784287214279175
-0.09867311269044876
-0.09724341332912445
-0.09759820997714996
-0.09836693853139877
-0.09744282066822052
-0.0970018059015274
-0.09777462482452393
-0.0977008268237114
-0.0975259393453598
-0.09746406227350235
-0.09770773351192474
-0.09745585918426514
-0.09769997000694275
-0.09769334644079208
-0.09708225727081299
-0.09803901612758636
-0.09738171845674515
-0.09700651466846466
-0.09819042682647705
-0.0969281941652298
-0.09743889421224594
-0.09791417419910431
-0.0969860702753067
-0.09766264259815216
-0.09728142619132996
-0.09690801799297333
-0.09828551113605499
-0.09709008783102036
-0.09769579023122787
-0.09749321639537811
-0.09713305532932281
-0.09740161150693893
-0.09794451296329498
-0.09746178239583969
-0.09739399701356888
-0.09806214272975922
-0.09718255698680878
-0.09767399728298187
-0.09751632809638977
-0.09783922880887985
-0.0977080762386322
-0.09760450571775436
-0.0974091961979866
-0.0977882593870163
-0.09772919863462448
-0.09777524322271347
-0.0977412611246109
-0.09766987711191177
-0.09764434397220612
-0.09747864305973053
-0.0983952134847641
-0.09787395596504211
-0.09767463058233261
-0.09834851324558258
-0.09797002375125885
-0.09774743020534515
-0.09818180650472641
22.5364990234375
136.56997680664062
202.57174682617188
136.3715057373047
90.71881103515625
135.62086486816406
130.7896728515625
107.65422058105469
114.46644592285156
115.79815673828125
110.3210678100586
117.1832046508789
120.55073547363281
119.73347473144531
126.27345275878906
126.38850402832031
130.8008575439453
138.03140258789062
142.976806640625
146.45941162109375
151.35394287109375
156.5169219970703
160.2815399169922
166.63722229003906
173.23934936523438
177.02932739257812
181.4772491455078
183.81057739257812
189.2058868408203
194.0126190185547
199.76756286621094
206.52304077148438
212.52249145507812
216.4722900390625
220.3468017578125
224.97329711914062
228.1309814453125
229.2673797607422
227.50271606445312
227.2942352294922
225.5483856201172
223.8464813232422
224.4071502685547
225.06649780273438
225.14541625976562
229.37451171875
229.3098602294922
225.7880859375
225.1440887451172
223.5976104736328
221.9965057373047
228.5432891845703
236.67343139648438
236.12841796875
234.7417449951172
236.23095703125
232.7757568359375
229.1516876220703
227.74160766601562
224.30056762695312
223.98483276367188
225.9547882080078
227.2917022705078
232.10635375976562
233.4609832763672
233.2798614501953
234.4509735107422
232.8070526123047
230.2551727294922
228.8602294921875
226.6432342529297
224.78079223632812
224.0743865966797
224.17971801757812
225.3049774169922
226.53628540039062
228.2742156982422
230.7010955810547
232.5089874267578
233.0302276611328
235.35610961914062
236.61404418945312
238.3605499267578
239.4961395263672
239.604248046875
240.2135467529297
240.9832000732422
241.2236328125
240.9879150390625
242.0361328125
242.2388458251953
241.18984985351562
241.9192352294922
241.33145141601562
241.6345977783203
241.0874786376953
240.8665008544922
240.74081420898438
239.6660614013672
240.01962280273438
239.2012481689453
229.0180206298828
180.2281036376953
26.7039737701416
-0.09640251845121384
-0.0987970232963562
-0.09510607272386551
-0.09910746663808823
-0.09784674644470215
-0.09687072038650513
-0.09782280772924423
-0.09735368192195892
-0.0970480814576149
-0.09810083359479904
-0.09724678844213486
-0.09754596650600433
-0.09827163070440292
-0.09750091284513474
-0.09745333343744278
-0.09790928661823273
-0.09743645787239075
-0.09755341708660126
-0.09799902141094208
-0.09785840660333633
-0.09752301126718521
-0.09803506731987
-0.09807205200195312
-0.09737460315227509
-0.09811562299728394
-0.09825871139764786
-0.09765338152647018
-0.09790760278701782
-0.09801863133907318
-0.0979095920920372
-0.09789758920669556
-0.09772871434688568
-0.09672710299491882
-0.09837932884693146
-0.09859730303287506
-0.09745210409164429
-0.09751713275909424
-0.09812067449092865
-0.09810340404510498
-0.09749235957860947
-0.09744200855493546
-0.09768321365118027
-0.09781455248594284
-0.09740740060806274
-0.09817047417163849
-0.09772677719593048
-0.09757598489522934
-0.09780152142047882
-0.0972069725394249
-0.097845658659935
-0.09787313640117645
-0.09742505848407745
-0.09766658395528793
-0.09787161648273468
-0.09749320149421692
-0.09746061265468597
-0.09742653369903564
-0.09795796871185303
-0.09721853584051132
-0.09738384187221527
-0.09770040214061737
-0.09740736335515976
-0.09719152748584747
-0.09707113355398178
-0.09776253998279572
-0.09784254431724548
-0.09745658934116364
-0.0977497473359108
-0.09726540744304657
-0.09759319573640823
-0.09741967916488647
-0.09750352054834366
-0.09750083088874817
-0.09740877151489258
-0.09778925031423569
-0.09770946204662323
-0.09753994643688202
-0.09726011753082275
-0.09800199419260025
-0.09750840812921524
-0.0972089171409607
-0.09801505506038666
-0.09776385128498077
-0.09795896708965302
-0.0974857360124588
-0.09782381355762482
-0.09810321033000946
-0.09749212861061096
-0.09734375774860382
-0.09772444516420364
-0.09795739501714706
-0.09839415550231934
-0.09751713275909424
-0.09792761504650116
-0.09797854721546173
-0.09774523973464966
31.20005226135254
146.9478302001953
206.22061157226562
135.13778686523438
87.4719467163086
132.3584442138672
125.89483642578125
100.36329650878906
108.52420806884766
110.3287353515625
105.6645736694336
113.58403015136719
116.11483001708984
115.85543060302734
122.5564193725586
123.97586822509766
128.77682495117188
135.12991333007812
140.55795288085938
145.3638458251953
151.10606384277344
155.68646240234375
158.44627380371094
164.91122436523438
171.0934600830078
175.95887756347656
181.7055206298828
185.00144958496094
189.80130004882812
193.22274780273438
198.55654907226562
204.7056121826172
211.0470428466797
217.32241821289062
222.0020294189453
227.10195922851562
229.2321014404297
229.2384796142578
225.66806030273438
225.50289916992188
225.59243774414062
223.2940216064453
224.5806884765625
225.5644989013672
224.4122314453125
225.9013214111328
225.68893432617188
224.87954711914062
225.09634399414062
224.93222045898438
225.2372589111328
228.5279998779297
233.6718292236328
232.33670043945312
228.8431854248047
230.46725463867188
228.68923950195312
227.6822052001953
228.95010375976562
227.5082550048828
227.8110809326172
228.62197875976562
227.98989868164062
229.448974609375
229.5072021484375
228.81997680664062
229.8743896484375
229.45877075195312
229.6612091064453
230.0421600341797
230.2078399658203
230.51559448242188
230.67941284179688
230.38095092773438
231.25308227539062
230.7678985595703
231.48291015625
231.7001495361328
231.3803253173828
232.33407592773438
232.5967254638672
232.378173828125
232.7529296875
233.00796508789062
232.93527221679688
233.7710418701172
233.5142059326172
233.8192901611328
233.89730834960938
234.5314483642578
234.14401245117188
234.327880859375
234.6237030029297
235.04452514648438
235.076904296875
235.0417022705078
235.5382080078125
235.6184844970703
235.96875
235.9962921142578
235.5887451171875
227.6320037841797
185.65655517578125
32.42441940307617
-0.09529931843280792
-0.09958413243293762
-0.09545929729938507
-0.0990048199892044
-0.097533218562603
-0.09703963994979858
-0.09748987853527069
-0.09727679938077927
-0.09718608856201172
-0.09811419993638992
-0.09800578653812408
-0.09691990911960602
-0.09823589026927948
-0.097796730697155
-0.09751112759113312
-0.09769357740879059
-0.09806327521800995
-0.09751226007938385
-0.09758297353982925
-0.09768443554639816
-0.09767239540815353
-0.0979032889008522
-0.09753464162349701
-0.09822331368923187
-0.09777607023715973
-0.09739040583372116
-0.09799505770206451
-0.09773650765419006
-0.09795277565717697
-0.0977821797132492
-0.09804492443799973
-0.09734295308589935
-0.09733875095844269
-0.09827715903520584
-0.09766029566526413
-0.09786456823348999
-0.09784764051437378
-0.09728778898715973
-0.09769654273986816
-0.09768309444189072
-0.09732417017221451
-0.09818655252456665
-0.09792791306972504
-0.09712590277194977
-0.09781759232282639
-0.09766122698783875
-0.09771107882261276
-0.09770740568637848
-0.09700979292392731
-0.09780700504779816
-0.09809669107198715
-0.09755246341228485
-0.09735872596502304
-0.09747732430696487
-0.09714993834495544
-0.09746287763118744
-0.09747909009456635
-0.09721509367227554
-0.09711507707834244
-0.09802573919296265
-0.09751854091882706
-0.09742874652147293
-0.09794211387634277
-0.09728081524372101
-0.09725650399923325
-0.09783323109149933
-0.0971221849322319
-0.0976332426071167
-0.09722409397363663
-0.0974540263414383
-0.09781425446271896
-0.09705421328544617
-0.09763132035732269
-0.09804455190896988
-0.0974564403295517
-0.09746646136045456
-0.09752237796783447
-0.09747207164764404
-0.09735329449176788
-0.09785478562116623
-0.09757623821496964
-0.09775462001562119
-0.09797469526529312
-0.09717430174350739
-0.09742166101932526
-0.0977625772356987
-0.09797611087560654
-0.09744087606668472
-0.0980309396982193
-0.09737937897443771
-0.09791823476552963
-0.09829501807689667
-0.09755907952785492
-0.09811697155237198
-0.09799428284168243
-0.0975840613245964
31.22031021118164
147.90805053710938
208.16552734375
137.2313690185547
92.65218353271484
138.82083129882812
142.9403839111328
115.09505462646484
123.3267822265625
128.25669860839844
119.14106750488281
122.9329833984375
125.47105407714844
126.5340347290039
133.0513916015625
134.5066375732422
136.58790588378906
141.82911682128906
146.1353302001953
151.06065368652344
154.40504455566406
156.95042419433594
161.79513549804688
167.312255859375
172.85499572753906
178.86651611328125
183.58956909179688
187.00198364257812
190.01571655273438
195.68572998046875
201.0108642578125
207.4636688232422
213.5797576904297
217.453857421875
222.8035430908203
225.4927215576172
230.0765380859375
229.5112762451172
223.2311553955078
223.3872833251953
225.2030792236328
223.32882690429688
229.0126495361328
234.7273712158203
232.5430908203125
227.43453979492188
227.4425048828125
226.78976440429688
225.52664184570312
233.19595336914062
239.16195678710938
233.67581176757812
230.22998046875
230.3160858154297
228.6665802001953
228.7096405029297
229.1287384033203
227.7804718017578
228.74844360351562
227.442626953125
227.55224609375
230.38955688476562
229.7653045654297
228.5978546142578
229.0907440185547
228.9004669189453
229.0131072998047
230.028564453125
229.3219451904297
230.49252319335938
230.2282257080078
231.9298858642578
233.29367065429688
232.77786254882812
233.790283203125
233.7786865234375
233.34457397460938
233.950927734375
232.35421752929688
232.23678588867188
232.213623046875
231.33456420898438
231.2165069580078
231.5764923095703
232.2407989501953
232.5577850341797
233.2403106689453
233.2411651611328
233.460693359375
233.715087890625
233.9519500732422
234.322509765625
234.2311248779297
234.77822875976562
235.92236328125
235.7582244873047
235.2647705078125
235.9745635986328
235.8415069580078
236.03564453125
235.69955444335938
228.06228637695312
184.62655639648438
34.132015228271484
-0.0946999117732048
-0.09875717014074326
-0.0961456224322319
-0.09834042191505432
-0.09796462953090668
-0.09688682854175568
-0.0975770652294159
-0.09756990522146225
-0.09732981026172638
-0.09793630987405777
-0.09787939488887787
-0.09748464822769165
-0.09762652963399887
-0.0982244685292244
-0.09721207618713379
-0.09771519899368286
-0.09758870303630829
-0.09764692187309265
-0.09803540259599686
-0.09768445789813995
-0.0978170707821846
-0.09806610643863678
-0.09734921902418137
-0.09748305380344391
-0.09797963500022888
-0.09759031981229782
-0.09851597249507904
-0.09802870452404022
-0.09725149720907211
-0.09773342311382294
-0.09803493320941925
-0.09799452126026154
-0.09766454994678497
-0.09801342338323593
-0.09797932207584381
-0.09773926436901093
-0.09762726724147797
-0.09772925823926926
-0.09783636033535004
-0.09775052964687347
-0.09773679822683334
-0.0978064313530922
-0.0974082499742508
-0.09734891355037689
-0.09846607595682144
-0.09790421277284622
-0.09732677787542343
-0.09776894748210907
-0.097356878221035
-0.09762338548898697
-0.09779498726129532
-0.09726361930370331
-0.09771725535392761
-0.09730439633131027
-0.09766170382499695
-0.09721843153238297
-0.09782978147268295
-0.09726811945438385
-0.09747893363237381
-0.09796588122844696
-0.09683524817228317
-0.09744010865688324
-0.09759494662284851
-0.09707138687372208
-0.09734627604484558
-0.09768816828727722
-0.09711261093616486
-0.09778080880641937
-0.09723667800426483
-0.0979183167219162
-0.09693555533885956
-0.09789139032363892
-0.0976051613688469
-0.09687557071447372
-0.09818051010370255
-0.09714172780513763
-0.09722229093313217
-0.09712384641170502
-0.09781034290790558
-0.0979023277759552
-0.0975651890039444
-0.09744605422019958
-0.09756118059158325
-0.09748908132314682
-0.09738969802856445
-0.0981065183877945
-0.09798316657543182
-0.09712319821119308
-0.09768574684858322
-0.09837706387042999
-0.09780426323413849
-0.09773428738117218
-0.09774385392665863
-0.0979774072766304
-0.09747763723134995
-0.09832833707332611
53.68696975708008
167.52413940429688
225.39968872070312
150.63589477539062
95.02108001708984
148.0489501953125
149.1256561279297
117.67057800292969
118.98714447021484
122.84456634521484
116.40538024902344
120.85736083984375
126.73750305175781
126.26100158691406
132.08706665039062
134.11575317382812
138.39657592773438
144.40663146972656
149.8299560546875
153.34312438964844
155.85971069335938
162.32437133789062
166.6829376220703
172.40231323242188
179.42445373535156
182.27870178222656
186.9547576904297
189.48016357421875
194.4790496826172
201.0139617919922
206.47219848632812
213.109375
217.3624725341797
221.10031127929688
224.2248992919922
224.72256469726562
222.785888671875
222.963134765625
222.8119354248047
222.03970336914062
225.32421875
229.8395538330078
229.13467407226562
225.50851440429688
226.8294677734375
225.75210571289062
224.32553100585938
229.41647338867188
233.54812622070312
231.47262573242188
228.7175750732422
228.82290649414062
227.6454620361328
227.62484741210938
227.24276733398438
226.89620971679688
226.4829559326172
227.64675903320312
227.25210571289062
228.2108612060547
228.50509643554688
227.734375
228.7366180419922
228.83364868164062
228.5821990966797
228.86154174804688
228.8542022705078
229.2544403076172
229.3090362548828
229.7091064453125
230.33016967773438
230.58889770507812
230.432373046875
230.666015625
231.26950073242188
231.19686889648438
231.205322265625
232.3989715576172
231.45462036132812
232.1588592529297
232.5171356201172
232.30282592773438
232.611572265625
232.9138946533203
232.8939666748047
233.6368865966797
233.6001739501953
233.4967041015625
233.93588256835938
234.4656524658203
234.4834747314453
234.18429565429688
234.764892578125
235.0641632080078
235.21029663085938
235.8050079345703
234.9134063720703
235.6459503173828
235.62802124023438
236.08981323242188
235.2050018310547
228.0696258544922
186.11558532714844
32.61315155029297
-0.09508908540010452
-0.0995052307844162
-0.09553499519824982
-0.09900272637605667
-0.09790065884590149
-0.0964444950222969
-0.09758902341127396
-0.0972723662853241
-0.09748628735542297
-0.09841163456439972
-0.09732149541378021
-0.0971764475107193
-0.0983288437128067
-0.09802494943141937
-0.09741334617137909
-0.09799239039421082
-0.09751973301172256
-0.09811697900295258
-0.09769211709499359
-0.09781301021575928
-0.09757158160209656
-0.09785632789134979
-0.09789574891328812
-0.09820663928985596
-0.09787219017744064
-0.0976548045873642
-0.09761736541986465
-0.09836442023515701
-0.09800820052623749
-0.09753913432359695
-0.09732940047979355
-0.09781640768051147
-0.09825524687767029
-0.09832585602998734
-0.09752698987722397
-0.09761406481266022
-0.09859491884708405
-0.09708795696496964
-0.09800507128238678
-0.09779094159603119
-0.09771429747343063
-0.09784872829914093
-0.09795401990413666
-0.09749925881624222
-0.09772258251905441
-0.09758967161178589
-0.0977325588464737
-0.09743144363164902
-0.09728781133890152
-0.09825828671455383
-0.09754599630832672
-0.0971778854727745
-0.09748108685016632
-0.09719941765069962
-0.09809248149394989
-0.09740911424160004
-0.09727375209331512
-0.09770475327968597
-0.09718199819326401
-0.09745539724826813
-0.09781055152416229
-0.09685719013214111
-0.0978550910949707
-0.09740599989891052
-0.09748828411102295
-0.09762819111347198
-0.09699490666389465
-0.09740547090768814
-0.09713824093341827
-0.09760812669992447
-0.09818586707115173
-0.09712383151054382
-0.09743703901767731
-0.09744332730770111
-0.09739246964454651
-0.09758833795785904
-0.09784757345914841
-0.09718544781208038
-0.09735959768295288
-0.09798364341259003
-0.09769228100776672
-0.09798324108123779
-0.0974062979221344
-0.09742046892642975
-0.0974416732788086
-0.09776349365711212
-0.09766732156276703
-0.09776999801397324
-0.09762447327375412
-0.09783748537302017
-0.09829644858837128
-0.09756577759981155
-0.0977841317653656
-0.09783536940813065
-0.0979488343000412
-0.09779085963964462
53.747596740722656
169.2206268310547
225.88674926757812
150.87136840820312
95.89165496826172
148.1030731201172
148.5716552734375
117.35954284667969
118.80339050292969
122.45524597167969
116.17826843261719
120.59242248535156
126.27604675292969
125.70890045166016
131.55479431152344
133.65411376953125
137.48641967773438
144.7908172607422
148.97991943359375
152.88478088378906
155.49635314941406
161.05746459960938
166.71286010742188
172.47164916992188
178.22113037109375
182.77694702148438
186.2308807373047
189.269287109375
194.74452209472656
200.2678680419922
206.10202026367188
212.37380981445312
217.4016876220703
220.63705444335938
223.6010284423828
224.81094360351562
222.19638061523438
222.8162841796875
223.16604614257812
222.1556396484375
224.60366821289062
230.56149291992188
229.3253173828125
226.64401245117188
226.1353302001953
226.1518096923828
224.70101928710938
228.8427276611328
233.74658203125
231.0142364501953
228.78396606445312
229.2546844482422
227.813232421875
227.5433807373047
227.2263946533203
227.15750122070312
226.87667846679688
227.5256805419922
227.2929229736328
229.1822509765625
229.2779083251953
228.4892578125
229.36471557617188
229.0238494873047
228.7129364013672
229.3782958984375
228.9556427001953
229.5334930419922
229.34249877929688
229.69290161132812
230.85726928710938
229.5408935546875
230.72012329101562
231.46951293945312
230.1259307861328
231.91482543945312
231.58642578125
231.41415405273438
232.329345703125
231.6288299560547
232.79025268554688
232.6970977783203
232.35562133789062
233.06893920898438
232.87564086914062
233.2259979248047
233.7317657470703
233.8902587890625
233.8700714111328
234.442626953125
234.7379913330078
234.2039031982422
234.8977813720703
234.4867706298828
234.8107452392578
235.45870971679688
235.1097869873047
235.6908416748047
235.7169952392578
236.00588989257812
235.8403778076172
228.78280639648438
187.35101318359375
33.5206298828125
-0.09539787471294403
-0.0992887020111084
-0.09563566744327545
-0.09872496128082275
-0.09755458682775497
-0.09699927270412445
-0.09780560433864594
-0.09721899032592773
-0.09716484695672989
-0.09812914580106735
-0.09769453853368759
-0.09746422618627548
-0.09799578040838242
-0.0978146567940712
-0.09775061905384064
-0.09757702797651291
-0.09766329079866409
-0.09790854156017303
-0.09749768674373627
-0.09803315997123718
-0.09741424769163132
-0.09780126810073853
-0.09765151888132095
-0.098100945353508
-0.09822943061590195
-0.09750133007764816
-0.09765558689832687
-0.09819449484348297
-0.09792385250329971
-0.09724310040473938
-0.09767333418130875
-0.09783241152763367
-0.09830567985773087
-0.09772001206874847
-0.09740353375673294
-0.09826929867267609
-0.0978681892156601
-0.09732881933450699
-0.0982765182852745
-0.0975835770368576
-0.09733201563358307
-0.09821019321680069
-0.09748299419879913
-0.09769916534423828
-0.09750083833932877
-0.09739626944065094
-0.09792592376470566
-0.09803096204996109
-0.09750363975763321
-0.09794868528842926
-0.09752844274044037
-0.09765448421239853
-0.09734031558036804
-0.09687194973230362
-0.09799615293741226
-0.09806831181049347
-0.09765587747097015
-0.09729905426502228
-0.09699444472789764
-0.0973401889204979
-0.09802140295505524
-0.0974385216832161
-0.09728430211544037
-0.09736286103725433
-0.09797140955924988
-0.09731578081846237
-0.0974646732211113
-0.09753155708312988
-0.09727121889591217
-0.09734567254781723
-0.09751143306493759
-0.09706190973520279
-0.09785382449626923
-0.09768299013376236
-0.09724298864603043
-0.0980781763792038
-0.0976637750864029
-0.09743691980838776
-0.09737128019332886
-0.09786967933177948
-0.09759006649255753
-0.09763820469379425
-0.09762166440486908
-0.09812718629837036
-0.0973038449883461
-0.0981745570898056
-0.09774982184171677
-0.09752468764781952
-0.0977742001414299
-0.09759433567523956
-0.0979878380894661
-0.09791139513254166
-0.09744708240032196
-0.09816615283489227
-0.09807263314723969
-0.09781444072723389
41.265872955322266
156.8530731201172
215.3089599609375
145.1710662841797
95.96797180175781
146.41134643554688
152.29835510253906
116.36907958984375
120.1330337524414
125.04805755615234
118.61019134521484
122.71662902832031
127.00849914550781
126.6302261352539
131.57472229003906
133.76397705078125
133.33236694335938
138.72084045410156
143.90237426757812
147.8511962890625
152.33834838867188
155.483154296875
159.70230102539062
164.49014282226562
170.5308837890625
176.28567504882812
181.8341827392578
185.7275390625
188.21145629882812
193.8024444580078
197.96316528320312
204.34414672851562
210.6776123046875
216.680908203125
222.7053985595703
227.191650390625
230.9076385498047
229.14797973632812
223.28298950195312
222.1656951904297
223.68630981445312
223.5930633544922
225.2962188720703
225.88766479492188
223.77285766601562
222.3233184814453
221.2681884765625
224.256103515625
226.04940795898438
231.07870483398438
237.21237182617188
233.31973266601562
228.58120727539062
228.9217987060547
226.65975952148438
226.5470733642578
227.33993530273438
226.7481689453125
228.4564971923828
228.60787963867188
229.3810272216797
231.00491333007812
230.19735717773438
229.4073486328125
229.2356719970703
229.0988311767578
228.6286163330078
229.20462036132812
228.44546508789062
229.18362426757812
229.65805053710938
229.3291473388672
229.7658233642578
229.4798126220703
229.8856201171875
229.57058715820312
230.027099609375
230.0890350341797
229.9365692138672
231.2096710205078
232.2693328857422
231.8843231201172
232.1370849609375
232.22451782226562
232.95703125
232.91738891601562
233.53298950195312
232.9350128173828
234.04190063476562
233.37179565429688
233.36563110351562
234.15377807617188
234.4313201904297
234.4546661376953
235.2379150390625
235.07614135742188
235.54745483398438
236.5679473876953
237.33816528320312
237.98348999023438
236.9321746826172
228.99667358398438
185.41513061523438
31.665695190429688
-0.09539561718702316
-0.0990767627954483
-0.09577937424182892
-0.09872454404830933
-0.0977865606546402
-0.09695682674646378
-0.09772998839616776
-0.09716692566871643
-0.09717843681573868
-0.0976593941450119
-0.09787716716527939
-0.09719421714544296
-0.0982389897108078
-0.09733320027589798
-0.09771352261304855
-0.0981941670179367
-0.09766431897878647
-0.09716454893350601
-0.09807628393173218
-0.09795616567134857
-0.09739170968532562
-0.0979858860373497
-0.09778457880020142
-0.09778524935245514
-0.09814588725566864
-0.0976383239030838
-0.09722942858934402
-0.09856893122196198
-0.09803205728530884
-0.09768252819776535
-0.09801303595304489
-0.09786026924848557
-0.09770549833774567
-0.09751881659030914
-0.09783551096916199
-0.09826020151376724
-0.09762716293334961
-0.096962571144104
-0.09810878336429596
-0.09834539145231247
-0.09755491465330124
-0.09789791703224182
-0.0975276380777359
-0.09762201458215714
-0.09743060916662216
-0.09795742481946945
-0.09758084267377853
-0.09733149409294128
-0.09785490483045578
-0.09788105636835098
-0.09755824506282806
-0.09769885241985321
-0.09708784520626068
-0.0970437228679657
-0.09823234379291534
-0.09729091823101044
-0.09733133018016815
-0.09783017635345459
-0.09705327451229095
-0.09812327474355698
-0.09760881960391998
-0.0973980650305748
-0.09720002114772797
-0.09737272560596466
-0.09739027917385101
-0.09742777049541473
-0.09774429351091385
-0.0980522409081459
-0.09701284021139145
-0.09716591238975525
-0.09746386110782623
-0.09735551476478577
-0.09777675569057465
-0.09755327552556992
-0.09692072868347168
-0.09741576761007309
-0.09797163307666779
-0.09770438820123672
-0.0973673164844513
-0.09775017946958542
-0.09777384996414185
-0.09764648973941803
-0.09794414043426514
-0.09746531397104263
-0.0978543609380722
-0.09812696278095245
-0.09761877357959747
-0.09767714887857437
-0.09785758703947067
-0.09788130968809128
-0.09778241813182831
-0.09804915636777878
-0.0982431173324585
-0.09768182039260864
-0.09802596271038055
-0.09792670607566833
30.9819393157959
147.22769165039062
206.711181640625
135.43772888183594
87.32017517089844
133.09095764160156
125.77830505371094
100.53926849365234
108.94935607910156
110.4002914428711
105.88814544677734
113.41622161865234
116.77061462402344
116.52205657958984
122.94459533691406
123.91838073730469
128.88516235351562
135.8466033935547
139.70335388183594
145.66769409179688
150.2633819580078
154.72421264648438
158.72268676757812
164.17498779296875
170.6602325439453
175.97845458984375
181.56082153320312
185.81625366210938
190.25973510742188
193.37371826171875
199.23033142089844
204.61329650878906
211.322509765625
217.2399139404297
222.3778533935547
226.7704315185547
229.34375
229.6062774658203
225.89852905273438
225.98916625976562
225.00338745117188
223.06491088867188
225.2161102294922
225.82064819335938
224.8766326904297
225.4622039794922
225.415283203125
224.80856323242188
224.92947387695312
224.86209106445312
225.63037109375
228.56884765625
233.7777862548828
233.087158203125
229.1251678466797
230.5016632080078
228.852294921875
227.80117797851562
229.13101196289062
227.4875030517578
227.7993927001953
228.4560546875
228.164794921875
229.01708984375
228.91702270507812
228.9799041748047
229.49398803710938
229.23056030273438
229.85205078125
229.8525390625
229.9705047607422
230.8323211669922
230.2177734375
230.8146209716797
231.24417114257812
230.93765258789062
231.1854705810547
231.36691284179688
232.1774444580078
232.0281219482422
232.75424194335938
232.38107299804688
232.26559448242188
233.61563110351562
233.00277709960938
232.98593139648438
233.487060546875
234.07888793945312
234.0967559814453
234.6556854248047
234.2072296142578
234.50454711914062
234.8029022216797
234.39059448242188
235.5953369140625
234.74996948242188
235.6038818359375
235.9612274169922
236.08273315429688
235.89578247070312
235.62075805664062
228.2989501953125
185.99620056152344
32.29711151123047
-0.0954865962266922
-0.09912792593240738
-0.09572488814592361
-0.09885277599096298
-0.09748406708240509
-0.09679950773715973
-0.09773903340101242
-0.09757973998785019
-0.09735646098852158
-0.09788376837968826
-0.09749875962734222
-0.09732552617788315
-0.09815320372581482
-0.09788372367620468
-0.09754812717437744
-0.09739910811185837
-0.09776940941810608
-0.09754379838705063
-0.09788847714662552
-0.09783081710338593
-0.09820123016834259
-0.09769947826862335
-0.09761953353881836
-0.0980624109506607
-0.09812875092029572
-0.09743977338075638
-0.09729115664958954
-0.09853881597518921
-0.09790854156017303
-0.09779385477304459
-0.09780266880989075
-0.09795397520065308
-0.09705754369497299
-0.09828172624111176
-0.09802359342575073
-0.0980609804391861
-0.0980246290564537
-0.0967518538236618
-0.09811800718307495
-0.09852713346481323
-0.09744935482740402
-0.09740735590457916
-0.09791438281536102
-0.0976719856262207
-0.09764701128005981
-0.09733310341835022
-0.09762881696224213
-0.09752537310123444
-0.09775969386100769
-0.09796751290559769
-0.09714557230472565
-0.09779190272092819
-0.09767237305641174
-0.09704536199569702
-0.09764288365840912
-0.09799683094024658
-0.09753083437681198
-0.0971173569560051
-0.09740246832370758
-0.09755333513021469
-0.0975249782204628
-0.09715446829795837
-0.09752385318279266
-0.09753043949604034
-0.0975256860256195
-0.09782323986291885
-0.09772896021604538
-0.0974956825375557
-0.09665744006633759
-0.09777174144983292
-0.09777665883302689
-0.09685488045215607
-0.09778998047113419
-0.0974283516407013
-0.0975349172949791
-0.09742298722267151
-0.09800244867801666
-0.09759929031133652
-0.09783400595188141
-0.0977773517370224
-0.09759576618671417
-0.09758779406547546
-0.0977984294295311
-0.09769270569086075
-0.09808481484651566
-0.09746615588665009
-0.09773027151823044
-0.0979069322347641
-0.09808483719825745
-0.09814760088920593
-0.09757654368877411
-0.09738027304410934
-0.09823291003704071
-0.09796492755413055
-0.09807434678077698
-0.09813836216926575
22.630260467529297
137.6205291748047
221.4402618408203
182.48233032226562
140.050048828125
131.76080322265625
124.52055358886719
115.4330062866211
115.55271911621094
114.1644058227539
113.2125244140625
117.5258560180664
119.70438385009766
122.7979507446289
127.8809814453125
130.03836059570312
133.88340759277344
137.4049072265625
141.87522888183594
145.87985229492188
151.79515075683594
158.11672973632812
162.2216339111328
166.83761596679688
168.96937561035156
173.5682830810547
179.59030151367188
185.06072998046875
191.0521697998047
197.38534545898438
202.21441650390625
205.78134155273438
211.01437377929688
213.71792602539062
218.7482452392578
222.6216583251953
221.7415771484375
224.46292114257812
222.9359588623047
219.36788940429688
222.7786865234375
231.1190948486328
230.498779296875
227.30368041992188
228.46609497070312
226.3961944580078
222.47119140625
228.3924102783203
234.2300567626953
231.07421875
229.6848602294922
229.9640655517578
229.4976348876953
228.7972869873047
229.422607421875
226.72982788085938
228.39236450195312
230.8214569091797
229.12539672851562
229.3970947265625
229.0300750732422
227.63735961914062
228.03091430664062
227.6508331298828
228.45736694335938
229.47225952148438
230.35427856445312
229.7669219970703
230.1056671142578
229.1533203125
228.92697143554688
230.15371704101562
230.5240936279297
230.649658203125
232.00601196289062
232.1667022705078
231.923828125
232.5782470703125
232.89987182617188
233.2720184326172
233.812744140625
233.6062774658203
233.51217651367188
233.605224609375
232.8810577392578
233.591796875
233.5701141357422
233.6018524169922
234.17550659179688
234.66616821289062
234.5295867919922
235.1934356689453
234.7556610107422
234.4280242919922
235.18801879882812
235.20712280273438
235.7053680419922
235.0448760986328
235.6302490234375
236.3111572265625
234.8678741455078
229.13992309570312
186.47048950195312
33.101402282714844
-0.09555687010288239
-0.09910215437412262
-0.09567289054393768
-0.09884374588727951
-0.09771635383367538
-0.09673111140727997
-0.09766940772533417
-0.09772990643978119
-0.09711270779371262
-0.09783664345741272
-0.09779174625873566
-0.09731605648994446
-0.09809638559818268
-0.09750678390264511
-0.09752187132835388
-0.09813077747821808
-0.09730812907218933
-0.09776453673839569
-0.09837474673986435
-0.09735918045043945
-0.09772571176290512
-0.09747123718261719
-0.09811849147081375
-0.09810839593410492
-0.09793059527873993
-0.0975087434053421
-0.09741400182247162
-0.09801431000232697
-0.09781111776828766
-0.0980229377746582
-0.09721074998378754
-0.09807241708040237
-0.09809277951717377
-0.09758634120225906
-0.09763792902231216
-0.09790247678756714
-0.09791021049022675
-0.09716419875621796
-0.0978543683886528
-0.0980762392282486
-0.09776373207569122
-0.09805525094270706
-0.09776733815670013
-0.09730015695095062
-0.09742313623428345
-0.09745514392852783
-0.09819478541612625
-0.09785778075456619
-0.09738312661647797
-0.09805706888437271
-0.0970039963722229
-0.0980437770485878
-0.09804162383079529
-0.09692293405532837
-0.09752747416496277
-0.09761491417884827
-0.0975564643740654
-0.09790675342082977
-0.09702324867248535
-0.0977831780910492
-0.0974917858839035
-0.09740154445171356
-0.09788341820240021
-0.09700333327054977
-0.09748572111129761
-0.09801218658685684
-0.09695105254650116
-0.09699304401874542
-0.09764339029788971
-0.09744785726070404
-0.09794154763221741
-0.0975525826215744
-0.09755943715572357
-0.09688045084476471
-0.09748797118663788
-0.09752808511257172
-0.0974830687046051
-0.09754562377929688
-0.09760875999927521
-0.09746483713388443
-0.0976695790886879
-0.0976736918091774
-0.0976947620511055
-0.09759093821048737
-0.09747190773487091
-0.09797731786966324
-0.0981769785284996
-0.09751618653535843
-0.09818460047245026
-0.09763720631599426
-0.09743329882621765
-0.09825041890144348
-0.0977180153131485
-0.0979279950261116
-0.09800790250301361
-0.09810953587293625
31.457489013671875
