29.720142364501953
29.720142364501953
25.798147201538086
5.80149507522583
-0.010534160770475864
-0.010931291617453098
-0.009258553385734558
-0.009992612525820732
-0.008955823257565498
-0.008464550599455833
-0.009177840314805508
-0.008137593045830727
-0.008032001554965973
-0.0075654564425349236
-0.007149314973503351
-0.006546410731971264
-0.006732746958732605
-0.006266125477850437
-0.005703873001039028
-0.005142255686223507
-0.005053665954619646
-0.004514732863754034
-0.004263413138687611
-0.0033217116724699736
-0.0032956390641629696
-0.003299002768471837
-0.0025961543433368206
-0.002271192381158471
-0.0016316635301336646
-0.001166877569630742
-0.0007101771188899875
-0.0006903921021148562
-0.0006184891099110246
-0.00021150227985344827
0.001309682847931981
0.0007448409451171756
0.0012058729771524668
0.002017312217503786
0.0017295997822657228
0.002623681677505374
0.0028119306080043316
0.002605235669761896
0.003794857067987323
0.0037441677413880825
0.004108664579689503
0.0046611931174993515
0.004661452956497669
0.005190687719732523
0.005008849315345287
0.006146602798253298
0.005721529480069876
0.006343112792819738
0.006668335758149624
0.00712609151378274
0.007069570478051901
0.0074502527713775635
0.007457993924617767
0.007601347751915455
0.007700329180806875
0.008451403118669987
0.008316953666508198
0.008533487096428871
0.008292636834084988
0.008688895031809807
0.008671684190630913
0.009331258945167065
0.008619066327810287
0.00928660947829485
0.009241831488907337
0.009553035721182823
0.009818588383495808
0.008383670821785927
0.009774098172783852
0.0096367122605443
0.008979776874184608
0.00934486836194992
0.009380863048136234
0.009298333898186684
0.00897214561700821
0.009136928245425224
0.009101901203393936
0.009035876020789146
0.008988259360194206
0.008939419873058796
0.00845671258866787
0.008779143914580345
0.008397476747632027
0.008252276107668877
0.007950597442686558
0.008119665086269379
0.008048933930695057
0.007783564738929272
0.007489471696317196
0.0075349630787968636
0.006518284324556589
0.0072297602891922
0.006910392083227634
0.006585698574781418
0.006119849625974894
0.059892505407333374
3.7252795696258545
-4.419816017150879
-10.793436050415039
-10.537096977233887
-8.078944206237793
-5.894234657287598
-6.437291145324707
-5.340588569641113
-5.182601451873779
-5.6269211769104
-5.4806623458862305
-4.7633233070373535
-4.78008508682251
-4.947380542755127
-4.445060729980469
-5.198391914367676
-5.238093376159668
-4.640249729156494
-5.1703386306762695
-4.738110065460205
-4.536725997924805
-4.349466800689697
-4.378863334655762
-3.9408493041992188
-4.215320587158203
-3.672496795654297
-3.335463762283325
-3.076498508453369
-3.640284776687622
-2.697817325592041
-2.6421523094177246
-3.3308722972869873
-2.180380344390869
-2.1779379844665527
-1.1128933429718018
-1.3249828815460205
-1.1447118520736694
-1.7925148010253906
-0.570638120174408
0.8436281085014343
0.648705005645752
0.012837788090109825
0.8535674214363098
1.6864306926727295
1.6596705913543701
2.114821195602417
2.860530376434326
1.9186718463897705
2.4134631156921387
3.9142603874206543
3.3412258625030518
4.022160530090332
5.020870208740234
4.444460391998291
5.405490875244141
6.311841011047363
6.505631923675537
6.208771705627441
6.970110893249512
7.471081733703613
7.511613368988037
7.778293609619141
7.368131160736084
8.396574020385742
9.101451873779297
9.47400188446045
10.645346641540527
11.14245891571045
11.101330757141113
11.270966529846191
10.795306205749512
11.41264533996582
11.854340553283691
13.406061172485352
12.562079429626465
13.174123764038086
14.473226547241211
14.476808547973633
14.604124069213867
13.63817310333252
15.05693531036377
16.53306007385254
17.214420318603516
17.504404067993164
17.534542083740234
18.351232528686523
19.001670837402344
18.911230087280273
19.92751693725586
20.214330673217773
20.15578842163086
21.193729400634766
21.144853591918945
21.478179931640625
22.07926368713379
22.646284103393555
22.152233123779297
23.333913803100586
23.20993423461914
22.46017837524414
15.373884201049805
-32.27671813964844
-29.059917449951172
-0.006906755268573761
-0.00904378853738308
-0.008696231991052628
-0.010625695809721947
-0.009248310700058937
-0.008655455894768238
-0.008720239624381065
-0.008504636585712433
-0.0076346187852323055
-0.008272586390376091
-0.0074097635224461555
-0.006917123682796955
-0.006927210837602615
-0.0066910102032125
-0.00601787306368351
-0.00556998560205102
-0.005963785108178854
-0.00482588168233633
-0.0043032229878008366
-0.004404971841722727
-0.003904347773641348
-0.003432517172768712
-0.0031036329455673695
-0.002805727766826749
-0.0020461648236960173
-0.0021561565808951855
-0.0011699734022840858
-0.0013318269047886133
-0.0007004621438682079
-0.00027575675630941987
0.00018966067000292242
0.00015987246297299862
0.0011055036447942257
0.0014452495379373431
0.0016384224873036146
0.002180125331506133
0.002193005755543709
0.003014345420524478
0.0031179748475551605
0.003428959520533681
0.003617840353399515
0.004121121950447559
0.0045181093737483025
0.004829192999750376
0.0053426362574100494
0.00574244000017643
0.005656125023961067
0.005967067554593086
0.006383483298122883
0.006563500966876745
0.006826726254075766
0.007101541850715876
0.007187359966337681
0.007815348915755749
0.007595221512019634
0.007585558108985424
0.007943850941956043
0.008368151262402534
0.008490338921546936
0.008468344807624817
0.008620759472250938
0.008824084885418415
0.008581438101828098
0.008993598632514477
0.009325029328465462
0.008768219500780106
0.008993331342935562
0.009396657347679138
0.009141300804913044
0.009444053284823895
0.009133311919867992
0.009505459107458591
0.009070872329175472
0.009324070066213608
0.009050561115145683
0.009159347042441368
0.009012933820486069
0.009048477746546268
0.009087187238037586
0.009042811580002308
0.008608551695942879
0.008635449223220348
0.008527769707143307
0.008565123192965984
0.008212718181312084
0.008084988221526146
0.008384954184293747
0.007489495910704136
0.007378190755844116
0.007809920702129602
0.007447308860719204
0.006571854464709759
0.00743174459785223
0.006619349122047424
0.006316820625215769
0.006414239294826984
13.052783012390137
83.75018310546875
103.48272705078125
55.745819091796875
31.42731285095215
20.739845275878906
17.849594116210938
6.982816219329834
7.36199426651001
5.193871974945068
1.034462809562683
0.8194597363471985
-0.7484894394874573
-2.8811326026916504
-1.905356764793396
-2.6288440227508545
-3.6435229778289795
-3.3390872478485107
-3.8187339305877686
-4.362941741943359
-3.995953321456909
-3.806112766265869
-4.148855686187744
-3.8513386249542236
-3.8072543144226074
-4.308919906616211
-3.874626636505127
-3.5935821533203125
-3.3724429607391357
-3.2026779651641846
-2.9476265907287598
-3.0790252685546875
-2.0274205207824707
-2.258497476577759
-1.8258975744247437
-1.7773853540420532
-2.060697078704834
-0.8416575193405151
-0.9814661741256714
-0.7067183256149292
0.231639102101326
-0.7782629728317261
0.5631958246231079
2.221540927886963
1.4359018802642822
1.8556369543075562
2.9221577644348145
2.142096757888794
3.252514600753784
2.9023585319519043
3.0290894508361816
3.444445848464966
4.42626428604126
5.138564109802246
4.625265598297119
5.968636512756348
6.4129533767700195
6.037143707275391
6.490497589111328
6.149204254150391
7.340954780578613
8.100631713867188
8.178690910339355
8.205368041992188
9.644552230834961
8.656580924987793
9.18354606628418
10.284700393676758
10.112166404724121
10.614797592163086
10.822188377380371
11.026896476745605
12.358394622802734
12.608380317687988
12.816843032836914
13.404711723327637
13.524067878723145
13.952921867370605
14.19084358215332
14.98357105255127
16.426639556884766
16.150676727294922
15.919042587280273
16.707416534423828
17.700414657592773
18.363229751586914
18.67218589782715
18.747581481933594
18.65142822265625
19.400339126586914
19.69278907775879
20.734682083129883
21.611713409423828
20.99677085876465
21.310379028320312
21.808202743530273
22.283641815185547
22.372669219970703
24.22830581665039
23.869726181030273
23.371538162231445
17.452682495117188
-31.77250099182129
-32.921775817871094
-0.007029684726148844
-0.009291300550103188
-0.00826833862811327
-0.010625869035720825
-0.009361421689391136
-0.008364717476069927
-0.008882786147296429
-0.008537729270756245
-0.007636508904397488
-0.008159199729561806
-0.007358770817518234
-0.0069705708883702755
-0.00701705738902092
-0.006346002221107483
-0.005924796219915152
-0.005880061537027359
-0.005127649288624525
-0.005145594477653503
-0.0042056436650455
-0.004545335657894611
-0.0037861503660678864
-0.0035350299440324306
-0.002859931904822588
-0.0028701333794742823
-0.0022688531316816807
-0.001744020963087678
-0.0014193195383995771
-0.0009874452371150255
-0.0005178681458346546
-0.00015817370149306953
-3.425150498514995e-05
0.0007470130803994834
0.0009259168291464448
0.0014543168945237994
0.0015100196469575167
0.002292327582836151
0.002317142905667424
0.0030927250627428293
0.0031717196106910706
0.00334383687004447
0.003602365730330348
0.004235250409692526
0.004742907360196114
0.004704500548541546
0.005294605623930693
0.005584952887147665
0.005877525079995394
0.005644774064421654
0.006497698370367289
0.006457329727709293
0.006808462552726269
0.007208059076219797
0.007458789739757776
0.0074669369496405125
0.007409069687128067
0.00819943007081747
0.00778625626116991
0.008463856764137745
0.007994169369339943
0.009000642225146294
0.008487435057759285
0.008703973144292831
0.008887408301234245
0.009071889333426952
0.009257773868739605
0.009201562032103539
0.00866340659558773
0.009247477166354656
0.009067432954907417
0.009385934099555016
0.009007669053971767
0.00946110300719738
0.009197713807225227
0.009267536923289299
0.008891517296433449
0.009039928205311298
0.00906751025468111
0.00894363783299923
0.008584406226873398
0.00893673487007618
0.00857076607644558
0.008823763579130173
0.008324095979332924
0.008223475888371468
0.008191603235900402
0.008242557756602764
0.0077385688200592995
0.007373981177806854
0.007974290288984776
0.00740260723978281
0.007255952805280685
0.0068607940338552
0.00712623680010438
0.006703863386064768
0.006898356135934591
0.0058994474820792675
30.188030242919922
103.564697265625
121.5752182006836
74.13334655761719
35.284324645996094
28.52387046813965
22.00154685974121
14.094584465026855
9.85057544708252
6.554409980773926
2.8887953758239746
1.6833242177963257
-0.010390102863311768
-1.7826015949249268
-2.074888229370117
-3.4561476707458496
-3.4750399589538574
-2.911628246307373
-3.647825241088867
-4.270717144012451
-3.6642043590545654
-4.466521263122559
-3.8567028045654297
-3.690603733062744
-4.849348068237305
-4.431012153625488
-3.6746952533721924
-3.7286388874053955
-3.716866970062256
-2.487227439880371
-3.1667418479919434
-2.7107372283935547
-2.6884994506835938
-2.4967474937438965
-1.361722469329834
-1.8292537927627563
-1.3544851541519165
-1.2080433368682861
-0.6253594160079956
-0.38767290115356445
-0.8475817441940308
-0.057023514062166214
1.0041691064834595
0.9341949224472046
1.67751944065094
2.3729846477508545
3.036630630493164
2.057662010192871
3.065216541290283
3.5794739723205566
3.365461826324463
3.1223137378692627
4.791060447692871
5.399150848388672
4.60343599319458
5.161755084991455
5.8209228515625
6.195140361785889
6.8801116943359375
6.7425127029418945
7.537034511566162
8.238734245300293
8.307748794555664
8.847494125366211
9.094085693359375
9.119078636169434
9.770755767822266
10.35344123840332
10.337305068969727
10.323115348815918
11.317341804504395
11.81625747680664
11.68522834777832
11.451478958129883
11.866128921508789
12.923088073730469
12.726343154907227
14.142619132995605
14.89240550994873
15.098943710327148
15.76081371307373
15.148330688476562
15.856498718261719
16.243900299072266
17.672292709350586
18.404094696044922
18.08896827697754
19.000164031982422
18.865921020507812
19.449817657470703
19.5819034576416
20.31012725830078
20.71184730529785
21.805742263793945
20.976694107055664
21.743268966674805
22.550533294677734
23.110610961914062
23.50135612487793
24.201187133789062
22.81258201599121
16.287498474121094
-32.192649841308594
-30.16531753540039
-0.007365599274635315
-0.00921257771551609
-0.008521314710378647
-0.010623388923704624
-0.009435612708330154
-0.008609593845903873
-0.00880623422563076
-0.008466791361570358
-0.007888360880315304
-0.008161855861544609
-0.007228510919958353
-0.007033840753138065
-0.007024584803730249
-0.006422711070626974
-0.0060015274211764336
-0.005991596728563309
-0.005228791385889053
-0.004943652078509331
-0.00439824815839529
-0.004166910890489817
-0.003709902986884117
-0.003480012295767665
-0.002994333626702428
-0.0028056816663593054
-0.002329177688807249
-0.0019544679671525955
-0.001244457671418786
-0.0011395993642508984
-0.0005129125202074647
-0.00045176729327067733
0.00014157601981423795
0.0005459141684696078
0.0010433844290673733
0.0012451071524992585
0.0018659936031326652
0.0016862086486071348
0.002765931421890855
0.0030965041369199753
0.00317047955468297
0.0037688990123569965
0.003703443333506584
0.003866682294756174
0.004846319556236267
0.004649621434509754
0.005490372888743877
0.005106695927679539
0.005655243992805481
0.0061683207750320435
0.006267048418521881
0.006737229414284229
0.006880317814648151
0.006926664616912603
0.007416865322738886
0.007572242058813572
0.007909702137112617
0.007608679588884115
0.008289218880236149
0.008066931739449501
0.008580487221479416
0.008302465081214905
0.00846957415342331
0.008796295151114464
0.009125560522079468
0.008526463992893696
0.009688417427241802
0.00892435573041439
0.009391959756612778
0.008928653784096241
0.009525356814265251
0.009332993999123573
0.009326503612101078
0.009683351032435894
0.008726514875888824
0.00929356086999178
0.009187942370772362
0.00881147664040327
0.009468749165534973
0.008976959623396397
0.008932896889746189
0.009042389690876007
0.00865844450891018
0.008466782048344612
0.008655937388539314
0.008218648843467236
0.008093458600342274
0.008531701751053333
0.007498989813029766
0.007819178514182568
0.007660420145839453
0.007277649827301502
0.007628016173839569
0.007074974477291107
0.006655544973909855
0.0066880108788609505
0.006628502160310745
0.006519428454339504
21.006580352783203
93.84748840332031
110.9014892578125
61.605201721191406
35.68293762207031
24.33340072631836
20.433664321899414
5.877957344055176
4.096584320068359
4.041942119598389
0.08412836492061615
-0.3136710226535797
-0.686640739440918
-2.772965908050537
-2.9620299339294434
-3.3342883586883545
-3.384766101837158
-3.848126173019409
-3.696232557296753
-3.769611358642578
-3.6590754985809326
-4.08648681640625
-4.324905872344971
-4.3604817390441895
-3.766000270843506
-3.8746986389160156
-3.27201771736145
-3.4018776416778564
-3.4221062660217285
-2.8349881172180176
-3.35014009475708
-2.84704327583313
-2.670186758041382
-2.562145709991455
-2.2698206901550293
-1.8716529607772827
-1.7445605993270874
-0.22285982966423035
-0.37234458327293396
-0.5819958448410034
0.1814863085746765
0.16225601732730865
0.617303192615509
1.2534027099609375
1.5641144514083862
1.3984287977218628
0.8215950727462769
2.7362704277038574
2.8444857597351074
2.4601528644561768
4.157398700714111
4.410523414611816
3.978707790374756
5.150607109069824
5.486196041107178
5.043810844421387
6.059124946594238
6.342077732086182
6.610711097717285
7.123534202575684
8.018272399902344
8.244081497192383
7.9943437576293945
8.119169235229492
8.823358535766602
9.40726375579834
9.866790771484375
9.262008666992188
10.737653732299805
10.934149742126465
11.22221851348877
11.22050952911377
12.846940994262695
12.116392135620117
12.802081108093262
13.225530624389648
13.69505786895752
14.202512741088867
14.016535758972168
14.883749008178711
14.301658630371094
15.088197708129883
15.786221504211426
16.382030487060547
16.866146087646484
17.375045776367188
17.477510452270508
17.652860641479492
17.598024368286133
18.48175048828125
18.618167877197266
18.236459732055664
18.828874588012695
20.274478912353516
20.473468780517578
21.577669143676758
21.694782257080078
21.96163558959961
22.351011276245117
22.61554718017578
22.05687141418457
16.029443740844727
-32.7979736328125
-27.107608795166016
-0.007319806609302759
-0.00891067087650299
-0.008320237509906292
-0.010573755018413067
-0.009568296372890472
-0.008415104821324348
-0.008455452509224415
-0.00824298057705164
-0.007910364307463169
-0.007863772101700306
-0.007250643335282803
-0.006884208880364895
-0.006964193191379309
-0.006338390056043863
-0.006168733350932598
-0.005322827957570553
-0.005302738398313522
-0.004928137641400099
-0.004648369736969471
-0.004311325028538704
-0.0036943447776138783
-0.0036252737045288086
-0.0032317074947059155
-0.0025047953240573406
-0.002350685652345419
-0.001781995757482946
-0.0013347420608624816
-0.000963873986620456
-0.0008923715795390308
-0.00011200927838217467
4.9147520257974975e-06
0.0004623051208909601
0.001204882049933076
0.0011038770899176598
0.0019893222488462925
0.0019425473874434829
0.002306946786120534
0.0026253568939864635
0.0034528844989836216
0.003696408122777939
0.003658843692392111
0.004213846288621426
0.004701040219515562
0.004868237767368555
0.005214357748627663
0.005539220757782459
0.0056136976927518845
0.00592255312949419
0.006728361360728741
0.006215245928615332
0.006928192917257547
0.0070944675244390965
0.0070551661774516106
0.008010942488908768
0.00750611862167716
0.007711918093264103
0.008390551432967186
0.008280757814645767
0.008300919085741043
0.008733333088457584
0.008311421610414982
0.008712055161595345
0.009079240262508392
0.009037381038069725
0.009193683043122292
0.008877793326973915
0.009050048887729645
0.009466001763939857
0.009289898909628391
0.009580302983522415
0.008866512216627598
0.009161046706140041
0.00957269687205553
0.009154129773378372
0.008860613219439983
0.009130273014307022
0.009398353286087513
0.008950380608439445
0.008560540154576302
0.00918195117264986
0.008650431409478188
0.00859169103205204
0.008210340514779091
0.008560456335544586
0.008424029685556889
0.008176002651453018
0.007970476523041725
0.007973423227667809
0.007391239050775766
0.00730591407045722
0.007220653351396322
0.0073961978778243065
0.006736879236996174
0.0066899992525577545
0.006564504001289606
0.006234064698219299
12.987771987915039
83.32048034667969
106.42280578613281
62.76800537109375
28.19014549255371
22.72426414489746
17.184051513671875
11.036941528320312
7.447484493255615
4.323212146759033
1.3752273321151733
-0.3022082448005676
-1.2370983362197876
-2.1653249263763428
-2.749687910079956
-3.1613752841949463
-3.8349902629852295
-3.3852715492248535
-4.21680212020874
-4.21175479888916
-4.5196919441223145
-4.089804172515869
-4.490307807922363
-4.000067710876465
-4.157938003540039
-4.355278968811035
-4.447415828704834
-3.4420828819274902
-3.2839691638946533
-2.894848346710205
-2.8657302856445312
-3.1792609691619873
-2.6385624408721924
-2.3046936988830566
-2.0310285091400146
-1.3376188278198242
-1.6330636739730835
-0.7632899284362793
-0.3446943759918213
-0.669150710105896
-0.14377745985984802
0.38713687658309937
1.0586544275283813
1.0343778133392334
2.0732808113098145
2.109419345855713
2.2132318019866943
2.264420986175537
3.3649792671203613
3.8438353538513184
3.4230589866638184
3.9178860187530518
5.115283012390137
5.224190711975098
5.87947416305542
6.226839065551758
4.857795715332031
6.776406288146973
6.727121829986572
6.498034477233887
7.260477542877197
7.953063011169434
8.765541076660156
8.799144744873047
8.694696426391602
8.611577987670898
10.246272087097168
9.723859786987305
9.892534255981445
11.37643814086914
11.406290054321289
11.731280326843262
11.19696044921875
11.979201316833496
11.69075870513916
12.702020645141602
13.854655265808105
13.816006660461426
14.280550003051758
14.903971672058105
15.159761428833008
15.869901657104492
16.823434829711914
16.166921615600586
16.626750946044922
17.069313049316406
17.50138282775879
18.10767364501953
18.948808670043945
19.84263038635254
19.459888458251953
20.249252319335938
20.108938217163086
20.518442153930664
21.101470947265625
21.132658004760742
21.5988826751709
21.710657119750977
22.461910247802734
22.954322814941406
21.67980194091797
15.757153511047363
-32.44670486450195
-29.06124496459961
-0.006710393819957972
-0.008989242836833
-0.008165484294295311
-0.010635657235980034
-0.009413656778633595
-0.007948564365506172
-0.008619884960353374
-0.0083771338686347
-0.007793456315994263
-0.007806734181940556
-0.007216413505375385
-0.006948467344045639
-0.006657104007899761
-0.006513695232570171
-0.0057915872894227505
-0.005716738756746054
-0.00531200785189867
-0.004666402004659176
-0.005045602563768625
-0.0038296482525765896
-0.003520901780575514
-0.003481245366856456
-0.0029252837412059307
-0.0026577715761959553
-0.002109342720359564
-0.0021434142254292965
-0.0011062236735597253
-0.0009381590643897653
-0.0008685142965987325
-1.4981790627643932e-05
0.00026669076760299504
0.000576575577724725
0.0010908222757279873
0.0013368437066674232
0.0017083421116694808
0.001689088181592524
0.002528407843783498
0.0029280006419867277
0.0029004805255681276
0.0031986660324037075
0.0042555807158350945
0.003992537502199411
0.0049334256909787655
0.0049363551661372185
0.005056362599134445
0.005706888157874346
0.0054552494548261166
0.006103984545916319
0.006702125072479248
0.006338675506412983
0.006768225226551294
0.007099994923919439
0.007349384017288685
0.007353211287409067
0.007690425030887127
0.008261417970061302
0.008300643414258957
0.007768433541059494
0.00847911648452282
0.008695649914443493
0.008672286756336689
0.00864444486796856
0.00881271343678236
0.00929981004446745
0.008833356201648712
0.009351233020424843
0.008921558037400246
0.009889493696391582
0.008947303518652916
0.00939376000314951
0.00919884629547596
0.009373276494443417
0.009220404550433159
0.009305337443947792
0.009267366491258144
0.009239579550921917
0.008688862435519695
0.009340876713395119
0.008568200282752514
0.009285656735301018
0.008804403245449066
0.008876755833625793
0.008156458847224712
0.008567961864173412
0.008191263303160667
0.00803577620536089
0.007934200577437878
0.00800185464322567
0.007014648523181677
0.007951038889586926
0.007343688514083624
0.006843896117061377
0.006449248641729355
0.006898024585098028
0.0061057815328240395
0.006090052425861359
39.904598236083984
112.22673034667969
127.61749267578125
78.28286743164062
39.073875427246094
30.516332626342773
23.816944122314453
15.990304946899414
10.736931800842285
7.263829231262207
3.608649492263794
1.698293924331665
0.4012534022331238
-1.5595934391021729
-2.0982632637023926
-2.717501163482666
-3.510967254638672
-3.244088649749756
-3.521408796310425
-3.5262482166290283
-3.38873553276062
-4.174188137054443
-3.587686061859131
-3.8836002349853516
-4.228078365325928
-3.289400100708008
-3.5714111328125
-3.138601779937744
-3.5114808082580566
-2.815739870071411
-3.368203639984131
-2.7917251586914062
-2.5899839401245117
-2.312960147857666
-1.3474458456039429
-1.5767958164215088
-1.151821494102478
-1.01997971534729
-0.6207774877548218
-0.12200288474559784
0.13287267088890076
0.6013959646224976
0.85795658826828
0.9601699113845825
1.5050283670425415
1.7291873693466187
2.170997142791748
3.4643592834472656
3.0482027530670166
2.4758172035217285
3.7042222023010254
3.9841785430908203
4.924638271331787
4.654828071594238
4.666745185852051
5.643986701965332
5.816304683685303
5.970231533050537
6.234587669372559
7.121330261230469
7.18398904800415
7.156983375549316
7.4647626876831055
8.467373847961426
8.597867965698242
9.192350387573242
10.43812084197998
10.005033493041992
10.375460624694824
10.822662353515625
11.870747566223145
11.745798110961914
11.321120262145996
11.27625560760498
11.761872291564941
13.021003723144531
13.72618579864502
13.458425521850586
13.874969482421875
15.628158569335938
15.610578536987305
16.0062255859375
16.248626708984375
16.675025939941406
16.919620513916016
17.324634552001953
18.190229415893555
18.888919830322266
19.43585205078125
19.66382598876953
19.827486038208008
19.837955474853516
20.677413940429688
20.860607147216797
21.945140838623047
22.72714614868164
21.536487579345703
22.737354278564453
22.80029296875
23.204431533813477
23.188798904418945
17.43762969970703
-28.317668914794922
-38.61724853515625
-0.007269262336194515
-0.00978001393377781
-0.008488333784043789
-0.010348932817578316
-0.009272799827158451
-0.00864829309284687
-0.008570270612835884
-0.0084218205884099
-0.008142273873090744
-0.007571157068014145
-0.0074745239689946175
-0.007214847952127457
-0.006805211305618286
-0.006288919597864151
-0.006145625375211239
-0.005908365361392498
-0.005236400756984949
-0.005151756573468447
-0.004665319807827473
-0.0038274743128567934
-0.004053025506436825
-0.003718686755746603
-0.003148204181343317
-0.0023198167327791452
-0.0018847394967451692
-0.00198228913359344
-0.0013095297617837787
-0.001337281777523458
-0.0004117424541618675
-4.553746111923829e-05
6.793632928747684e-05
0.0009300319361500442
0.0010085775284096599
0.0010126861743628979
0.0019021276384592056
0.0016925714444369078
0.002694995142519474
0.003231159644201398
0.0028010790701955557
0.0035318199079483747
0.003912902437150478
0.004084416665136814
0.004356980323791504
0.004706061445176601
0.005343838594853878
0.005776435136795044
0.0054573542438447475
0.006017620675265789
0.00646216282621026
0.006724589969962835
0.006479307077825069
0.007348600775003433
0.007223977241665125
0.007653959095478058
0.007587474770843983
0.007603397127240896
0.008043085224926472
0.008205628022551537
0.008343944326043129
0.00844342540949583
0.008228879421949387
0.008815282955765724
0.009062035009264946
0.009203790687024593
0.008970010094344616
0.008902372792363167
0.009308762848377228
0.009259039536118507
0.008971204981207848
0.009758357889950275
0.009520457126200199
0.009015174582600594
0.009269354864954948
0.009329883381724358
0.009038468822836876
0.009102498181164265
0.009541025385260582
0.009165970608592033
0.008804628625512123
0.008880862966179848
0.008721229620277882
0.008344404399394989
0.008768579922616482
0.008200918324291706
0.007987959310412407
0.008310563862323761
0.007750364486128092
0.007723518647253513
0.007840370759367943
0.007473678793758154
0.007141289301216602
0.006842716597020626
0.006993147544562817
0.006572323385626078
0.006280066911131144
0.0061180260963737965
21.141386032104492
94.31134033203125
111.46395111083984
61.60850143432617
33.991493225097656
24.477754592895508
20.630069732666016
7.635800361633301
5.794478416442871
4.309353351593018
0.36620351672172546
-0.30061954259872437
-1.1145631074905396
-3.1628804206848145
-2.5840492248535156
-3.163626194000244
-3.682706117630005
-3.712320327758789
-4.449057579040527
-3.8787550926208496
-3.9886116981506348
-4.388310432434082
-4.2137980461120605
-4.025164604187012
-3.7690377235412598
-3.734307050704956
-3.6252918243408203
-3.1959125995635986
-3.2865397930145264
-3.191596746444702
-3.24467396736145
-2.4447243213653564
-2.378739595413208
-1.9537779092788696
-2.2426629066467285
-1.5526624917984009
-0.9315918684005737
-0.6908117532730103
-0.08618048578500748
-0.7648030519485474
0.16073009371757507
0.5263356566429138
1.2130159139633179
1.566103458404541
1.4294489622116089
1.5018937587738037
1.6912739276885986
1.5015257596969604
3.3206722736358643
2.8138744831085205
3.422339677810669
3.8497097492218018
4.273926734924316
4.3482208251953125
4.981014251708984
5.123351097106934
5.8192877769470215
7.165435791015625
6.858473300933838
6.452038764953613
7.484217643737793
6.601047515869141
8.210206985473633
8.79090690612793
8.690661430358887
8.911507606506348
9.632181167602539
9.764944076538086
10.119089126586914
10.891351699829102
11.665539741516113
11.349862098693848
12.13184642791748
12.234125137329102
13.217638969421387
13.10468864440918
13.855509757995605
14.953303337097168
14.427922248840332
14.290151596069336
14.932962417602539
15.80595588684082
16.708065032958984
16.344310760498047
16.090394973754883
16.443832397460938
17.649629592895508
18.340532302856445
18.025781631469727
18.641128540039062
19.625152587890625
19.647798538208008
20.388864517211914
20.42281150817871
20.435035705566406
21.39692497253418
21.509084701538086
22.59180450439453
22.914453506469727
22.679872512817383
22.513980865478516
16.550800323486328
-27.380863189697266
-36.863990783691406
-0.007204089313745499
-0.009760838001966476
-0.008157467469573021
-0.011003917083144188
-0.009230395779013634
-0.008771529421210289
-0.008350647985935211
-0.008496418595314026
-0.007818001322448254
-0.00791125651448965
-0.007599656470119953
-0.007094005588442087
-0.00703025097027421
-0.0062812939286231995
-0.00595456175506115
-0.005600736942142248
-0.005301604513078928
-0.005366862285882235
-0.00446124654263258
-0.004481321666389704
-0.0034600875806063414
-0.0034744672011584044
-0.0028778326231986284
-0.002547172363847494
-0.0024919998832046986
-0.0016514804447069764
-0.0016209197929129004
-0.0010117873316630721
-0.0007852314156480134
-3.854106034850702e-05
-0.0003012443776242435
0.0010330899385735393
0.0002374245086684823
0.0015040207654237747
0.001800189958885312
0.0018480115104466677
0.0022409730590879917
0.0030113784596323967
0.0029552453197538853
0.003747742623090744
0.0037972896825522184
0.0038941700477153063
0.004962344653904438
0.0047988309524953365
0.005341030657291412
0.005327649414539337
0.006074931472539902
0.005943928845226765
0.006337230559438467
0.006156247109174728
0.007020434830337763
0.006993758492171764
0.007185907568782568
0.007798994425684214
0.0073913699015975
0.008090635761618614
0.008106700144708157
0.008005527779459953
0.008427400141954422
0.00891753938049078
0.008211798965930939
0.008867384865880013
0.00883251242339611
0.008709123358130455
0.008893683552742004
0.009389574639499187
0.00923139788210392
0.009295263327658176
0.009614579379558563
0.00942773837596178
0.008919891901314259
0.009499983862042427
0.00903227273374796
0.009136712178587914
0.009529181756079197
0.00922062061727047
0.00901098269969225
0.00873589888215065
0.008711596950888634
0.0092194564640522
0.008601891808211803
0.008529610000550747
0.008663928136229515
0.008341426961123943
0.008220089599490166
0.0082448311150074
0.0076961517333984375
0.007408601231873035
0.007918482646346092
0.007227805908769369
0.007085789926350117
0.006941307336091995
0.006994560360908508
0.006688638124614954
0.006264070514589548
0.006535531021654606
39.925331115722656
112.3967514038086
124.67903137207031
70.45952606201172
42.29975891113281
21.777151107788086
20.602075576782227
9.035504341125488
7.610788822174072
7.5444512367248535
3.1938652992248535
2.3442697525024414
1.2069917917251587
-1.260047435760498
-1.4043084383010864
-2.5899689197540283
-3.3861453533172607
-3.5235183238983154
-3.6019039154052734
-4.295862674713135
-3.976034641265869
-4.261991024017334
-4.903833866119385
-4.345690727233887
-4.283134937286377
-3.897813320159912
-3.794731616973877
-3.7149250507354736
-3.366252899169922
-3.161870241165161
-2.844472885131836
-2.474609375
-2.737165927886963
-2.3220651149749756
-2.4944324493408203
-1.3938041925430298
-1.660578727722168
-1.6252559423446655
-0.45226702094078064
0.09448949247598648
-0.4407263696193695
0.24753215909004211
1.2963483333587646
0.8933437466621399
0.9405368566513062
1.5496816635131836
1.0497455596923828
1.7400562763214111
3.710463762283325
3.5624682903289795
3.303349733352661
4.431580543518066
3.923814058303833
4.081365585327148
5.014497756958008
5.180446624755859
4.782227516174316
6.3140153884887695
6.902817726135254
6.2620110511779785
7.529963493347168
7.580782413482666
7.212451934814453
7.8977952003479
8.395063400268555
8.996064186096191
9.296451568603516
9.946345329284668
10.217855453491211
10.682336807250977
11.116594314575195
11.492277145385742
11.538267135620117
11.887606620788574
11.888216018676758
12.928552627563477
12.797303199768066
13.899782180786133
13.717170715332031
14.110310554504395
14.474148750305176
15.067952156066895
14.776395797729492
15.442892074584961
16.819612503051758
17.27182388305664
17.235877990722656
18.546358108520508
17.988094329833984
19.098203659057617
18.93705177307129
19.795188903808594
19.993335723876953
20.459766387939453
20.54931640625
21.025495529174805
21.12847328186035
21.62521743774414
22.109037399291992
22.635028839111328
22.960519790649414
16.2291259765625
-32.185325622558594
-30.040054321289062
-0.007298675831407309
-0.009162352420389652
-0.008002824150025845
-0.010622693225741386
-0.009391005150973797
-0.00835513323545456
-0.008584422059357166
-0.008628157898783684
-0.007638134993612766
-0.007925125770270824
-0.007256987504661083
-0.006576978601515293
-0.007060454227030277
-0.0058709499426186085
-0.006137460935860872
-0.005707493983209133
-0.005052185617387295
-0.005063115619122982
-0.004747421480715275
-0.004168515093624592
-0.00362432305701077
-0.0034915320575237274
-0.002745435107499361
-0.0029257971327751875
-0.0022059001494199038
-0.0017208618810400367
-0.001510176109150052
-0.0011374267050996423
-0.0004622228443622589
-8.684885688126087e-05
-7.190520409494638e-05
0.0007396844448521733
0.0010472979629412293
0.001080792979337275
0.0020934429485350847
0.001788850873708725
0.00256762164644897
0.0028938252944499254
0.0032281361054629087
0.003457209561020136
0.004086698405444622
0.004333466291427612
0.00419565849006176
0.004939365200698376
0.005011813715100288
0.005844255909323692
0.0056176804937422276
0.006048202980309725
0.00630544126033783
0.006450245622545481
0.007127539720386267
0.007025254424661398
0.007212864700704813
0.007486027665436268
0.00786106288433075
0.00785788707435131
0.008049404248595238
0.00791076384484768
0.008605863898992538
0.008352944627404213
0.008717572316527367
0.00883281510323286
0.008657237514853477
0.008942271582782269
0.009239156730473042
0.009191039949655533
0.009372065775096416
0.009221488609910011
0.009274028241634369
0.009033146314322948
0.00944463349878788
0.009534528478980064
0.009194968268275261
0.009210034273564816
0.008999248966574669
0.009191323071718216
0.008898237720131874
0.009240436367690563
0.00879327766597271
0.008822543546557426
0.008641917258501053
0.008812041953206062
0.00861377827823162
0.008065051399171352
0.008659975603222847
0.00828290544450283
0.007920835167169571
0.00792322214692831
0.0074758827686309814
0.007426845841109753
0.007256858050823212
0.0069621652364730835
0.0069670481607317924
0.006568881217390299
0.006379410624504089
0.006096654571592808
13.483589172363281
84.37249755859375
104.0640640258789
56.37689971923828
30.616313934326172
21.71396827697754
18.31361198425293
5.832322120666504
4.718714714050293
3.5243332386016846
-0.6975733637809753
0.013198154978454113
-1.101159691810608
-2.991239309310913
-2.514280319213867
-3.067495107650757
-3.6892905235290527
-3.4040558338165283
-4.22004508972168
-4.484432697296143
-4.325822353363037
-4.421370506286621
-4.461561679840088
-4.395445823669434
-4.101056098937988
-3.927136182785034
-3.884690046310425
-3.9885597229003906
-3.602874755859375
-3.0871951580047607
-2.9944145679473877
-2.5808322429656982
-2.454747438430786
-2.5932059288024902
-1.8168542385101318
-1.4395191669464111
-1.4415912628173828
-1.0114107131958008
-0.5006829500198364
-0.3855532109737396
-0.479013055562973
0.2401934415102005
0.6087599396705627
0.12424089759588242
1.3602534532546997
1.5087147951126099
2.155179738998413
2.110644817352295
2.839493751525879
2.783860921859741
4.10866117477417
4.108383655548096
2.8398730754852295
4.514575958251953
4.945286750793457
5.649346351623535
5.757943153381348
5.623297214508057
6.4401726722717285
7.0758466720581055
7.604372978210449
8.490857124328613
7.893444061279297
7.671103000640869
8.170652389526367
8.685742378234863
9.095471382141113
10.05383586883545
10.084941864013672
10.101052284240723
11.192548751831055
10.986717224121094
12.408693313598633
11.944257736206055
12.564090728759766
13.364669799804688
13.279092788696289
13.853792190551758
13.757064819335938
13.961430549621582
14.446647644042969
14.844202041625977
15.964929580688477
15.979907035827637
16.516101837158203
17.526226043701172
16.949626922607422
17.274097442626953
18.05983543395996
19.03260612487793
19.507152557373047
19.70514488220215
20.075931549072266
20.804176330566406
21.04634666442871
21.6671142578125
20.798816680908203
22.558574676513672
22.177120208740234
23.245410919189453
23.01492691040039
15.866984367370605
-32.219032287597656
-29.66570472717285
-0.0068819597363471985
-0.009473243728280067
-0.008189879357814789
-0.010487931780517101
-0.009494573809206486
-0.008563278242945671
-0.0087639931589365
-0.00853663682937622
-0.007616744842380285
-0.0076414733193814754
-0.007668802049010992
-0.006587172392755747
-0.007186368107795715
-0.006434199865907431
-0.0058229113928973675
-0.0055478657595813274
-0.004869507160037756
-0.005462965462356806
-0.004480408038944006
-0.0038617365062236786
-0.00399779574945569
-0.003338772337883711
-0.002652845811098814
-0.002857264829799533
-0.0023438052739948034
-0.0016941024223342538
-0.0015067695640027523
-0.0011304717045277357
-0.0005112334038130939
-0.0002340907958569005
0.00013161245442461222
0.0006776798982173204
0.0008202189346775413
0.0012916414998471737
0.0014580468414351344
0.002110764617100358
0.0026558800600469112
0.003236813936382532
0.002706550294533372
0.003718790365383029
0.003932416904717684
0.004324000794440508
0.004381456878036261
0.004650924354791641
0.005256666801869869
0.005836868193000555
0.005857106763869524
0.005869013257324696
0.006192096974700689
0.006609449628740549
0.006837882101535797
0.007467796094715595
0.007205451373010874
0.007953067310154438
0.007280438207089901
0.008141281083226204
0.008291466161608696
0.007992375642061234
0.008805493824183941
0.008496299386024475
0.008643658831715584
0.008562328293919563
0.008661404252052307
0.009049536660313606
0.009149434044957161
0.00945102609694004
0.008969730697572231
0.009340440854430199
0.009372523054480553
0.009192501194775105
0.00917872041463852
0.00926738977432251
0.009119465947151184
0.009045690298080444
0.009234625846147537
0.009082550182938576
0.009142693132162094
0.008907249197363853
0.009186145849525928
0.008973313495516777
0.008510185405611992
0.008987008593976498
0.008505851961672306
0.008364429697394371
0.008633216843008995
0.00791727565228939
0.00813842099159956
0.007564622908830643
0.007798478938639164
0.007303562946617603
0.0073324283584952354
0.007418895605951548
0.006914751138538122
0.006859758403152227
0.006340925581753254
0.006066668778657913
29.764440536499023
103.69287109375
117.79364013671875
65.6590347290039
39.239402770996094
21.676828384399414
19.744747161865234
8.136919975280762
7.366168022155762
6.311744213104248
2.1347014904022217
1.3609180450439453
-0.026161903515458107
-2.2297251224517822
-2.2783682346343994
-2.71459698677063
-3.38081431388855
-3.2030296325683594
-3.9624037742614746
-4.116820335388184
-4.5111799240112305
-4.370463848114014
-4.777828693389893
-3.5798041820526123
-3.7744765281677246
-3.961064577102661
-3.3681564331054688
-3.4415130615234375
-3.5325825214385986
-3.482234239578247
-3.0821332931518555
-2.466033458709717
-3.148920774459839
-2.0280890464782715
-1.789552927017212
-1.7002999782562256
-1.049577236175537
-0.09445049613714218
-0.547474205493927
-0.3019106984138489
0.23397140204906464
-0.2473018616437912
0.2243497371673584
1.489479422569275
2.2061209678649902
1.3679182529449463
1.7782787084579468
2.689544200897217
2.1327691078186035
3.370882749557495
4.322474002838135
3.910404920578003
4.246750831604004
4.354295253753662
4.283911228179932
4.816597938537598
6.303034782409668
5.466188430786133
6.131784439086914
6.7796173095703125
7.8203911781311035
7.749152183532715
8.528951644897461
8.5546236038208
9.441550254821777
9.526848793029785
9.364848136901855
9.739226341247559
10.512487411499023
10.608427047729492
10.943975448608398
11.382597923278809
11.583043098449707
12.799483299255371
12.640454292297363
13.420633316040039
13.5652494430542
13.921440124511719
14.639483451843262
14.868658065795898
14.938623428344727
15.352235794067383
15.875310897827148
16.14449119567871
17.069873809814453
16.53062629699707
18.027347564697266
18.26698875427246
18.739360809326172
18.74809455871582
19.445056915283203
19.875518798828125
21.153039932250977
20.273542404174805
20.814868927001953
20.81423568725586
22.527179718017578
22.4224796295166
23.224245071411133
23.3761043548584
22.935380935668945
16.320585250854492
-31.56890869140625
-31.310894012451172
-0.007255843374878168
-0.009132752195000648
-0.008461846970021725
-0.010362533852458
-0.009552596136927605
-0.008281074464321136
-0.009213561192154884
-0.008329602889716625
-0.007753557059913874
-0.0082146180793643
-0.007079397793859243
-0.007145511917769909
-0.0069502792321145535
-0.0064769028685987
-0.0059979148209095
-0.0056470646522939205
-0.005369849968701601
-0.005198572762310505
-0.004331909120082855
-0.004489178769290447
-0.0035377268213778734
-0.003593296278268099
-0.0030119693838059902
-0.002839589025825262
-0.002410281915217638
-0.001913776621222496
-0.000834647857118398
-0.0012870833743363619
-0.0004335906414780766
-0.00028261219267733395
0.0002801615046337247
0.0005314629524946213
0.0010484398808330297
0.0011327620595693588
0.0016972320154309273
0.001925158896483481
0.002560259075835347
0.002833354752510786
0.00327075133100152
0.003362067509442568
0.003998363856226206
0.004309450276196003
0.004468537867069244
0.0048750014975667
0.00549537967890501
0.005825511645525694
0.0056340680457651615
0.0059593552723526955
0.0067165629006922245
0.006142703350633383
0.007011827081441879
0.006967035587877035
0.00741190928965807
0.007608458399772644
0.007561388425529003
0.008028891868889332
0.0076696379110217094
0.008452260866761208
0.008122612722218037
0.008532693609595299
0.008743474259972572
0.00850011594593525
0.008936496451497078
0.008975615724921227
0.008934012614190578
0.008839709684252739
0.009264922700822353
0.009536098688840866
0.009382660500705242
0.008953338488936424
0.009121382609009743
0.009124265983700752
0.009244369342923164
0.009465032257139683
0.008987316861748695
0.0090921800583601
0.009078970178961754
0.008697324432432652
0.00913919322192669
0.008868953213095665
0.008775567635893822
0.008642051368951797
0.008502067998051643
0.008416329510509968
0.007865097373723984
0.008308330550789833
0.008054791949689388
0.007644019089639187
0.00721528846770525
0.007574351038783789
0.0075832330621778965
0.006619305349886417
0.007136853877454996
0.006187043618410826
0.006379362195730209
0.0062373364344239235
20.734725952148438
93.797607421875
111.05467224121094
61.500221252441406
33.91278839111328
23.702342987060547
20.439044952392578
6.069954872131348
4.352165222167969
4.0525312423706055
-0.20252856612205505
-0.32551735639572144
-0.7845796346664429
-3.0590567588806152
-3.028682231903076
-2.5002477169036865
-3.866044282913208
-3.8440158367156982
-4.0508575439453125
-4.629622936248779
-4.239535331726074
-4.598897457122803
-4.284367084503174
-4.097343921661377
-4.247017860412598
-4.055333137512207
-3.952594757080078
-3.392392635345459
-3.4515604972839355
-2.774099826812744
-2.91473650932312
-2.7581119537353516
-2.0294041633605957
-2.363363742828369
-2.204206943511963
-1.6240673065185547
-1.8134558200836182
-0.659237802028656
-0.8195602297782898
-0.31714510917663574
-0.08084765821695328
0.10504062473773956
0.7392295002937317
1.035322666168213
1.8228530883789062
2.1256818771362305
2.072803497314453
3.2849373817443848
2.5306520462036133
1.8448867797851562
3.475071430206299
4.662091255187988
4.624205589294434
5.550400733947754
4.619531154632568
5.292916774749756
6.018257141113281
6.213558197021484
6.100052356719971
7.268286228179932
7.705811977386475
7.904224395751953
8.567248344421387
8.82954216003418
8.38752269744873
8.28826904296875
8.292146682739258
9.659686088562012
9.615342140197754
10.387372970581055
11.344047546386719
11.200197219848633
11.638839721679688
12.46888256072998
12.776873588562012
13.099881172180176
13.516926765441895
13.948397636413574
14.212646484375
15.063825607299805
15.130987167358398
15.633729934692383
15.922904968261719
16.475223541259766
15.317814826965332
16.529272079467773
17.313758850097656
17.77432632446289
17.75891876220703
17.898571014404297
18.39508819580078
19.155241012573242
19.689504623413086
20.53297233581543
19.889806747436523
21.021541595458984
21.193737030029297
21.64471435546875
22.706714630126953
23.086606979370117
22.034318923950195
16.61528778076172
-31.96950912475586
-28.076339721679688
-0.0069599091075360775
-0.009063875302672386
-0.008456086739897728
-0.010729906149208546
-0.009479639120399952
-0.008336815051734447
-0.008774084970355034
-0.00850527174770832
-0.007584599312394857
-0.008064870722591877
-0.007582605816423893
-0.006668604910373688
-0.007099122740328312
-0.006230092607438564
-0.0060833715833723545
-0.005649446044117212
-0.005189334042370319
-0.005060351453721523
-0.004659184720367193
-0.004014754202216864
-0.0038686904590576887
-0.003461898071691394
-0.003118552966043353
-0.002855899278074503
-0.001913547283038497
-0.0019012801349163055
-0.0016503194347023964
-0.0010341505985707045
-0.000439498748164624
-0.0004952879389747977
0.0002654935233294964
0.0002899490937124938
0.0009570112451910973
0.0012133173877373338
0.002068669069558382
0.001918485970236361
0.002445912454277277
0.0028812012169510126
0.0031544254161417484
0.003721879795193672
0.00354275805875659
0.004227831028401852
0.004635029938071966
0.004662053193897009
0.005495279561728239
0.005416936241090298
0.005605838727205992
0.005735172890126705
0.006533405743539333
0.006300321780145168
0.006817772053182125
0.006986517459154129
0.007424065377563238
0.007622478995472193
0.007458996959030628
0.00807094108313322
0.008051114156842232
0.008046906441450119
0.008913842961192131
0.008386606350541115
0.008620848879218102
0.009110512211918831
0.008601097390055656
0.008857976645231247
0.00892085861414671
0.008998056873679161
0.009482288733124733
0.00930863618850708
0.008905700407922268
0.009231409057974815
0.009676756337285042
0.009275993332266808
0.008842436596751213
0.00955656636506319
0.008649947121739388
0.009849438443779945
0.009136768989264965
0.008859283290803432
0.008917221799492836
0.008514292538166046
0.009153777733445168
0.008670388720929623
0.008494560606777668
0.008480971679091454
0.008161857724189758
0.008086832240223885
0.008033612743020058
0.007615613751113415
0.007972880266606808
0.006994365248829126
0.00724469218403101
0.007241296581923962
0.0069923424161970615
0.006399030331522226
0.006335933692753315
0.006502063479274511
12.778667449951172
82.69234466552734
103.05354309082031
55.21357345581055
29.663955688476562
21.379026412963867
18.300334930419922
6.082444190979004
4.839213848114014
3.774628162384033
-0.284926176071167
-0.3743418753147125
-1.3889344930648804
-3.41943359375
-3.0187954902648926
-3.248077869415283
-4.605324745178223
-4.032951354980469
-4.168079376220703
-4.471225738525391
-4.270875930786133
-4.218691825866699
-4.147448539733887
-4.0645599365234375
-3.722815990447998
-3.995373249053955
-3.4546375274658203
-3.4155972003936768
-3.4206340312957764
-3.442242383956909
-3.09553599357605
-2.708723783493042
-2.592937469482422
-2.366807699203491
-2.231703281402588
-1.2594166994094849
-1.5595793724060059
-0.44310253858566284
-0.4649246335029602
-0.3004070818424225
0.11314035952091217
-0.21130645275115967
0.9973770380020142
1.266983151435852
1.4872410297393799
1.8482996225357056
1.7523977756500244
2.2177226543426514
2.923945903778076
2.7128329277038574
3.2735793590545654
4.378539085388184
3.703071117401123
4.956360816955566
5.00076150894165
4.794915676116943
5.314375877380371
6.150291442871094
6.3906145095825195
6.70782995223999
7.509331703186035
7.554045677185059
8.13927936553955
8.195211410522461
8.77664852142334
9.543569564819336
9.525440216064453
9.85690689086914
10.532089233398438
10.751239776611328
11.820551872253418
11.848835945129395
12.494974136352539
12.633584976196289
12.707052230834961
13.920109748840332
14.629938125610352
14.779528617858887
15.684173583984375
15.555081367492676
15.956828117370605
15.140670776367188
16.22198486328125
17.235393524169922
16.46038818359375
16.834003448486328
17.049306869506836
17.901264190673828
19.0841121673584
18.582103729248047
19.2193546295166
19.5627498626709
20.295124053955078
20.284015655517578
21.269935607910156
21.444677352905273
21.091623306274414
21.832765579223633
22.687976837158203
22.996633529663086
21.894601821899414
17.353118896484375
-31.85101318359375
-30.875690460205078
-0.007353133521974087
-0.009041635319590569
-0.008101629093289375
-0.01095518283545971
-0.009592496789991856
-0.007976116612553596
-0.008843437768518925
-0.00853685848414898
-0.0074994927272200584
-0.00794016383588314
-0.007531432900577784
-0.006838256027549505
-0.0065326751209795475
-0.006076770834624767
-0.006352654658257961
-0.005985426716506481
-0.005082353483885527
-0.004984063562005758
-0.004588150419294834
-0.004077923018485308
-0.0038240314461290836
-0.0036986141931265593
-0.0027344212867319584
-0.00298787048086524
-0.002076947595924139
-0.0017492208862677217
-0.001297981245443225
-0.0010387117508798838
-0.000649058900307864
0.00011936773080378771
5.0517312047304586e-05
0.0008665315108373761
0.0010963684180751443
0.0009857891127467155
0.0017744700890034437
0.002208227291703224
0.002389711793512106
0.0030498281121253967
0.0028596017509698868
0.0034465596545487642
0.0042795161716639996
0.003986481111496687
0.004520599264651537
0.004913102835416794
0.005341977812349796
0.005523452069610357
0.005448896903544664
0.005971085745841265
0.006424312479794025
0.006632402539253235
0.006548689212650061
0.007074274122714996
0.007062663324177265
0.007253363728523254
0.00804186426103115
0.007939042523503304
0.007765656802803278
0.008459975011646748
0.008124060928821564
0.008646312169730663
0.008642569184303284
0.008848068304359913
0.008714291267096996
0.009016577154397964
0.00908680073916912
0.008868878707289696
0.009389190934598446
0.009190795943140984
0.009185709990561008
0.009642082266509533
0.009106370620429516
0.009330258704721928
0.009156853891909122
0.009413438849151134
0.008743688464164734
0.009375913999974728
0.009124619886279106
0.008766889572143555
0.009309780783951283
0.008545423857867718
0.008650719188153744
0.008546686731278896
0.00895946566015482
0.008112804964184761
0.008337431587278843
0.008329721167683601
0.0077940309420228004
0.0076206522062420845
0.007563081569969654
0.0073771304450929165
0.0072836363688111305
0.00703506451100111
0.006661678664386272
0.006791876163333654
0.006706623826175928
0.006002537906169891
20.936376571655273
93.23778533935547
110.03487396240234
60.75166702270508
36.331573486328125
22.956878662109375
19.248308181762695
6.287575721740723
5.028397560119629
3.509913682937622
-0.545225977897644
-0.6630544662475586
-1.2577050924301147
-3.1342525482177734
-3.210606336593628
-3.2878894805908203
-4.0832929611206055
-3.8058395385742188
-3.931279420852661
-3.897195816040039
-3.6553149223327637
-4.311631679534912
-3.8351073265075684
-3.998366117477417
-3.939469814300537
-4.230433464050293
-3.941898822784424
-3.385451555252075
-3.5056357383728027
-3.2176647186279297
-2.771618604660034
-2.8239212036132812
-1.9101283550262451
-2.1559736728668213
-2.101996898651123
-0.9853692054748535
-1.7373793125152588
-0.014166267588734627
-0.29849323630332947
-0.8515535593032837
0.17206569015979767
0.5873291492462158
1.2016140222549438
1.4072867631912231
1.2821118831634521
1.5993322134017944
2.5000767707824707
2.5457890033721924
2.317474842071533
2.64963960647583
3.8820300102233887
4.3018999099731445
3.8734142780303955
5.328429698944092
5.957956790924072
4.996531009674072
5.63593864440918
5.540791034698486
5.893758773803711
6.064815998077393
8.019367218017578
8.139223098754883
8.189859390258789
8.571175575256348
8.444010734558105
8.523099899291992
9.617603302001953
10.856351852416992
10.949322700500488
10.721574783325195
10.821542739868164
12.13866901397705
11.62545108795166
13.091096878051758
13.024040222167969
13.574885368347168
14.052746772766113
14.145891189575195
14.50901985168457
15.03187084197998
15.548151016235352
14.999300003051758
15.540809631347656
16.655359268188477
17.293411254882812
18.24802589416504
17.206233978271484
18.66275978088379
18.04869270324707
18.91329002380371
19.259733200073242
19.901193618774414
20.519031524658203
20.792888641357422
22.046911239624023
22.51648712158203
21.70184898376465
22.641592025756836
22.616313934326172
22.78607177734375
22.58270263671875
16.860509872436523
-32.67176818847656
-30.72314453125
-0.007210782263427973
-0.00904440600425005
-0.008203319273889065
-0.010676354169845581
-0.009637996554374695
-0.008013330399990082
-0.00894326251000166
-0.008193541318178177
-0.007814502343535423
-0.00811596680432558
-0.006929767318069935
-0.007159693632274866
-0.006705672945827246
-0.006748660001903772
-0.005606450140476227
-0.0058408561162650585
-0.005230211652815342
-0.004935632459819317
-0.004316030535846949
-0.004482062067836523
-0.0036754601169377565
-0.003803669009357691
-0.0029188934713602066
-0.0026887727435678244
-0.001964283175766468
-0.001897436915896833
-0.0013473188737407327
-0.0011691071558743715
-0.0005745408707298338
-0.0001862905191956088
-5.047808008384891e-05
0.0004936279146932065
0.001072344253771007
0.0012413341319188476
0.0015435342211276293
0.0018035282846540213
0.00250822096131742
0.002981357742100954
0.0031083007343113422
0.0035511567257344723
0.004049169830977917
0.004029604606330395
0.0044782524928450584
0.005086098797619343
0.004923045169562101
0.005731015000492334
0.005796109326183796
0.006096598692238331
0.00647320132702589
0.006232221610844135
0.006815946660935879
0.007019519805908203
0.00730876624584198
0.007458340376615524
0.0077241696417331696
0.00777475768700242
0.008031451143324375
0.008318507112562656
0.00832417793571949
0.008376363664865494
0.009053751826286316
0.008642594330012798
0.008832954801619053
0.008921565487980843
0.009002553299069405
0.009380185976624489
0.008742576465010643
0.00942029058933258
0.009309856221079826
0.009097927249968052
0.009270190261304379
0.009224386885762215
0.00923250988125801
0.009169355034828186
0.009118539281189442
0.009203331544995308
0.008962951600551605
0.009189981035888195
0.00916275940835476
0.008752606809139252
0.008777016773819923
0.008368109352886677
0.00892672874033451
0.008343147113919258
0.008177051320672035
0.008324315771460533
0.00800568237900734
0.007945169694721699
0.007555065210908651
0.007490382995456457
0.007702837232500315
0.006805283483117819
0.00680525740608573
0.006675527896732092
0.006436803378164768
0.006139053963124752
29.951171875
103.16654205322266
117.72811126708984
65.75931549072266
38.77208709716797
22.109901428222656
19.87152862548828
8.235381126403809
8.08323860168457
6.256529808044434
1.943224549293518
1.1560728549957275
0.08666036278009415
-2.1240036487579346
-2.006847620010376
-2.7858164310455322
-3.8511242866516113
-2.907993793487549
-4.406765937805176
-4.274953842163086
-4.267691612243652
-4.488161087036133
-3.7602133750915527
-3.9708666801452637
-3.8830344676971436
-3.481102705001831
-3.6435387134552
-3.686314344406128
-2.944007396697998
-3.2753746509552
-3.314316511154175
-2.396240711212158
-2.5104610919952393
-2.8557498455047607
-1.7164781093597412
-1.2290749549865723
-2.1037580966949463
-0.33600664138793945
-0.5150363445281982
-0.5646871328353882
-0.690845251083374
0.6476135849952698
1.000985860824585
1.2699501514434814
1.760515570640564
2.3081140518188477
1.9247620105743408
2.4689106941223145
2.5948476791381836
2.430528402328491
3.909292697906494
4.397500038146973
3.3915653228759766
4.708103656768799
4.818027019500732
4.407679080963135
5.815743446350098
6.688195705413818
6.658153533935547
7.628025054931641
7.111409664154053
8.194682121276855
7.637504577636719
7.9405694007873535
8.515108108520508
8.591958999633789
10.231850624084473
9.506369590759277
10.473966598510742
10.245954513549805
11.158222198486328
11.205132484436035
11.997169494628906
12.531428337097168
13.061810493469238
13.532638549804688
13.76709270477295
13.5814847946167
14.845959663391113
15.241455078125
15.852705001831055
16.10738754272461
16.978435516357422
16.739221572875977
17.175382614135742
16.932111740112305
18.060794830322266
18.195234298706055
18.47343635559082
18.671100616455078
19.237064361572266
20.274599075317383
20.454727172851562
20.603967666625977
21.1865234375
22.008028030395508
22.233295440673828
22.849590301513672
24.10601806640625
24.74696159362793
23.410219192504883
15.071649551391602
-32.155738830566406
-29.80838394165039
-0.006877197418361902
-0.009343885816633701
-0.00821604859083891
-0.010867694392800331
-0.009605048224329948
-0.008183592930436134
-0.00899080466479063
-0.008249050006270409
-0.007785726338624954
-0.007889359258115292
-0.007740319706499577
-0.006964240223169327
-0.00706533482298255
-0.0065899984911084175
-0.005651882849633694
-0.00620761513710022
-0.005186409689486027
-0.004805657081305981
-0.004812638275325298
-0.004073958843946457
-0.0037878062576055527
-0.0034830463118851185
-0.0032628898043185472
-0.0024347249418497086
-0.0024894289672374725
-0.001708432100713253
-0.0008777600014582276
-0.0013627454172819853
-0.0006309671443887055
2.2521078790305182e-05
-0.00024269586720038205
0.00043348735198378563
0.001364541007205844
0.0013717792462557554
0.0018471553921699524
0.0019265024457126856
0.0021460482385009527
0.003232812974601984
0.0029895449988543987
0.003396387677639723
0.004081845749169588
0.00428152596578002
0.00447170902043581
0.004875113721936941
0.005096965003758669
0.005620339885354042
0.005409077741205692
0.006125991232693195
0.006254824809730053
0.006489819847047329
0.006564820650964975
0.007307374384254217
0.00706916768103838
0.007800427731126547
0.007967101410031319
0.007727892603725195
0.008356619626283646
0.008147306740283966
0.0079541876912117
0.008949892595410347
0.008252354338765144
0.008942442946135998
0.008669409900903702
0.009181583300232887
0.008891100995242596
0.009272110648453236
0.009098954498767853
0.009538230486214161
0.009685900062322617
0.008735680021345615
0.009604442864656448
0.008858107961714268
0.009457680396735668
0.009060719981789589
0.009344695135951042
0.009266904555261135
0.008935535326600075
0.008904100395739079
0.009221306070685387
0.008675770834088326
0.008645054884254932
0.008443707600235939
0.009166212752461433
0.008351397700607777
0.008219094946980476
0.008129740133881569
0.008018609136343002
0.007809492759406567
0.007520430721342564
0.007378041744232178
0.007597947958856821
0.006763867102563381
0.007007206324487925
0.006741633173078299
0.0063691711984574795
0.006143809761852026
39.50712966918945
112.4482650756836
122.38824462890625
68.90689849853516
43.97257614135742
23.684062957763672
21.616823196411133
8.758841514587402
8.610830307006836
7.403204441070557
2.9970016479492188
2.0967462062835693
0.7120426297187805
-1.0035039186477661
-1.2417654991149902
-1.9290740489959717
-2.951406240463257
-3.167100429534912
-3.597674608230591
-3.826169490814209
-3.6463096141815186
-3.5645480155944824
-3.644514799118042
-3.0391669273376465
-3.793529987335205
-3.706753969192505
-3.3873229026794434
-3.393129348754883
-3.6204113960266113
-3.18517804145813
-2.2691762447357178
-2.296069383621216
-2.3093039989471436
-1.9682916402816772
-1.5271501541137695
-1.3406749963760376
-1.402643084526062
-0.1691938042640686
-0.6393665075302124
-0.1416270136833191
0.03448854759335518
0.0998535007238388
0.818527102470398
1.334031581878662
1.9622018337249756
1.1917773485183716
2.674949884414673
2.135952949523926
2.645963191986084
4.096765041351318
3.5797019004821777
2.9483225345611572
4.2360663414001465
4.755919933319092
5.2353715896606445
5.95454740524292
6.053580284118652
5.916469573974609
6.517695426940918
6.789276123046875
7.212481498718262
7.045868873596191
7.670552730560303
8.465568542480469
7.9410080909729
8.593964576721191
10.066823959350586
9.885149955749512
10.716958999633789
10.694818496704102
11.249402046203613
11.957406044006348
12.126437187194824
12.594599723815918
12.972633361816406
13.287327766418457
13.15625286102295
13.976908683776855
13.503684997558594
14.383871078491211
15.548100471496582
15.217483520507812
15.300994873046875
17.01597023010254
16.701461791992188
16.740062713623047
18.57379722595215
18.90555191040039
18.787639617919922
18.805788040161133
19.737754821777344
20.01053810119629
19.60109519958496
20.537429809570312
21.657428741455078
21.711238861083984
21.709129333496094
22.291187286376953
22.305561065673828
23.510433197021484
22.886030197143555
16.278030395507812
-32.94129180908203
-28.359699249267578
-0.0066782510839402676
-0.009531903080642223
-0.00817941315472126
-0.01076346542686224
-0.009258913807570934
-0.00833678338676691
-0.00887841172516346
-0.008464091457426548
-0.007548208348453045
-0.00835002213716507
-0.006998977158218622
-0.007129856385290623
-0.00694618234410882
-0.006315769162029028
-0.006235729902982712
-0.005426721181720495
-0.005158734507858753
-0.0049372180365026
-0.0048312717117369175
-0.0042536212131381035
-0.003593564499169588
-0.0032674656249582767
-0.0030078343115746975
-0.0027075489051640034
-0.0023681113962084055
-0.0018563596531748772
-0.0011896381620317698
-0.0010054779704660177
-0.0007551902090199292
-6.9768400862813e-05
5.265427898848429e-05
0.0007793375989422202
0.0007916823960840702
0.0013320086291059852
0.0014170815702527761
0.0020913712214678526
0.002606926951557398
0.002887394744902849
0.0030379712115973234
0.0033416568767279387
0.004124626517295837
0.004165112040936947
0.004442319739609957
0.004835387226194143
0.00541706383228302
0.005700164474546909
0.005697039887309074
0.00621667830273509
0.006337990052998066
0.006718548946082592
0.006852668710052967
0.00728050759062171
0.007188405841588974
0.00786030013114214
0.007718267850577831
0.007936527021229267
0.008115008473396301
0.008080543950200081
0.008704506792128086
0.008340496569871902
0.008636778220534325
0.008638040162622929
0.008657126687467098
0.009202438406646252
0.008862217888236046
0.00896437931805849
0.009661157615482807
0.008596816100180149
0.009410726837813854
0.00909755565226078
0.00955596100538969
0.009306393563747406
0.009109288454055786
0.0091328714042902
0.00921366736292839
0.009218782186508179
0.00851343385875225
0.009409938007593155
0.008991293609142303
0.008956685662269592
0.008395092561841011
0.008660407736897469
0.008394869975745678
0.008509405888617039
0.008303488604724407
0.008393687196075916
0.007630537264049053
0.007736086845397949
0.007748422212898731
0.007477907929569483
0.007246076129376888
0.006918805651366711
0.006784987635910511
0.006827706936746836
0.006446839310228825
0.006329928524792194
20.730335235595703
93.14167785644531
110.05094146728516
60.38666915893555
33.14628219604492
23.732635498046875
20.38380241394043
7.5747222900390625
6.072390556335449
4.326138019561768
0.1577639877796173
-0.05469689518213272
-0.8244859576225281
-3.1497700214385986
-2.487910509109497
-2.668105125427246
-3.8275578022003174
-3.4834847450256348
-4.046022891998291
-4.335551738739014
-4.2648210525512695
-4.648183345794678
-3.966956615447998
-3.842517137527466
-4.240585803985596
-3.7755227088928223
-4.014409065246582
-3.583970546722412
-3.7382330894470215
-3.356290340423584
-3.570512056350708
-2.6685218811035156
-2.133441925048828
-2.6251726150512695
-1.885802984237671
-2.191843271255493
-1.6034247875213623
-0.5550658702850342
0.08453504741191864
-0.74554842710495
-0.17247295379638672
0.5587048530578613
0.3898661136627197
0.10679206997156143
1.5695202350616455
1.2626532316207886
0.6915218830108643
1.7244889736175537
2.6294806003570557
2.5281481742858887
3.8178324699401855
4.730768203735352
4.44087028503418
5.158865928649902
5.627342224121094
4.974562644958496
5.54292631149292
6.7656121253967285
6.3878254890441895
5.871954917907715
7.383364677429199
7.477458953857422
7.825037479400635
8.706864356994629
8.202034950256348
9.260049819946289
9.04551887512207
9.594987869262695
10.156415939331055
9.960237503051758
11.16861343383789
11.538457870483398
11.741806983947754
12.279870986938477
12.618597030639648
13.523500442504883
13.466081619262695
13.820157051086426
14.409716606140137
15.095402717590332
15.160365104675293
15.551603317260742
16.105531692504883
15.909708023071289
16.667940139770508
17.622417449951172
17.845325469970703
18.627328872680664
17.691186904907227
19.43401527404785
19.945884704589844
20.204418182373047
20.29751205444336
20.758283615112305
20.858840942382812
20.372020721435547
21.606569290161133
22.247520446777344
22.80718231201172
23.163602828979492
22.645156860351562
17.083335876464844
-32.393890380859375
-30.79458236694336
-0.007114316336810589
-0.009484710171818733
-0.008256848901510239
-0.010605239309370518
-0.00950679276138544
-0.008311391808092594
-0.008813279680907726
-0.00852225162088871
-0.007622563745826483
-0.008203515782952309
-0.007341328077018261
-0.006939923856407404
-0.00702913012355566
-0.006306476891040802
-0.005974152125418186
-0.005882007069885731
-0.004781215451657772
-0.005358240567147732
-0.004336662590503693
-0.004082268103957176
-0.0038119100499898195
-0.0031821136362850666
-0.0030913017690181732
-0.002956683747470379
-0.0020107715390622616
-0.0018903616582974792
-0.001413072575815022
-0.00101462344173342
-0.00032420718343928456
-0.00029633467784151435
3.5414472222328186e-05
0.0005768037517555058
0.0008101019775494933
0.0013104768004268408
0.0018559389282017946
0.002173346932977438
0.002146532293409109
0.0030074804089963436
0.003391916397958994
0.003539503086358309
0.0038839648477733135
0.00424842769280076
0.004313685931265354
0.005061902571469545
0.005199844483286142
0.00557723781093955
0.0057489885948598385
0.00624142587184906
0.006373065523803234
0.006476812995970249
0.006997435353696346
0.0070374347269535065
0.007325530052185059
0.00769599387422204
0.007573668844997883
0.00786710623651743
0.007942881435155869
0.008163784630596638
0.008600869216024876
0.008477017283439636
0.008577927015721798
0.008769454434514046
0.00863242894411087
0.00928853265941143
0.009225682355463505
0.008939683437347412
0.009242985397577286
0.009131613187491894
0.008986841887235641
0.00951249711215496
0.008975999429821968
0.009220662526786327
0.009400252252817154
0.009213956072926521
0.009403917007148266
0.008991850540041924
0.009193554520606995
0.0094520328566432
0.008379601873457432
0.008941618725657463
0.008703222498297691
0.008508739992976189
0.008891909383237362
0.00816136784851551
0.007863304577767849
0.008594663813710213
0.007761915680021048
0.0076623097993433475
0.0075959088280797005
0.007580149918794632
0.006816010922193527
0.007052493281662464
0.007083296775817871
0.006902178283780813
0.0062733786180615425
0.006156740244477987
39.349464416503906
112.29840087890625
124.32275390625
70.44695281982422
40.698143005371094
19.36302375793457
19.78097915649414
7.565652370452881
8.77786636352539
7.797951698303223
3.181187391281128
1.5492744445800781
0.42473211884498596
-1.6198387145996094
-1.3342885971069336
-2.638712167739868
-3.399548292160034
-3.9400131702423096
-3.977362871170044
-4.2958269119262695
-4.178837776184082
-4.225557327270508
-4.263064384460449
-3.853485107421875
-4.133593559265137
-3.668818235397339
-3.653804302215576
-3.3446803092956543
-2.9246678352355957
-3.488065242767334
-2.5438971519470215
-2.4719972610473633
-2.6064937114715576
-2.518493890762329
-1.8617197275161743
-1.6006147861480713
-1.887796401977539
-0.9993692636489868
-0.9724159240722656
-0.018597060814499855
-1.0064280033111572
0.3329840898513794
0.7949864864349365
0.21207097172737122
1.3612327575683594
1.732731580734253
1.728532075881958
1.5715444087982178
2.605546236038208
3.658799648284912
3.509612560272217
4.3298821449279785
4.328381538391113
4.759573936462402
5.349348545074463
4.907482147216797
5.163107872009277
6.5378007888793945
7.124880790710449
6.9951910972595215
7.656620025634766
7.793313503265381
8.702559471130371
8.616262435913086
8.93785285949707
8.81896686553955
9.976419448852539
10.090524673461914
10.467665672302246
10.874445915222168
10.589128494262695
11.0841646194458
12.432172775268555
13.155767440795898
12.83473014831543
13.754565238952637
13.783044815063477
14.421429634094238
13.967214584350586
14.859060287475586
14.906573295593262
15.886804580688477
15.875406265258789
15.921232223510742
16.791799545288086
17.00040054321289
17.211523056030273
17.79636001586914
18.570209503173828
18.59865379333496
18.875452041625977
19.067495346069336
20.745285034179688
20.795154571533203
21.98297691345215
21.80385398864746
21.58955955505371
22.342761993408203
22.583581924438477
23.153352737426758
22.657848358154297
16.783693313598633
-32.421180725097656
-29.693038940429688
-0.007270439527928829
-0.009378296323120594
-0.008221317082643509
-0.010928445495665073
-0.009664362296462059
-0.008177252486348152
-0.009115083143115044
-0.008151846006512642
-0.0077075352892279625
-0.008238098584115505
-0.007023528218269348
-0.007052662782371044
-0.006885615177452564
-0.006451588124036789
-0.005735894199460745
-0.005890396423637867
-0.005399497225880623
-0.004720767959952354
-0.004620776511728764
-0.004310130141675472
-0.0038476213812828064
-0.00337620684877038
-0.0030631355475634336
-0.0025105506647378206
-0.002493948210030794
-0.0016337234992533922
-0.001301676849834621
-0.0011420557275414467
-0.0006898794090375304
-0.00033573186374269426
-9.786789451027289e-05
0.0008464902639389038
0.0006584649672731757
0.0015095333801582456
0.0018050599610432982
0.0018467832123860717
0.0026130678597837687
0.0026279787998646498
0.0032271076925098896
0.0032566834706813097
0.00429526949301362
0.00409098993986845
0.0043961950577795506
0.005178582388907671
0.004903870634734631
0.005593555513769388
0.005495524499565363
0.005853003356605768
0.006512579973787069
0.00620008260011673
0.0067361220717430115
0.007350056432187557
0.007043843623250723
0.007767475210130215
0.007549784146249294
0.007815265096724033
0.00828438252210617
0.007842512801289558
0.00845176912844181
0.008608968928456306
0.008517839014530182
0.008515236899256706
0.008993091061711311
0.00864937249571085
0.009179565124213696
0.009160952642560005
0.009780476801097393
0.00931788980960846
0.009462154470384121
0.008904323913156986
0.009345803409814835
0.009613802656531334
0.009592271409928799
0.009395750239491463
0.0089655676856637
0.008931839838624
0.009079119190573692
0.00895066000521183
0.00894194282591343
0.009196517057716846
0.008433595299720764
0.008407620713114738
0.008693239651620388
0.008476803079247475
0.00814344733953476
0.008170491084456444
0.008134045638144016
0.007678520865738392
0.007870021276175976
0.007471142802387476
0.007403810974210501
0.007144926581531763
0.00663833087310195
0.006929293274879456
0.006028841249644756
0.006249538157135248
0.006179356016218662
0.006018504034727812
-0.005570581182837486
0.006177048664540052
0.0038760448805987835
0.0037526562809944153
0.0021598327439278364
0.003883319441229105
-0.0069694360718131065
0.004255303181707859
-0.0018923502648249269
0.00228007510304451
-0.004680924583226442
9.21295941225253e-05
-0.005378844682127237
-0.001962576759979129
-0.0010030714329332113
-0.007630952633917332
-0.008860145695507526
-0.005356415640562773
0.010101981461048126
-0.020717009902000427
-0.004191926680505276
-0.007485381327569485
-0.010453982278704643
-0.008152682334184647
-0.008287112228572369
-0.008546315133571625
-0.009090766310691833
-0.010266900062561035
-0.009843009524047375
-0.009688767604529858
-0.010623733513057232
-0.011813046410679817
-0.011595292016863823
-0.011038972064852715
-0.010520398616790771
-0.012039883993566036
-0.013280811719596386
-0.0175919346511364
-0.018203463405370712
-0.030969124287366867
-0.016599353402853012
-0.025700032711029053
-0.027302931994199753
-0.009195823222398758
-0.039575688540935516
0.0003015272377524525
-0.013146573677659035
-0.020201705396175385
-0.02773202583193779
-0.04105716198682785
-0.025674980133771896
-0.02314222790300846
-0.03901918977499008
-0.0507458820939064
-0.042719367891550064
-0.013829718343913555
-0.01638992503285408
-0.020496034994721413
-0.019390996545553207
-0.019857794046401978
-0.01725384034216404
-0.01860559545457363
-0.01776145026087761
-0.018543411046266556
-0.01880064606666565
-0.01765618287026882
-0.01969846524298191
-0.019322644919157028
-0.022201914340257645
-0.021001243963837624
-0.022838085889816284
-0.023221809417009354
-0.025358403101563454
-0.021846313029527664
-0.022513318806886673
-0.026079272851347923
-0.02355918288230896
-0.027128076180815697
-0.02543821930885315
-0.02574843168258667
-0.026916518807411194
-0.027948403730988503
-0.032417282462120056
-0.028190532699227333
-0.0265100859105587
-0.030554410070180893
-0.031458087265491486
-0.03177230432629585
-0.03267001733183861
-0.03278990834951401
-0.03258190304040909
-0.039291709661483765
-0.0330328494310379
-0.043724752962589264
-0.03380266949534416
-0.04081854224205017
-0.051853835582733154
-0.038076259195804596
-6.862661838531494
-27.13570785522461
-19.62685203552246
-14.743864059448242
-9.768162727355957
-0.08461223542690277
-0.020397966727614403
-0.08940628916025162
-0.026995619758963585
-0.026411470025777817
-0.09656856209039688
-0.17284847795963287
-0.056001175194978714
-0.027689585462212563
-0.05417308211326599
-0.14705410599708557
-0.049484387040138245
-0.025207597762346268
-0.02741142548620701
-0.02568819187581539
-0.026000063866376877
-0.026821937412023544
-0.02750125527381897
-0.02774541638791561
-0.0278957337141037
-0.027636099606752396
-0.02747361734509468
-0.027824247255921364
-0.027963001281023026
-0.027952363714575768
-0.028158366680145264
-0.028203299269080162
-0.028254199773073196
-0.028309201821684837
-0.028394898399710655
-0.028606167063117027
-0.028828149661421776
-0.029005443677306175
-0.02913976088166237
-0.029321257025003433
-0.029488658532500267
-0.029628846794366837
-0.029830098152160645
-0.02998245321214199
-0.030161553993821144
-0.030355360358953476
-0.03055020608007908
-0.030734580010175705
-0.03095138445496559
-0.03116939589381218
-0.03140103444457054
-0.03164631500840187
-0.03190268203616142
-0.032156169414520264
-0.032441332936286926
-0.03272291645407677
-0.03303062543272972
-0.033340416848659515
-0.03363490477204323
-0.03400328755378723
-0.03431876003742218
-0.03465019911527634
-0.035012077540159225
-0.03536490723490715
-0.035719048231840134
-0.036079101264476776
-0.036451779305934906
-0.03680158033967018
-0.03715071827173233
-0.03753570094704628
-0.03787018358707428
-0.03824476897716522
-0.038602009415626526
-0.038933463394641876
-0.039337076246738434
-0.039675790816545486
-0.04004444181919098
-0.04044157266616821
-0.04076874256134033
-0.04114610701799393
-0.0415087565779686
-0.04188872128725052
-0.0422450490295887
-0.04255736991763115
-0.04292336106300354
-0.04332319274544716
-0.04366493970155716
-0.043987832963466644
-0.04427962750196457
-0.04467782378196716
-0.04497241601347923
-0.04523162171244621
-0.04562295600771904
-0.045923877507448196
-0.046252962201833725
-0.04651631787419319
-0.04684817045927048
-0.04715804010629654
-0.04744445160031319
-0.04773610085248947
-0.04803720861673355
-0.04828427731990814
-0.04860495775938034
-0.05136557295918465
-0.04797924682497978
-0.04757587984204292
-0.0473242923617363
-0.04733053967356682
-0.04721733182668686
-0.04741816222667694
-0.04732964187860489
-0.047324422746896744
-0.04727814719080925
-0.04733622819185257
-0.04737154021859169
-0.04715299978852272
-0.047232918441295624
-0.04723221808671951
-0.04710466414690018
-0.047041673213243484
-0.04702707752585411
-0.04696103185415268
-0.04697868600487709
-0.0468633808195591
-0.046777479350566864
-0.04672127962112427
-0.04673150181770325
-0.04662360996007919
-0.04650268331170082
-0.04649246111512184
-0.046320341527462006
-0.04628540575504303
-0.046125732362270355
-0.045990847051143646
-0.04583011195063591
-0.04564063996076584
-0.04559174180030823
-0.0454627089202404
-0.045325033366680145
-0.045328881591558456
-0.04531355947256088
-0.04498100280761719
-0.04498956352472305
-0.045163799077272415
-0.04478539526462555
-0.044924136251211166
-0.04483659937977791
-0.04478318244218826
-0.04452455788850784
-0.04445761814713478
-0.04450511187314987
-0.04432275518774986
-0.044129379093647
-0.044262152165174484
-0.04401177540421486
-0.04376531392335892
-0.04397933557629585
-0.043541550636291504
-0.0436440035700798
-0.04333517327904701
-0.043382905423641205
-0.04335726425051689
-0.043258436024188995
-0.043180081993341446
-0.043244678527116776
-0.04305392503738403
-0.04311443120241165
-0.043264247477054596
-0.04281812161207199
-0.04269300773739815
-0.0429646298289299
-0.0426352322101593
-0.04221203550696373
-0.04266737028956413
-0.04225429520010948
-0.04225285351276398
-0.041963130235672
-0.04161436855792999
-0.04170527309179306
-0.041727494448423386
-0.04141280800104141
-0.041253603994846344
-0.041075944900512695
-0.041054923087358475
-0.04082273319363594
-0.040691230446100235
-0.04056360945105553
-0.04042094200849533
-0.040336091071367264
-0.04052647203207016
-0.04012644663453102
-0.040360912680625916
-0.03978975489735603
-0.03999718278646469
-0.03972133249044418
-0.0395665317773819
-0.039672575891017914
-0.03939384967088699
-0.03944827616214752
-0.03916100040078163
-0.0390661247074604
-0.03903311863541603
-0.03881218284368515
-0.035409070551395416
-0.036144234240055084
-0.03601977229118347
-0.03672053664922714
-0.03589894622564316
-0.0362602062523365
-0.036022596061229706
-0.036061979830265045
-0.03571262210607529
-0.035878971219062805
-0.035615064203739166
-0.035945869982242584
-0.03569527715444565
-0.03581525385379791
-0.03581930324435234
-0.035669878125190735
-0.035785529762506485
-0.03588380292057991
-0.03573135286569595
-0.03548354282975197
-0.035778265446424484
-0.03547286242246628
-0.03551354259252548
-0.03543799743056297
-0.0355340912938118
-0.03559541702270508
-0.03561343997716904
-0.035688817501068115
-0.035423263907432556
-0.036582671105861664
-0.0356958732008934
-0.03663122281432152
-0.03579328954219818
-0.03689689561724663
-0.03694997727870941
-0.036725789308547974
-0.0379299521446228
-0.03685099631547928
-0.03815934807062149
-0.03767385333776474
-0.03839406371116638
-0.038934022188186646
-0.03902914747595787
-0.039834119379520416
-0.04024204984307289
-0.040910203009843826
-0.041150081902742386
-0.041800398379564285
-0.04141569882631302
-0.04269297048449516
-0.04220252484083176
-0.04208686575293541
-0.04309970512986183
-0.04280316084623337
-0.04347234591841698
-0.043925460427999496
-0.04373377561569214
-0.04463023692369461
-0.04434465616941452
-0.045326463878154755
-0.045114319771528244
-0.04597027599811554
-0.046246156096458435
-0.04668927565217018
-0.04740247502923012
-0.04748838394880295
-0.047646645456552505
-0.048792511224746704
-0.04935522377490997
-0.04912864416837692
-0.04937096685171127
-0.050244249403476715
-0.05009027570486069
-0.05098258703947067
-0.050738196820020676
-0.0513177327811718
-0.05138634517788887
-0.05194244533777237
-0.05159536749124527
-0.052482448518276215
-0.05273044854402542
-0.052600421011447906
-0.0543079748749733
-0.054186951369047165
-0.05503976345062256
-0.054462648928165436
-0.055439479649066925
-0.05605702847242355
-0.056171007454395294
-0.05632846802473068
-0.05683565139770508
-0.05708584934473038
-0.05753669887781143
-0.05807141587138176
-0.05807141587138176
-0.05807141587138176
-0.05807141587138176
-0.05807141587138176
-0.05807141587138176
-0.05807141587138176
-0.05807141587138176
-0.05807141587138176
-0.05807141587138176
-0.05807141587138176
-0.05807141587138176
-0.05807141587138176
-0.05807141587138176
-0.05807141587138176
-0.05807141587138176
-0.05807141587138176
-0.05807141587138176
-0.05807141587138176
-0.05807141587138176
-0.05807141587138176
-0.05807141587138176
-0.05807141587138176
-0.05807141587138176
-0.05807141587138176
-0.05807141587138176
-0.05807141587138176
-0.05807141587138176
-0.05807141587138176
-0.05807141587138176
-0.05807141587138176
-0.05807141587138176
-0.05807141587138176
-0.05807141587138176
-0.05807141587138176
-0.05807141587138176
-0.05807141587138176
-0.05807141587138176
-0.05807141587138176
-0.05807141587138176
-0.05807141587138176
-0.05807141587138176
-0.05807141587138176
-0.05807141587138176
-0.05807141587138176
-0.05807141587138176
-0.05807141587138176
-0.05807141587138176
-0.05807141587138176
-0.05807141587138176
-0.05807141587138176
-0.05807141587138176
-0.05807141587138176
-0.05807141587138176
-0.05807141587138176
-0.05807141587138176
-0.05807141587138176
-0.05807141587138176
-0.05807141587138176
-0.05807141587138176
-0.05807141587138176
-0.05807141587138176
-0.05807141587138176
-0.05807141587138176
-0.05807141587138176
-0.05807141587138176
-0.05807141587138176
-0.05807141587138176
-0.05807141587138176
-0.05807141587138176
-0.05807141587138176
-0.05807141587138176
-0.05807141587138176
-0.05807141587138176
-0.05807141587138176
-0.05807141587138176
-0.05807141587138176
-0.05807141587138176
-0.05807141587138176
-0.05807141587138176
-0.05807141587138176
-0.05807141587138176
-0.05807141587138176
-0.05807141587138176
-0.05807141587138176
-0.05807141587138176
-0.05807141587138176
-0.05807141587138176
-0.05807141587138176
-0.05807141587138176
-0.05807141587138176
-0.05807141587138176
-0.05807141587138176
-0.05807141587138176
-0.05807141587138176
-0.05807141587138176
-0.05807141587138176
-0.05807141587138176
-0.05807141587138176
-0.05807141587138176
-0.05807141587138176
-0.05807141587138176
-0.05807141587138176
-0.05807141587138176
-0.05807141587138176
-0.05807141587138176
-0.05807141587138176
-0.05807141587138176
-0.05807141587138176
-0.05807141587138176
-0.05807141587138176
-0.05807141587138176
-0.05807141587138176
-0.05807141587138176
-0.05807141587138176
-0.05807141587138176
-0.05807141587138176
-0.05807141587138176
-0.05807141587138176
-0.05807141587138176
-0.05807141587138176
-0.05807141587138176
-0.05807141587138176
-0.05807141587138176
-0.05807141587138176
-0.05807141587138176
-0.05807141587138176
-0.05807141587138176
-0.05807141587138176
-0.05807141587138176
-0.05807141587138176
-0.05807141587138176
-0.05807141587138176
-0.05807141587138176
-0.05807141587138176
-0.05807141587138176
-0.05807141587138176
-0.05807141587138176
-0.05807141587138176
-0.05807141587138176
-0.05807141587138176
-0.05807141587138176
-0.05807141587138176
-0.05807141587138176
-0.05807141587138176
-0.05807141587138176
-0.05807141587138176
-0.05807141587138176
-0.05807141587138176
-0.05807141587138176
-0.05807141587138176
-0.05807141587138176
-0.05807141587138176
-0.05807141587138176
-0.05807141587138176
-0.05807141587138176
-0.05807141587138176
-0.05807141587138176
-0.05807141587138176
-0.05807141587138176
-0.05807141587138176
-0.05807141587138176
-0.05807141587138176
-0.05807141587138176
-0.05807141587138176
-0.05807141587138176
-0.05807141587138176
-0.05807141587138176
-0.05807141587138176
-0.05807141587138176
-0.05807141587138176
-0.05807141587138176
-0.05807141587138176
-0.05807141587138176
-0.05807141587138176
-0.05807141587138176
-0.05807141587138176
-0.05807141587138176
-0.05807141587138176
-0.05807141587138176
-0.05807141587138176
-0.05807141587138176
-0.05807141587138176
-0.05807141587138176
-0.05807141587138176
-0.05807141587138176
-0.05807141587138176
-0.05807141587138176
-0.05807141587138176
-0.05807141587138176
-0.05807141587138176
-0.05807141587138176
-0.05807141587138176
-0.05807141587138176
-0.05807141587138176
-0.05807141587138176
-0.05807141587138176
-0.05807141587138176
-0.05807141587138176
-0.05807141587138176
-0.05807141587138176
-0.05807141587138176
-0.05807141587138176
-0.05807141587138176
-0.05807141587138176
