-7.490008354187012
-7.490008354187012
-9.569645881652832
-16.882835388183594
0.007139270659536123
0.007407961878925562
0.007273981813341379
0.006706769112497568
0.007045290432870388
0.0076680900529026985
0.0065322318114340305
0.006510425359010696
0.00744383130222559
0.006636628415435553
0.0069230832159519196
0.006925377994775772
0.0062184263952076435
0.006562838796526194
0.007136976812034845
0.005487126298248768
0.006626233458518982
0.006379471160471439
0.00619587954133749
0.006041531451046467
0.005565978121012449
0.005646585952490568
0.006023913621902466
0.005999056622385979
0.005382885225117207
0.005118207074701786
0.005495280493050814
0.005151235498487949
0.00445247907191515
0.004758575465530157
0.005612209904938936
0.004414279479533434
0.004475223831832409
0.004369627218693495
0.004488721955567598
0.0038396399468183517
0.004370629321783781
0.004092722199857235
0.0037907883524894714
0.004034209996461868
0.0035476326011121273
0.0037580709904432297
0.0037275883369147778
0.0033084924798458815
0.00301930820569396
0.003613556968048215
0.002547265263274312
0.00289471005089581
0.0030943253077566624
0.0025343778543174267
0.00220725336112082
0.002614412922412157
0.002989852102473378
0.001876492751762271
0.0026000398211181164
0.002054393757134676
0.0024408602621406317
0.0015992907574400306
0.002094797557219863
0.0023466958664357662
0.0015924976905807853
0.0015088875079527497
0.0015205101808533072
0.0021115881390869617
0.0012258898932486773
0.0016373289981856942
0.001730973832309246
0.0008530141785740852
0.0013168404111638665
0.0008777401526458561
0.0009027575142681599
0.0015460768481716514
0.0010902943322435021
0.0006210076389834285
0.0015729054575785995
0.00096580182434991
0.0008261342300102115
0.0011896954383701086
0.0011669342638924718
0.0012673565652221441
0.0011503550922498107
0.0006909919902682304
0.00119972659740597
0.0008398435893468559
0.0007529512513428926
0.0012794691137969494
0.001202576793730259
0.0009284980478696525
0.0014073007041588426
0.001109041622839868
0.0005511116469278932
0.0012197174364700913
0.0007579593220725656
0.0007535730255767703
0.001262936624698341
0.09972167760133743
10.715230941772461
16.352794647216797
10.059335708618164
6.198956489562988
3.3372225761413574
2.546556234359741
1.890101432800293
0.7675050497055054
-0.3838914632797241
-2.0354702472686768
-1.233185887336731
-1.1205168962478638
-1.735238790512085
-1.4767651557922363
-2.2469048500061035
-2.3854570388793945
-3.0614097118377686
-3.1034436225891113
-3.7066426277160645
-2.7872140407562256
-3.409827470779419
-3.27355694770813
-3.591834545135498
-3.787332057952881
-3.6763668060302734
-3.8086390495300293
-4.780674457550049
-4.816205024719238
-5.310141563415527
-5.393510341644287
-4.759837627410889
-5.51030969619751
-5.9628214836120605
-7.131857395172119
-6.265475273132324
-6.552290916442871
-6.378806114196777
-7.379846096038818
-8.001977920532227
-6.683473110198975
-7.0982465744018555
-7.4983811378479
-7.229478359222412
-7.4196672439575195
-8.150772094726562
-8.510921478271484
-8.451059341430664
-8.039613723754883
-9.335132598876953
-7.837733268737793
-8.873880386352539
-9.402658462524414
-10.013738632202148
-10.265578269958496
-9.527219772338867
-9.48684310913086
-9.614265441894531
-9.304571151733398
-9.576390266418457
-10.001315116882324
-10.132467269897461
-10.629277229309082
-11.131052017211914
-11.917119026184082
-11.51229476928711
-11.052498817443848
-10.575434684753418
-11.374414443969727
-10.959246635437012
-11.659652709960938
-12.200006484985352
-12.753617286682129
-11.746088027954102
-10.821832656860352
-11.632606506347656
-12.059331893920898
-12.111279487609863
-13.200187683105469
-13.544166564941406
-14.06178092956543
-14.36468505859375
-13.905326843261719
-13.30964183807373
-13.66392707824707
-14.544163703918457
-13.830281257629395
-15.198362350463867
-14.73491096496582
-14.656349182128906
-14.768548965454102
-14.85059642791748
-15.032014846801758
-15.072183609008789
-15.06505298614502
-15.819028854370117
-15.793438911437988
-16.2335205078125
-16.702680587768555
-16.694482803344727
-16.783233642578125
-16.07672119140625
-4.641439914703369
-4.711075305938721
0.005932546220719814
0.006335093639791012
0.006129893008619547
0.007022547535598278
0.007657524198293686
0.006915153469890356
0.006414548493921757
0.006737041287124157
0.0069456929340958595
0.006778588052839041
0.006512702442705631
0.0061814431101083755
0.006470112595707178
0.0060631465166807175
0.006400106940418482
0.006238762754946947
0.00608621072024107
0.006342814303934574
0.006238511763513088
0.005946830380707979
0.005896517541259527
0.006199295166879892
0.005470019765198231
0.006112947128713131
0.0051550911739468575
0.005379565060138702
0.005364658311009407
0.005021502263844013
0.005305585917085409
0.005215027369558811
0.004782551433891058
0.004603113047778606
0.004706851206719875
0.004920387640595436
0.004474109038710594
0.0039849975146353245
0.004225762095302343
0.004081601742655039
0.004174377769231796
0.0035391959827393293
0.004013339523226023
0.004030031617730856
0.003134768921881914
0.003205142915248871
0.0036099955905228853
0.00340418447740376
0.0031046108342707157
0.0028279172256588936
0.0028565784450620413
0.003155630547553301
0.0024146768264472485
0.0034380541183054447
0.0021347501315176487
0.0024798514787107706
0.0019421043107286096
0.002531947335228324
0.0021444293670356274
0.0020180861465632915
0.0016670010518282652
0.0025015422143042088
0.0018317243084311485
0.001654202351346612
0.0014196860138326883
0.0018307907739654183
0.0011414666660130024
0.0016396057326346636
0.0015590258408337831
0.0011799723142758012
0.0013107714476063848
0.0012879724381491542
0.0016237052623182535
0.0009253631578758359
0.0007270164205692708
0.0011742889182642102
0.0008157907868735492
0.001322886673733592
0.0011864880798384547
0.0010387306101620197
0.000812163925729692
0.001347046927548945
0.0007110145525075495
0.0012544121127575636
0.0006021367153152823
0.0010863798670470715
0.0008613549871370196
0.0011523959692567587
0.0009816634701564908
0.000830549921374768
0.0008707156521268189
0.0005806714179925621
0.0014258914161473513
0.00039698166074231267
0.0013128037098795176
0.0007943201926536858
0.0002226006763521582
0.0015345974825322628
-2.3062031269073486
-13.366506576538086
-16.562891006469727
-10.009992599487305
-9.65992259979248
-15.5217924118042
-5.9862165451049805
-6.175300121307373
-2.809211492538452
-1.5384972095489502
-1.9651705026626587
-0.7507684826850891
-1.6196393966674805
-2.4561381340026855
-1.7222213745117188
-2.256455659866333
-2.3538057804107666
-2.7312498092651367
-2.4346396923065186
-3.2226779460906982
-2.800957202911377
-3.065941333770752
-3.7820639610290527
-4.407982349395752
-3.7607364654541016
-4.454831123352051
-4.254411220550537
-4.1236724853515625
-4.506087303161621
-5.649351596832275
-5.207189083099365
-6.256936073303223
-4.792654991149902
-5.79610538482666
-6.6722564697265625
-5.801393985748291
-6.435952186584473
-6.128331184387207
-6.817447662353516
-7.606568336486816
-6.964442253112793
-7.548375606536865
-7.777614593505859
-6.915759086608887
-7.337470054626465
-7.275476932525635
-7.080129146575928
-7.968422889709473
-7.198817253112793
-8.62219524383545
-8.928754806518555
-8.558921813964844
-9.080283164978027
-9.032730102539062
-9.03227424621582
-9.24400520324707
-9.471549034118652
-10.037195205688477
-9.084807395935059
-9.947300910949707
-10.015519142150879
-9.604986190795898
-10.024500846862793
-10.476409912109375
-10.195956230163574
-10.087270736694336
-10.916665077209473
-11.484851837158203
-11.682785034179688
-11.291733741760254
-10.883176803588867
-10.802433967590332
-10.855299949645996
-10.975629806518555
-11.8964262008667
-12.035970687866211
-13.080103874206543
-13.448081970214844
-13.353022575378418
-13.387235641479492
-13.212728500366211
-12.942583084106445
-13.887765884399414
-13.336929321289062
-14.012666702270508
-14.33143138885498
-14.569757461547852
-15.461965560913086
-16.351318359375
-15.80132007598877
-15.923187255859375
-15.351839065551758
-15.6417818069458
-15.611394882202148
-16.032066345214844
-16.616113662719727
-16.192846298217773
-16.02079963684082
-16.54352378845215
-17.687969207763672
-17.676376342773438
-16.616985321044922
-4.844254493713379
-4.871420860290527
0.006110737100243568
0.006276529282331467
0.006725878920406103
0.007342305965721607
0.00719321658834815
0.007146249525249004
0.006581823341548443
0.006933331489562988
0.006646932568401098
0.006555055733770132
0.006495858542621136
0.006768825463950634
0.006361868232488632
0.0061332667246460915
0.006434897426515818
0.006486675702035427
0.006298723164945841
0.006456692703068256
0.005983095616102219
0.005630414932966232
0.006149000022560358
0.005377011839300394
0.005889589432626963
0.0058693839237093925
0.005702076945453882
0.005335075315088034
0.005393249448388815
0.005107217933982611
0.005265111569315195
0.005250539630651474
0.004784354008734226
0.004620014224201441
0.005085130222141743
0.004465731792151928
0.004563169088214636
0.004556783940643072
0.004716728813946247
0.003819996491074562
0.0038161035627126694
0.00410798192024231
0.003957747016102076
0.0034000840969383717
0.0037662354297935963
0.0038290880620479584
0.0028776719700545073
0.0033890842460095882
0.0031169364228844643
0.0026814958546310663
0.003151846583932638
0.0027294568717479706
0.0030075665563344955
0.002684023231267929
0.002392516704276204
0.002646784298121929
0.0018569130916148424
0.0024078304413706064
0.0022772797383368015
0.0020674276165664196
0.001852925168350339
0.0014424307737499475
0.0024145711213350296
0.0013558503706008196
0.001940346322953701
0.0025788145139813423
0.0011960151605308056
0.0011671970132738352
0.0017510857433080673
0.001458039740100503
0.0011904103448614478
0.0011133330408483744
0.0011952107306569815
0.0011302621569484472
0.00121550471521914
0.0007284857565537095
0.001350913429632783
0.0009508621878921986
0.001558994292281568
0.000997195253148675
0.0012029253412038088
0.0001793097035260871
0.0015451196813955903
0.0011016360949724913
0.000486778502818197
0.0014735740842297673
0.0005164764588698745
0.0014675570419058204
0.0006380101549439132
0.0010481210192665458
0.0010035879677161574
0.001141069456934929
0.00033556047128513455
0.0009452389786019921
0.0013034717412665486
0.0008395188488066196
0.0017176658147946
0.0008846925338730216
-4.409178733825684
-17.924840927124023
-21.909101486206055
-12.002528190612793
-11.958386421203613
-10.885886192321777
-7.155206203460693
-5.440109729766846
-4.444876194000244
-2.6957101821899414
-3.1880078315734863
-2.42718243598938
-2.2801849842071533
-2.6197543144226074
-2.410993814468384
-3.3237011432647705
-2.557213306427002
-2.6346333026885986
-2.65608549118042
-3.63396954536438
-3.44392466545105
-3.9240620136260986
-3.5067055225372314
-3.9498257637023926
-4.292235851287842
-4.848435401916504
-4.678571701049805
-4.917430400848389
-5.814518928527832
-5.3165283203125
-5.093344688415527
-4.562855243682861
-5.665585994720459
-6.203220844268799
-5.692959308624268
-6.832394599914551
-6.375583648681641
-7.579801082611084
-6.693026065826416
-6.927024841308594
-7.8576202392578125
-6.932421684265137
-7.102159023284912
-7.6766815185546875
-8.178446769714355
-8.131521224975586
-7.385801792144775
-7.927700996398926
-8.048155784606934
-8.115655899047852
-7.572126865386963
-9.663761138916016
-8.69408893585205
-9.009978294372559
-8.80226993560791
-9.21910572052002
-9.444958686828613
-10.097671508789062
-8.858098983764648
-10.6884183883667
-9.610419273376465
-9.487593650817871
-9.875288009643555
-9.793859481811523
-9.921426773071289
-11.77081298828125
-11.382739067077637
-11.72861099243164
-11.083688735961914
-11.402756690979004
-11.584267616271973
-11.11520767211914
-11.656377792358398
-11.601834297180176
-12.372468948364258
-12.164092063903809
-12.201619148254395
-11.754040718078613
-12.630098342895508
-12.752421379089355
-12.803256034851074
-13.963438034057617
-13.32091999053955
-14.092074394226074
-13.738235473632812
-13.882283210754395
-15.050806999206543
-15.522549629211426
-13.949705123901367
-14.673181533813477
-15.94251823425293
-15.7716064453125
-15.070243835449219
-15.118894577026367
-15.190655708312988
-15.158790588378906
-15.279515266418457
-16.293071746826172
-16.24171257019043
-16.00901985168457
-16.31437110900879
-16.040103912353516
-4.015615940093994
-4.592072010040283
0.005990901496261358
0.006107063498347998
0.0066109588369727135
0.0072526512667536736
0.007197217084467411
0.006535089574754238
0.006830140016973019
0.006936779711395502
0.0067757973447442055
0.006041961722075939
0.0070161232724785805
0.006557895336300135
0.006398810539394617
0.005967944394797087
0.006643866188824177
0.006194112356752157
0.006238431669771671
0.005911657586693764
0.0059558190405368805
0.006016707979142666
0.006199999246746302
0.005709863733500242
0.005686188116669655
0.0057817487977445126
0.005991869606077671
0.005031798500567675
0.005257699638605118
0.005290151108056307
0.005239664111286402
0.005092838313430548
0.004418822471052408
0.0051565635949373245
0.004629605915397406
0.004804082214832306
0.00427293824031949
0.0042585041373968124
0.004296979866921902
0.004428037907928228
0.0036105371546000242
0.004124494735151529
0.003810622962191701
0.0034911376424133778
0.004038238897919655
0.0034068096429109573
0.003190539078786969
0.0030992073006927967
0.003433413337916136
0.0029634335078299046
0.0030794551130384207
0.00326136383228004
0.002314254641532898
0.002434664871543646
0.0029048710130155087
0.0026314747519791126
0.002406878862529993
0.0026954778004437685
0.001874310546554625
0.001773837604559958
0.002207258017733693
0.00236658938229084
0.0018419470870867372
0.001682724105194211
0.0016646848525851965
0.001651075086556375
0.0017689805245026946
0.0015495968982577324
0.001825343118980527
0.001744938432238996
0.0013683813158422709
0.001442926935851574
0.0012555787106975913
0.0013216135557740927
0.0014294194988906384
0.0008230608655139804
0.0012095178244635463
0.0011496044462546706
0.0008226510835811496
0.0013411350082606077
0.0008729351684451103
0.0006661469233222306
0.0008773831650614738
0.00021714875765610486
0.0017358079785481095
0.0007959736394695938
0.0010525418911129236
0.0002751882129814476
0.0009986922377720475
0.0010740974685177207
0.0010878125904127955
0.0013559263898059726
0.0003907744830939919
0.000994129222817719
0.0011562248691916466
0.0013343244791030884
0.0006610587006434798
0.0009462746675126255
-3.896883726119995
-14.826037406921387
-18.220108032226562
-10.47368049621582
-10.512491226196289
-10.696619033813477
-7.089347839355469
-9.28128719329834
-9.016741752624512
-4.9976396560668945
-3.6604092121124268
-3.4537479877471924
-2.7832846641540527
-2.5198445320129395
-1.8298883438110352
-1.9233318567276
-2.1457157135009766
-3.0391643047332764
-3.1603078842163086
-2.217918634414673
-2.3817925453186035
-3.4259166717529297
-3.5779948234558105
-3.5093750953674316
-3.2380709648132324
-3.8958077430725098
-4.045029163360596
-4.907314300537109
-5.04753303527832
-4.160258769989014
-5.4838786125183105
-5.848212718963623
-6.246155261993408
-6.684861183166504
-6.72873067855835
-6.846117973327637
-7.106156826019287
-6.566632270812988
-6.465324401855469
-6.052426815032959
-6.3241729736328125
-6.991774082183838
-7.3721604347229
-6.639771938323975
-7.189272880554199
-8.110074043273926
-8.349782943725586
-7.8996782302856445
-7.725579738616943
-8.370599746704102
-8.496167182922363
-8.784046173095703
-9.470901489257812
-8.630590438842773
-7.550511360168457
-8.442480087280273
-8.105990409851074
-8.944643020629883
-8.9736967086792
-9.033801078796387
-9.26716423034668
-9.700931549072266
-9.037100791931152
-10.344959259033203
-10.276638984680176
-10.661537170410156
-10.270771980285645
-11.545415878295898
-11.049539566040039
-11.289885520935059
-11.500127792358398
-11.936609268188477
-11.24964714050293
-12.040996551513672
-12.280817031860352
-13.382800102233887
-12.202657699584961
-12.687566757202148
-11.9193115234375
-12.204240798950195
-12.828689575195312
-12.710416793823242
-12.562664985656738
-12.656972885131836
-13.6978178024292
-13.167074203491211
-14.45612621307373
-13.590861320495605
-14.242231369018555
-14.207122802734375
-14.847204208374023
-15.533535957336426
-15.287714004516602
-14.953071594238281
-15.50195598602295
-15.962646484375
-15.814920425415039
-16.447162628173828
-16.204561233520508
-16.063030242919922
-15.607072830200195
-15.366979598999023
-3.8249192237854004
-4.563190460205078
0.0057546840980648994
0.00631360337138176
0.006739524193108082
0.00711798807606101
0.007232734002172947
0.006804767996072769
0.006934481672942638
0.007293330039829016
0.0065697855316102505
0.006994145456701517
0.006568456534296274
0.006579427979886532
0.006381967104971409
0.0064514935947954655
0.006582282483577728
0.006239656358957291
0.00613529235124588
0.0060693128034472466
0.006284551229327917
0.0057654292322695255
0.00624197069555521
0.005621685180813074
0.005555569194257259
0.005803172942250967
0.005807847250252962
0.00502530112862587
0.00522626843303442
0.0057451543398201466
0.005041527561843395
0.005114313215017319
0.004743281751871109
0.004930996801704168
0.004973520990461111
0.004160267300903797
0.004633418284356594
0.004417289048433304
0.004372258670628071
0.003996529616415501
0.0037874053232371807
0.004299568478018045
0.003989767283201218
0.0034656513016670942
0.003983852453529835
0.0036357808858156204
0.0028314711526036263
0.0037245433777570724
0.0033603254705667496
0.002675496507436037
0.0028348988853394985
0.0028838845901191235
0.0031357458792626858
0.0028079182375222445
0.0021490980871021748
0.0026905026752501726
0.002116846153512597
0.0023524395655840635
0.0027916384860873222
0.0017878345679491758
0.0020000662188977003
0.0023130313493311405
0.0016580589581280947
0.0020373142324388027
0.0015403518918901682
0.0016377570573240519
0.0015600676415488124
0.0018354322528466582
0.0013242869172245264
0.001111162593588233
0.001357580185867846
0.0013079975033178926
0.0014021669048815966
0.0015148373786360025
0.0007780336891300976
0.0014187778579071164
0.0004958730423822999
0.0015526267234236002
0.000961033976636827
0.0008074608631432056
0.001441214932128787
0.00034750395570881665
0.0012388722971081734
0.0012205317616462708
0.0013283367734402418
0.000562020402867347
0.0007486153044737875
0.0011312200222164392
0.0006254687905311584
0.0010077754268422723
0.0002414348564343527
0.0016125980764627457
0.0006175226299092174
0.0008215899579226971
0.0012747362488880754
0.0013532035518437624
0.0005679760943166912
0.0009838404366746545
-1.754713773727417
-13.256564140319824
-19.45176887512207
-10.631597518920898
-9.215998649597168
-9.055838584899902
-5.935058116912842
-4.307065486907959
-2.720677375793457
-2.4022042751312256
-3.166624069213867
-3.5373644828796387
-2.810558795928955
-1.9381812810897827
-2.9073030948638916
-2.0025954246520996
-2.1897263526916504
-1.4391696453094482
-2.8185486793518066
-2.603713035583496
-3.4325039386749268
-2.839714288711548
-4.338531017303467
-3.873326063156128
-4.358405113220215
-4.231579303741455
-4.1680803298950195
-4.935996055603027
-4.6569647789001465
-4.945024490356445
-5.048314094543457
-6.117018222808838
-6.581809997558594
-5.785747528076172
-5.261914253234863
-6.828999996185303
-6.003325939178467
-6.487914085388184
-6.635462760925293
-7.234053611755371
-7.599783897399902
-7.951530456542969
-6.88564395904541
-7.206132411956787
-6.775537014007568
-7.771918296813965
-8.050453186035156
-7.7192511558532715
-8.776840209960938
-8.873470306396484
-8.551104545593262
-9.760465621948242
-7.800561428070068
-8.846883773803711
-8.591848373413086
-8.639634132385254
-9.703607559204102
-9.252676963806152
-9.432720184326172
-10.051645278930664
-9.601289749145508
-10.36996841430664
-10.268060684204102
-10.563863754272461
-9.617331504821777
-10.02108097076416
-10.72734546661377
-11.173284530639648
-12.171090126037598
-10.93867301940918
-11.771718978881836
-11.786080360412598
-12.4302396774292
-12.239130020141602
-12.547046661376953
-12.079763412475586
-12.121541976928711
-12.243490219116211
-13.376299858093262
-13.214238166809082
-13.733774185180664
-13.433828353881836
-13.018298149108887
-14.11146354675293
-13.891950607299805
-15.395421981811523
-14.302618026733398
-14.737200736999512
-14.408903121948242
-14.534271240234375
-15.482864379882812
-14.783085823059082
-16.241748809814453
-15.482037544250488
-15.609158515930176
-14.937227249145508
-15.321844100952148
-17.1663818359375
-16.147823333740234
-16.70467185974121
-16.178722381591797
-15.733177185058594
-3.675118923187256
-4.347309112548828
0.006082767155021429
0.006095090415328741
0.006683364510536194
0.00693786796182394
0.007513225078582764
0.006539361085742712
0.007041259203106165
0.006879424210637808
0.006810323800891638
0.006765187717974186
0.006722938269376755
0.0064511969685554504
0.006569194607436657
0.006013416685163975
0.006764533929526806
0.005974470637738705
0.006619418505579233
0.005877967458218336
0.006200198084115982
0.005928125232458115
0.005795040167868137
0.006112148053944111
0.005817865487188101
0.005602921359241009
0.0057228440418839455
0.005229285918176174
0.005626932717859745
0.00515793077647686
0.005501694045960903
0.004617723170667887
0.005540002137422562
0.0047115134075284
0.00469247717410326
0.004482510033994913
0.004214384593069553
0.0045678624883294106
0.004140399396419525
0.004093986004590988
0.00388878071680665
0.003687286749482155
0.003743816865608096
0.0040529933758080006
0.0036082579754292965
0.0032227523624897003
0.0037768215406686068
0.0029169470071792603
0.003241509897634387
0.0033389367163181305
0.0029354440048336983
0.0025821449235081673
0.002835051389411092
0.002555285580456257
0.0025154389441013336
0.0029165507294237614
0.001959962071850896
0.0027784465346485376
0.0018581835320219398
0.002413643989712
0.002091690432280302
0.001790843321941793
0.0020597786642611027
0.001863673678599298
0.001468893839046359
0.0012222293298691511
0.001976749626919627
0.0012765421997755766
0.001870564534328878
0.001013340544886887
0.0012869215570390224
0.0012944102054461837
0.0009946378413587809
0.001696363789960742
0.0003737634979188442
0.0015627064276486635
0.0010804000776261091
0.0010702937142923474
0.0010599300730973482
0.0009644923848100007
0.0011002521496266127
0.000812653626780957
0.0008991162176243961
0.0007003896171227098
0.0011853543110191822
0.0011043550912290812
0.0006598971667699516
0.0008024259586818516
0.001291777240112424
0.000826819334179163
0.0010389433009549975
0.0010075540049001575
0.0006265818956308067
0.000937228905968368
0.0012740909587591887
0.0005370112485252321
0.0005382299423217773
0.0009415358072146773
-7.0458879470825195
-19.719482421875
-22.91402816772461
-12.651674270629883
-13.753697395324707
-12.783132553100586
-7.029876708984375
-4.883040904998779
-4.182413101196289
-2.657149076461792
-2.829122304916382
-2.0446929931640625
-2.4045310020446777
-2.1366357803344727
-2.1181304454803467
-2.7918694019317627
-2.9834580421447754
-1.689286231994629
-2.25757098197937
-2.600054979324341
-3.351846218109131
-3.687094211578369
-3.1337268352508545
-3.378612518310547
-4.814445972442627
-3.7407124042510986
-3.9769599437713623
-3.733757495880127
-4.343022346496582
-4.9900689125061035
-5.040617942810059
-4.505916595458984
-5.443572998046875
-5.911526679992676
-6.342526435852051
-6.441989898681641
-6.392269611358643
-6.844325065612793
-8.209640502929688
-8.411771774291992
-7.116422176361084
-6.484665870666504
-6.366870880126953
-7.664649963378906
-7.692200660705566
-7.742334842681885
-7.907872200012207
-7.8984880447387695
-9.067903518676758
-10.02399730682373
-8.365679740905762
-9.218583106994629
-8.259580612182617
-8.07338809967041
-8.850011825561523
-8.930107116699219
-9.061779975891113
-9.41575813293457
-10.241786003112793
-9.192091941833496
-9.582267761230469
-9.989980697631836
-11.256915092468262
-11.256239891052246
-10.955461502075195
-10.67602252960205
-10.820234298706055
-10.857078552246094
-11.111945152282715
-11.790122032165527
-11.066372871398926
-11.320959091186523
-11.726719856262207
-11.520942687988281
-11.157632827758789
-11.8724365234375
-12.29237174987793
-12.843295097351074
-12.66305923461914
-12.993319511413574
-12.717126846313477
-12.659585952758789
-13.055943489074707
-14.0947904586792
-13.594053268432617
-14.706937789916992
-15.14753246307373
-14.698244094848633
-14.457252502441406
-14.287696838378906
-15.114666938781738
-15.24151611328125
-15.1824369430542
-16.353290557861328
-17.002960205078125
-15.893610954284668
-16.876155853271484
-16.986896514892578
-16.54367446899414
-16.24932289123535
-15.800015449523926
-15.827123641967773
-1.7592029571533203
-5.635272026062012
0.006513519678264856
0.005359733942896128
0.007315880618989468
0.007188140414655209
0.007570391986519098
0.006945284549146891
0.0064154015854001045
0.006822166033089161
0.007127244956791401
0.006537084933370352
0.00681317737326026
0.006372908595949411
0.006498211529105902
0.0064961230382323265
0.006507971324026585
0.00603313697502017
0.006156487390398979
0.00609315000474453
0.006182937882840633
0.006049261894077063
0.006023305002599955
0.005850144661962986
0.00550222210586071
0.005804366897791624
0.00538736442103982
0.005777823273092508
0.00515690678730607
0.005155918188393116
0.005183648783713579
0.004982843529433012
0.0054300883784890175
0.004290955141186714
0.005007004365324974
0.004701937548816204
0.004405442159622908
0.0037847645580768585
0.004229669459164143
0.004346162546426058
0.0039429510943591595
0.00362009322270751
0.003860491095110774
0.0036960323341190815
0.0033156839199364185
0.0033530897926539183
0.003277665702626109
0.003494398668408394
0.0030423738062381744
0.002155590569600463
0.003281571436673403
0.0029504881240427494
0.002849496668204665
0.0025646535214036703
0.0024979393929243088
0.002168936189264059
0.002158940536901355
0.002186592435464263
0.0024430647026747465
0.0022086750250309706
0.0025097052566707134
0.0013982690870761871
0.0019991316366940737
0.001992777455598116
0.0016869802493602037
0.0015569573733955622
0.001405204995535314
0.0018195947632193565
0.0012434102827683091
0.002005527261644602
0.0010967665584757924
0.0018255894538015127
0.0007872020942158997
0.0015934156253933907
0.0008352998411282897
0.00200249208137393
0.000713219924364239
0.0011928302701562643
0.0007851148257032037
0.0010157555807381868
0.0011637761490419507
0.0010766785126179457
0.0004589286691043526
0.0011484530987218022
0.0010350150987505913
0.0005685155047103763
0.0015364966820925474
-7.837118027964607e-05
0.0015427247853949666
0.0010061925277113914
0.0008165747858583927
0.0002971117210108787
0.0019348649075254798
0.0010612012119963765
0.00042527372715994716
0.0007986741256900132
0.0015435544773936272
0.0010254662483930588
-3.6155383586883545
-16.719661712646484
-19.214786529541016
-11.455219268798828
-16.10300636291504
-10.118476867675781
-6.4191484451293945
-5.970472812652588
-4.685016632080078
-3.4005703926086426
-3.2543041706085205
-3.062380313873291
-3.5819649696350098
-2.106344699859619
-1.7656618356704712
-2.492313861846924
-2.415226459503174
-2.363471508026123
-3.276951313018799
-2.7056984901428223
-3.197147846221924
-4.122918128967285
-3.892622709274292
-3.493098020553589
-3.5482330322265625
-3.9685184955596924
-4.843671798706055
-4.744225978851318
-4.9323554039001465
-5.083164691925049
-4.976056098937988
-5.156007289886475
-5.665282249450684
-6.302892208099365
-6.305521488189697
-6.129912376403809
-6.3547773361206055
-6.966573238372803
-6.835609436035156
-7.487125396728516
-7.724673271179199
-6.354590892791748
-7.760119438171387
-7.261005401611328
-6.968926429748535
-7.837408542633057
-7.744326591491699
-8.735051155090332
-8.080865859985352
-8.9386625289917
-8.738370895385742
-8.593830108642578
-8.140508651733398
-8.963861465454102
-8.546521186828613
-9.531723976135254
-9.720876693725586
-9.357831954956055
-9.87658405303955
-10.332470893859863
-10.196649551391602
-10.875691413879395
-9.969413757324219
-10.927102088928223
-9.926857948303223
-10.990026473999023
-11.01583194732666
-11.190935134887695
-12.232900619506836
-11.53852367401123
-11.328680038452148
-12.113818168640137
-12.266027450561523
-12.053668975830078
-11.488411903381348
-11.996288299560547
-11.967918395996094
-12.385641098022461
-12.352506637573242
-12.741232872009277
-12.638254165649414
-13.393742561340332
-13.572125434875488
-13.990617752075195
-12.897516250610352
-14.61512565612793
-13.682958602905273
-14.355598449707031
-14.903875350952148
-14.822662353515625
-15.140798568725586
-14.649456977844238
-15.416229248046875
-15.362736701965332
-16.656709671020508
-16.277620315551758
-16.63906478881836
-15.686674118041992
-17.013486862182617
-16.49549102783203
-16.592981338500977
-15.566747665405273
-1.3806335926055908
-5.218827724456787
0.0064647020772099495
0.0053678108379244804
0.007600305136293173
0.0071378909051418304
0.007067733444273472
0.007035110145807266
0.006687819957733154
0.007255104370415211
0.006725674960762262
0.006862724665552378
0.0065285684540867805
0.006323134060949087
0.006296028383076191
0.006766332779079676
0.006352376192808151
0.006805386394262314
0.005890254862606525
0.0063371481373906136
0.005611053667962551
0.006092472933232784
0.00595026696100831
0.006353890988975763
0.005728395190089941
0.005040834192186594
0.005626815836876631
0.005464901681989431
0.00510814692825079
0.004963908810168505
0.005284277256578207
0.005142164416611195
0.004588429816067219
0.004919966217130423
0.004748221021145582
0.0045860991813242435
0.004638833459466696
0.003915732726454735
0.004265067633241415
0.004177541006356478
0.0035253886599093676
0.004046230111271143
0.004622506909072399
0.002880717162042856
0.003706912975758314
0.0036094312090426683
0.0036196981091052294
0.0025689140893518925
0.0035208675544708967
0.0029506576247513294
0.0029084160923957825
0.002514287829399109
0.002569804433733225
0.002956578740850091
0.002248750301077962
0.0025197186041623354
0.0021882131695747375
0.002008811803534627
0.0023558808024972677
0.0022079828195273876
0.0024404777213931084
0.001494632102549076
0.002540342975407839
0.001300444477237761
0.0020715512800961733
0.0011570870410650969
0.001593449735082686
0.0016022991621866822
0.001320109935477376
0.001986890099942684
0.0009190680575557053
0.0011059970129281282
0.0014263152843341231
0.0015534835401922464
0.001084657502360642
0.0008588643977418542
0.000971759669482708
0.001652622944675386
0.0011124274460598826
0.0013449022080749273
0.001234584255144
0.0006172267021611333
0.00037700479151681066
0.001475999248214066
0.0006907652132213116
0.00033970241202041507
0.0018045369070023298
0.0005756430909968913
0.0006257484783418477
0.0009840038837864995
0.0010866484371945262
0.0008497651433572173
0.0009460063884034753
0.001054635038599372
0.00046031983220018446
0.001396781881339848
0.0010436817537993193
0.0006334189092740417
-7.052077293395996
-18.445344924926758
-20.572729110717773
-13.180645942687988
-16.847200393676758
-13.25822925567627
-3.335437059402466
-9.205349922180176
-7.723538398742676
-2.0050036907196045
-2.3810791969299316
-0.774036705493927
-2.107337236404419
-1.6207634210586548
-1.4714159965515137
-1.2968614101409912
-1.8800077438354492
-2.763979196548462
-2.739288091659546
-2.5407474040985107
-2.945749282836914
-3.6784751415252686
-3.9104037284851074
-3.9594922065734863
-4.1678056716918945
-3.510765552520752
-4.115622520446777
-3.856916904449463
-5.413127899169922
-5.1072587966918945
-5.075958728790283
-6.133355617523193
-6.051941871643066
-5.824078559875488
-6.3542962074279785
-6.191440582275391
-6.90493631362915
-6.685959815979004
-6.858681678771973
-7.332373142242432
-7.578753471374512
-7.870685577392578
-8.062581062316895
-7.952260494232178
-8.444387435913086
-8.835867881774902
-7.850947380065918
-8.538939476013184
-9.017715454101562
-8.869080543518066
-9.299886703491211
-8.929727554321289
-9.426777839660645
-9.16644287109375
-9.634748458862305
-9.566084861755371
-9.7976713180542
-10.113574028015137
-10.367793083190918
-10.920160293579102
-11.179586410522461
-11.164375305175781
-11.234525680541992
-11.672316551208496
-10.995874404907227
-11.531752586364746
-11.73033332824707
-11.954778671264648
-12.15005874633789
-12.146139144897461
-12.709481239318848
-12.703629493713379
-13.273715019226074
-12.821571350097656
-13.529266357421875
-12.893580436706543
-14.105146408081055
-13.49079418182373
-14.334548950195312
-14.019047737121582
-13.69914436340332
-14.278305053710938
-14.891334533691406
-15.165270805358887
-14.874651908874512
-16.003267288208008
-14.995004653930664
-14.194503784179688
-15.695378303527832
-16.554149627685547
-15.212297439575195
-15.428133964538574
-15.714818000793457
-15.590124130249023
-16.11568832397461
-16.130348205566406
-16.457958221435547
-16.662275314331055
-16.413745880126953
-16.456300735473633
-16.15728187561035
-16.24347496032715
-4.3898091316223145
-4.334721088409424
0.006162985693663359
0.006330190692096949
0.006753572728484869
0.007555330637842417
0.0072937882505357265
0.0067436606623232365
0.007220984902232885
0.006865297444164753
0.0066879852674901485
0.006504206918179989
0.007378522306680679
0.006700579077005386
0.00612111808732152
0.00679795304313302
0.0064058550633490086
0.006059868726879358
0.006420861929655075
0.00623258575797081
0.005737231578677893
0.006099970079958439
0.005900118034332991
0.0060650925152003765
0.00584928086027503
0.005502462387084961
0.005939633119851351
0.004902820102870464
0.005242874380201101
0.00525062158703804
0.0055225202813744545
0.005327653139829636
0.0047406950034201145
0.00468632485717535
0.005097286310046911
0.004461277276277542
0.004709630273282528
0.0039017871022224426
0.004683357663452625
0.004124555736780167
0.003946394193917513
0.003927526064217091
0.0039330292493104935
0.003928458318114281
0.0032801260240375996
0.002945342566817999
0.00361587549559772
0.0031111265998333693
0.0029442880768328905
0.0030930573120713234
0.0028462994378060102
0.0032130435574799776
0.00230914237909019
0.003345641540363431
0.0020557825919240713
0.0028234305791556835
0.002417898504063487
0.002201563213020563
0.00201215548440814
0.002377471886575222
0.001576850889250636
0.0024066916666924953
0.0021439616102725267
0.001916722976602614
0.001115859136916697
0.002012606244534254
0.0018845697632059455
0.0012493602698668838
0.001477531623095274
0.0015918368007987738
0.0019288159674033523
0.0009596322779543698
0.0015183209907263517
0.0013764689210802317
0.0011686446378007531
0.001212402363307774
0.0010943725937977433
0.0010751892114058137
0.0018858222756534815
0.0002843660768121481
0.0010875818552449346
0.0015184746589511633
0.0005711264675483108
0.0011314104776829481
0.0014135895762592554
0.001217573182657361
0.000673184054903686
0.0011400968069210649
0.0008311097626574337
0.000989266554825008
0.0013062898069620132
0.0011597131378948689
0.0005452428013086319
0.0006928365910425782
0.0006873069796711206
0.0012889739591628313
0.00043855924741365016
0.001390210585668683
-2.493093967437744
-13.434659004211426
-17.17182159423828
-11.085065841674805
-14.542718887329102
-7.4257330894470215
-5.243386745452881
-4.738086223602295
-5.681708335876465
-2.9740853309631348
-2.528374433517456
-1.839665412902832
-2.5968170166015625
-2.6838889122009277
-2.0267035961151123
-3.088545322418213
-2.459200620651245
-2.6831984519958496
-2.5559802055358887
-2.7491002082824707
-2.701659679412842
-3.6614506244659424
-4.80992317199707
-4.276116847991943
-4.247505187988281
-4.593747138977051
-4.879689693450928
-5.257143974304199
-5.324074745178223
-5.174602508544922
-5.325238227844238
-4.9889020919799805
-5.2421135902404785
-6.695489406585693
-7.044661521911621
-6.334512710571289
-6.854135990142822
-7.244525909423828
-7.1363019943237305
-7.335440158843994
-7.559147834777832
-7.17059326171875
-7.273760795593262
-7.8996477127075195
-8.324419021606445
-8.588547706604004
-8.415657043457031
-8.520959854125977
-7.766680717468262
-8.54395866394043
-9.897734642028809
-9.377166748046875
-9.48383903503418
-9.76026439666748
-9.740789413452148
-9.871549606323242
-9.62984561920166
-10.270764350891113
-8.97375774383545
-9.567108154296875
-10.001205444335938
-10.658252716064453
-11.209799766540527
-11.175210952758789
-11.66724681854248
-11.163744926452637
-10.196671485900879
-11.495373725891113
-11.847906112670898
-13.012266159057617
-11.827723503112793
-11.925921440124512
-12.154050827026367
-12.943277359008789
-12.541037559509277
-11.471781730651855
-12.24618148803711
-13.12256145477295
-13.90785026550293
-13.708719253540039
-12.819364547729492
-13.910435676574707
-13.898791313171387
-14.079221725463867
-14.671191215515137
-14.516469955444336
-14.824358940124512
-14.830778121948242
-14.442105293273926
-15.473960876464844
-15.777624130249023
-16.122589111328125
-15.23748779296875
-15.01685619354248
-16.51024055480957
-16.345218658447266
-16.705711364746094
-16.47549057006836
-16.787105560302734
-16.219112396240234
-16.480266571044922
-15.625791549682617
-4.0703043937683105
-4.393295764923096
0.006072523538023233
0.005893363151699305
0.006762301083654165
0.007439427077770233
0.007512127514928579
0.006583055946975946
0.0069497437216341496
0.006961958948522806
0.006751121487468481
0.0068876780569553375
0.0066969008184969425
0.0064107635989785194
0.0065134549513459206
0.006039340514689684
0.006777279078960419
0.005940854083746672
0.006348931230604649
0.0060097891837358475
0.006164960563182831
0.005766361020505428
0.005973129998892546
0.005917559377849102
0.005503338761627674
0.0059105888940393925
0.005473718978464603
0.005228031426668167
0.005337728187441826
0.005265636369585991
0.005038529168814421
0.004895557649433613
0.00478773470968008
0.005020539276301861
0.004908696282655001
0.00436763558536768
0.004367356188595295
0.0038323006592690945
0.004508411977440119
0.00444994168356061
0.003413496073335409
0.003799829166382551
0.004087322391569614
0.0038711384404450655
0.0033594458363950253
0.0038966734427958727
0.0033425898291170597
0.003195717465132475
0.003125058952718973
0.00262047303840518
0.0027916624676436186
0.003090066369622946
0.0030155363492667675
0.0027949518989771605
0.0022764874156564474
0.002668050117790699
0.0017874299082905054
0.002440825803205371
0.002245130715891719
0.0022213421761989594
0.002327503403648734
0.0012703286483883858
0.0018571142572909594
0.002554980805143714
0.001380853122100234
0.0011531270574778318
0.0021889922209084034
0.001761994673870504
0.0017467100406065583
0.0012871199287474155
0.0006582428468391299
0.0011411375598981977
0.0015356006333604455
0.0015502584865316749
0.0010207052109763026
0.0009979878086596727
0.0009158480679616332
0.0008559220586903393
0.0008818887872621417
0.0015308710280805826
0.0007973864558152854
0.0011680503375828266
5.137213884154335e-05
0.001532866503112018
0.0012140905018895864
0.0006416643736883998
0.0007190739852376282
0.0010974000906571746
0.0008557870169170201
0.0006980174221098423
0.0009627098916098475
0.0010359351290389895
0.000679386779665947
0.0010690276976674795
0.0009436337277293205
0.0014067934826016426
0.0006248508580029011
0.0010274720843881369
-4.361094951629639
-16.955896377563477
-19.49588394165039
-11.882363319396973
-10.214153289794922
-17.394428253173828
-6.314622402191162
-8.943090438842773
-5.703368663787842
-1.8258612155914307
-2.5577235221862793
-2.4944851398468018
-2.4543142318725586
-2.0828185081481934
-2.3761370182037354
-2.6070797443389893
-2.481752872467041
-2.943026065826416
-2.6088826656341553
-3.907963514328003
-4.142362594604492
-3.1587042808532715
-3.32427716255188
-2.824064016342163
-3.916961193084717
-4.433803081512451
-3.711599349975586
-4.838476657867432
-4.975083351135254
-5.248787879943848
-5.248678207397461
-5.365557670593262
-5.98580265045166
-5.404061317443848
-5.401664733886719
-6.3482818603515625
-6.422329902648926
-6.452793121337891
-6.812811374664307
-6.502640724182129
-7.3017730712890625
-6.9864068031311035
-7.688523769378662
-7.765438079833984
-7.431632995605469
-7.8211259841918945
-7.399683475494385
-8.182114601135254
-8.115584373474121
-8.068365097045898
-9.062898635864258
-8.78669548034668
-8.47895622253418
-9.327131271362305
-8.926348686218262
-9.767755508422852
-9.267110824584961
-10.119782447814941
-9.982007026672363
-9.929000854492188
-10.0928373336792
-10.35732650756836
-10.552572250366211
-11.192303657531738
-10.742693901062012
-10.853947639465332
-10.060270309448242
-11.581027030944824
-11.414819717407227
-11.737282752990723
-11.1148042678833
-11.193779945373535
-11.825571060180664
-11.436777114868164
-12.42680835723877
-11.951744079589844
-12.552055358886719
-13.07043170928955
-13.224146842956543
-12.873283386230469
-13.166791915893555
-13.942123413085938
-13.119738578796387
-14.028884887695312
-13.784947395324707
-14.3693208694458
-14.449050903320312
-13.939611434936523
-14.306612968444824
-14.232028007507324
-15.7583589553833
-14.630073547363281
-15.517578125
-15.917335510253906
-15.419024467468262
-16.275028228759766
-15.732177734375
-16.382314682006836
-15.990987777709961
-16.2435302734375
-15.865179061889648
-15.869878768920898
-4.12262487411499
-4.299215316772461
0.005948671605437994
0.0063751763664186
0.006651689764112234
0.0074510215781629086
0.007376168854534626
0.006424005143344402
0.0071231527253985405
0.006956382188946009
0.006475035101175308
0.006429403088986874
0.006804151926189661
0.006477018352597952
0.006267390213906765
0.006483884993940592
0.0059290495701134205
0.006442125886678696
0.006284993141889572
0.006084158085286617
0.006050528958439827
0.005820787511765957
0.006160463206470013
0.005904810503125191
0.005424316506832838
0.0057119885459542274
0.005391164682805538
0.005173245910555124
0.005280612502247095
0.005454946309328079
0.0054324110969901085
0.0045721749775111675
0.0052764276042580605
0.004272874910384417
0.004981350153684616
0.004529228433966637
0.004764673300087452
0.004225378856062889
0.004389808513224125
0.004051565658301115
0.004196141846477985
0.003860498545691371
0.0038727554492652416
0.003762355074286461
0.0037127453833818436
0.003609462408348918
0.0033951695077121258
0.0031096867751330137
0.003519037738442421
0.0034405593760311604
0.002635787008330226
0.0026125358417630196
0.002694474533200264
0.0028382926248013973
0.0023447955027222633
0.0023526682052761316
0.0025147779379040003
0.0024397713132202625
0.001271287677809596
0.002575978171080351
0.0021890965290367603
0.00197313423268497
0.001306437305174768
0.002026204252615571
0.0016922734212130308
0.0018711884040385485
0.0011280564358457923
0.0012963373446837068
0.001491506234742701
0.001690443023107946
0.001292114844545722
0.0015176120214164257
0.0014733995776623487
0.0010459780460223556
0.001212399685755372
0.0007812794065102935
0.00123583001550287
0.0008481723489239812
0.0013160048983991146
0.0009178239852190018
0.0008438098011538386
0.0011717809829860926
0.0011949263280257583
0.0005748289404436946
0.0005219357553869486
0.0010969408322125673
0.0011971594067290425
0.0019164781551808119
0.0008025111746974289
0.0002926157903857529
0.0013649871107190847
0.0013165242271497846
0.0009524468332529068
0.000703211931977421
0.0006861254805698991
0.0006489744991995394
0.0015980057651177049
0.0014812268782407045
-3.709268093109131
-15.302597045898438
-18.288755416870117
-11.42560863494873
-15.355717658996582
-8.25925064086914
-5.420746803283691
-7.892538547515869
-7.264185428619385
-3.891237735748291
-3.8621997833251953
-2.807729482650757
-2.402740240097046
-2.6504764556884766
-2.6698923110961914
-2.217337131500244
-2.663242816925049
-3.507437229156494
-3.2393689155578613
-2.816445827484131
-2.738588809967041
-3.350529432296753
-2.8443801403045654
-4.144643306732178
-4.282568454742432
-3.9371650218963623
-4.735809803009033
-4.4281086921691895
-5.15502405166626
-5.067657947540283
-5.008066177368164
-5.329935073852539
-5.7684478759765625
-6.247293472290039
-6.608356475830078
-6.1462273597717285
-6.9165754318237305
-6.000965595245361
-6.34311580657959
-6.5836501121521
-6.467310905456543
-6.763970851898193
-7.680331230163574
-6.976361274719238
-7.511836051940918
-7.616143703460693
-8.046052932739258
-8.297026634216309
-8.454710960388184
-9.221768379211426
-8.645265579223633
-8.205245018005371
-8.678207397460938
-8.101956367492676
-8.921613693237305
-8.684306144714355
-9.783106803894043
-9.697454452514648
-10.96854305267334
-9.742979049682617
-10.516615867614746
-10.163763046264648
-9.836181640625
-9.830978393554688
-10.159393310546875
-11.05276870727539
-11.537698745727539
-11.08521842956543
-11.580953598022461
-11.533262252807617
-11.641602516174316
-12.139674186706543
-12.576375007629395
-12.386112213134766
-12.251973152160645
-12.671478271484375
-13.033243179321289
-12.4603271484375
-12.602357864379883
-12.300116539001465
-12.824426651000977
-13.630104064941406
-13.654498100280762
-12.359582901000977
-14.27465534210205
-13.52576732635498
-13.982973098754883
-14.021245002746582
-15.155896186828613
-15.514060974121094
-15.387721061706543
-14.792912483215332
-15.009496688842773
-14.856607437133789
-15.460100173950195
-15.429628372192383
-15.965304374694824
-16.392261505126953
-16.094402313232422
-15.522115707397461
-16.23365020751953
-15.017054557800293
-2.830791711807251
-4.4572577476501465
0.005930209998041391
0.006377313286066055
0.006358074489980936
0.007312660105526447
0.007446902804076672
0.006926515605300665
0.006526589393615723
0.00706933718174696
0.00698815006762743
0.006453308276832104
0.006443683989346027
0.006808939389884472
0.0063583506271243095
0.006151093635708094
0.0063956119120121
0.006513687316328287
0.006026500836014748
0.005854845978319645
0.006084534339606762
0.006015757564455271
0.005953488405793905
0.0056583574041724205
0.005597246345132589
0.005838265176862478
0.0055817170068621635
0.0053573534823954105
0.00490762572735548
0.0053916736505925655
0.0052927276119589806
0.004865213762968779
0.004523131065070629
0.005310609005391598
0.004065695218741894
0.0048024640418589115
0.004592485260218382
0.0042737131007015705
0.0042253704741597176
0.004045845475047827
0.0039605796337127686
0.003931903745979071
0.004334718454629183
0.0029801405034959316
0.004229158163070679
0.0034981388598680496
0.0029166482854634523
0.0036872043274343014
0.0029879463836550713
0.00308274757117033
0.002809440717101097
0.003057402791455388
0.002898607635870576
0.0024751881137490273
0.0021702456288039684
0.0029086361173540354
0.0021485495381057262
0.0026812690775841475
0.0017489964375272393
0.002459948882460594
0.0016316985711455345
0.0018928349018096924
0.0019565322436392307
0.0018350252648815513
0.002110562054440379
0.0011220274027436972
0.0017897530924528837
0.0014118951512500644
0.0015472184168174863
0.0015717719215899706
0.0007599090458825231
0.0015150115359574556
0.00122745125554502
0.001678677275776863
0.0007027979590930045
0.0018042909214273095
0.0010734021198004484
0.0011033767368644476
0.0008570136269554496
0.0013370014494284987
0.0009923470206558704
0.0011087603634223342
0.0007219455437734723
0.0005866540595889091
0.0012161314953118563
0.0008401290397159755
0.000607599038630724
0.0015194009756669402
0.000906432862393558
0.0007804725901223719
0.0005370093276724219
0.0014100668486207724
0.0012170562986284494
0.0011148540070280433
0.0005090028862468898
0.0013027761597186327
0.0009420363348908722
0.001333393738605082
-2.3097145557403564
-13.619300842285156
-17.290782928466797
-10.215296745300293
-14.214506149291992
-9.120267868041992
-6.709268093109131
-7.4941606521606445
-7.2113189697265625
-3.5843605995178223
-3.2051048278808594
-3.225862979888916
-3.1021523475646973
-3.647261142730713
-3.3550961017608643
-3.4919593334198
-3.1067004203796387
-2.741650104522705
-3.0059773921966553
-2.629028081893921
-3.694889545440674
-4.249822616577148
-4.344494819641113
-3.8336551189422607
-3.4223556518554688
-4.24069881439209
-4.11777925491333
-4.234353065490723
-4.6268744468688965
-5.424145221710205
-5.486399173736572
-5.4935994148254395
-6.427584171295166
-6.047458171844482
-6.604911804199219
-6.453103065490723
-7.009598731994629
-5.794315338134766
-6.4239821434021
-6.82245397567749
-7.273397922515869
-7.612536430358887
-7.700217247009277
-6.933743953704834
-7.5728254318237305
-7.89955997467041
-7.814478397369385
-7.931755065917969
-8.55848503112793
-8.444906234741211
-9.557504653930664
-9.895934104919434
-9.388320922851562
-8.465185165405273
-8.394220352172852
-9.935037612915039
-9.028684616088867
-9.045248985290527
-9.561559677124023
-9.988232612609863
-9.85982608795166
-9.67624568939209
-11.042095184326172
-10.03425407409668
-10.221437454223633
-10.795045852661133
-10.901480674743652
-10.925699234008789
-10.869840621948242
-11.920211791992188
-10.881815910339355
-11.492945671081543
-11.178339958190918
-11.915322303771973
-12.308401107788086
-12.963460922241211
-12.033212661743164
-12.946714401245117
-12.709746360778809
-13.255165100097656
-13.446060180664062
-13.355985641479492
-13.763479232788086
-12.878085136413574
-13.945399284362793
-14.05735969543457
-14.930730819702148
-14.438432693481445
-13.892690658569336
-15.055620193481445
-13.910995483398438
-14.124920845031738
-14.678932189941406
-15.037617683410645
-16.178672790527344
-15.249567031860352
-16.23788833618164
-17.04010009765625
-16.845458984375
-16.754093170166016
-16.806808471679688
-15.774279594421387
-4.266892910003662
-4.371328830718994
0.005883538164198399
0.006274045445024967
0.006837351713329554
0.007048020604997873
0.007459868676960468
0.006742394529283047
0.006723748054355383
0.007167731411755085
0.006458114832639694
0.0069927857257425785
0.006576175801455975
0.006265103816986084
0.006872603204101324
0.006530112121254206
0.006383348256349564
0.005949145182967186
0.006254245527088642
0.005988994613289833
0.006196243222802877
0.005776328966021538
0.006141468416899443
0.005732757039368153
0.005762022919952869
0.005642242729663849
0.005221768282353878
0.005908376537263393
0.005367754492908716
0.005396283697336912
0.0052224090322852135
0.005237227771431208
0.004615547601133585
0.004885484930127859
0.004607120994478464
0.004828108008950949
0.0047958907671272755
0.0042667752131819725
0.004457285162061453
0.0040132454596459866
0.0036968644708395004
0.004254409112036228
0.003827345324680209
0.003399838227778673
0.0036484331358224154
0.004077459219843149
0.003127769799903035
0.00279861013405025
0.00330691272392869
0.003017460461705923
0.002942347666248679
0.0029719960875809193
0.0024328313302248716
0.0026571950875222683
0.0023996750824153423
0.002079374622553587
0.0023716643918305635
0.0024177758023142815
0.002607542322948575
0.0013345596380531788
0.0020749098621308804
0.0021841158159077168
0.0015516704879701138
0.0020240559242665768
0.0015318571822717786
0.0021251568105071783
0.0007571615278720856
0.0018291594460606575
0.001850789412856102
0.0008978996193036437
0.0017945902654901147
0.001406217459589243
0.0010541913798078895
0.0012242944212630391
0.0010076879989355803
0.0008746283128857613
0.0010882088681682944
0.0010678009130060673
0.0005952339852228761
0.000963241676799953
0.0013403400080278516
0.000985047547146678
0.0007938238559290767
0.0006817711400799453
0.0013596564531326294
0.0009198685875162482
0.0011857857462018728
0.0005272727576084435
0.0016453750431537628
0.000987414037808776
0.0007193807396106422
0.0008979807607829571
0.0010400955798104405
0.0011216456769034266
0.0002628280781209469
0.0008402679231949151
0.0014529877807945013
0.0013644399587064981
-3.850363254547119
-16.914976119995117
-18.57931900024414
-11.813905715942383
-7.846325874328613
-9.047590255737305
-5.9166059494018555
-5.417011737823486
-5.314258575439453
-4.026810646057129
-3.08263897895813
-2.39089298248291
-2.8467867374420166
-2.882882595062256
-2.208876132965088
-2.135699510574341
-3.423679828643799
-2.9175195693969727
-2.613607406616211
-3.2282638549804688
-2.745821237564087
-3.438620090484619
-2.775847911834717
-3.1828179359436035
-3.7060863971710205
-4.390805721282959
-5.224891662597656
-4.676192760467529
-4.492859840393066
-4.659677982330322
-4.961493492126465
-5.60032844543457
-5.64636754989624
-6.155109405517578
-6.164714336395264
-6.119714260101318
-6.280372619628906
-5.756618976593018
-6.475136756896973
-6.558516502380371
-6.1921796798706055
-6.97528076171875
-6.652738094329834
-6.957798957824707
-6.871761322021484
-6.949248313903809
-7.2722930908203125
-8.32974910736084
-8.14653491973877
-7.713437557220459
-8.451107025146484
-8.192571640014648
-8.295209884643555
-8.629344940185547
-8.841890335083008
-9.44777774810791
-9.600183486938477
-8.719268798828125
-8.849824905395508
-9.975337028503418
-9.615968704223633
-9.77198314666748
-10.043719291687012
-10.779295921325684
-11.14677619934082
-10.501629829406738
-10.307271003723145
-10.237617492675781
-10.311652183532715
-11.156232833862305
-11.358671188354492
-11.071898460388184
-11.777456283569336
-11.404021263122559
-11.660165786743164
-11.821332931518555
-11.382715225219727
-12.051597595214844
-12.367574691772461
-12.527860641479492
-13.244176864624023
-14.249185562133789
-13.749336242675781
-13.838094711303711
-13.774310111999512
-13.783198356628418
-14.444456100463867
-15.284586906433105
-14.4002103805542
-14.739700317382812
-14.003982543945312
-15.30082893371582
-15.19079303741455
-16.073238372802734
-15.49231243133545
-16.029138565063477
-15.784563064575195
-16.543779373168945
-15.817234992980957
-16.919206619262695
-17.187471389770508
-15.762463569641113
-4.661067008972168
-4.502514839172363
0.0061552682891488075
0.0063073160126805305
0.006953286938369274
0.007231215946376324
0.006999913603067398
0.006784508936107159
0.007292182184755802
0.007010270841419697
0.006566880736500025
0.00639474019408226
0.0070621841587126255
0.006324560847133398
0.006582167930901051
0.006406725384294987
0.006100846920162439
0.006401044316589832
0.0065915994346141815
0.005594747606664896
0.006184578873217106
0.005703656002879143
0.005828580819070339
0.0058388737961649895
0.005902348086237907
0.005817038007080555
0.005646188743412495
0.004893091507256031
0.00502972025424242
0.0057676369324326515
0.005191940348595381
0.005077277310192585
0.004989252425730228
0.004611089825630188
0.005291089881211519
0.004585354123264551
0.004086627624928951
0.004566843621432781
0.004392338450998068
0.003929631784558296
0.003942694049328566
0.004047180525958538
0.003975268453359604
0.003573365043848753
0.0037142536602914333
0.0032989555038511753
0.0035573472268879414
0.003142860485240817
0.0032200973946601152
0.0026725376956164837
0.0030794739723205566
0.00291512836702168
0.0022577487397938967
0.0027856219094246626
0.0023009448777884245
0.0021727343555539846
0.0026304530911147594
0.0021124775521457195
0.0020402551162987947
0.002102226484566927
0.0020536889787763357
0.002314097946509719
0.0015525680501013994
0.001912457519210875
0.0012383845169097185
0.001778460806235671
0.001733373268507421
0.001404822920449078
0.0015505258925259113
0.0015615579904988408
0.0015523023903369904
0.0010235190857201815
0.0018512632232159376
0.000906256667803973
0.0011289643589407206
0.0006841958966106176
0.0009397243265993893
0.001091161509975791
0.001006488804705441
0.0008354453602805734
0.001235918840393424
0.0014109417097643018
0.000979134812951088
0.0009407225879840553
0.0007997136563062668
0.0011166345793753862
0.0009085604106076062
0.0014816189650446177
0.00011675253335852176
0.0016621469985693693
0.0006402029539458454
0.00022496939345728606
0.001862080185674131
0.000640392187051475
0.0011301080230623484
0.0008921129629015923
0.0012704168912023306
0.0005820533260703087
-4.711149215698242
-17.214712142944336
-19.20828628540039
-11.727703094482422
-11.630145072937012
-16.658374786376953
-5.820320129394531
-8.84995174407959
-4.791898250579834
-2.3781075477600098
-1.996800184249878
-1.4855120182037354
-2.0638375282287598
-1.9318866729736328
-1.1781811714172363
-2.222724437713623
-2.5312275886535645
-2.33801007270813
-2.9459757804870605
-2.576167583465576
-3.550426959991455
-3.3807778358459473
-3.2927558422088623
-4.284440517425537
-4.234702110290527
-4.241084098815918
-4.265351295471191
-4.230976104736328
-4.246717929840088
-5.1680192947387695
-5.250977993011475
-6.13384485244751
-5.840094566345215
-6.221999645233154
-6.6419548988342285
-6.726802825927734
-8.08507251739502
-6.956984043121338
-6.9002790451049805
-7.2036004066467285
-7.018821716308594
-6.387793064117432
-7.227728843688965
-6.560874938964844
-7.3262786865234375
-7.170710563659668
-7.577398777008057
-8.231557846069336
-7.573561191558838
-8.262446403503418
-8.43995475769043
-8.515172958374023
-9.402167320251465
-8.786771774291992
-8.596799850463867
-9.428506851196289
-9.067731857299805
-9.470390319824219
-9.661325454711914
-9.568020820617676
-10.221467018127441
-10.35046100616455
-11.307992935180664
-10.646454811096191
-10.507410049438477
-10.540740966796875
-10.381021499633789
-11.099303245544434
-10.23774528503418
-10.939421653747559
-11.534337997436523
-12.808369636535645
-12.115427017211914
-10.689814567565918
-11.805465698242188
-12.17328929901123
-12.677321434020996
-14.084739685058594
-12.660948753356934
-13.170045852661133
-12.832509994506836
-12.88493537902832
-13.359647750854492
-13.601201057434082
-13.463175773620605
-14.116900444030762
-13.543856620788574
-14.14795207977295
-15.014111518859863
-15.82496452331543
-16.207767486572266
-14.738298416137695
-15.20897388458252
-15.121786117553711
-14.85350227355957
-15.28407096862793
-15.877962112426758
-16.06928825378418
-15.72163200378418
-16.912988662719727
-16.95906639099121
-16.347042083740234
-4.7120561599731445
-4.601348876953125
0.005819328129291534
0.006212220527231693
0.006494611501693726
0.00729712238535285
0.007425226271152496
0.006599283777177334
0.006756799761205912
0.006782522890716791
0.0069944411516189575
0.006401462014764547
0.006762285716831684
0.006324325688183308
0.006485310383141041
0.00636232178658247
0.006402687169611454
0.005858786404132843
0.00624663894996047
0.006159449461847544
0.00632855761796236
0.005882203113287687
0.005925939418375492
0.005517011042684317
0.0059751789085567
0.0058568804524838924
0.005251757334917784
0.005401047877967358
0.005392915569245815
0.0049344627186656
0.0055139511823654175
0.005138374865055084
0.0042766607366502285
0.005081804934889078
0.004273730330169201
0.004982898943126202
0.004181837197393179
0.004702859558165073
0.00406202208250761
0.004265706054866314
0.003577145515009761
0.0037584821693599224
0.004335868172347546
0.0037692443002015352
0.0031272794585675
0.00346992420963943
0.00329519622027874
0.0032245188485831022
0.0029340863693505526
0.0033067360054701567
0.003155127866193652
0.0023744909558445215
0.0029203714802861214
0.002293949481099844
0.0025562169030308723
0.0027434169314801693
0.0023828011471778154
0.002557347761467099
0.0016146721318364143
0.0021664814557880163
0.0019687521271407604
0.001435821526683867
0.002282406436279416
0.0018527191132307053
0.0018757624784484506
0.0014875682536512613
0.0019281988497823477
0.0016893340507522225
0.0014049690216779709
0.0013291509822010994
0.0014984619338065386
0.0009544274071231484
0.000852197059430182
0.0014782926300540566
0.0011222870089113712
0.0009628984262235463
0.0011458343360573053
0.001212575240060687
0.0009708581492304802
0.0007800424937158823
0.001201716484501958
0.0007153154583647847
0.0007261906866915524
0.0011777025647461414
0.0015283190878108144
0.0004908456467092037
0.0010722726583480835
0.001192973693832755
9.773140482138842e-05
0.001422023749910295
0.0007870111730881035
0.0016387950163334608
0.000411943590734154
0.00125280546490103
0.00045432773185893893
0.0013008370297029614
0.0012257937341928482
0.0005404501571319997
-6.525844573974609
-18.368175506591797
-19.14265251159668
-12.21562385559082
-9.112855911254883
-18.97677230834961
-6.176159858703613
-9.319835662841797
-5.086180686950684
-1.4821034669876099
-2.0730719566345215
-1.2462056875228882
-1.9494127035140991
-1.348883032798767
-1.550208330154419
-1.9933515787124634
-2.2513186931610107
-2.523236036300659
-2.197957754135132
-2.8748605251312256
-3.29472279548645
-2.9648897647857666
-3.9322712421417236
-2.7436106204986572
-3.8996734619140625
-3.4803175926208496
-3.3517098426818848
-4.4794487953186035
-4.440032005310059
-4.807769775390625
-4.179161548614502
-4.806580543518066
-4.86986780166626
-4.801074504852295
-5.817399978637695
-5.916393756866455
-6.19380521774292
-6.295876502990723
-6.8068695068359375
-7.0602521896362305
-7.422741889953613
-7.503053188323975
-7.335130214691162
-7.711106300354004
-6.960517883300781
-7.767153263092041
-7.165914058685303
-8.10352611541748
-8.376825332641602
-7.795194149017334
-8.823484420776367
-10.325820922851562
-9.575220108032227
-9.326574325561523
-8.199275970458984
-8.963373184204102
-9.466236114501953
-9.206416130065918
-9.889542579650879
-10.473112106323242
-10.30614185333252
-9.964111328125
-9.797730445861816
-10.32304573059082
-10.995346069335938
-10.327047348022461
-10.096050262451172
-10.91939926147461
-10.836103439331055
-11.095317840576172
-11.318265914916992
-11.299802780151367
-10.791865348815918
-10.944608688354492
-12.594365119934082
-12.363624572753906
-12.358976364135742
-12.085431098937988
-12.954399108886719
-12.913408279418945
-13.550880432128906
-13.307421684265137
-14.019015312194824
-13.703201293945312
-13.460222244262695
-14.19764232635498
-13.69566822052002
-13.6731595993042
-14.37067985534668
-14.804542541503906
-14.335932731628418
-15.419023513793945
-14.68861198425293
-15.408787727355957
-14.523992538452148
-15.497011184692383
-15.712559700012207
-16.396188735961914
-17.021902084350586
-15.557535171508789
-16.543682098388672
-15.499542236328125
-4.752959251403809
-4.956575393676758
0.005955471191555262
0.005975905805826187
0.006638022605329752
0.007323058787733316
0.0077481805346906185
0.006580531597137451
0.006799464114010334
0.006962752901017666
0.006916218902915716
0.0064756846986711025
0.006625341717153788
0.006360650062561035
0.006661178078502417
0.006285391747951508
0.006283541675657034
0.0063140541315078735
0.005882958881556988
0.00630181422457099
0.006010411772876978
0.005928807891905308
0.005929144099354744
0.006167170125991106
0.005309891887009144
0.006205126643180847
0.005100119858980179
0.005459608044475317
0.0053126998245716095
0.005254124291241169
0.005005902610719204
0.004944342654198408
0.004869149997830391
0.004917590878903866
0.005032483488321304
0.004003196023404598
0.00486521003767848
0.0038664289750158787
0.004540531430393457
0.004114933777600527
0.0036684877704828978
0.004106078762561083
0.0038930370938032866
0.003385271178558469
0.0034416615962982178
0.00345229497179389
0.003520190715789795
0.0031884063500910997
0.003394910367205739
0.002812162507325411
0.003394444938749075
0.003060805145651102
0.002301754429936409
0.0026539789978414774
0.0029176261741667986
0.002380390651524067
0.00266464170999825
0.002296476624906063
0.00200279476121068
0.0019455257570371032
0.00204256409779191
0.002114662202075124
0.0018636879976838827
0.0016905395314097404
0.0021889409981667995
0.0014880457893013954
0.0016183250118047
0.00143419427331537
0.001501568709500134
0.001269602682441473
0.0014310830738395452
0.0011566864559426904
0.0014529092004522681
0.0015017943223938346
0.0007204986759461462
0.0009076247224584222
0.0012590645346790552
0.00040503591299057007
0.0016792829846963286
0.0013921826612204313
0.0006353866192512214
0.00139908108394593
0.0005780936917290092
0.0008922358974814415
0.0012906183255836368
0.00025375542463734746
0.001140134409070015
0.0007976655615493655
0.0006701695965602994
0.0011486439034342766
0.0010006267111748457
0.0008141061407513916
0.0007704972522333264
0.0011468223528936505
0.0009905298938974738
0.0008960514096543193
0.001081701833754778
0.0009038143907673657
-3.3560423851013184
-15.871928215026855
-17.824600219726562
-10.71833324432373
-15.457797050476074
-8.904541969299316
-5.594931125640869
-7.044775485992432
-6.2071452140808105
-3.1248269081115723
-4.019160270690918
-4.0120038986206055
-3.214179515838623
-2.9200854301452637
-2.2917096614837646
-2.6579222679138184
-2.826897621154785
-3.174243211746216
-2.653136730194092
-3.2269020080566406
-3.631347179412842
-4.004248142242432
-3.8191781044006348
-3.2930455207824707
-3.8610148429870605
-4.367030143737793
-4.227569103240967
-4.7613325119018555
-5.375794410705566
-4.555802822113037
-5.7704572677612305
-6.182283401489258
-5.475571155548096
-6.438622951507568
-5.512967109680176
-6.37890100479126
-6.553134918212891
-6.838278293609619
-6.372694969177246
-7.206906318664551
-7.550955772399902
-7.744380950927734
-8.98447322845459
-8.878191947937012
-7.696235656738281
-7.622428894042969
-7.897828102111816
-8.708788871765137
-8.87834358215332
-8.329184532165527
-7.85232400894165
-7.785893440246582
-8.349714279174805
-8.63258171081543
-8.655123710632324
-9.122567176818848
-9.122920989990234
-10.518427848815918
-10.457612991333008
-10.090097427368164
-10.27389144897461
-9.644679069519043
-10.390405654907227
-10.374618530273438
-10.339163780212402
-11.017181396484375
-10.993507385253906
-10.388936996459961
-11.43338680267334
-10.805429458618164
-10.812288284301758
-11.19359016418457
-11.055562973022461
-11.89138126373291
-11.767316818237305
-11.964727401733398
-12.964167594909668
-12.828180313110352
-12.413925170898438
-12.219202041625977
-12.901700973510742
-12.777721405029297
-13.866595268249512
-12.976865768432617
-13.892291069030762
-14.19989013671875
-14.24975299835205
-13.819417953491211
-14.4072265625
-14.76416301727295
-14.919842720031738
-14.50837230682373
-14.682228088378906
-14.993548393249512
-16.090499877929688
-16.377164840698242
-15.46739673614502
-16.05699920654297
-16.578880310058594
-17.019580841064453
-16.811023712158203
-15.131596565246582
-3.745936632156372
-4.247958183288574
0.006118178367614746
0.0059636496007442474
0.0065979077480733395
0.007056339178234339
0.007366350386291742
0.006788881029933691
0.006795269437134266
0.006691095884889364
0.0068483417853713036
0.006365335546433926
0.006912331096827984
0.006215458735823631
0.006449343170970678
0.0065202610567212105
0.00626341113820672
0.006150837522000074
0.006456694100052118
0.006265529431402683
0.006133947987109423
0.005864589940756559
0.006022524554282427
0.006087948568165302
0.005428257863968611
0.005808185786008835
0.00547454971820116
0.005468358751386404
0.00535870436578989
0.005280006676912308
0.005560818128287792
0.0049734534695744514
0.004291366785764694
0.0049205683171749115
0.004941471852362156
0.00452524796128273
0.004690325818955898
0.004612261429429054
0.003945420496165752
0.004236184526234865
0.0037096901796758175
0.004030714742839336
0.004093664698302746
0.003413471160456538
0.004022886045277119
0.0034229003358632326
0.0033186892978847027
0.0034685987047851086
0.003086474258452654
0.0028989508282393217
0.003286301624029875
0.0027253832668066025
0.002876924118027091
0.002655471209436655
0.0024653123691678047
0.002261339919641614
0.0029031115118414164
0.0021696705371141434
0.002240452216938138
0.0017428674036636949
0.002256926614791155
0.0020255758427083492
0.0018125649075955153
0.0014232455287128687
0.0022227508015930653
0.0012939206790179014
0.0016204637940973043
0.0014537747483700514
0.0017528256867080927
0.0016027282690629363
0.000986306695267558
0.0009060119045898318
0.0012669824063777924
0.001777652301825583
0.0008206671918742359
0.0008915725047700107
0.0011334239970892668
0.0008272312697954476
0.00139041047077626
0.0010438233148306608
0.0006508841179311275
0.0011875384952872992
0.0009283320978283882
0.0008597963606007397
0.0011394324246793985
0.0012616220628842711
0.0009706368437036872
0.00020230452355463058
0.001171931391581893
0.0011427656281739473
0.0011395371984690428
0.00041585927829146385
0.001517079770565033
0.0008579644490964711
0.0007461641216650605
0.0014792373403906822
0.0009449337376281619
0.0007724549504928291
-6.832915306091309
-19.541492462158203
-20.64981460571289
-12.516533851623535
-16.175039291381836
-18.149736404418945
-5.214728355407715
-10.519118309020996
-4.445218563079834
-2.4725544452667236
-2.6375718116760254
-1.3823591470718384
-2.211580276489258
-2.7540369033813477
-1.8123658895492554
-2.2767531871795654
-1.733006477355957
-2.8269684314727783
-3.2239785194396973
-3.6443610191345215
-2.8381659984588623
-3.177687883377075
-3.501610517501831
-3.7705726623535156
-3.896636486053467
-3.6851208209991455
-4.06076717376709
-3.7816154956817627
-4.52600622177124
-4.8892316818237305
-4.759469509124756
-4.960005760192871
-5.731311798095703
-5.925482273101807
-7.057394504547119
-7.406951904296875
-7.230741024017334
-6.631741523742676
-7.227181434631348
-6.444645881652832
-7.1482744216918945
-7.6528215408325195
-8.496541023254395
-8.016704559326172
-7.005860328674316
-7.336232662200928
-7.082038879394531
-7.979439735412598
-7.525210380554199
-8.055843353271484
-8.821799278259277
-8.91578483581543
-8.459566116333008
-8.577593803405762
-7.320456027984619
-9.406015396118164
-9.663690567016602
-9.565524101257324
-9.382214546203613
-9.674246788024902
-9.918343544006348
-10.02454948425293
-10.171627044677734
-10.103775978088379
-10.388144493103027
-10.825838088989258
-9.659544944763184
-9.921344757080078
-10.788328170776367
-10.82945442199707
-11.353349685668945
-11.476414680480957
-11.369122505187988
-12.292898178100586
-11.87458324432373
-12.25698471069336
-12.113168716430664
-12.739645004272461
-12.928688049316406
-12.921369552612305
-13.393908500671387
-12.84253215789795
-12.81416130065918
-12.921956062316895
-13.614601135253906
-14.339704513549805
-14.058850288391113
-13.928380966186523
-13.523083686828613
-13.667211532592773
-15.355755805969238
-14.995641708374023
-15.00683307647705
-16.59103775024414
-14.726318359375
-15.454754829406738
-15.82548713684082
-14.894208908081055
-15.807889938354492
-15.857365608215332
-16.481952667236328
-15.60374641418457
-3.824275255203247
-4.236233711242676
0.005928915459662676
0.0061318413354456425
0.006697268225252628
0.00706147775053978
0.007392067462205887
0.0067952582612633705
0.006816296838223934
0.0071547627449035645
0.0068064345978200436
0.006741803139448166
0.0066660670563578606
0.006527299527078867
0.006152948830276728
0.006591815501451492
0.006533549167215824
0.006171866320073605
0.00631394237279892
0.0063590058125555515
0.006061170715838671
0.005943042226135731
0.005729502998292446
0.006174255628138781
0.0055283596739172935
0.0057192905806005
0.005855295341461897
0.005204330198466778
0.00559497345238924
0.005159725900739431
0.0048567429184913635
0.005165002308785915
0.0046033477410674095
0.004651066847145557
0.004818366374820471
0.004409791436046362
0.004621195141226053
0.00433079618960619
0.004557763691991568
0.0036506447941064835
0.003974877763539553
0.0038800451438874006
0.004180488176643848
0.003708829404786229
0.0036098994314670563
0.0033236697781831026
0.0030607799999415874
0.0035848121624439955
0.003443300724029541
0.0030795540660619736
0.002943134866654873
0.0023460707161575556
0.0033776056952774525
0.002152026863768697
0.002774952445179224
0.002333695301786065
0.0020322646014392376
0.002886315109208226
0.001745457760989666
0.002162837190553546
0.0020944622810930014
0.0018975688144564629
0.0011728621320798993
0.0027613178826868534
0.0006800316041335464
0.001754721044562757
0.0014766256790608168
0.0011879855301231146
0.0019300163257867098
0.0017608627676963806
0.0011798173654824495
0.001233552349731326
0.0011849995935335755
0.0015091149834915996
0.0009344661375507712
0.0006793185020796955
0.001273351488634944
0.0010378112783655524
0.0008370686555281281
0.0012479792349040508
0.0006816535023972392
0.000803152215667069
0.001098034204915166
0.0006633613957092166
0.0012893129605799913
0.0010336964624002576
0.000559840991627425
0.0005421894020400941
0.0013757316628471017
0.0004570276942104101
0.001273486646823585
0.0009754325146786869
0.0005538620171137154
0.0012836238602176309
0.0008270721882581711
0.0008684531785547733
0.0009233396267518401
0.000775966327637434
0.0012020114809274673
0.0013917444739490747
0.003228750079870224
-0.0012680680956691504
0.0032608970068395138
0.002216506050899625
-0.0008037626976147294
-0.002660685684531927
0.0026501487009227276
-0.002786223543807864
-0.0007006399100646377
0.004313941113650799
-0.001422687666490674
0.002979655284434557
-0.0018026784528046846
0.0019627679139375687
-0.0005019987002015114
8.867122232913971e-06
0.0014005812117829919
-0.0023772630374878645
-0.0020249797962605953
-0.004845067393034697
0.002772620413452387
3.922805262845941e-05
0.0008770391577854753
0.001456426689401269
0.0003659161739051342
0.0006851896760053933
0.0018311109161004424
0.00064736173953861
0.0010369684314355254
0.0010448659304529428
0.0009442595764994621
0.0008488449966534972
0.0009328974410891533
0.0017144267912954092
0.0007806720095686615
0.0011126749450340867
0.0016834221314638853
0.0013252368662506342
0.0013475080486387014
0.001256271149031818
0.001876134774647653
0.0018803353887051344
0.0013274532975628972
0.0043769339099526405
0.0021463409066200256
0.0030566216446459293
0.001325397053733468
0.001939290203154087
0.001654131687246263
0.001303376047872007
0.006728752050548792
0.001712406286969781
0.0018780052196234465
0.0044108000583946705
0.003436914412304759
0.0048088086768984795
0.0026118368841707706
0.001977813197299838
0.007731044199317694
0.0013388156658038497
0.004656946752220392
0.0027374804485589266
0.0015863776206970215
0.004999399185180664
0.002837288426235318
0.008408528752624989
0.0034818470012396574
0.006041586399078369
0.0052061500027775764
0.005736994557082653
0.006870150566101074
0.008619392290711403
0.006687569431960583
0.008899259380996227
0.00737078208476305
0.011083638295531273
0.010303634218871593
0.009830290451645851
0.012003228068351746
0.012155884876847267
0.014358067885041237
0.011251839809119701
0.015069333836436272
0.014806156046688557
0.015890559181571007
0.016855429857969284
0.0169693436473608
0.018298014998435974
0.01913994923233986
0.020284896716475487
0.019274877384305
0.022245120257139206
0.02021319977939129
0.022901806980371475
0.022875163704156876
0.02472049929201603
0.023066705092787743
0.0183858722448349
7.397785186767578
29.806005477905273
27.89565086364746
22.010204315185547
11.506505012512207
0.06157563254237175
0.01835845410823822
0.01018652692437172
0.029338130727410316
0.011559912003576756
0.08542080968618393
0.04241544008255005
0.08739769458770752
0.05356549471616745
0.014040152542293072
0.03253444656729698
0.03540819510817528
0.01677985116839409
0.01966055855154991
0.022001275792717934
0.02218399941921234
0.021792462095618248
0.021959882229566574
0.02105190046131611
0.019582681357860565
0.017662793397903442
0.01639658585190773
0.016636444255709648
0.01692105084657669
0.01742217130959034
0.01772020384669304
0.016994815319776535
0.01674536243081093
0.01663719117641449
0.01658298820257187
0.016517652198672295
0.018117573112249374
0.01819584146142006
0.01822337880730629
0.018257230520248413
0.0183038841933012
0.01832752674818039
0.018382791429758072
0.01842055656015873
0.018491115421056747
0.01854970119893551
0.01863115094602108
0.01870487630367279
0.01879625767469406
0.018892914056777954
0.01898796483874321
0.019103392958641052
0.019204312935471535
0.019324708729982376
0.01942591369152069
0.01953360065817833
0.01965084671974182
0.019767526537179947
0.01986999809741974
0.0199726615101099
0.02008218690752983
0.0201631560921669
0.020252367481589317
0.020363900810480118
0.020429344847798347
0.02053002268075943
0.020599011331796646
0.02067023515701294
0.020739007741212845
0.020814282819628716
0.020871127024292946
0.02092713862657547
0.021002862602472305
0.02105301059782505
0.021116061136126518
0.021172624081373215
0.021243061870336533
0.021302897483110428
0.021337099373340607
0.021409105509519577
0.021457094699144363
0.021515468135476112
0.021576356142759323
0.021577928215265274
0.02167334221303463
0.021695246919989586
0.021731797605752945
0.02178250625729561
0.021782033145427704
0.021829836070537567
0.021837739273905754
0.021807517856359482
0.021909089758992195
0.021883564069867134
0.021969806402921677
0.021925469860434532
0.021999169141054153
0.022032706066966057
0.022010501474142075
0.022048909217119217
0.022065892815589905
0.022077513858675957
0.022075558081269264
0.02303386852145195
0.021799486130475998
0.021561939269304276
0.021495047956705093
0.021441135555505753
0.0213593952357769
0.02135978825390339
0.021296221762895584
0.021226713433861732
0.021203404292464256
0.02109101042151451
0.021036285907030106
0.021016493439674377
0.020929932594299316
0.020877590402960777
0.020836837589740753
0.020760471001267433
0.0207868292927742
0.020566800609230995
0.02073698863387108
0.020528757944703102
0.020470336079597473
0.020490240305662155
0.020474914461374283
0.020403742790222168
0.020360145717859268
0.020329395309090614
0.02029292844235897
0.020295774564146996
0.020224586129188538
0.020131386816501617
0.02014699950814247
0.02009044960141182
0.02007225528359413
0.02004459872841835
0.020078003406524658
0.020017001777887344
0.020030640065670013
0.019970670342445374
0.020023148506879807
0.02003217674791813
0.020012345165014267
0.020025193691253662
0.019933121278882027
0.01998232491314411
0.02000005729496479
0.019908154383301735
0.019899243488907814
0.019860628992319107
0.019886208698153496
0.019789699465036392
0.01980200782418251
0.019681397825479507
0.01973583921790123
0.01965990848839283
0.019585516303777695
0.01948937028646469
0.019561506807804108
0.019565802067518234
0.019505171105265617
0.01944766752421856
0.01953425630927086
0.019534029066562653
0.019399942830204964
0.01939648762345314
0.019397955387830734
0.019281936809420586
0.019384324550628662
0.019187016412615776
0.01919606514275074
0.01914937235414982
0.019118506461381912
0.018958035856485367
0.01914610154926777
0.018783709034323692
0.01886463165283203
0.0188288576900959
0.018789872527122498
0.01866229996085167
0.018648553639650345
0.018516629934310913
0.01844790205359459
0.01843314990401268
0.018471095710992813
0.018383096903562546
0.018474627286195755
0.01866699941456318
0.018404310569167137
0.018728535622358322
0.018254630267620087
0.0184930432587862
0.018291953951120377
0.018454957753419876
0.018287155777215958
0.018432492390275
0.018371347337961197
0.018239926546812057
0.01825680397450924
0.018249783664941788
0.01821320690214634
0.0167156420648098
0.016991475597023964
0.016926776617765427
0.01730915531516075
0.017136655747890472
0.01721249520778656
0.01717221364378929
0.017173025757074356
0.01718801259994507
0.017180340364575386
0.0171413142234087
0.017246156930923462
0.017163198441267014
0.017229124903678894
0.01740902103483677
0.016983648762106895
0.01719856634736061
0.01711305044591427
0.017266079783439636
0.01701616682112217
0.01728636398911476
0.016646739095449448
0.0171973779797554
0.01701361872255802
0.017012782394886017
0.01709921658039093
0.017161328345537186
0.01715696044266224
0.017165513709187508
0.017244501039385796
0.017468109726905823
0.01740674301981926
0.017341509461402893
0.017433838918805122
0.017636707052588463
0.01758653111755848
0.01768643781542778
0.017977630719542503
0.017558034509420395
0.01807207241654396
0.017974935472011566
0.01799861714243889
0.018130406737327576
0.018185585737228394
0.018365636467933655
0.018592018634080887
0.018327759578824043
0.01852930709719658
0.01864255592226982
0.018530670553445816
0.01837163046002388
0.018043840304017067
0.018361326307058334
0.018332310020923615
0.01852516271173954
0.018175959587097168
0.0185324065387249
0.01821906678378582
0.018510665744543076
0.01846817508339882
0.018518302589654922
0.01855912245810032
0.018575813621282578
0.01885421946644783
0.01862422376871109
0.01878358982503414
0.018725428730249405
0.01914607360959053
0.01860194467008114
0.019136054441332817
0.01869787462055683
0.018919559195637703
0.0191890150308609
0.01840129680931568
0.01901811920106411
0.018921872600913048
0.018463853746652603
0.01919584907591343
0.018626365810632706
0.01863546296954155
0.019110318273305893
0.018926246091723442
0.019595477730035782
0.019458448514342308
0.019382601603865623
0.019587857648730278
0.01964939571917057
0.01941591128706932
0.01967664435505867
0.019922945648431778
0.01959851011633873
0.019805030897259712
0.019684990867972374
0.01982845924794674
0.01982845924794674
0.01982845924794674
0.01982845924794674
0.01982845924794674
0.01982845924794674
0.01982845924794674
0.01982845924794674
0.01982845924794674
0.01982845924794674
0.01982845924794674
0.01982845924794674
0.01982845924794674
0.01982845924794674
0.01982845924794674
0.01982845924794674
0.01982845924794674
0.01982845924794674
0.01982845924794674
0.01982845924794674
0.01982845924794674
0.01982845924794674
0.01982845924794674
0.01982845924794674
0.01982845924794674
0.01982845924794674
0.01982845924794674
0.01982845924794674
0.01982845924794674
0.01982845924794674
0.01982845924794674
0.01982845924794674
0.01982845924794674
0.01982845924794674
0.01982845924794674
0.01982845924794674
0.01982845924794674
0.01982845924794674
0.01982845924794674
0.01982845924794674
0.01982845924794674
0.01982845924794674
0.01982845924794674
0.01982845924794674
0.01982845924794674
0.01982845924794674
0.01982845924794674
0.01982845924794674
0.01982845924794674
0.01982845924794674
0.01982845924794674
0.01982845924794674
0.01982845924794674
0.01982845924794674
0.01982845924794674
0.01982845924794674
0.01982845924794674
0.01982845924794674
0.01982845924794674
0.01982845924794674
0.01982845924794674
0.01982845924794674
0.01982845924794674
0.01982845924794674
0.01982845924794674
0.01982845924794674
0.01982845924794674
0.01982845924794674
0.01982845924794674
0.01982845924794674
0.01982845924794674
0.01982845924794674
0.01982845924794674
0.01982845924794674
0.01982845924794674
0.01982845924794674
0.01982845924794674
0.01982845924794674
0.01982845924794674
0.01982845924794674
0.01982845924794674
0.01982845924794674
0.01982845924794674
0.01982845924794674
0.01982845924794674
0.01982845924794674
0.01982845924794674
0.01982845924794674
0.01982845924794674
0.01982845924794674
0.01982845924794674
0.01982845924794674
0.01982845924794674
0.01982845924794674
0.01982845924794674
0.01982845924794674
0.01982845924794674
0.01982845924794674
0.01982845924794674
0.01982845924794674
0.01982845924794674
0.01982845924794674
0.01982845924794674
0.01982845924794674
0.01982845924794674
0.01982845924794674
0.01982845924794674
0.01982845924794674
0.01982845924794674
0.01982845924794674
0.01982845924794674
0.01982845924794674
0.01982845924794674
0.01982845924794674
0.01982845924794674
0.01982845924794674
0.01982845924794674
0.01982845924794674
0.01982845924794674
0.01982845924794674
0.01982845924794674
0.01982845924794674
0.01982845924794674
0.01982845924794674
0.01982845924794674
0.01982845924794674
0.01982845924794674
0.01982845924794674
0.01982845924794674
0.01982845924794674
0.01982845924794674
0.01982845924794674
0.01982845924794674
0.01982845924794674
0.01982845924794674
0.01982845924794674
0.01982845924794674
0.01982845924794674
0.01982845924794674
0.01982845924794674
0.01982845924794674
0.01982845924794674
0.01982845924794674
0.01982845924794674
0.01982845924794674
0.01982845924794674
0.01982845924794674
0.01982845924794674
0.01982845924794674
0.01982845924794674
0.01982845924794674
0.01982845924794674
0.01982845924794674
0.01982845924794674
0.01982845924794674
0.01982845924794674
0.01982845924794674
0.01982845924794674
0.01982845924794674
0.01982845924794674
0.01982845924794674
0.01982845924794674
0.01982845924794674
0.01982845924794674
0.01982845924794674
0.01982845924794674
0.01982845924794674
0.01982845924794674
0.01982845924794674
0.01982845924794674
0.01982845924794674
0.01982845924794674
0.01982845924794674
0.01982845924794674
0.01982845924794674
0.01982845924794674
0.01982845924794674
0.01982845924794674
0.01982845924794674
0.01982845924794674
0.01982845924794674
0.01982845924794674
0.01982845924794674
0.01982845924794674
0.01982845924794674
0.01982845924794674
0.01982845924794674
0.01982845924794674
0.01982845924794674
0.01982845924794674
0.01982845924794674
0.01982845924794674
0.01982845924794674
0.01982845924794674
0.01982845924794674
0.01982845924794674
0.01982845924794674
0.01982845924794674
0.01982845924794674
0.01982845924794674
0.01982845924794674
0.01982845924794674
0.01982845924794674
0.01982845924794674
0.01982845924794674
