30.50675392150879
30.50675392150879
24.56365203857422
13.985554695129395
1.3398492336273193
-0.0096116429194808
-0.010677339509129524
-0.009676869958639145
-0.009245168417692184
-0.008991661481559277
-0.008301850408315659
-0.008639339357614517
-0.008195776492357254
-0.007148335222154856
-0.007632910273969173
-0.006888201925903559
-0.006438365671783686
-0.0062997424975037575
-0.005542495287954807
-0.005304158665239811
-0.00537892896682024
-0.004536631051450968
-0.0047884052619338036
-0.004074753262102604
-0.0035612371284514666
-0.0032109669409692287
-0.0031750057823956013
-0.002038028324022889
-0.002233057515695691
-0.0012472785310819745
-0.0012266242410987616
-0.0008365786634385586
-0.00029763701604679227
0.00015086084022186697
0.0004268648917786777
0.0008981431019492447
0.0013891622656956315
0.001320806797593832
0.002543013310059905
0.0023166046012192965
0.003028138540685177
0.0031017400324344635
0.0027095943223685026
0.004136618226766586
0.0039426907896995544
0.004623787011951208
0.0048166560009121895
0.005085069686174393
0.005461691878736019
0.005653706379234791
0.006075324025005102
0.005967342294752598
0.00664031645283103
0.007165157701820135
0.00690884655341506
0.007128166500478983
0.00724039738997817
0.008276185020804405
0.00725719565525651
0.008278300985693932
0.008110634051263332
0.007876425050199032
0.008812295272946358
0.008603019639849663
0.008381684310734272
0.009057111106812954
0.00882042944431305
0.00928072165697813
0.008714662864804268
0.009201222099363804
0.009342792443931103
0.009066379629075527
0.00913978647440672
0.009088831022381783
0.009080464020371437
0.009449192322790623
0.009171019308269024
0.009334542788565159
0.00832145381718874
0.00934978574514389
0.008848163299262524
0.008832923136651516
0.009033218026161194
0.008516974747180939
0.008539632894098759
0.008702566847205162
0.008395286276936531
0.008341279812157154
0.007966414093971252
0.007424776442348957
0.008073778823018074
0.0077755628153681755
0.007331798784434795
0.006936992052942514
0.00721288938075304
0.007083977572619915
0.006846782751381397
0.005782142747193575
0.006042110733687878
5.993279457092285
9.380300521850586
9.392680168151855
-8.285987854003906
-9.541932106018066
-14.742976188659668
-4.9009270668029785
-11.00546932220459
-9.272268295288086
-3.5675060749053955
-5.360569953918457
-4.810556888580322
-3.2130846977233887
-4.629151344299316
-4.586610317230225
-3.3781578540802
-4.024863243103027
-4.4188761711120605
-4.298886299133301
-4.715390205383301
-4.4081830978393555
-4.567641258239746
-4.360409259796143
-4.02911901473999
-4.118481159210205
-3.6690990924835205
-3.5318164825439453
-3.268014907836914
-3.2977168560028076
-3.5935349464416504
-2.293623685836792
-2.178091526031494
-2.2971243858337402
-2.0566909313201904
-1.5491864681243896
-1.6832431554794312
-1.2559001445770264
-0.7641218304634094
-0.7698050737380981
-0.7694423794746399
0.01806527003645897
0.8933508992195129
1.5960277318954468
0.8343613743782043
1.983859658241272
2.275397777557373
1.4660837650299072
2.7681469917297363
4.129594326019287
3.876804828643799
2.4950335025787354
3.107570171356201
4.400157451629639
5.0978569984436035
5.314778804779053
4.5114312171936035
6.5464982986450195
7.0286970138549805
6.4557785987854
7.3694000244140625
8.133081436157227
8.053403854370117
8.174260139465332
8.65038013458252
7.749922275543213
8.783668518066406
9.831010818481445
9.980710983276367
10.52198600769043
10.661245346069336
11.204593658447266
11.550692558288574
12.021282196044922
13.310529708862305
13.20817756652832
13.446368217468262
13.5692720413208
14.989469528198242
14.521989822387695
13.912402153015137
14.064616203308105
15.418665885925293
15.734474182128906
16.37908935546875
16.352842330932617
16.612403869628906
17.605236053466797
17.473758697509766
18.295055389404297
19.042705535888672
18.793672561645508
19.755680084228516
19.737812042236328
20.309038162231445
19.72770881652832
20.84611701965332
21.75283432006836
22.73036003112793
22.512935638427734
22.824522018432617
22.326160430908203
16.484535217285156
-23.337779998779297
-42.184261322021484
-0.007383820600807667
-0.009774481877684593
-0.00862635113298893
-0.010310519486665726
-0.009691470302641392
-0.008650558069348335
-0.008653886616230011
-0.008431129157543182
-0.008228253573179245
-0.007837633602321148
-0.007317906711250544
-0.0072212740778923035
-0.006832202430814505
-0.006632409989833832
-0.005938566289842129
-0.005581127014011145
-0.005156367551535368
-0.005134944338351488
-0.004519488196820021
-0.004395868629217148
-0.0038804118521511555
-0.0033938654232770205
-0.0031120539642870426
-0.0026134669315069914
-0.0019818306900560856
-0.0015073125250637531
-0.0018645146628841758
-0.0005508019239641726
-0.0011186617193743587
-0.0002281202032463625
0.00035738019505515695
0.0009138874593190849
0.0007197052473202348
0.0013447168748825788
0.0018243733793497086
0.0018216518219560385
0.00266818143427372
0.0031591211445629597
0.0029613696970045567
0.003615841967985034
0.004192114807665348
0.003932856488972902
0.004881205502897501
0.004975518677383661
0.005021393299102783
0.005809669848531485
0.005825061816722155
0.00543645303696394
0.006170417182147503
0.006934559438377619
0.006942963693290949
0.007110645063221455
0.007103754673153162
0.007683911360800266
0.007466211915016174
0.008118522353470325
0.007991624064743519
0.007900888100266457
0.008347196504473686
0.008658850565552711
0.008728450164198875
0.008800013922154903
0.009106114506721497
0.008517771027982235
0.009431005455553532
0.009105043485760689
0.008873186074197292
0.009391368366777897
0.009027243591845036
0.009306734427809715
0.00960138626396656
0.009405545890331268
0.008813818916678429
0.00928220059722662
0.009657416492700577
0.00908500887453556
0.008806629106402397
0.009405698627233505
0.00864887610077858
0.008744174614548683
0.008653296157717705
0.008632346987724304
0.008890005759894848
0.008284220471978188
0.008276046253740788
0.008173343725502491
0.008193888701498508
0.007560404948890209
0.007802220992743969
0.007536586374044418
0.006815895438194275
0.007356270216405392
0.006790123879909515
0.006700248457491398
0.006071653217077255
0.0065998793579638
39.35487365722656
111.80204010009766
124.1714859008789
69.74906158447266
42.2779655456543
20.9693546295166
20.09417724609375
8.6261625289917
7.901026248931885
7.388230323791504
3.5839221477508545
2.2991371154785156
1.5158308744430542
-0.8186019659042358
-1.6122312545776367
-1.9980617761611938
-2.77201509475708
-3.305330753326416
-3.7533938884735107
-4.056713104248047
-3.87516450881958
-3.455881118774414
-3.8322949409484863
-3.827848434448242
-4.360469341278076
-4.306425094604492
-3.8326613903045654
-3.5589401721954346
-3.592194080352783
-3.7640328407287598
-2.9187674522399902
-2.474648952484131
-3.4789092540740967
-2.189685583114624
-1.7018334865570068
-0.8194401860237122
-1.6234636306762695
-1.0829997062683105
-0.44561824202537537
-0.6111371517181396
0.04038362205028534
1.4360243082046509
0.7123090624809265
1.0018084049224854
1.840456247329712
1.8287312984466553
1.5886274576187134
2.0188379287719727
2.9124042987823486
3.9917550086975098
3.3800933361053467
4.187004566192627
4.740830898284912
4.828030586242676
4.914122581481934
5.36012601852417
4.795784950256348
6.216209888458252
7.5493879318237305
6.641829490661621
7.997469425201416
7.975383758544922
8.338118553161621
9.364605903625488
8.161564826965332
9.400256156921387
9.179611206054688
9.954303741455078
11.101619720458984
10.84800910949707
11.315858840942383
11.262535095214844
11.509047508239746
13.26806354522705
12.232175827026367
13.029363632202148
13.657585144042969
13.917539596557617
13.704052925109863
15.06312084197998
15.398582458496094
15.881604194641113
15.554361343383789
16.108400344848633
16.664377212524414
17.31673812866211
17.511911392211914
17.90985107421875
17.891948699951172
18.716506958007812
19.383785247802734
20.09722900390625
20.168087005615234
20.4372615814209
21.695926666259766
21.662166595458984
22.043025970458984
22.854326248168945
24.22869873046875
24.044748306274414
22.433801651000977
16.451936721801758
-31.868810653686523
-30.195919036865234
-0.007574739865958691
-0.009196908213198185
-0.008009825833141804
-0.010912499390542507
-0.009516076184809208
-0.008413943462073803
-0.008725880645215511
-0.008317518047988415
-0.007885664701461792
-0.007904164493083954
-0.0075230770744383335
-0.006681565195322037
-0.006936896592378616
-0.0063225338235497475
-0.00619044853374362
-0.005575684830546379
-0.005538573022931814
-0.004659910686314106
-0.004773866385221481
-0.004412545822560787
-0.0037736352533102036
-0.003202838823199272
-0.003443558467552066
-0.0028605093248188496
-0.002257209736853838
-0.001649529323913157
-0.0015347321750596166
-0.001313165994361043
-0.0008130597998388112
7.969185389811173e-05
-7.946453843032941e-05
0.000659454264678061
0.0009908729698508978
0.0007040080381557345
0.0022007999941706657
0.00214286707341671
0.0023127978201955557
0.0030105418991297483
0.003310535801574588
0.0034877522848546505
0.003909745719283819
0.00438760407269001
0.0043148379772901535
0.004944778047502041
0.0049479249864816666
0.005809898022562265
0.005825229920446873
0.005639069247990847
0.006608826108276844
0.006459151394665241
0.007037061266601086
0.006928015500307083
0.007057621143758297
0.007938455790281296
0.007766522467136383
0.007364409975707531
0.008340159431099892
0.007932753302156925
0.008469488471746445
0.008501305244863033
0.008674761280417442
0.008749588392674923
0.008738458156585693
0.00909141544252634
0.009001104161143303
0.009337466210126877
0.008859941735863686
0.009507167153060436
0.00923089124262333
0.00946167204529047
0.009208439849317074
0.00948540959507227
0.009123869240283966
0.009185940027236938
0.009268740192055702
0.009304042905569077
0.00900944322347641
0.009169209748506546
0.008773157373070717
0.008720183745026588
0.008492905646562576
0.008805280551314354
0.008637390099465847
0.008182749152183533
0.009175121784210205
0.0078218262642622
0.007693579886108637
0.0076679931953549385
0.00775233143940568
0.007447774056345224
0.0071670254692435265
0.0072754970751702785
0.006638125982135534
0.0070366025902330875
0.006597136612981558
0.005949342157691717
20.882266998291016
93.65840911865234
110.45230865478516
61.07746124267578
34.75019454956055
18.80588150024414
18.144678115844727
6.110520362854004
6.095068454742432
5.125571250915527
0.725556492805481
1.2069100141525269
-0.012944811955094337
-2.435858726501465
-2.181736469268799
-2.9193477630615234
-3.3326077461242676
-3.3547656536102295
-3.8932528495788574
-4.838519096374512
-4.342292785644531
-4.561677932739258
-4.3541107177734375
-4.321455955505371
-4.360827445983887
-3.8570399284362793
-3.6433792114257812
-3.5205166339874268
-3.4990711212158203
-2.654082775115967
-2.593533515930176
-2.8623287677764893
-2.5502381324768066
-2.124049425125122
-1.7696444988250732
-1.1063356399536133
-0.9274183511734009
-0.8343688249588013
-0.44327956438064575
-1.1715104579925537
-0.26741501688957214
0.32716578245162964
0.27289682626724243
1.0101277828216553
1.0942914485931396
1.6052535772323608
2.2329323291778564
2.710474967956543
2.8381359577178955
2.4348886013031006
3.98899507522583
4.5325422286987305
3.6633963584899902
4.962467193603516
4.8756890296936035
4.8326897621154785
5.994927406311035
5.816027641296387
6.921474456787109
7.486124515533447
7.421067714691162
7.458319187164307
8.465431213378906
8.00357723236084
8.778581619262695
8.982962608337402
10.084734916687012
10.32324504852295
10.351066589355469
10.695409774780273
11.621381759643555
11.208720207214355
11.98275375366211
12.347196578979492
12.288663864135742
12.992815971374512
14.449493408203125
14.308703422546387
14.407488822937012
14.730596542358398
13.956469535827637
15.294084548950195
16.485204696655273
16.606426239013672
16.93217658996582
17.073707580566406
17.668346405029297
18.87256622314453
19.694528579711914
18.619516372680664
19.075363159179688
19.475187301635742
20.297077178955078
20.384265899658203
21.278697967529297
21.889324188232422
21.853031158447266
22.55946159362793
23.137855529785156
23.2277774810791
21.787425994873047
16.01075553894043
-29.38128089904785
-33.33291244506836
-0.006908257957547903
-0.009674862027168274
-0.008312839083373547
-0.010187194682657719
-0.009914923459291458
-0.008127713575959206
-0.008659875951707363
-0.008809508755803108
-0.007459512446075678
-0.007938513532280922
-0.007444842252880335
-0.007065965328365564
-0.0068612294271588326
-0.006132285576313734
-0.005999868270009756
-0.00582272419705987
-0.005183203611522913
-0.005391624756157398
-0.0041528427973389626
-0.004100958816707134
-0.0037416652776300907
-0.0035045077092945576
-0.0031567562837153673
-0.0026700443122535944
-0.0021939051803201437
-0.0018886832986027002
-0.0015235092723742127
-0.0008655080455355346
-0.0008167960913851857
-0.00026611043722368777
0.00013106603000778705
0.00012214288290124387
0.00109262450132519
0.0011692806147038937
0.002141868695616722
0.0014691547257825732
0.002721571596339345
0.002630203031003475
0.0031105652451515198
0.0039746821857988834
0.003757660510018468
0.003969249781221151
0.004535845946520567
0.004951536189764738
0.005106012336909771
0.005375212524086237
0.005563843064010143
0.006207757629454136
0.006156837102025747
0.00670875096693635
0.00691415648907423
0.0069803595542907715
0.006772661115974188
0.008080093190073967
0.0076368339359760284
0.0074516599997878075
0.007948595099151134
0.00803027767688036
0.008295640349388123
0.008718008175492287
0.00850437767803669
0.009023401886224747
0.008494012989103794
0.009214106015861034
0.009230094030499458
0.009201143868267536
0.00939911138266325
0.008865517564117908
0.009364075027406216
0.009012704715132713
0.009506827220320702
0.009309710934758186
0.009247747249901295
0.009291304275393486
0.009283006191253662
0.00861796922981739
0.009551473893225193
0.008701024577021599
0.00929565541446209
0.008896159008145332
0.008636364713311195
0.008900539949536324
0.008276987820863724
0.008042075671255589
0.008310544304549694
0.008439185097813606
0.0076423040591180325
0.008235412649810314
0.006893966346979141
0.007854076102375984
0.007019097916781902
0.0072334841825068
0.0068569546565413475
0.006598900072276592
0.006646213587373495
0.005645600147545338
39.95029067993164
112.22379302978516
125.09797668457031
71.4991455078125
43.07709503173828
29.49326515197754
24.28541374206543
9.825729370117188
7.744638919830322
5.595491409301758
1.1838496923446655
0.8021638989448547
0.2541170120239258
-2.497349500656128
-1.679534673690796
-3.0313727855682373
-3.4000117778778076
-3.4925475120544434
-3.906695604324341
-4.120507717132568
-3.542402982711792
-4.532713413238525
-4.44037389755249
-3.282371997833252
-3.512134552001953
-3.634291172027588
-3.271501064300537
-3.5006103515625
-3.4345526695251465
-3.1920511722564697
-3.3027095794677734
-2.412095069885254
-2.2475357055664062
-1.6347143650054932
-1.5471751689910889
-1.100600004196167
-2.0111286640167236
0.1426144391298294
-0.7011857032775879
-0.15921089053153992
0.7746530771255493
0.41250625252723694
0.364926815032959
1.6855900287628174
1.4970592260360718
1.760913610458374
3.057041645050049
3.0316827297210693
2.964949131011963
3.2060694694519043
3.939729690551758
3.959385395050049
3.583266019821167
5.383373737335205
5.552796363830566
5.63718843460083
5.9098429679870605
5.466209411621094
6.418679714202881
7.9641547203063965
7.38077449798584
7.654219150543213
8.747270584106445
9.388842582702637
9.114538192749023
9.109463691711426
9.687792778015137
9.322159767150879
10.131170272827148
10.722726821899414
10.784213066101074
11.489830017089844
12.731310844421387
12.77038860321045
13.062952995300293
12.834365844726562
13.32258415222168
13.961664199829102
14.827949523925781
15.220852851867676
15.833760261535645
15.536603927612305
15.387794494628906
15.767690658569336
16.337142944335938
16.929454803466797
17.086217880249023
18.10959815979004
18.749963760375977
18.91060447692871
17.760498046875
20.007368087768555
20.280960083007812
21.33804702758789
21.8504638671875
22.145978927612305
22.135896682739258
21.77686882019043
23.36214828491211
23.65894889831543
22.128032684326172
15.689979553222656
-33.042381286621094
-29.330364227294922
-0.006763584911823273
-0.009222165681421757
-0.008325332775712013
-0.01023068092763424
-0.00969376228749752
-0.008194382302463055
-0.00883286353200674
-0.008452186360955238
-0.007908159866929054
-0.007575141731649637
-0.007624633610248566
-0.006741030607372522
-0.0073400535620749
-0.0058863344602286816
-0.006220369134098291
-0.005635323468595743
-0.005421909503638744
-0.0048598311841487885
-0.004489260725677013
-0.004431110806763172
-0.003853429574519396
-0.0034367856569588184
-0.0030390501488000154
-0.0027140819001942873
-0.002390701789408922
-0.0015611400594934821
-0.0015126137295737863
-0.0010382875334471464
-0.0006620895583182573
-0.00025107499095611274
0.0003359057882335037
0.0004640859551727772
0.0008706998196430504
0.0011838504578918219
0.001790493493899703
0.0018188825342804193
0.0024449843913316727
0.0026959700044244528
0.0032856508623808622
0.003453737823292613
0.003958618734031916
0.0038613390643149614
0.004827613942325115
0.004815162159502506
0.005436044652014971
0.005369083024561405
0.0058041224256157875
0.005843012128025293
0.00648807967081666
0.006004508584737778
0.007432253565639257
0.006828630808740854
0.007182745728641748
0.007438863627612591
0.00779182743281126
0.007775621023029089
0.0077228485606610775
0.008360153064131737
0.00817066803574562
0.008566615171730518
0.008800863288342953
0.008583668619394302
0.008680038154125214
0.00888144038617611
0.009135836735367775
0.009204556234180927
0.009306644089519978
0.009365042671561241
0.008955811150372028
0.00955219753086567
0.009584607556462288
0.009049206972122192
0.009828059934079647
0.008784390985965729
0.009027822874486446
0.009325649589300156
0.00934088509529829
0.008577072992920876
0.009372713044285774
0.008974192664027214
0.008783710189163685
0.008696147240698338
0.00848133210092783
0.00882515124976635
0.007921352051198483
0.008350580930709839
0.008022512309253216
0.007784201297909021
0.0076127005741000175
0.007401981391012669
0.007361060939729214
0.006682821549475193
0.006797428242862225
0.007112320512533188
0.006308460142463446
0.006150071509182453
39.33940887451172
111.7162857055664
123.59771728515625
69.22676086425781
40.466678619384766
20.07472038269043
19.784595489501953
8.510580062866211
7.2963738441467285
7.692096710205078
3.791485548019409
2.0675485134124756
1.2309954166412354
-0.878746509552002
-1.2199846506118774
-2.250028133392334
-3.1145191192626953
-3.2004101276397705
-3.7130722999572754
-4.256728172302246
-4.358040809631348
-4.14672327041626
-4.026793003082275
-4.204777717590332
-3.8842291831970215
-3.9651126861572266
-3.884517192840576
-3.8189022541046143
-3.2683277130126953
-3.4172229766845703
-3.0282673835754395
-3.1691300868988037
-2.6707749366760254
-2.478947877883911
-2.1830601692199707
-1.1679339408874512
-1.7881580591201782
-1.442591905593872
-0.8355286717414856
-0.27254176139831543
0.1191137284040451
0.6804111003875732
1.7997010946273804
1.153818964958191
1.1767561435699463
2.8381059169769287
1.4186527729034424
2.44340181350708
3.181396007537842
3.756589412689209
3.666297197341919
3.9114298820495605
3.8570327758789062
4.758479118347168
4.681951522827148
6.391326427459717
6.297982692718506
5.682811260223389
7.116755485534668
6.8896331787109375
7.123297691345215
7.503396511077881
7.577118873596191
7.538796424865723
8.977792739868164
9.434659957885742
9.495922088623047
9.797182083129883
10.611422538757324
10.790010452270508
11.485529899597168
12.109752655029297
12.402182579040527
11.978938102722168
12.545334815979004
13.250882148742676
13.998771667480469
13.641311645507812
14.37482738494873
15.22003173828125
14.800524711608887
14.786399841308594
16.098777770996094
16.812519073486328
16.66434669494629
17.01697540283203
17.896358489990234
17.692493438720703
18.372684478759766
19.09512710571289
19.142030715942383
20.252437591552734
20.674461364746094
20.326732635498047
20.706239700317383
21.356765747070312
22.4185791015625
21.733354568481445
22.55181121826172
23.412769317626953
22.425731658935547
17.129793167114258
-32.06172561645508
-30.200979232788086
-0.007470051292330027
-0.0091858534142375
-0.008204905316233635
-0.0106727946549654
-0.009418404661118984
-0.008058635517954826
-0.009162692353129387
-0.008248992264270782
-0.007529948838055134
-0.008243477903306484
-0.007525365799665451
-0.006843306124210358
-0.006913783960044384
-0.006284142844378948
-0.005949007347226143
-0.006007268559187651
-0.005151613615453243
-0.005104262847453356
-0.004614044912159443
-0.004148212727159262
-0.003651156323030591
-0.0033268644474446774
-0.0031381696462631226
-0.0025222874246537685
-0.0024377559311687946
-0.0017032852629199624
-0.0016037914901971817
-0.0009474167600274086
-0.0009322130936197937
1.1708121974152164e-06
-9.30181922740303e-05
0.0005580793367698789
0.0010786347556859255
0.0010054155718535185
0.001807825407013297
0.0018818124663084745
0.002565438160672784
0.0025786939077079296
0.003616845700889826
0.0033698752522468567
0.004034443758428097
0.004120940808206797
0.004566898103803396
0.004976366646587849
0.0053274622187018394
0.005482150707393885
0.005349606275558472
0.0057685174979269505
0.006824390031397343
0.006555098108947277
0.0066303471103310585
0.006958974990993738
0.007123167160898447
0.007672113366425037
0.007878812029957771
0.007588936947286129
0.008110858500003815
0.00836713146418333
0.008348019793629646
0.008352438919246197
0.008373433724045753
0.009066850878298283
0.008667565882205963
0.009265726432204247
0.008868984878063202
0.00935911014676094
0.009040228091180325
0.009393313899636269
0.009441112168133259
0.009081779979169369
0.009322759695351124
0.008866334334015846
0.009874140843749046
0.00881417840719223
0.009447299875319004
0.009206058457493782
0.00919883418828249
0.008950233459472656
0.008775830268859863
0.008915886282920837
0.008702428080141544
0.008474208414554596
0.008234217762947083
0.008507223799824715
0.0081920325756073
0.007468540221452713
0.008302584290504456
0.007816598750650883
0.007732546888291836
0.007397491484880447
0.0073248655535280704
0.006973771844059229
0.006733673624694347
0.006772149354219437
0.006262639071792364
0.006400242447853088
20.5578556060791
93.25495147705078
110.72642517089844
61.01758575439453
35.1424560546875
22.940494537353516
19.947797775268555
9.706979751586914
9.227032661437988
5.970894813537598
2.386802911758423
1.6052138805389404
-0.0818585529923439
-1.8033764362335205
-2.3161067962646484
-2.8884825706481934
-3.9049453735351562
-3.149461030960083
-3.789281129837036
-4.086432456970215
-4.225347995758057
-4.129484176635742
-4.1265950202941895
-4.523549556732178
-3.8568291664123535
-3.7524592876434326
-3.9359188079833984
-3.5735461711883545
-3.3754448890686035
-3.524305820465088
-2.968449354171753
-2.710200786590576
-2.8365890979766846
-2.285750389099121
-1.2916858196258545
-1.7086107730865479
-1.1332298517227173
-0.6603721380233765
-0.2924472689628601
0.702222466468811
0.70671546459198
0.29774561524391174
0.7384756803512573
1.0823938846588135
0.2659282684326172
2.4549193382263184
3.180340528488159
1.8520166873931885
3.5603041648864746
3.8959262371063232
3.383436918258667
3.322690486907959
5.405526161193848
5.662084579467773
4.695363521575928
6.742895603179932
6.015013217926025
6.7107133865356445
7.0635666847229
6.601353645324707
7.003926753997803
7.757974147796631
7.667949676513672
8.797380447387695
9.482706069946289
9.939011573791504
10.215620040893555
9.856738090515137
9.997513771057129
10.872893333435059
11.488408088684082
11.833439826965332
12.620492935180664
12.13138484954834
12.97851848602295
12.30341625213623
13.759272575378418
14.537511825561523
14.341320991516113
14.900901794433594
16.020267486572266
15.05560302734375
15.60272216796875
16.942399978637695
17.187318801879883
17.163145065307617
17.639575958251953
18.078907012939453
19.509082794189453
19.689956665039062
19.751386642456055
20.724973678588867
20.696775436401367
20.97915267944336
21.469884872436523
21.805391311645508
21.65349769592285
22.543371200561523
22.931087493896484
22.643091201782227
22.84457015991211
15.6486177444458
-32.60828399658203
-29.39723777770996
-0.0068868594244122505
-0.0094833979383111
-0.008210044354200363
-0.010627808049321175
-0.009491830132901669
-0.008218187838792801
-0.008789082057774067
-0.008275316096842289
-0.00795820914208889
-0.007983477786183357
-0.007410143502056599
-0.006907948292791843
-0.007003182079643011
-0.005934555549174547
-0.00631164014339447
-0.005726548843085766
-0.004990868270397186
-0.004823756404221058
-0.0046998001635074615
-0.0038846961688250303
-0.003906466998159885
-0.00369599973782897
-0.00287867384031415
-0.0024294208269566298
-0.0022762923035770655
-0.001979468623176217
-0.001099432585760951
-0.0011318044271320105
-0.0009625144302845001
7.943522359710187e-05
-1.5538278603344224e-05
0.0005724233342334628
0.0009938266593962908
0.001372358645312488
0.0016024375800043344
0.002083293627947569
0.002527234610170126
0.002638948382809758
0.0033605541102588177
0.0032953384798020124
0.0038193180225789547
0.004306298680603504
0.0041976324282586575
0.005302326288074255
0.005009011831134558
0.005607058759778738
0.005284086335450411
0.006126489955931902
0.006102597340941429
0.006911373697221279
0.006910452153533697
0.007022936828434467
0.007510936353355646
0.007765788584947586
0.007666408084332943
0.007757754065096378
0.008017750456929207
0.007896354421973228
0.00833485834300518
0.00882746372371912
0.008387038484215736
0.008978958241641521
0.008714992552995682
0.009087746031582355
0.008821184746921062
0.009160708636045456
0.009413525462150574
0.00926627404987812
0.009023993276059628
0.00943722389638424
0.008891469798982143
0.009263134561479092
0.009413184598088264
0.009218492545187473
0.009052068926393986
0.009515265002846718
0.009039840660989285
0.008868386968970299
0.008944278582930565
0.009235812351107597
0.009081156924366951
0.008530268445611
0.00833295751363039
0.008007640019059181
0.008814126253128052
0.00807820912450552
0.0080337543040514
0.007766412105411291
0.007389960344880819
0.007710976991802454
0.007287015672773123
0.007066266145557165
0.006788422353565693
0.006501339375972748
0.006680765654891729
0.005942125804722309
13.583389282226562
83.81108093261719
103.55549621582031
56.0807991027832
33.079010009765625
16.326557159423828
15.502328872680664
4.578423500061035
5.156235694885254
4.44687557220459
0.9505825042724609
0.2755550444126129
-1.1699329614639282
-2.4653897285461426
-2.442903995513916
-3.188453197479248
-3.9595370292663574
-3.423903226852417
-4.009367942810059
-4.405900001525879
-4.085508346557617
-4.33219051361084
-4.21417236328125
-4.147674560546875
-3.950146198272705
-3.8095908164978027
-3.4738070964813232
-3.2375025749206543
-3.302346706390381
-2.9484732151031494
-2.462317943572998
-2.9476239681243896
-2.19921875
-2.198237657546997
-2.206510305404663
-1.135366439819336
-1.704244613647461
-1.144071340560913
-0.04267610237002373
-0.3270479142665863
0.37108004093170166
0.9440227746963501
1.4760191440582275
1.2842375040054321
1.5004346370697021
1.9823814630508423
2.543369770050049
3.1953272819519043
2.556631565093994
2.0033655166625977
3.3554282188415527
4.437657356262207
3.9732460975646973
5.5908942222595215
5.000096321105957
5.024080753326416
5.8795270919799805
5.723325252532959
6.381871700286865
6.268199920654297
6.3763251304626465
7.389591217041016
7.76528263092041
8.458654403686523
8.88237190246582
8.852373123168945
8.961328506469727
9.982277870178223
9.763394355773926
10.635798454284668
11.058453559875488
11.135969161987305
12.002062797546387
12.574548721313477
12.75184154510498
12.702703475952148
12.557823181152344
13.743115425109863
14.14752197265625
14.901369094848633
15.574061393737793
16.360713958740234
16.346345901489258
16.14394760131836
16.250280380249023
17.744720458984375
17.61758041381836
18.46773338317871
18.95465660095215
18.828039169311523
19.280338287353516
19.567276000976562
21.261093139648438
21.138729095458984
21.720272064208984
21.894107818603516
22.108787536621094
22.472455978393555
23.527095794677734
23.305482864379883
21.838712692260742
15.489181518554688
-32.27531814575195
-30.49347496032715
-0.007164849434047937
-0.009513549506664276
-0.008481803350150585
-0.010342175140976906
-0.009383002296090126
-0.008215541020035744
-0.009067369624972343
-0.00849575363099575
-0.007802935782819986
-0.007792866788804531
-0.007650061510503292
-0.006834711879491806
-0.006945374421775341
-0.006556184496730566
-0.005654194392263889
-0.00596958352252841
-0.005253996234387159
-0.004902140237390995
-0.004637409467250109
-0.004332725424319506
-0.003629162907600403
-0.0035067754797637463
-0.0028975559398531914
-0.00303260562941432
-0.002343682339414954
-0.0015346889849752188
-0.0013919275952503085
-0.001368434401229024
-0.0006775566725991666
-0.00024757004575803876
0.0001663337752688676
0.0008661338943056762
0.0010116843041032553
0.0012178051983937621
0.0018580661853775382
0.0018045032629743218
0.0024762398097664118
0.0030574356205761433
0.003236547112464905
0.0036167874932289124
0.003953312523663044
0.004018739797174931
0.004534495063126087
0.005116497166454792
0.00491219200193882
0.005640964489430189
0.005843065679073334
0.005842399317771196
0.006720306817442179
0.006338106002658606
0.006614438258111477
0.007007715292274952
0.007400839123874903
0.007339463569223881
0.007869072258472443
0.007659591734409332
0.008196194656193256
0.008044719696044922
0.008805442601442337
0.008465745486319065
0.00833491887897253
0.008831734769046307
0.008779443800449371
0.008920937776565552
0.008956518955528736
0.00917279627174139
0.009762516245245934
0.008576867170631886
0.009534739889204502
0.009198972955346107
0.009498963132500648
0.009458744898438454
0.008847258985042572
0.009092695079743862
0.009416835382580757
0.009127008728682995
0.009124844335019588
0.008967654779553413
0.00901300273835659
0.008626701310276985
0.00893634743988514
0.00867222435772419
0.008826734498143196
0.008065132424235344
0.00846627913415432
0.007723953574895859
0.007740464992821217
0.008243588730692863
0.007458600215613842
0.007112543098628521
0.0074045294895768166
0.006647827569395304
0.007294130977243185
0.0065839774906635284
0.006187989376485348
0.006240858696401119
30.297149658203125
103.50425720214844
117.16468811035156
65.29441833496094
40.24998092651367
26.07758140563965
21.173952102661133
7.621730804443359
5.629100322723389
3.9206161499023438
-0.029437225311994553
0.2300260066986084
-0.7117422819137573
-2.433615207672119
-2.342984199523926
-3.153834819793701
-3.6951167583465576
-3.576098680496216
-3.9924731254577637
-4.539610862731934
-4.210762023925781
-3.887072801589966
-4.360909461975098
-3.727705717086792
-3.775238037109375
-4.048130512237549
-4.032959938049316
-3.325678586959839
-2.754655122756958
-2.95609974861145
-3.0825092792510986
-1.9210608005523682
-2.697296619415283
-2.1506998538970947
-1.5692535638809204
-1.538242220878601
-1.4080430269241333
-0.4304801821708679
-1.5019803047180176
-0.5427588224411011
0.4374393820762634
0.4383787214756012
0.8307788968086243
1.265101432800293
1.459437370300293
1.6401618719100952
1.417346477508545
1.9428097009658813
2.5041842460632324
2.38127064704895
3.603032350540161
3.7920520305633545
3.6704564094543457
4.763345241546631
4.644423961639404
5.792219161987305
6.151755332946777
6.203542709350586
6.778390407562256
7.102220058441162
7.407135009765625
7.4348955154418945
7.856289863586426
8.933464050292969
9.220331192016602
9.382986068725586
9.481006622314453
9.529107093811035
9.58620834350586
10.474200248718262
11.436391830444336
11.930405616760254
12.065190315246582
12.529481887817383
13.016840934753418
13.06189250946045
12.739171981811523
14.403356552124023
14.737640380859375
15.20484447479248
15.697029113769531
16.059864044189453
16.319517135620117
16.991924285888672
17.518115997314453
18.16018295288086
18.046472549438477
18.487699508666992
19.137792587280273
19.600360870361328
20.323360443115234
20.6925106048584
20.086368560791016
21.06387710571289
21.45111846923828
21.834632873535156
22.20058250427246
23.020912170410156
23.521129608154297
24.186817169189453
22.46297836303711
16.69989013671875
-31.1956729888916
-30.52581214904785
-0.007111477665603161
-0.009348073974251747
-0.00823693536221981
-0.01083550974726677
-0.009318405762314796
-0.008358469232916832
-0.00888429768383503
-0.008218100294470787
-0.007986653596162796
-0.007768690586090088
-0.007646298501640558
-0.007052142173051834
-0.006756740156561136
-0.006359298713505268
-0.0059468247927725315
-0.0058607603423297405
-0.004977053962647915
-0.005318305920809507
-0.0047697508707642555
-0.004083343781530857
-0.0037252188194543123
-0.003658584551885724
-0.0027537464629858732
-0.002650550566613674
-0.002277538413181901
-0.0018181313062086701
-0.0010445283260196447
-0.0013871592236682773
-0.00046444297186098993
-0.0002753411536104977
-0.000474676548037678
0.0009901645826175809
0.0008834203472360969
0.0015114096459001303
0.0012960284948349
0.001999592175707221
0.002603233093395829
0.0025663529522717
0.003551362082362175
0.003314464120194316
0.0037724249996244907
0.004232731647789478
0.004572805482894182
0.00513968663290143
0.005290445405989885
0.005803116597235203
0.005244161002337933
0.005815061274915934
0.006755216978490353
0.006412477232515812
0.007018602453172207
0.006863729562610388
0.00685708737000823
0.00801067054271698
0.007890453562140465
0.00782141461968422
0.007954703643918037
0.00845956802368164
0.008421904407441616
0.008630714379251003
0.008713358081877232
0.008786920458078384
0.008636542595922947
0.008746227249503136
0.009003949351608753
0.009235262870788574
0.008857088163495064
0.009304937906563282
0.009339479729533195
0.009347673505544662
0.00943776499480009
0.009178711101412773
0.009249048307538033
0.009201928973197937
0.008845161646604538
0.009694376029074192
0.00882803089916706
0.009182014502584934
0.008870917372405529
0.009221160784363747
0.008472444489598274
0.008614965714514256
0.008405370637774467
0.0085106510668993
0.008234292268753052
0.008014907129108906
0.00837839674204588
0.007847112603485584
0.007726388983428478
0.007153758313506842
0.007794476114213467
0.0071353851817548275
0.006807450205087662
0.006540240254253149
0.006376213394105434
0.006219477392733097
40.15916442871094
112.80399322509766
125.0054931640625
70.30743408203125
40.75395965576172
20.211536407470703
20.223491668701172
8.675660133361816
7.554037570953369
8.035270690917969
3.5729076862335205
2.1896450519561768
1.9875259399414062
-0.35939228534698486
-0.6966245770454407
-1.634049654006958
-2.791104793548584
-3.2711517810821533
-3.3509578704833984
-3.8436412811279297
-3.8824920654296875
-3.9995880126953125
-4.535198211669922
-3.8582730293273926
-3.8770740032196045
-4.224593162536621
-4.172729969024658
-3.5776405334472656
-4.154311180114746
-3.5629379749298096
-3.1866021156311035
-3.267723798751831
-3.0262632369995117
-1.7478256225585938
-2.04209566116333
-1.5697053670883179
-1.6481120586395264
-1.066705584526062
-0.5954577326774597
-0.698165774345398
0.25782832503318787
0.7410930395126343
0.8639861941337585
0.6051262617111206
1.9064044952392578
1.4738507270812988
2.101942777633667
2.9992237091064453
2.68772554397583
2.7890005111694336
3.966611385345459
4.473496437072754
4.467464447021484
5.224490165710449
5.44338846206665
5.201598167419434
5.386590003967285
6.778053283691406
6.387181758880615
7.8078484535217285
7.886547088623047
7.689644813537598
8.739614486694336
8.279329299926758
8.223369598388672
9.39461612701416
9.867460250854492
10.265024185180664
10.587366104125977
10.221339225769043
10.724492073059082
11.960176467895508
11.703768730163574
11.731127738952637
13.290838241577148
13.523935317993164
14.075742721557617
14.586796760559082
14.53199577331543
15.547416687011719
15.281636238098145
15.898368835449219
15.991742134094238
16.821300506591797
16.437238693237305
16.62960433959961
17.355241775512695
18.418031692504883
19.366790771484375
19.150848388671875
20.226058959960938
20.395063400268555
19.926040649414062
20.571475982666016
21.47805404663086
21.33816146850586
22.08333969116211
23.0909481048584
22.832725524902344
23.759326934814453
22.178396224975586
16.495441436767578
-32.01226043701172
-30.202747344970703
-0.007190041244029999
-0.009419990703463554
-0.008083829656243324
-0.01053512841463089
-0.009888392873108387
-0.008050828240811825
-0.008943554945290089
-0.00833897851407528
-0.0076820580288767815
-0.007974933832883835
-0.0074105276726186275
-0.006953893695026636
-0.006934784352779388
-0.0061899335123598576
-0.006060292012989521
-0.005628175567835569
-0.005166859831660986
-0.004958412144333124
-0.004530161619186401
-0.004269727971404791
-0.003864579601213336
-0.0031485494691878557
-0.0029994556680321693
-0.002965868916362524
-0.0018514359835535288
-0.001989297568798065
-0.0013652545167133212
-0.0010717215482145548
-0.0008541332790628076
4.5380602387012914e-05
0.00016530053107999265
0.00011445062409620732
0.0012581779155880213
0.0011226461501792073
0.00174738431815058
0.002111707115545869
0.0027364918496459723
0.0025093243457376957
0.0035653214436024427
0.0034197072964161634
0.003556741401553154
0.0043175737373530865
0.0044087981805205345
0.004939348436892033
0.005216690246015787
0.005175699945539236
0.005791736766695976
0.006027765106409788
0.0060346731916069984
0.006500227842479944
0.006561201997101307
0.007322271354496479
0.007310745771974325
0.007558546960353851
0.007795315235853195
0.00763116916641593
0.00832584872841835
0.008407074958086014
0.008673908188939095
0.00815488863736391
0.008783859200775623
0.008832079358398914
0.0091413464397192
0.009067868813872337
0.009006751701235771
0.009344367310404778
0.00914264190942049
0.009117251262068748
0.009455129504203796
0.008965482003986835
0.009609129279851913
0.009609841741621494
0.009306134656071663
0.008777068927884102
0.009277109988033772
0.009320917539298534
0.008932501077651978
0.008913451805710793
0.009095974266529083
0.008636842481791973
0.008826653473079205
0.008592016994953156
0.008476258255541325
0.008725874125957489
0.008215236477553844
0.008034540340304375
0.008290447294712067
0.00800844095647335
0.0074474141001701355
0.007518196012824774
0.00765624176710844
0.006617155857384205
0.007295712828636169
0.006377859506756067
0.006667549256235361
0.005922260228544474
38.894989013671875
111.71882629394531
121.10916900634766
67.31031036376953
39.41422653198242
24.416074752807617
20.986083984375
8.591875076293945
5.677706241607666
5.369267463684082
1.419545292854309
0.8879404067993164
0.09219010174274445
-2.0235493183135986
-2.040473461151123
-2.4231691360473633
-3.6384639739990234
-3.345000743865967
-3.7337632179260254
-3.9115633964538574
-4.393672466278076
-3.698244094848633
-4.174489974975586
-4.228161334991455
-3.517472743988037
-3.9107537269592285
-3.4100794792175293
-3.6798717975616455
-3.6600704193115234
-3.5810177326202393
-3.0011038780212402
-2.920389413833618
-2.3347134590148926
-1.7950294017791748
-1.7833820581436157
-2.0148675441741943
-1.2899062633514404
-1.0513073205947876
-0.7315346002578735
-0.5289633274078369
0.32951241731643677
0.627525806427002
0.8942328691482544
1.179643988609314
2.0149378776550293
2.03916597366333
1.9499458074569702
2.376950740814209
2.726789951324463
2.7796757221221924
3.5248749256134033
4.973025321960449
4.079610347747803
5.1104888916015625
5.225829124450684
5.095602512359619
6.024369239807129
6.480339050292969
6.876584529876709
7.584371089935303
8.054788589477539
8.422237396240234
8.235109329223633
8.744019508361816
8.906927108764648
9.66408634185791
9.39382266998291
9.245001792907715
10.356827735900879
10.944665908813477
11.452275276184082
11.38808822631836
12.268842697143555
12.41093635559082
13.245984077453613
13.567817687988281
13.739900588989258
14.31163501739502
14.68359088897705
15.180658340454102
15.655576705932617
15.395380973815918
16.460308074951172
16.38132095336914
16.462398529052734
16.66073989868164
16.755815505981445
17.565021514892578
18.101520538330078
18.721607208251953
19.00006675720215
19.895360946655273
20.0580997467041
19.406103134155273
20.30405044555664
21.584842681884766
22.230602264404297
21.559911727905273
21.374042510986328
23.028793334960938
23.351476669311523
17.399072647094727
-31.813350677490234
-30.10634422302246
-0.007315818220376968
-0.009224239736795425
-0.008018290624022484
-0.01055954396724701
-0.009744222275912762
-0.008050874806940556
-0.009431526064872742
-0.008310243487358093
-0.007693917490541935
-0.00785126630216837
-0.007388355676084757
-0.006819690112024546
-0.0068804011680185795
-0.006519125308841467
-0.005974579136818647
-0.005741313099861145
-0.005101924296468496
-0.005153893493115902
-0.00456461776047945
-0.0042696199379861355
-0.0038558002561330795
-0.003420156193897128
-0.002880070824176073
-0.0028432586695998907
-0.0020947109442204237
-0.0018672544974833727
-0.0011904978891834617
-0.0010251554194837809
-0.0007010207627899945
-0.00027283738018013537
7.174575875978917e-05
0.0007010292029008269
0.000818583823274821
0.001253053080290556
0.0015280534280464053
0.0022297357209026814
0.0021472019143402576
0.0031312797218561172
0.0029791214037686586
0.003862746525555849
0.003940810449421406
0.004039399325847626
0.00466341944411397
0.004828040022403002
0.005386143457144499
0.0056396108120679855
0.005454049911350012
0.005844706203788519
0.006525915116071701
0.006877170410007238
0.006662152707576752
0.00700350571423769
0.006725500337779522
0.007980575785040855
0.007710249628871679
0.007604832760989666
0.00815476756542921
0.008292905054986477
0.008358107879757881
0.008568519726395607
0.00858936458826065
0.008804874494671822
0.008893348276615143
0.008911323733627796
0.009237249381840229
0.009080265648663044
0.009149272926151752
0.009263105690479279
0.009041870012879372
0.009297316893935204
0.009257028810679913
0.009314456954598427
0.009378135204315186
0.009060172364115715
0.009304190054535866
0.009183133952319622
0.00934726744890213
0.009184235706925392
0.008779868483543396
0.008724250830709934
0.00874192826449871
0.008517365902662277
0.008531415835022926
0.008349116891622543
0.008320888504385948
0.008652633056044579
0.007668709848076105
0.007726764772087336
0.007900705561041832
0.007398843765258789
0.007423180155456066
0.007059319410473108
0.006850346922874451
0.006674428936094046
0.0064778076484799385
0.006440966390073299
39.336219787597656
111.9307861328125
124.13639068603516
69.73812103271484
40.67548751831055
20.61172103881836
20.232162475585938
8.524100303649902
8.891006469726562
7.892027854919434
2.9838969707489014
1.865997552871704
0.651530385017395
-1.4537346363067627
-1.6066640615463257
-2.154144287109375
-3.4491093158721924
-3.4914417266845703
-3.7694153785705566
-3.987579345703125
-3.559281826019287
-4.268454551696777
-4.110720634460449
-3.9124865531921387
-3.9859280586242676
-3.979050397872925
-3.470628023147583
-3.1708076000213623
-3.6391079425811768
-2.9014360904693604
-2.9738821983337402
-2.8627052307128906
-2.1705222129821777
-2.2719740867614746
-1.537530541419983
-1.195717215538025
-1.1320979595184326
-0.7075692415237427
-1.1497806310653687
-1.197432279586792
-0.44882073998451233
0.8216985464096069
1.056870698928833
0.7669929265975952
1.48304283618927
2.0013952255249023
1.615785837173462
2.3078207969665527
3.080148220062256
3.7982959747314453
3.439500331878662
4.569943428039551
4.157016277313232
4.698764324188232
4.59799337387085
5.11535120010376
5.265580177307129
7.048327445983887
7.574184417724609
7.0855393409729
8.226066589355469
7.560091495513916
7.818560600280762
8.565045356750488
8.704793930053711
8.854194641113281
9.056824684143066
9.756322860717773
10.13863468170166
10.293242454528809
11.223762512207031
11.788641929626465
11.989356994628906
11.900678634643555
12.975519180297852
13.114212036132812
13.147351264953613
14.541895866394043
14.937565803527832
14.64250659942627
15.158563613891602
15.808677673339844
15.504806518554688
16.04287338256836
16.508506774902344
17.0289249420166
17.558971405029297
18.02376365661621
17.690832138061523
18.505481719970703
19.91392707824707
20.14378547668457
20.867259979248047
19.97277069091797
20.000041961669922
21.057804107666016
22.030826568603516
22.112171173095703
22.761011123657227
23.022624969482422
22.193634033203125
16.020349502563477
-32.717994689941406
-29.863210678100586
-0.0068330951035022736
-0.00945073552429676
-0.008096093311905861
-0.010532182641327381
-0.00952577218413353
-0.00794897973537445
-0.009052356705069542
-0.007989475503563881
-0.007916169241070747
-0.007596281357109547
-0.007619018200784922
-0.006978043355047703
-0.006972977425903082
-0.006257680710405111
-0.00613409373909235
-0.00570692028850317
-0.005238289944827557
-0.004855595529079437
-0.0047505637630820274
-0.0040809391066432
-0.003777520265430212
-0.0035116933286190033
-0.0026171403005719185
-0.0028355277609080076
-0.0022145656403154135
-0.0019241457339376211
-0.0010458107572048903
-0.0014273717533797026
-0.0007274526869878173
3.8137891351652797e-06
-9.690441947896034e-05
0.0007078051567077637
0.0010367750655859709
0.0009985790820792317
0.0019723803270608187
0.0022598453797399998
0.0018476974219083786
0.0030461049173027277
0.0031663135159760714
0.003677004249766469
0.0037269939202815294
0.003982304595410824
0.004781361203640699
0.004623695742338896
0.005247883964329958
0.005545990075916052
0.006002473179250956
0.005878802388906479
0.006166313774883747
0.006497405469417572
0.006782540585845709
0.007444028742611408
0.006650382187217474
0.008028898388147354
0.007818862795829773
0.007375058718025684
0.008403494022786617
0.008146850392222404
0.008137056604027748
0.00876316986978054
0.008433403447270393
0.008847209624946117
0.009099802002310753
0.008923755958676338
0.009275096468627453
0.009186634793877602
0.008961771614849567
0.00949651189148426
0.009062233380973339
0.009576592594385147
0.009249641560018063
0.00933091714978218
0.009185656905174255
0.009088178165256977
0.00952926091849804
0.008802789263427258
0.009229693561792374
0.009007787331938744
0.008686283603310585
0.00896003283560276
0.00869121216237545
0.008838081732392311
0.008280551061034203
0.008707808330655098
0.008025399409234524
0.008232759311795235
0.007850280031561852
0.0078727500513196
0.00774306058883667
0.0077699581161141396
0.006968284957110882
0.007314725313335657
0.006914420984685421
0.006511853076517582
0.0063763768412172794
0.006360135972499847
12.9600830078125
83.48439025878906
103.7208251953125
55.826324462890625
30.664047241210938
21.33869171142578
18.399011611938477
5.544260501861572
4.193399429321289
3.5994391441345215
-0.051496900618076324
-0.4883318841457367
-0.8516505360603333
-2.8113207817077637
-2.6228010654449463
-3.323141098022461
-3.718060255050659
-3.8044447898864746
-4.24228048324585
-3.8465969562530518
-4.090430736541748
-3.9342141151428223
-4.39210844039917
-4.080052375793457
-3.842134952545166
-3.899383068084717
-3.8141961097717285
-3.642484188079834
-2.9415218830108643
-3.7767958641052246
-3.025855541229248
-2.680257797241211
-2.3959617614746094
-2.386925458908081
-1.8957620859146118
-1.7725944519042969
-1.882896065711975
-0.11998741328716278
-0.22826766967773438
-0.42274531722068787
-0.12096597999334335
0.7291984558105469
1.128243088722229
1.0166537761688232
1.6269439458847046
2.0422558784484863
1.8700681924819946
2.452287197113037
3.028357744216919
3.7182846069335938
3.451256513595581
4.017146110534668
4.087576866149902
4.630008697509766
4.955691337585449
5.672002792358398
5.689976692199707
6.976678371429443
7.072751045227051
7.007430076599121
7.4542670249938965
7.459633827209473
7.911600589752197
8.319517135620117
8.51426887512207
10.321187973022461
9.086698532104492
9.511055946350098
9.841795921325684
10.950071334838867
11.378236770629883
12.092814445495605
12.427068710327148
13.455093383789062
12.991762161254883
13.044416427612305
14.094642639160156
14.753715515136719
14.643969535827637
15.515446662902832
15.252408981323242
15.332324028015137
15.642778396606445
15.489387512207031
17.04180335998535
17.488466262817383
17.272064208984375
18.027053833007812
18.15523910522461
18.558216094970703
19.073671340942383
18.94330596923828
19.432693481445312
20.37703514099121
21.556915283203125
21.637577056884766
21.86560821533203
21.801624298095703
21.77048110961914
22.9633731842041
21.849872589111328
16.26088523864746
-31.905345916748047
-29.54038429260254
-0.00706849480047822
-0.009131659753620625
-0.008447730913758278
-0.010449712164700031
-0.009502514265477657
-0.007882053032517433
-0.009185965172946453
-0.008627466857433319
-0.007505662739276886
-0.007914211601018906
-0.007071948144584894
-0.00707973400130868
-0.006641187705099583
-0.006381862796843052
-0.005989374127238989
-0.0057318806648254395
-0.005385855678468943
-0.004773368127644062
-0.004365211818367243
-0.0041874730959534645
-0.003706346731632948
-0.0037435940466821194
-0.00288185547105968
-0.0028473290149122477
-0.0023499068338423967
-0.0020304545760154724
-0.0009514355915598571
-0.0012831391068175435
-0.0006959351594559848
-4.29728752351366e-05
-6.724840204697102e-05
0.0007103331154212356
0.0009029077482409775
0.0011959064286202192
0.0017918283119797707
0.002310020150616765
0.002312381286174059
0.0030058452393859625
0.0033782795071601868
0.0035184554290026426
0.0036869491450488567
0.004186815116554499
0.00459315488114953
0.004842056892812252
0.005300535820424557
0.005513759795576334
0.005473139695823193
0.006586907897144556
0.005901222117245197
0.006477602757513523
0.007086341269314289
0.006797669921070337
0.007235517259687185
0.007644932717084885
0.007833892479538918
0.007714219391345978
0.008265955373644829
0.008243835531175137
0.008401470258831978
0.008347474038600922
0.008631168864667416
0.008949494920670986
0.008863875642418861
0.009436583146452904
0.008670063689351082
0.009398264810442924
0.009148374199867249
0.009067005477845669
0.00931872334331274
0.009306354448199272
0.009547087363898754
0.009153930470347404
0.009380086325109005
0.00952182337641716
0.009018143638968468
0.0094864871352911
0.009327729232609272
0.008990854024887085
0.008869512006640434
0.009050039574503899
0.00871446542441845
0.008560668677091599
0.008211731910705566
0.008613981306552887
0.00826960802078247
0.00788892712444067
0.007988480851054192
0.007951351813971996
0.00744262058287859
0.00756092369556427
0.007199273444712162
0.0066785654053092
0.006941472180187702
0.0069105736911296844
0.006451995577663183
0.006175495684146881
21.121530532836914
93.7822036743164
110.9696273803711
61.887657165527344
35.5555419921875
23.435182571411133
20.370044708251953
9.131085395812988
8.855165481567383
5.785826683044434
2.025500535964966
1.8871748447418213
0.2093702256679535
-1.7189292907714844
-1.9755136966705322
-2.6116442680358887
-3.7290337085723877
-3.548069477081299
-3.8024845123291016
-3.906470775604248
-4.074063301086426
-3.939563751220703
-3.7592196464538574
-3.626908779144287
-3.792020320892334
-3.8186817169189453
-3.3652496337890625
-3.769282579421997
-3.7489147186279297
-2.946235179901123
-2.9718995094299316
-2.743062734603882
-2.438520908355713
-3.212184429168701
-1.9816392660140991
-0.9288843274116516
-1.7591272592544556
-1.1154842376708984
-0.3945845067501068
0.49537286162376404
-0.0234723798930645
-0.22851550579071045
0.7475937604904175
1.005124807357788
0.9314016103744507
2.917386293411255
2.829766273498535
2.4415738582611084
2.654797077178955
3.0425515174865723
2.973660945892334
3.0428194999694824
4.560786247253418
5.447900772094727
4.476880073547363
6.526411533355713
6.368978500366211
5.784338474273682
6.874269008636475
6.807528495788574
6.937409400939941
8.007315635681152
7.886696815490723
8.963484764099121
8.993124961853027
9.181234359741211
9.224187850952148
9.736510276794434
10.59446907043457
10.831415176391602
11.380939483642578
10.77837085723877
11.262296676635742
12.215509414672852
12.487966537475586
13.236279487609863
13.118680953979492
14.498556137084961
14.94953441619873
14.824983596801758
14.830085754394531
14.957778930664062
16.551918029785156
16.909164428710938
17.073558807373047
17.81937026977539
17.8880558013916
17.99578857421875
18.60777473449707
18.337270736694336
18.798641204833984
20.16046714782715
19.953689575195312
20.499216079711914
21.16943359375
21.88540267944336
21.986419677734375
22.174291610717773
22.221006393432617
22.938098907470703
22.843860626220703
17.183910369873047
-32.58536911010742
-30.354007720947266
-0.006904407404363155
-0.009645802900195122
-0.008153796195983887
-0.010650713928043842
-0.00965585745871067
-0.008432528004050255
-0.008767529390752316
-0.008524847216904163
-0.007739557884633541
-0.007841194979846478
-0.0073608653619885445
-0.006717870477586985
-0.006890618242323399
-0.006426014006137848
-0.005899725016206503
-0.005726731847971678
-0.0053948950953781605
-0.004923999775201082
-0.004501521121710539
-0.004264532122761011
-0.0034774807281792164
-0.003385658608749509
-0.003255266696214676
-0.0028858245350420475
-0.002310078125447035
-0.0016943123191595078
-0.0013483124785125256
-0.0012771121691912413
-0.0005912284250371158
-0.00018066067423205823
0.000123328878544271
0.000643411825876683
0.0011216960847377777
0.0009781800908967853
0.0018699053907766938
0.002144749742001295
0.002259404631331563
0.002935670781880617
0.0030609918758273125
0.003547007218003273
0.0040809037163853645
0.004267218057066202
0.004737861454486847
0.0049727014265954494
0.005003547295928001
0.005681087728589773
0.005815315060317516
0.005995838437229395
0.006375269033014774
0.006619511637836695
0.006723862141370773
0.007216224912554026
0.007280281279236078
0.0074821338057518005
0.0076798549853265285
0.007568694651126862
0.008063697256147861
0.00830069836229086
0.008122069761157036
0.008757462725043297
0.008836887776851654
0.008683119900524616
0.009028961881995201
0.008759449236094952
0.009014821611344814
0.00934356264770031
0.009419448673725128
0.008944651111960411
0.009236333891749382
0.009153461083769798
0.00901368074119091
0.009306713938713074
0.00957339908927679
0.008887882344424725
0.009399628266692162
0.008938143961131573
0.009287741966545582
0.009141690097749233
0.009036689065396786
0.00877270009368658
0.008569708094000816
0.00883543025702238
0.008350832387804985
0.008278665132820606
0.008359940722584724
0.00819345936179161
0.007971755228936672
0.008008154109120369
0.007721001747995615
0.0070234984159469604
0.007352028973400593
0.007523040287196636
0.006837444845587015
0.0067764511331915855
0.0063346498645842075
0.006460740230977535
20.364994049072266
93.35919952392578
110.38970947265625
60.651397705078125
33.733131408691406
23.69796371459961
20.4287109375
7.611817836761475
6.055880546569824
4.487027168273926
0.3492533266544342
0.094673752784729
-0.5829135775566101
-3.1823391914367676
-2.4594595432281494
-3.1471757888793945
-4.043457984924316
-3.188997983932495
-3.87103533744812
-3.585507869720459
-3.4155521392822266
-4.622297763824463
-3.966831684112549
-3.8222126960754395
-3.837230682373047
-3.7327728271484375
-3.6939666271209717
-3.9714202880859375
-3.3101916313171387
-3.833850383758545
-2.8653743267059326
-2.5236806869506836
-2.7914185523986816
-2.3596835136413574
-2.0772953033447266
-1.5918091535568237
-0.9942270517349243
-0.23468104004859924
-0.5188466310501099
-0.2942574918270111
0.4447527825832367
0.6145878434181213
0.9087125658988953
0.9714154005050659
1.2890456914901733
1.5413317680358887
2.164957284927368
3.096802234649658
2.633035659790039
2.852159023284912
4.05659818649292
4.389904022216797
4.251809597015381
5.386170387268066
4.639189720153809
5.274769306182861
5.6706037521362305
6.32393217086792
5.905827522277832
7.112710475921631
7.457201957702637
7.293575286865234
7.520375728607178
8.113689422607422
8.723333358764648
9.497076034545898
9.50597095489502
10.220372200012207
10.399613380432129
10.463691711425781
10.84443187713623
11.097962379455566
11.83265209197998
11.908517837524414
12.883546829223633
13.593347549438477
13.493449211120605
14.614153861999512
14.829757690429688
14.585064888000488
14.886842727661133
15.626213073730469
15.705434799194336
16.698049545288086
16.658117294311523
17.385725021362305
17.807523727416992
18.141620635986328
18.895044326782227
19.29606056213379
19.452363967895508
20.026819229125977
19.740177154541016
20.31048011779785
21.654027938842773
22.24134635925293
22.08493423461914
22.18746566772461
23.17762565612793
23.35507583618164
22.95972442626953
17.052995681762695
-31.832839965820312
-31.533126831054688
-0.007057460956275463
-0.009435770101845264
-0.00835858192294836
-0.010515145026147366
-0.009597769007086754
-0.00820658914744854
-0.009054834023118019
-0.008100013248622417
-0.008087778463959694
-0.007828748784959316
-0.007401416543871164
-0.007104136049747467
-0.006710541434586048
-0.006574314087629318
-0.0059699383564293385
-0.005811029113829136
-0.005184791516512632
-0.004734422080218792
-0.004578445106744766
-0.004447703715413809
-0.0038153391797095537
-0.0032837889157235622
-0.0031581781804561615
-0.0029110219329595566
-0.0020950890611857176
-0.0016937695909291506
-0.001713036559522152
-0.0008168747881427407
-0.000725738238543272
-0.0002734050212893635
6.791581108700484e-05
0.001066907774657011
0.0009710376034490764
0.001070184400305152
0.0017872113967314363
0.0019056393066421151
0.0022554341703653336
0.0031725603621453047
0.0031435738783329725
0.0034805689938366413
0.003911026753485203
0.0036651522386819124
0.004742051940411329
0.004781543277204037
0.0049723172560334206
0.005664166994392872
0.005619903095066547
0.006200017407536507
0.00632484769448638
0.006434313952922821
0.007198282517492771
0.006830159574747086
0.007431811187416315
0.00767358485609293
0.007687808014452457
0.007715909276157618
0.008370018564164639
0.008225062862038612
0.008256322704255581
0.008265995420515537
0.008471924811601639
0.008506467565894127
0.008873773738741875
0.00941048376262188
0.008958022110164165
0.008959537371993065
0.00904818531125784
0.009516273625195026
0.009592382237315178
0.008862743154168129
0.009184712544083595
0.009341349825263023
0.009385720826685429
0.00899264682084322
0.009267447516322136
0.009338030591607094
0.008743559941649437
0.00891882460564375
0.009284277446568012
0.00869227759540081
0.00884954258799553
0.008464516140520573
0.00859080534428358
0.00848090834915638
0.008337822742760181
0.00797989685088396
0.007829279638826847
0.0076223439536988735
0.007865824736654758
0.007094778120517731
0.007591372821480036
0.007324770092964172
0.006888368632644415
0.006448506377637386
0.006041386630386114
0.006267666816711426
29.70747947692871
102.75175476074219
117.66471099853516
65.90937042236328
40.66016387939453
25.88875389099121
21.677461624145508
7.9545183181762695
5.875583648681641
4.533627986907959
0.34955930709838867
-0.1500052660703659
-0.6721689105033875
-2.712636947631836
-2.7504396438598633
-3.394672393798828
-3.780111789703369
-3.6545372009277344
-4.13906192779541
-4.2956929206848145
-4.4435038566589355
-3.9666264057159424
-4.358055591583252
-3.8085994720458984
-3.3134188652038574
-3.686826705932617
-3.677117109298706
-3.7575066089630127
-3.3935158252716064
-2.9304418563842773
-2.8749847412109375
-2.6241867542266846
-2.4931788444519043
-2.132530689239502
-1.7293574810028076
-1.6226962804794312
-0.5963468551635742
-0.24385695159435272
-1.3014814853668213
-0.5995944738388062
-0.0025821805465966463
-0.9675500988960266
0.1416449248790741
2.3892593383789062
2.4425289630889893
1.685768723487854
2.34360408782959
2.3206143379211426
2.8301749229431152
3.2597250938415527
4.273848533630371
5.044806957244873
3.776662826538086
4.752164363861084
5.286467552185059
5.089853286743164
5.81958532333374
6.040367126464844
5.912948131561279
7.068612098693848
8.142255783081055
7.975943565368652
8.297064781188965
8.205804824829102
8.995709419250488
9.424766540527344
9.410212516784668
9.393152236938477
9.723442077636719
9.649707794189453
11.117364883422852
11.995420455932617
12.39018440246582
12.641763687133789
13.184432983398438
14.008451461791992
13.063650131225586
14.374700546264648
14.063674926757812
14.443580627441406
15.037515640258789
15.822606086730957
16.105539321899414
16.223344802856445
17.226119995117188
17.707544326782227
18.2053165435791
17.98339080810547
18.379779815673828
19.154388427734375
20.483821868896484
20.067665100097656
19.32229995727539
20.11121368408203
20.131807327270508
21.700143814086914
22.306325912475586
22.3956356048584
22.440174102783203
23.544431686401367
22.914596557617188
16.407533645629883
-31.943328857421875
-29.186161041259766
-0.0068120202049613
-0.009183479472994804
-0.008442988619208336
-0.010382098145782948
-0.009430178441107273
-0.008705981075763702
-0.008733919821679592
-0.008475343696773052
-0.007515267468988895
-0.008258705958724022
-0.007338309194892645
-0.00683540990576148
-0.006920547224581242
-0.006485127843916416
-0.006057847291231155
-0.005840029567480087
-0.005088119767606258
-0.004887971095740795
-0.004669849760830402
-0.0037744580768048763
-0.0040616667829453945
-0.003247200744226575
-0.0034920251928269863
-0.0025935450103133917
-0.0022803444880992174
-0.001470181392505765
-0.0013977555790916085
-0.0007128383731469512
-0.0008356526377610862
-0.00015822387649677694
-2.0851661247434095e-05
0.0007680089329369366
0.0011488860473036766
0.0008179976721294224
0.0017413310706615448
0.00226417719386518
0.002496414352208376
0.0028620371595025063
0.003012516302987933
0.003916631452739239
0.003979221917688847
0.0041534556075930595
0.004274704027920961
0.004981395788490772
0.005052726715803146
0.005762542597949505
0.005570707377046347
0.006181496661156416
0.0064583225175738335
0.006772344000637531
0.006771483458578587
0.006697592791169882
0.007533680647611618
0.00747940968722105
0.007602301426231861
0.007978741079568863
0.00785877089947462
0.008079618215560913
0.008184422738850117
0.008875791914761066
0.008546220138669014
0.008804046548902988
0.008652400225400925
0.008967433124780655
0.009035599417984486
0.009591869078576565
0.00886923260986805
0.009403741918504238
0.009348888881504536
0.009137444198131561
0.009312193840742111
0.00923400092869997
0.009323768317699432
0.009093360044062138
0.00909038633108139
0.00925417710095644
0.009208165109157562
0.008889565244317055
0.008805202320218086
0.008875837549567223
0.009031136520206928
0.008561750873923302
0.00858848076313734
0.008378962986171246
0.008373129181563854
0.00836919154971838
0.008172912523150444
0.007609792053699493
0.007760356180369854
0.007118646986782551
0.007396063767373562
0.006936918944120407
0.006653822027146816
0.006599062122404575
0.00646500289440155
0.006382203660905361
20.6309814453125
92.8664779663086
110.25933837890625
60.37031936645508
33.77393341064453
23.909366607666016
20.201038360595703
6.525187015533447
4.954748153686523
4.510483741760254
1.026702880859375
0.27574294805526733
-0.6193660497665405
-2.2705352306365967
-2.448969602584839
-2.6510086059570312
-3.878955841064453
-3.992253065109253
-4.249351978302002
-4.046990394592285
-4.080214500427246
-4.043652534484863
-4.072527885437012
-4.066020965576172
-4.0569634437561035
-3.827467679977417
-3.985924482345581
-3.4557106494903564
-3.505448579788208
-3.083465337753296
-3.11453914642334
-2.3871872425079346
-2.5318045616149902
-2.6986289024353027
-1.9108092784881592
-1.1357122659683228
-1.7975269556045532
-0.7598093748092651
-0.24493806064128876
-0.40969783067703247
0.40254777669906616
0.8769192695617676
1.1809295415878296
1.112174153327942
1.931278944015503
1.6401830911636353
1.9060548543930054
2.283738613128662
3.1262149810791016
2.1677770614624023
3.8475990295410156
3.92901611328125
4.01724910736084
4.649953365325928
5.139130592346191
5.269373416900635
5.635258674621582
6.046160697937012
6.297316551208496
7.038784027099609
7.562735080718994
8.200060844421387
8.882251739501953
8.50127124786377
8.69465446472168
8.988520622253418
9.173809051513672
9.90318489074707
10.745298385620117
10.028971672058105
11.149267196655273
11.903188705444336
11.673103332519531
11.474737167358398
12.874119758605957
12.867647171020508
13.494657516479492
13.990252494812012
14.731363296508789
15.664833068847656
15.489206314086914
15.250767707824707
16.442066192626953
15.592289924621582
16.544837951660156
16.45261573791504
17.891454696655273
17.666637420654297
18.4995059967041
19.506731033325195
19.183137893676758
19.670183181762695
21.23702621459961
20.845247268676758
21.17754364013672
21.272872924804688
21.38360595703125
22.009212493896484
22.100278854370117
23.45722770690918
22.300386428833008
16.342395782470703
-32.268157958984375
-30.693517684936523
-0.007240559905767441
-0.009209047071635723
-0.00836512167006731
-0.010506266728043556
-0.00949343852698803
-0.008094440214335918
-0.009082279168069363
-0.008272463455796242
-0.007651763502508402
-0.007724118884652853
-0.007530124392360449
-0.007057452108711004
-0.006794726941734552
-0.006267591379582882
-0.00609216932207346
-0.005763712804764509
-0.005071858875453472
-0.005094280932098627
-0.004444379359483719
-0.004312075674533844
-0.0033817565999925137
-0.0036334425676614046
-0.00314522092230618
-0.002278493717312813
-0.002773470710963011
-0.0015627602115273476
-0.001390384160913527
-0.0011280688922852278
-0.0006703068502247334
-0.0002631176612339914
0.0001296022965107113
0.000721834076102823
0.0007309491047635674
0.0013399097369983792
0.0017753057181835175
0.0018465319881215692
0.0022831964306533337
0.002827466232702136
0.003319617360830307
0.0038556954823434353
0.003826352534815669
0.004291594494134188
0.0044568981975317
0.0049944729544222355
0.00511816656216979
0.005713379010558128
0.005683421157300472
0.0063409702852368355
0.006405784748494625
0.006516098976135254
0.006842655595391989
0.007174487225711346
0.007213336881250143
0.007710627280175686
0.007881841622292995
0.007687516510486603
0.008087918162345886
0.008258585818111897
0.008486850187182426
0.008668884634971619
0.008138586767017841
0.009138311259448528
0.008645745925605297
0.00914700236171484
0.009387732483446598
0.008765319362282753
0.009250710718333721
0.009704629890620708
0.009200617671012878
0.009026817046105862
0.009133498184382915
0.009531095623970032
0.008881879970431328
0.009676278568804264
0.008732412941753864
0.009454024955630302
0.009313201531767845
0.008473770692944527
0.008980032056570053
0.008933897130191326
0.008837880566716194
0.008420420810580254
0.008644672110676765
0.008497720584273338
0.008689753711223602
0.007771101780235767
0.008115802891552448
0.007753467652946711
0.007261861115694046
0.007617334835231304
0.006974945310503244
0.007270059548318386
0.006578253116458654
0.006920310668647289
0.006713727954775095
0.0059602647088468075
12.686284065246582
83.6654052734375
103.6047592163086
56.72412872314453
31.029529571533203
20.67215919494629
18.07291603088379
6.924439907073975
6.986013889312744
4.655265808105469
1.0048973560333252
0.5813440084457397
-0.5904714465141296
-3.001781702041626
-2.7428841590881348
-3.4563331604003906
-3.7928805351257324
-3.497074842453003
-4.0084733963012695
-3.9982516765594482
-4.504599571228027
-4.399973392486572
-4.638111591339111
-4.277339458465576
-4.020488262176514
-4.199319839477539
-3.344855785369873
-3.329883098602295
-3.291370391845703
-3.3191566467285156
-3.0732712745666504
-2.9616427421569824
-3.1376261711120605
-2.258147716522217
-1.3261293172836304
-1.7029240131378174
-1.7869012355804443
-0.7084830403327942
-0.7896556854248047
0.2795087993144989
-0.06894151121377945
-0.19052961468696594
0.9776595234870911
0.8273561596870422
0.2636236548423767
2.4630465507507324
2.7394280433654785
2.059833288192749
3.457542896270752
3.16707181930542
3.1011757850646973
3.7701563835144043
4.871984481811523
5.708142280578613
4.730148792266846
6.000329971313477
5.825580596923828
5.235358238220215
6.226840972900391
6.592138767242432
6.961907863616943
7.672463893890381
7.3228254318237305
8.731389045715332
8.648442268371582
9.256206512451172
10.15958023071289
10.433164596557617
10.621793746948242
10.650620460510254
11.934513092041016
11.662824630737305
12.074080467224121
12.275117874145508
11.90306568145752
12.850893020629883
13.462895393371582
13.797207832336426
13.8207368850708
14.768630981445312
15.940656661987305
15.798818588256836
16.522165298461914
16.971357345581055
17.286523818969727
16.719114303588867
17.308361053466797
18.497211456298828
18.221683502197266
18.703060150146484
19.41812515258789
20.275409698486328
19.779682159423828
20.86391830444336
20.997438430786133
21.71614646911621
22.59078025817871
22.045663833618164
23.396068572998047
23.62727928161621
21.97944450378418
16.118671417236328
-32.309410095214844
-29.437204360961914
-0.0074013955891132355
-0.009425219148397446
-0.00817802269011736
-0.010740047320723534
-0.009514333680272102
-0.007972119376063347
-0.009074138477444649
-0.008149510249495506
-0.007996795699000359
-0.007764591835439205
-0.007369456347078085
-0.00704642990604043
-0.006827285047620535
-0.006466180086135864
-0.005981577094644308
-0.005925759673118591
-0.005295484326779842
-0.004979870747774839
-0.004594354424625635
-0.004001453053206205
-0.003763736691325903
-0.0037942249327898026
-0.002984433202072978
-0.0027532577514648438
-0.00229347450658679
-0.0018051965162158012
-0.0011193826794624329
-0.0012676834594458342
-0.0005011096363887191
-0.0005563556915149093
0.0004295472172088921
0.0005899383686482906
0.0007732098456472158
0.001247956184670329
0.0020337391179054976
0.001788486959412694
0.0023979332763701677
0.002936937613412738
0.0032458424102514982
0.0038107451982796192
0.00364246079698205
0.00433189095929265
0.004344662185758352
0.0051699792966246605
0.005109202582389116
0.005038802046328783
0.005984141957014799
0.0064171007834374905
0.0062750158831477165
0.006555439438670874
0.007120773196220398
0.006419309880584478
0.007162307854741812
0.007564785424619913
0.0078928517177701
0.007945560850203037
0.008129074238240719
0.007697767578065395
0.008539002388715744
0.008567225188016891
0.008607798255980015
0.008893365040421486
0.008977723307907581
0.009263929910957813
0.008773094043135643
0.00878475047647953
0.009110918268561363
0.009197183884680271
0.009049399755895138
0.009307722561061382
0.009164546616375446
0.00926313828676939
0.009489631280303001
0.00936862826347351
0.009351356886327267
0.009248855523765087
0.009282795712351799
0.0089858528226614
0.009250598959624767
0.008680485188961029
0.009125344455242157
0.008630745112895966
0.008841661736369133
0.008341480977833271
0.008224737830460072
0.00803320575505495
0.008174339309334755
0.008029649965465069
0.007299683056771755
0.0076961577869951725
0.007432936690747738
0.007105918135493994
0.007228530012071133
0.0065053715370595455
0.0065936618484556675
0.005986920092254877
13.694048881530762
84.07331848144531
104.4101791381836
56.50292205810547
30.38253402709961
21.168628692626953
18.42542266845703
5.741540431976318
4.360154151916504
3.4896817207336426
-0.36545315384864807
-0.48785391449928284
-1.3903958797454834
-3.3527703285217285
-3.115370988845825
-3.584284543991089
-3.9231700897216797
-3.8024070262908936
-4.115772247314453
-4.075456142425537
-3.862903118133545
-4.31704044342041
-4.497334957122803
-4.049313545227051
-4.009886741638184
-4.0352888107299805
-3.6486573219299316
-3.8419594764709473
-3.6229336261749268
-3.204155683517456
-3.4138424396514893
-2.2557873725891113
-2.8597097396850586
-2.39768123626709
-2.2356460094451904
-1.8147045373916626
-1.6562836170196533
-0.2782352566719055
-0.5653682947158813
-0.46651387214660645
0.4051362872123718
0.20658567547798157
0.8604608774185181
0.8362533450126648
1.1837272644042969
1.7679859399795532
2.4050703048706055
2.9350063800811768
2.824864149093628
3.1757142543792725
4.4196367263793945
3.9957592487335205
3.1444144248962402
4.645798683166504
4.75425910949707
5.114008903503418
6.063621520996094
6.185571670532227
6.28938627243042
7.671152591705322
7.141645908355713
7.491904258728027
8.289236068725586
8.608719825744629
9.615118026733398
8.88809585571289
9.249595642089844
10.411896705627441
9.068502426147461
10.449841499328613
11.323352813720703
12.550809860229492
12.361493110656738
12.9097318649292
12.90552043914795
13.45978832244873
13.148205757141113
14.021740913391113
15.063909530639648
15.450067520141602
14.924020767211914
15.638055801391602
15.696551322937012
16.03447914123535
16.217493057250977
17.748586654663086
17.907230377197266
17.94158935546875
17.643512725830078
18.74502944946289
18.906522750854492
18.804920196533203
20.124370574951172
19.839588165283203
20.272504806518555
21.00437355041504
21.17023277282715
21.669404983520508
22.688711166381836
23.197582244873047
21.78900146484375
15.713479995727539
-28.364715576171875
-34.02300262451172
-0.007329174317419529
-0.01021062582731247
-0.008426702581346035
-0.01011159922927618
-0.009996204636991024
-0.008121253922581673
-0.008870718069374561
-0.008633033372461796
-0.007419480476528406
-0.00819888710975647
-0.007593570742756128
-0.006797521375119686
-0.007021583616733551
-0.006097526289522648
-0.0061714984476566315
-0.005887577775865793
-0.005198554135859013
-0.0050005605444312096
-0.004537662491202354
-0.004126932471990585
-0.003869611071422696
-0.0033238655887544155
-0.0030601834878325462
-0.002398765878751874
-0.0024462197907269
-0.0016950728604570031
-0.00123738800175488
-0.000879748840816319
-0.0009634390589781106
9.192582365358248e-05
-0.0003139892651233822
0.0007813476258888841
0.0011405361583456397
0.0014658358413726091
0.0012574084103107452
0.0021353974007070065
0.0024168933741748333
0.0029518757946789265
0.003269153879955411
0.003298574360087514
0.003611059859395027
0.004583962261676788
0.004318179562687874
0.004758061841130257
0.005269130226224661
0.005635013338178396
0.0055332607589662075
0.00602953415364027
0.006319008767604828
0.006435763090848923
0.007120111491531134
0.006665991153568029
0.007430733181536198
0.0076835788786411285
0.007639607880264521
0.007903212681412697
0.00820182915776968
0.007877216674387455
0.00858260877430439
0.008690457791090012
0.008707632310688496
0.008709586225450039
0.009161001071333885
0.008795997127890587
0.009128153324127197
0.009170894511044025
0.009551363065838814
0.009167760610580444
0.00908556766808033
0.009456206113100052
0.009214343503117561
0.009418333880603313
0.008908425457775593
0.009191966615617275
0.00911539327353239
0.009571426548063755
0.008760372176766396
0.009384313598275185
0.008697783574461937
0.008634954690933228
0.008837724104523659
0.008464278653264046
0.008556507527828217
0.008333204314112663
0.0082548838108778
0.007974231615662575
0.0082554267719388
0.007819915190339088
0.007502357475459576
0.0072058215737342834
0.007160551846027374
0.007230981253087521
0.0066843763925135136
0.006699815392494202
0.006312181707471609
0.0062135979533195496
20.72723388671875
92.87521362304688
110.17893981933594
60.520851135253906
33.2531623840332
22.560678482055664
19.54185676574707
6.867349147796631
5.555886268615723
4.832247257232666
0.4279650151729584
0.37021908164024353
-0.5448673963546753
-2.473262310028076
-2.4354279041290283
-3.028783082962036
-3.5092387199401855
-4.212384223937988
-3.709178924560547
-4.156402111053467
-4.039366245269775
-3.9437572956085205
-3.7854831218719482
-4.076189994812012
-4.307726860046387
-3.8721909523010254
-3.7343573570251465
-4.043086051940918
-3.286855697631836
-3.371483325958252
-2.828972339630127
-3.0017764568328857
-2.5155367851257324
-1.7554543018341064
-1.8969042301177979
-1.8259756565093994
-1.343385100364685
-0.5010260343551636
-0.6719200611114502
-0.4372525215148926
0.5672726035118103
0.6315664052963257
0.3634527921676636
1.2078073024749756
1.4461052417755127
2.191401243209839
2.3462014198303223
2.7298879623413086
2.782191753387451
2.545990228652954
4.273513317108154
3.949136734008789
4.167258262634277
5.155313968658447
4.8376922607421875
5.338644981384277
5.816343784332275
5.7338056564331055
6.15161657333374
7.530077934265137
7.631876468658447
7.448087215423584
8.621204376220703
8.104324340820312
8.052091598510742
8.939081192016602
9.055437088012695
10.828022003173828
10.270049095153809
10.51819133758545
10.530352592468262
11.789819717407227
11.393226623535156
12.36386489868164
13.006024360656738
14.028325080871582
13.552072525024414
14.180638313293457
14.561853408813477
14.510698318481445
15.643041610717773
15.895197868347168
15.606722831726074
16.253366470336914
16.66997718811035
17.196752548217773
17.715869903564453
17.158248901367188
18.463634490966797
19.17538833618164
19.663249969482422
20.819278717041016
20.535449981689453
21.24663734436035
21.451454162597656
21.531579971313477
22.330799102783203
23.22025489807129
22.99843978881836
23.305171966552734
22.459077835083008
16.607358932495117
-30.930273056030273
-29.287601470947266
-0.007295501418411732
-0.009206632152199745
-0.008280030451714993
-0.010947180911898613
-0.009556807577610016
-0.008375429548323154
-0.008922850713133812
-0.008317709900438786
-0.007959102280437946
-0.00808756984770298
-0.007298172451555729
-0.007241453044116497
-0.006701592355966568
-0.006319851614534855
-0.006129683926701546
-0.005872494541108608
-0.005682911723852158
-0.004697613418102264
-0.004463596269488335
-0.004152636043727398
-0.004111196845769882
-0.0032992486376315355
-0.003051843261346221
-0.0026376587338745594
-0.0025784908793866634
-0.0018520638113841414
-0.001046102843247354
-0.0011632014065980911
-0.0007719077402725816
0.00017308078531641513
-0.00021211060811765492
0.0007548300200141966
0.0010736030526459217
0.001542764250189066
0.0013925868552178144
0.0018510844092816114
0.002730073407292366
0.00259608356282115
0.003526174696162343
0.0033660109620541334
0.004107839427888393
0.003957745619118214
0.004388610832393169
0.004819647409021854
0.005158430431038141
0.005579746328294277
0.005813263822346926
0.005518033169209957
0.006551805883646011
0.006726811174303293
0.005824463441967964
0.007315956987440586
0.007265406660735607
0.0075732567347586155
0.00771857937797904
0.007508891634643078
0.0085626021027565
0.008153914473950863
0.008295581676065922
0.00839544739574194
0.008744587190449238
0.009027454070746899
0.00881235022097826
0.009072072803974152
0.009085309691727161
0.0089460713788867
0.009159103967249393
0.009314104914665222
0.009552286937832832
0.009060310199856758
0.009558206424117088
0.009276675991714
0.009166231378912926
0.009174949489533901
0.009101908653974533
0.008817056193947792
0.00932726263999939
0.009195772930979729
0.009224840439856052
0.008708665147423744
0.008863396011292934
0.0088608143851161
0.008224321529269218
0.008618654683232307
0.007957118563354015
0.008440189063549042
0.0077879177406430244
0.008030078373849392
0.007430363446474075
0.007481893990188837
0.007240854203701019
0.0068798670545220375
0.007162400986999273
0.006231627892702818
0.006382741965353489
0.006363859865814447
13.398480415344238
83.26658630371094
104.1507339477539
56.20182418823242
29.661029815673828
17.679887771606445
16.740848541259766
5.965996265411377
6.109976291656494
4.882973670959473
1.4233109951019287
0.9699084162712097
0.002328503178432584
-1.8132787942886353
-2.3778011798858643
-2.9559426307678223
-3.6331043243408203
-3.6916184425354004
-3.864177703857422
-4.254485130310059
-4.339807987213135
-4.511623859405518
-4.415247917175293
-4.207576751708984
-4.508564472198486
-3.956571578979492
-3.676010847091675
-3.8133444786071777
-3.39512300491333
-2.9822025299072266
-2.9190711975097656
-2.6948838233947754
-2.3337013721466064
-2.386993646621704
-1.8914391994476318
-1.7220855951309204
-2.0425565242767334
-1.6622962951660156
-0.6425625681877136
-0.46190327405929565
0.029454683884978294
0.7800066471099854
1.4171066284179688
0.8769636154174805
1.1159718036651611
0.813779354095459
1.9338661432266235
3.1974642276763916
2.888753652572632
2.235290765762329
4.314145565032959
4.984967231750488
4.178171157836914
4.9267706871032715
5.002216815948486
5.098084926605225
6.3078813552856445
6.149786472320557
6.034456253051758
6.274997711181641
6.892911434173584
7.57620096206665
8.69968032836914
8.915261268615723
9.244161605834961
9.629919052124023
9.35740852355957
9.136953353881836
9.87295913696289
10.300055503845215
10.692766189575195
11.434955596923828
11.434510231018066
12.203657150268555
12.69958782196045
13.200485229492188
14.140049934387207
14.669380187988281
15.395914077758789
15.813287734985352
15.940055847167969
15.744728088378906
16.354063034057617
16.09931182861328
17.478771209716797
17.51288604736328
17.768146514892578
17.942279815673828
18.848257064819336
19.60580062866211
20.007007598876953
20.71539306640625
21.34614372253418
20.65703773498535
21.113693237304688
21.338153839111328
22.27054214477539
22.564895629882812
23.346843719482422
23.284343719482422
22.48857307434082
15.97803020477295
-32.329429626464844
-31.40669822692871
-0.0069531286135315895
-0.009322594851255417
-0.008322034031152725
-0.010766107589006424
-0.009664756245911121
-0.008109169080853462
-0.008880012668669224
-0.00831105001270771
-0.007538534700870514
-0.007981361821293831
-0.0074643283151090145
-0.0071809375658631325
-0.006376211531460285
-0.00636596092954278
-0.006017050705850124
-0.005588258150964975
-0.005328827537596226
-0.004851349163800478
-0.0045347935520112514
-0.004207732155919075
-0.0034804772585630417
-0.0033702112268656492
-0.003192948643118143
-0.002438200172036886
-0.0024273667950183153
-0.0016701997956261039
-0.0013184474082663655
-0.0012117334408685565
-0.0006442925659939647
-0.0003770252806134522
-0.00011289883696008474
0.0012065558694303036
0.0009238537168130279
0.0011803212109953165
0.001858990639448166
0.001960389083251357
0.00238476088270545
0.0030409768223762512
0.003291639732196927
0.0033424855209887028
0.004007802344858646
0.004426011815667152
0.004286098759621382
0.005019973032176495
0.005072117783129215
0.005756388884037733
0.005781091749668121
0.005798837170004845
0.006382484920322895
0.006568406708538532
0.007033937610685825
0.0072926683351397514
0.007125932723283768
0.00758010521531105
0.0075173587538301945
0.007865999825298786
0.00837109424173832
0.00801890529692173
0.008063623681664467
0.009291326627135277
0.008289840072393417
0.008882375434041023
0.008725127205252647
0.009309602901339531
0.008808527141809464
0.009032334201037884
0.009177839383482933
0.009509794414043427
0.009565243497490883
0.009448908269405365
0.0088462233543396
0.00927039049565792
0.00946618802845478
0.00897563248872757
0.009217343293130398
0.00940661784261465
0.008905002847313881
0.008965810760855675
0.00882799830287695
0.008944268338382244
0.008993275463581085
0.008300673216581345
0.008722816593945026
0.008147751912474632
0.008418077602982521
0.008055077865719795
0.007945877499878407
0.008110043592751026
0.007458245847374201
0.007623068057000637
0.00714856619015336
0.007289213128387928
0.00676556583493948
0.006550726480782032
0.006787990685552359
0.006357182748615742
21.185161590576172
