-8.692111015319824
-8.692111015319824
-11.027676582336426
-24.045574188232422
-1.1678205728530884
0.007342255674302578
0.007787615992128849
0.006129963789135218
0.007399909198284149
0.007029019296169281
0.006672017276287079
0.006689955480396748
0.006834532134234905
0.007347902748733759
0.0063544986769557
0.006735165603458881
0.006430743727833033
0.006547325756400824
0.007116011343896389
0.006443518213927746
0.005663861986249685
0.006725242827087641
0.0058244382962584496
0.006267973221838474
0.00610004598274827
0.005686987657099962
0.005594913847744465
0.005657024681568146
0.005450473167002201
0.0054963016882538795
0.004788754507899284
0.005034867208451033
0.005172505974769592
0.004936735611408949
0.004795098211616278
0.004896101541817188
0.0042434134520590305
0.00465703010559082
0.00457422761246562
0.00406581349670887
0.004779978655278683
0.003919453825801611
0.0036400160752236843
0.003514885902404785
0.004084722138941288
0.0036807521246373653
0.003363328753039241
0.00408197334036231
0.0027944950852543116
0.0033457863610237837
0.003124759765341878
0.0025852243416011333
0.0030582279432564974
0.0029181151185184717
0.0028256471268832684
0.002181705553084612
0.002364661078900099
0.0028730935882776976
0.0020937733352184296
0.002017136663198471
0.0015704806428402662
0.002199485432356596
0.001859657117165625
0.0019474353175610304
0.0016130609437823296
0.001062396913766861
0.0017414080211892724
0.002121775643900037
0.0014627089258283377
0.0019754425156861544
0.0006399837438948452
0.002150475513190031
0.0010822261683642864
0.0010112982708960772
0.001032407395541668
0.0013116581831127405
0.000837598170619458
0.000936131167691201
0.0017408269923180342
0.0007696158136241138
0.0008694052812643349
0.0014423240208998322
0.001417963532730937
0.0005369751597754657
0.0010402114130556583
0.0014761568745598197
0.00011499728861963376
0.0011617540149018168
0.000973259680904448
0.0007848638342693448
0.0013921046629548073
0.0006695985794067383
0.0007930371793918312
0.001220119185745716
0.0009320976096205413
0.0008112184586934745
0.0007724714232608676
0.0016611650353297591
0.0008923074346967041
2.1461236476898193
15.140233993530273
22.75934410095215
20.006067276000977
8.803425788879395
4.451228141784668
2.568650484085083
1.5651582479476929
1.4500830173492432
0.18686532974243164
-0.14288967847824097
-1.1301378011703491
-1.0010643005371094
-1.4112485647201538
-2.3712024688720703
-2.2044107913970947
-1.8511593341827393
-3.0293538570404053
-2.195491313934326
-3.130290985107422
-3.7759716510772705
-3.680386781692505
-3.3706912994384766
-3.707414150238037
-4.290225505828857
-4.4183197021484375
-4.91226863861084
-4.9534101486206055
-5.415525436401367
-4.817447185516357
-4.753326892852783
-6.143071174621582
-5.900047779083252
-5.8652849197387695
-5.839146614074707
-6.236154079437256
-6.87027645111084
-5.955328941345215
-6.273987770080566
-7.509484767913818
-7.3094024658203125
-7.31155252456665
-7.998845100402832
-7.088466644287109
-7.847830772399902
-7.937068939208984
-8.193437576293945
-8.152048110961914
-7.706339359283447
-8.400443077087402
-8.14072036743164
-8.211763381958008
-8.92904281616211
-9.08736801147461
-9.81645679473877
-9.029518127441406
-9.56033992767334
-8.372023582458496
-9.438100814819336
-9.752375602722168
-10.074366569519043
-9.78055191040039
-10.492780685424805
-9.951125144958496
-10.850753784179688
-11.232271194458008
-10.466155052185059
-11.925616264343262
-11.22122859954834
-12.15894889831543
-12.075807571411133
-12.168133735656738
-12.768976211547852
-12.965436935424805
-12.64468002319336
-12.48217487335205
-12.846453666687012
-12.488327026367188
-12.367959976196289
-13.135610580444336
-12.455754280090332
-13.104449272155762
-12.152687072753906
-12.940511703491211
-13.985322952270508
-12.540502548217773
-13.471063613891602
-13.610481262207031
-14.297741889953613
-15.331151008605957
-14.792584419250488
-15.270589828491211
-15.897066116333008
-15.464632034301758
-15.609138488769531
-15.144253730773926
-16.053173065185547
-15.398038864135742
-15.288946151733398
-15.762018203735352
-16.521207809448242
-15.551411628723145
-5.180985927581787
-3.316004514694214
0.007015910930931568
0.007625506725162268
0.005613669753074646
0.006811289582401514
0.007615967188030481
0.006743090692907572
0.006732379086315632
0.006759400479495525
0.006591057870537043
0.0069215125404298306
0.006198476068675518
0.006538696587085724
0.006902423687279224
0.006100055295974016
0.00649222219362855
0.005979503504931927
0.005990320350974798
0.00616618013009429
0.005938287358731031
0.006090549752116203
0.00567283621057868
0.006034439895302057
0.005706027615815401
0.005180718842893839
0.0058410800993442535
0.005746962036937475
0.005754566285759211
0.004768188577145338
0.005316850263625383
0.005227549932897091
0.004580770619213581
0.005426530260592699
0.004482415970414877
0.004524108488112688
0.004460254218429327
0.004499243106693029
0.004461957141757011
0.004394885152578354
0.0035720602609217167
0.003804453182965517
0.0036578639410436153
0.0038530640304088593
0.003940609283745289
0.003337706672027707
0.0035255984403192997
0.0031181746162474155
0.0032000411301851273
0.0027888640761375427
0.0029094212222844362
0.002658440265804529
0.00302515784278512
0.002448589773848653
0.001993402373045683
0.002145342994481325
0.002486149314790964
0.002677926328033209
0.002151762368157506
0.002118657808750868
0.001916755922138691
0.0019075762247666717
0.002162157092243433
0.0019247829914093018
0.0014755529118701816
0.0016258502146229148
0.0020799555350095034
0.0015698170755058527
0.00142068846616894
0.0010799637529999018
0.0008755948510952294
0.002080567181110382
0.0008291846024803817
0.001849841559305787
0.0004973107716068625
0.0011808398412540555
0.0012405458837747574
0.0009093577973544598
0.0009432501974515617
0.0010897606844082475
0.0006178457988426089
0.0010078896302729845
0.0008891398319974542
0.0009843565057963133
0.0009541899198666215
0.000850261771120131
0.000926434644497931
0.0009482886525802314
0.0008154972456395626
0.0014098973479121923
0.0008306681411340833
0.0009040532750077546
0.0008175693219527602
0.0012322176480665803
0.0006901559536345303
0.0005552534712478518
0.0008793814922682941
0.0011758289765566587
-2.6883862018585205
-15.270269393920898
-18.452913284301758
-11.776588439941406
-14.624883651733398
-8.83627986907959
-5.402543067932129
-6.310396671295166
-6.102726936340332
-3.3377881050109863
-2.6593170166015625
-1.9465558528900146
-2.934711217880249
-2.4807677268981934
-2.203902244567871
-2.391336441040039
-2.125422954559326
-1.952811598777771
-2.7998852729797363
-1.0975638628005981
-2.9202630519866943
-3.4983444213867188
-4.053265571594238
-4.551244735717773
-3.812791109085083
-3.4874107837677
-3.718756914138794
-4.485386848449707
-4.117118835449219
-5.177158832550049
-5.091890811920166
-5.196730136871338
-5.579805850982666
-5.364834785461426
-6.024167537689209
-5.87009334564209
-6.7731614112854
-6.483658790588379
-6.490211486816406
-6.51773738861084
-6.873806953430176
-6.721383094787598
-6.9371538162231445
-7.010592460632324
-7.4131364822387695
-8.355216979980469
-8.004042625427246
-7.789013862609863
-7.750878810882568
-8.129739761352539
-7.7318291664123535
-8.048020362854004
-8.525106430053711
-9.293242454528809
-9.122895240783691
-9.766489028930664
-9.80432415008545
-10.43248462677002
-9.830594062805176
-10.244970321655273
-9.983803749084473
-9.302401542663574
-9.890134811401367
-10.302546501159668
-11.088380813598633
-10.467074394226074
-9.982316970825195
-11.359951972961426
-11.299817085266113
-11.150121688842773
-11.107049942016602
-11.378936767578125
-12.006820678710938
-11.918932914733887
-12.509538650512695
-11.872361183166504
-11.851277351379395
-12.01700210571289
-13.432859420776367
-12.898737907409668
-12.405593872070312
-13.626423835754395
-13.5901517868042
-13.632440567016602
-14.541547775268555
-14.125048637390137
-13.888455390930176
-13.995218276977539
-13.817855834960938
-14.473443984985352
-14.025243759155273
-15.527389526367188
-15.603137016296387
-15.335087776184082
-15.014524459838867
-15.19189453125
-16.149906158447266
-16.602458953857422
-16.764415740966797
-16.2463321685791
-16.738216400146484
-15.783676147460938
-2.093902111053467
-5.16989803314209
0.006801373325288296
0.005417440086603165
0.007213064935058355
0.007372909691184759
0.007185591850429773
0.007010028697550297
0.00679562846198678
0.006875890307128429
0.006679160054773092
0.006640962325036526
0.006848710589110851
0.006362928543239832
0.006482196040451527
0.0063128843903541565
0.006750655826181173
0.005936410278081894
0.00648930948227644
0.006264123134315014
0.006215282250195742
0.005551719106733799
0.006095733493566513
0.0061519453302025795
0.005913275294005871
0.004833079408854246
0.0061202398501336575
0.005366755183786154
0.005927368067204952
0.004550101701170206
0.005463065579533577
0.004786375910043716
0.004785365425050259
0.004692642483860254
0.005134920589625835
0.004367831628769636
0.004475080408155918
0.0042156437411904335
0.004550802055746317
0.003826708300039172
0.003986726049333811
0.0037436936981976032
0.004097235854715109
0.0032867472618818283
0.0038828360848128796
0.003792842384427786
0.0033476552926003933
0.003400482703000307
0.0030176446307450533
0.0029921054374426603
0.003171265125274658
0.0030018470715731382
0.0026676575653254986
0.002891336102038622
0.0028189627919346094
0.0020133517682552338
0.0024017393589019775
0.0020668029319494963
0.001538377022370696
0.0026947075966745615
0.001937842695042491
0.002009389456361532
0.001676067360676825
0.002179295290261507
0.0016323772724717855
0.0014202482998371124
0.0019919779151678085
0.0011868018191307783
0.0017092827474698424
0.001477917772717774
0.0014656618004664779
0.0016403456684201956
0.0013187853619456291
0.0010865050135180354
0.0009949652012437582
0.0012657430488616228
0.0013641227269545197
0.0010426855878904462
0.0004627426096703857
0.0012091583339497447
0.0009761347318999469
0.0014004262629896402
0.0004797991714440286
0.0008970050839707255
0.0009100905735976994
0.0015613079303875566
0.0006839446141384542
0.00047864968655630946
0.0012040444416925311
0.001102303504012525
0.0010553267784416676
0.0001639987895032391
0.000967188912909478
0.0012136927107349038
0.0007088329875841737
0.0009567203233018517
0.0014135752571746707
0.0004466018290258944
-3.4807028770446777
-16.232486724853516
-19.563322067260742
-12.122118949890137
-12.63068675994873
-18.670387268066406
-7.6892805099487305
-7.531732082366943
-3.9697318077087402
-1.85800039768219
-1.8877677917480469
-1.1605894565582275
-2.0011913776397705
-2.1053977012634277
-1.75582754611969
-2.2998709678649902
-2.9220943450927734
-2.9211039543151855
-3.4832382202148438
-3.8824970722198486
-3.1815366744995117
-3.0548956394195557
-3.6857171058654785
-3.628783702850342
-4.773654460906982
-4.797549247741699
-4.919355392456055
-4.9570159912109375
-4.292204856872559
-4.713203430175781
-4.138428688049316
-6.616044044494629
-5.148473262786865
-6.474857330322266
-6.156672477722168
-6.261472702026367
-6.7605414390563965
-6.372907638549805
-7.571237087249756
-6.978824615478516
-7.435462951660156
-7.207038879394531
-7.690906524658203
-6.771043300628662
-7.18795108795166
-7.997766017913818
-7.290820121765137
-7.8912153244018555
-8.152454376220703
-8.270916938781738
-9.04095458984375
-8.235443115234375
-9.006752967834473
-8.373823165893555
-9.997326850891113
-9.833850860595703
-9.712023735046387
-9.88903522491455
-9.551523208618164
-9.673676490783691
-10.403207778930664
-10.019575119018555
-10.443888664245605
-10.95594596862793
-10.122469902038574
-10.398248672485352
-11.000875473022461
-10.705709457397461
-10.963983535766602
-10.820810317993164
-11.321600914001465
-11.216166496276855
-11.794189453125
-11.527044296264648
-13.006202697753906
-12.592630386352539
-12.131576538085938
-12.529443740844727
-13.277084350585938
-13.564680099487305
-12.84364128112793
-13.697134017944336
-13.242383003234863
-13.01824951171875
-14.185638427734375
-13.98448371887207
-14.372713088989258
-13.783828735351562
-13.807855606079102
-13.793069839477539
-13.892110824584961
-14.857096672058105
-14.745870590209961
-15.67467212677002
-16.106246948242188
-16.505868911743164
-16.592758178710938
-16.55006980895996
-15.664274215698242
-16.23166275024414
-17.766746520996094
-15.645502090454102
-4.193392753601074
-4.413925647735596
0.005997470114380121
0.006250686943531036
0.0064680129289627075
0.007107398472726345
0.007111907936632633
0.00714354682713747
0.00653398921713233
0.00667297700420022
0.006798797287046909
0.006744892802089453
0.007124164141714573
0.0061227502301335335
0.006575004197657108
0.006116844713687897
0.00650462880730629
0.006552270147949457
0.006201594602316618
0.006110379472374916
0.006005443632602692
0.00594267388805747
0.005618243478238583
0.006167920771986246
0.0058682081289589405
0.005576341412961483
0.005486143287271261
0.005254019517451525
0.005238872952759266
0.005281051155179739
0.005126581527292728
0.005029358901083469
0.005277068819850683
0.004204047843813896
0.004671579226851463
0.005041240714490414
0.00403687683865428
0.004496898967772722
0.0043070693500339985
0.004134743474423885
0.0043355985544621944
0.0040267156437039375
0.003505352884531021
0.00378986494615674
0.0038045060355216265
0.003705410985276103
0.002870728727430105
0.0029648193158209324
0.003432822646573186
0.0031087836250662804
0.003041274379938841
0.0030227291863411665
0.0027186714578419924
0.0021383841522037983
0.002997294533997774
0.0025058616884052753
0.001962259178981185
0.0026339958421885967
0.0017466302961111069
0.002632636111229658
0.0016591964522376657
0.0018801421392709017
0.00206460221670568
0.002008181530982256
0.0016358115244656801
0.0015200587222352624
0.00190917425788939
0.0011267919326201081
0.0018817376112565398
0.0012091996613889933
0.0017686912324279547
0.0013976539485156536
0.0013144576223567128
0.0007699255365878344
0.000825983181130141
0.0017561552813276649
0.0013537482591345906
0.0005349700804799795
0.0012430479982867837
0.0011195873375982046
0.0011625621700659394
0.000616341014392674
0.0012105259811505675
0.0012170819099992514
0.0004898494225926697
0.0009400263661518693
0.0007929462008178234
0.0006979401223361492
0.0012828012695536017
0.0006078281439840794
0.0009124128264375031
0.0007976492634043097
0.0011828502174466848
0.0003879971045535058
0.0010050925193354487
0.0014803607482463121
0.000972192850895226
0.0005969745689071715
-2.249215602874756
-15.434593200683594
-17.4952335357666
-10.089630126953125
-13.166467666625977
-13.482995986938477
-3.939624071121216
-8.060480117797852
-4.706353187561035
-2.0497756004333496
-1.8517065048217773
-1.6560980081558228
-2.4311699867248535
-1.6801347732543945
-1.8814996480941772
-2.2360682487487793
-1.7216880321502686
-2.9944329261779785
-2.500673532485962
-2.6239466667175293
-2.9690239429473877
-3.797435760498047
-4.163904666900635
-4.3729963302612305
-3.5647358894348145
-3.9573466777801514
-4.975295066833496
-4.08767557144165
-5.648128986358643
-5.408618927001953
-5.655924320220947
-4.987613677978516
-4.952260494232178
-5.870968341827393
-5.729316711425781
-6.666806697845459
-6.196845531463623
-6.549842834472656
-6.696370601654053
-7.4265546798706055
-7.279580116271973
-7.813685417175293
-7.998984336853027
-7.295794486999512
-7.215600490570068
-8.057222366333008
-8.414777755737305
-8.138667106628418
-7.762139797210693
-8.192973136901855
-9.079717636108398
-8.727093696594238
-8.551935195922852
-8.781026840209961
-8.725944519042969
-9.035496711730957
-9.512516975402832
-8.980520248413086
-9.73430347442627
-10.000551223754883
-10.25999927520752
-10.221392631530762
-10.792473793029785
-10.202433586120605
-9.862569808959961
-11.026628494262695
-10.594858169555664
-11.454282760620117
-11.494494438171387
-10.665891647338867
-11.431501388549805
-11.173467636108398
-10.624133110046387
-12.078453063964844
-11.486236572265625
-12.442026138305664
-12.278676986694336
-12.550552368164062
-13.344883918762207
-13.552980422973633
-12.52025318145752
-13.767313957214355
-13.31671142578125
-14.083793640136719
-13.938226699829102
-14.024920463562012
-13.675738334655762
-14.3106689453125
-13.734800338745117
-14.246480941772461
-14.142255783081055
-15.160235404968262
-15.183250427246094
-15.76695442199707
-15.67869758605957
-15.336402893066406
-15.853599548339844
-17.179983139038086
-17.01584243774414
-16.079242706298828
-15.44697093963623
-15.203695297241211
-1.2173926830291748
-5.279144287109375
0.0065425061620771885
0.005457294173538685
0.007425380405038595
0.006931365933269262
0.007353487424552441
0.0070597403682768345
0.006596616003662348
0.0070026530884206295
0.00657297670841217
0.006522273179143667
0.007054326124489307
0.00631867628544569
0.006662523839622736
0.006039718631654978
0.006634966470301151
0.006120693404227495
0.006220231764018536
0.0060799033381044865
0.005997032392770052
0.006132795475423336
0.00568738579750061
0.006081731989979744
0.005483686458319426
0.005675818305462599
0.005274944938719273
0.005586445331573486
0.005590143613517284
0.004975153133273125
0.005100146401673555
0.005076940171420574
0.005044442601501942
0.004735155962407589
0.004452583380043507
0.004663544241338968
0.004464838653802872
0.004312248434871435
0.003950738348066807
0.004256396554410458
0.0034909825772047043
0.004153560847043991
0.003946428187191486
0.003730449825525284
0.003421741770580411
0.003468914655968547
0.0035245162434875965
0.0032196908723562956
0.003185836598277092
0.0030413393396884203
0.0028115345630794764
0.002803452778607607
0.0029023669194430113
0.0023555378429591656
0.002746304264292121
0.002321731997653842
0.00227410183288157
0.0024774533230811357
0.0022599257063120604
0.001437824103049934
0.002270640106871724
0.0021616960875689983
0.0017328951507806778
0.0016944585368037224
0.001672922051511705
0.001846583909355104
0.0015471300575882196
0.0014849163126200438
0.001142697874456644
0.0008716412121430039
0.0019033988937735558
0.0009137432789430022
0.0013799099251627922
0.001272225403226912
0.0014327721437439322
0.0006862185546196997
0.0015133360866457224
0.001235393574461341
0.00027511801454238594
0.0016127806156873703
0.0010624007554724813
0.0008631799137219787
0.0009367918828502297
0.0012214474845677614
0.0007893734727986157
0.00024919089628383517
0.0010634566424414515
0.0009436444379389286
0.0010664251167327166
0.0012816506205126643
0.00042374798795208335
0.000939451449085027
0.0004989603185094893
0.001348538207821548
0.0011266593355685472
0.0003458783612586558
0.0014244543854147196
0.001248735236003995
-6.70648717880249
-20.067899703979492
-20.0900936126709
-11.571391105651855
-9.68556022644043
-12.208944320678711
-8.268376350402832
-6.533134460449219
-6.0932936668396
-3.4144287109375
-3.2288169860839844
-3.231297016143799
-2.604614496231079
-2.0162105560302734
-2.139209508895874
-2.1818833351135254
-2.593315362930298
-3.1016836166381836
-3.8760628700256348
-2.7592902183532715
-3.203670024871826
-3.1205413341522217
-3.8538002967834473
-3.4235305786132812
-4.4063005447387695
-4.204239368438721
-4.250010013580322
-4.389039039611816
-3.960697889328003
-4.479778289794922
-5.1276350021362305
-4.966134548187256
-5.45135498046875
-5.868576526641846
-6.009472846984863
-5.947827339172363
-6.074622631072998
-6.279662132263184
-6.762789726257324
-6.4820051193237305
-6.350894927978516
-7.301931858062744
-8.142702102661133
-7.454103946685791
-7.402456760406494
-7.451146602630615
-7.907240867614746
-8.010262489318848
-7.458570957183838
-7.353529453277588
-8.654694557189941
-8.65834903717041
-9.940873146057129
-9.682437896728516
-8.871809005737305
-9.365478515625
-9.59608268737793
-9.410534858703613
-9.206380844116211
-8.598650932312012
-9.443303108215332
-10.038433074951172
-10.434989929199219
-10.575613021850586
-9.730999946594238
-10.21157169342041
-10.79747200012207
-10.888395309448242
-10.742085456848145
-11.39743709564209
-11.144243240356445
-10.815376281738281
-12.334770202636719
-11.609657287597656
-12.092738151550293
-12.2282133102417
-12.487499237060547
-12.763581275939941
-14.284841537475586
-13.109637260437012
-12.975931167602539
-13.826245307922363
-14.493496894836426
-13.656867980957031
-13.927909851074219
-13.80121898651123
-13.160242080688477
-13.820831298828125
-13.961362838745117
-14.314023971557617
-13.906675338745117
-14.4456787109375
-15.237627029418945
-15.520642280578613
-16.21377944946289
-15.240812301635742
-15.281970024108887
-15.347089767456055
-15.8470458984375
-15.75322437286377
-16.48551368713379
-15.691370010375977
-4.709784030914307
-4.732631206512451
0.005873953457921743
0.006077868863940239
0.006721212528645992
0.0069630867801606655
0.007218579296022654
0.007020731922239065
0.006565220654010773
0.006698355078697205
0.006927863694727421
0.006945141591131687
0.0063071949407458305
0.006709785666316748
0.006584267131984234
0.006162714213132858
0.006321554537862539
0.006308968178927898
0.006443226244300604
0.005620759911835194
0.006476291920989752
0.006199345923960209
0.005630561150610447
0.005831313785165548
0.005853850394487381
0.005577378906309605
0.005796641577035189
0.005174620542675257
0.004921696614474058
0.0056050545535981655
0.005015167873352766
0.005593712441623211
0.004538718611001968
0.004558223765343428
0.004696296062320471
0.005071575753390789
0.00410058256238699
0.00484392000362277
0.003870077896863222
0.004368132445961237
0.00386016140691936
0.00408186623826623
0.0038496889173984528
0.003375138621777296
0.0036436361260712147
0.0034618929494172335
0.00393330492079258
0.00281063886359334
0.0028503392823040485
0.003273923648521304
0.0029380798805505037
0.0027570074889808893
0.002609713701531291
0.0025908509269356728
0.002669887151569128
0.002827041782438755
0.002186121419072151
0.0019003523048013449
0.002288485411554575
0.0020922976545989513
0.0022884062491357327
0.0020990597549825907
0.0018158421153202653
0.001787551329471171
0.001475310418754816
0.001512391259893775
0.0015143360942602158
0.0013843992492184043
0.0016028275713324547
0.0014544423902407289
0.0010832741390913725
0.0014674508711323142
0.0011685275239869952
0.0007772661629132926
0.0013534786412492394
0.0013632166665047407
0.0009387683821842074
0.000989339081570506
0.001126020448282361
0.0011632328387349844
0.0007986580021679401
0.001550405053421855
0.0003189915732946247
0.0007437701569870114
0.0012709366856142879
0.0010595747735351324
0.0007429515244439244
0.0009159552864730358
0.0007058653864078224
0.0009998588357120752
0.0011858621146529913
0.0008506972226314247
0.0014176160329952836
0.0005126223550178111
0.0005610673106275499
0.001202624524012208
0.0012355345534160733
0.0011531898053362966
-7.358630180358887
-19.621646881103516
-20.261144638061523
-12.646101951599121
-16.303098678588867
-8.565271377563477
-4.9744391441345215
-6.4701080322265625
-7.037866115570068
-3.755873918533325
-3.331573486328125
-2.2023844718933105
-3.4182090759277344
-2.661311626434326
-2.626155138015747
-2.8701698780059814
-2.0920329093933105
-2.261361598968506
-2.4723048210144043
-3.3425769805908203
-3.4833004474639893
-3.3285064697265625
-4.028273105621338
-3.6208205223083496
-3.8278274536132812
-3.9265499114990234
-3.828489303588867
-4.592005729675293
-4.780592441558838
-4.8268022537231445
-5.335549831390381
-5.186156272888184
-5.981634140014648
-5.898073673248291
-6.31692361831665
-6.296414375305176
-6.444601535797119
-6.571141719818115
-7.251445770263672
-6.363345146179199
-7.059135437011719
-7.539436340332031
-7.475676536560059
-7.9763898849487305
-8.807392120361328
-7.979882717132568
-8.036750793457031
-7.8286919593811035
-7.771819114685059
-8.204328536987305
-8.44868278503418
-8.770975112915039
-8.822904586791992
-9.091166496276855
-8.808527946472168
-9.465925216674805
-9.102496147155762
-9.332887649536133
-9.32034683227539
-9.98177719116211
-10.284337997436523
-10.802331924438477
-10.1785249710083
-10.435118675231934
-10.028696060180664
-10.380995750427246
-11.327388763427734
-11.300898551940918
-11.104169845581055
-11.992499351501465
-11.711557388305664
-12.466633796691895
-11.975076675415039
-12.152520179748535
-12.00171184539795
-12.20870590209961
-12.565135955810547
-12.447450637817383
-12.840441703796387
-13.171879768371582
-13.843315124511719
-14.52343463897705
-13.335149765014648
-13.114030838012695
-14.17229175567627
-13.31877613067627
-13.507293701171875
-14.02601146697998
-13.67057991027832
-14.619491577148438
-14.32807445526123
-14.736897468566895
-15.309475898742676
-15.879916191101074
-15.130716323852539
-15.43150806427002
-15.040209770202637
-15.604490280151367
-15.715754508972168
-15.989575386047363
-16.4897403717041
-15.607989311218262
-4.9411396980285645
-3.849339723587036
0.006622646003961563
0.006731151137501001
0.006178249605000019
0.006962220184504986
0.007465937174856663
0.006838100962340832
0.006592434830963612
0.006921902298927307
0.006681251339614391
0.006861485540866852
0.00665236497297883
0.006846793927252293
0.006558166351169348
0.006123819388449192
0.005803424399346113
0.0062297857366502285
0.006269932724535465
0.00609202403575182
0.0059952642768621445
0.005612730048596859
0.006053937133401632
0.0060464427806437016
0.005860267207026482
0.005186998285353184
0.006126093212515116
0.005076587665826082
0.005345652345567942
0.005273168440908194
0.005164172500371933
0.005073103122413158
0.005084986798465252
0.0047325328923761845
0.004944759886711836
0.004050253890454769
0.004721295554190874
0.004692557267844677
0.004118709824979305
0.0040366253815591335
0.004256826359778643
0.0038262587040662766
0.0034647751599550247
0.0038624040316790342
0.003779155667871237
0.0035607602912932634
0.0034741447307169437
0.0034925274085253477
0.0030432981438934803
0.002669447800144553
0.003116415347903967
0.002834880957379937
0.0028682262636721134
0.0027875560335814953
0.002650396665558219
0.0022343068849295378
0.00239046523347497
0.0022971737198531628
0.0016958143096417189
0.0019949914421886206
0.0018803862622007728
0.0022862800396978855
0.001792186638340354
0.0015581268817186356
0.0019803508184850216
0.0016362309688702226
0.0017349070403724909
0.0011728086974471807
0.00176893244497478
0.0015128904487937689
0.0008114005322568119
0.0010844748467206955
0.0014299167087301612
0.0012442524312064052
0.0012088638031855226
0.0007806903449818492
0.0012003376614302397
0.0014525298029184341
0.0006754145724698901
0.0005923357093706727
0.0013334754621610045
0.0011051201727241278
0.0014254753477871418
0.0009428123012185097
0.00041491174488328397
0.0009345749276690185
0.000874930527061224
0.0009998411405831575
0.0010335338301956654
0.0005102315917611122
0.0012726407730951905
0.00048156181583181024
0.000595388759393245
0.001475658966228366
0.0007429098477587104
0.0011639383155852556
0.001214418327435851
0.0009171534329652786
-5.3971052169799805
-18.12054443359375
-19.435680389404297
-11.873212814331055
-16.800128936767578
-9.277763366699219
-5.543486595153809
-7.322531700134277
-7.719991207122803
-3.4245898723602295
-3.2392630577087402
-2.450958728790283
-2.7929723262786865
-2.3002259731292725
-2.097383975982666
-2.2183170318603516
-2.946043014526367
-2.3976097106933594
-2.730086088180542
-3.46205472946167
-2.1538398265838623
-3.059628963470459
-3.3924546241760254
-3.347494125366211
-3.544294834136963
-3.830820083618164
-4.6310834884643555
-4.445869445800781
-4.833704948425293
-5.025166988372803
-5.4482927322387695
-5.665104866027832
-5.604588508605957
-6.213708877563477
-5.781443119049072
-5.986973762512207
-5.2789459228515625
-5.492640018463135
-5.518688678741455
-6.160745620727539
-7.054370880126953
-6.4749755859375
-7.618185997009277
-7.451239109039307
-8.036141395568848
-7.738765716552734
-7.976373195648193
-8.47854232788086
-8.759783744812012
-8.897322654724121
-8.321102142333984
-8.672082901000977
-8.59621810913086
-9.247995376586914
-8.544954299926758
-8.973258972167969
-9.480257034301758
-10.259779930114746
-9.602849960327148
-8.789410591125488
-9.746551513671875
-10.076162338256836
-10.042964935302734
-9.822237968444824
-10.763007164001465
-10.889288902282715
-11.052469253540039
-11.017682075500488
-11.085641860961914
-10.584875106811523
-11.141128540039062
-11.398749351501465
-11.235289573669434
-12.41590690612793
-11.941858291625977
-12.997830390930176
-12.011900901794434
-12.151607513427734
-11.895723342895508
-11.786888122558594
-12.69027042388916
-13.401227951049805
-13.786138534545898
-14.246908187866211
-14.528013229370117
-13.854230880737305
-14.37913990020752
-13.388954162597656
-14.108100891113281
-14.268362045288086
-14.254150390625
-14.005813598632812
-13.341226577758789
-14.984911918640137
-15.52849292755127
-14.734466552734375
-16.19717025756836
-16.229623794555664
-15.767158508300781
-15.989517211914062
-15.95367431640625
-15.255948066711426
-4.7247772216796875
-4.808337211608887
0.005789198912680149
0.006503393407911062
0.006520223803818226
0.007101867347955704
0.007383418269455433
0.006750153843313456
0.006685575004667044
0.0069770426489412785
0.006879565306007862
0.006708020810037851
0.0067190430127084255
0.006377232261002064
0.006404946092516184
0.00661467993631959
0.006163396872580051
0.006182295270264149
0.0062270453199744225
0.0061195893213152885
0.005890988279134035
0.006000409834086895
0.005870277993381023
0.0060985637828707695
0.005333359353244305
0.005735207349061966
0.005394297651946545
0.005494380369782448
0.005440628621727228
0.004749992396682501
0.005281900055706501
0.0055108629167079926
0.004475483670830727
0.005546329077333212
0.004556959494948387
0.004613933619111776
0.004621613770723343
0.0046889446675777435
0.004071816336363554
0.00426556495949626
0.003626664634793997
0.004191978834569454
0.003615413326770067
0.003853506175801158
0.0034528900869190693
0.003291806671768427
0.0037198923528194427
0.003407942596822977
0.002437990391626954
0.0034840665757656097
0.003367017488926649
0.0028822007589042187
0.0024894182570278645
0.0025281638372689486
0.0027373041957616806
0.0029621529392898083
0.0018774872878566384
0.002391035435721278
0.0024967670906335115
0.0020505127031356096
0.0022539100609719753
0.0023138397373259068
0.0013497031759470701
0.0019709921907633543
0.0017978635150939226
0.0011614268878474832
0.001964547671377659
0.0016186684370040894
0.0010048819240182638
0.0011543177533894777
0.0019125791732221842
0.000660205609165132
0.0014552600914612412
0.0014481880934908986
0.0010531586594879627
0.0009744124254211783
0.0012909866636618972
0.0011589506175369024
0.0008694184944033623
0.0004823770432267338
0.001285332953557372
0.0010080073261633515
0.0005300430348142982
0.0016227420419454575
0.0006535017746500671
0.0016381616005674005
0.00016482705541420728
0.001210379647091031
0.001092348131351173
-1.0081566692576871e-08
0.0011863913387060165
0.0011207021307200193
0.000918088189791888
0.0008538305992260575
0.0012922831811010838
0.000986353144980967
0.0009273197501897812
0.0010132158640772104
-3.9640796184539795
-15.505218505859375
-20.21225357055664
-11.290319442749023
-10.442790031433105
-7.916423797607422
-5.961947441101074
-4.609318256378174
-2.9008400440216064
-1.9531030654907227
-1.2280802726745605
-2.7636380195617676
-1.0948482751846313
-2.4350461959838867
-1.5589574575424194
-2.3774290084838867
-2.1229958534240723
-2.6796715259552
-2.1356093883514404
-3.1737546920776367
-3.531792163848877
-2.90291690826416
-3.098815441131592
-2.6328988075256348
-3.2811331748962402
-3.4144580364227295
-3.3942904472351074
-4.56154727935791
-5.094224452972412
-4.472751140594482
-4.853892803192139
-3.9979095458984375
-5.2007527351379395
-4.7435102462768555
-5.19320011138916
-6.230719566345215
-6.513233184814453
-7.040269374847412
-6.6793060302734375
-7.076082706451416
-7.426943302154541
-6.9358954429626465
-6.890602111816406
-8.40184497833252
-7.538285255432129
-8.274523735046387
-9.13013744354248
-8.684305191040039
-8.657289505004883
-9.297715187072754
-8.610674858093262
-9.484189987182617
-9.79694938659668
-9.619208335876465
-8.963955879211426
-8.379594802856445
-9.401944160461426
-9.623779296875
-10.152727127075195
-10.468984603881836
-9.065216064453125
-9.879029273986816
-10.045413970947266
-10.5077543258667
-10.282904624938965
-10.565643310546875
-11.668487548828125
-11.182147979736328
-11.78412914276123
-11.495501518249512
-11.6228609085083
-12.094130516052246
-11.770452499389648
-12.510087013244629
-11.794827461242676
-12.675668716430664
-12.54304313659668
-11.962813377380371
-13.456161499023438
-13.54832649230957
-13.154359817504883
-12.416374206542969
-12.89727783203125
-12.919543266296387
-13.633038520812988
-13.344677925109863
-13.980321884155273
-13.55224609375
-14.029866218566895
-14.277803421020508
-14.163116455078125
-15.066723823547363
-15.467425346374512
-15.460118293762207
-15.363621711730957
-15.872550964355469
-15.549795150756836
-15.578722953796387
-15.729631423950195
-15.338122367858887
-16.410573959350586
-15.261520385742188
-3.6794114112854004
-4.940065383911133
0.005531426053494215
0.006191330961883068
0.006921584252268076
0.007248484529554844
0.007167684845626354
0.007021638099104166
0.0064313337206840515
0.006973611656576395
0.006815609987825155
0.006408900022506714
0.006744659040123224
0.006417158991098404
0.0065071373246610165
0.00667194277048111
0.006029221229255199
0.006049823947250843
0.006352097727358341
0.00612596282735467
0.006032860372215509
0.006006455048918724
0.00589079549536109
0.005981537979096174
0.005626927129924297
0.005682271905243397
0.005844562314450741
0.0049905478954315186
0.005762571003288031
0.00528341019526124
0.005346502177417278
0.0049522751942276955
0.004732840694487095
0.005048771388828754
0.004872939083725214
0.004685703665018082
0.004546974785625935
0.0041406648233532906
0.004430725239217281
0.00391335878521204
0.0037251878529787064
0.00446933601051569
0.004241548012942076
0.003276136936619878
0.004230707883834839
0.003867676481604576
0.0030449810437858105
0.0032676332630217075
0.0033199326135218143
0.0029153344221413136
0.0031505052465945482
0.002948937239125371
0.002914729295298457
0.0031504228245466948
0.002763919997960329
0.0020780120976269245
0.0025966386310756207
0.0023412189912050962
0.0020010769367218018
0.00254728551954031
0.0024409997276961803
0.001411809236742556
0.0024185762740671635
0.0016379551962018013
0.0016265374142676592
0.0020220032893121243
0.0019890633411705494
0.0012915802653878927
0.001855101203545928
0.0013965972466394305
0.001502340892329812
0.0019102537771686912
0.0013735300162807107
0.0008907864685170352
0.0015339256497099996
0.0013546093832701445
0.0011137162800878286
0.0010466992389410734
0.0008344145608134568
0.0014557421673089266
0.0004966947017237544
0.0015026470646262169
0.000716794456820935
0.0006687809363938868
0.0013181710382923484
0.0012143722269684076
0.0006519953021779656
0.0001466051471652463
0.0014025054406374693
0.0005313623696565628
0.0012625650269910693
0.0003694788902066648
0.0010427251690998673
0.0010828498052433133
0.0010138638317584991
0.0007962581585161388
0.0006424834136851132
0.0013114257017150521
-2.276291608810425
-13.635221481323242
-15.982992172241211
-9.940632820129395
-14.702326774597168
-14.663986206054688
-4.470095634460449
-7.380420684814453
-3.474299192428589
-0.8459357023239136
-1.9242652654647827
-0.9267117381095886
-1.2193717956542969
-1.4903852939605713
-1.716260313987732
-2.588624954223633
-2.4528937339782715
-3.869108200073242
-3.282621383666992
-3.2296504974365234
-4.2711501121521
-3.4286696910858154
-3.956249952316284
-3.6467318534851074
-3.8908374309539795
-4.059305191040039
-4.045156002044678
-4.609259128570557
-4.206032752990723
-5.497258186340332
-6.009453773498535
-6.6575822830200195
-6.424535274505615
-6.8887619972229
-7.031035423278809
-6.725193023681641
-6.152069091796875
-7.11737060546875
-8.080961227416992
-7.405936241149902
-7.393893241882324
-7.0366387367248535
-7.972131252288818
-8.2628812789917
-6.778833866119385
-7.61798095703125
-8.335441589355469
-8.70960807800293
-8.945727348327637
-8.683941841125488
-9.10892391204834
-9.868181228637695
-9.958513259887695
-9.144536018371582
-8.517457962036133
-9.438872337341309
-9.913046836853027
-10.390320777893066
-10.270541191101074
-9.982450485229492
-10.746251106262207
-10.832643508911133
-10.788382530212402
-12.110997200012207
-11.41517448425293
-10.95291519165039
-11.376728057861328
-11.263659477233887
-11.422268867492676
-11.264852523803711
-11.820005416870117
-11.872461318969727
-12.298928260803223
-12.941030502319336
-13.39276123046875
-13.795045852661133
-12.897369384765625
-13.162656784057617
-13.300521850585938
-13.242317199707031
-13.582536697387695
-14.100889205932617
-12.825082778930664
-14.253064155578613
-14.035310745239258
-13.085325241088867
-13.883636474609375
-14.522489547729492
-13.908244132995605
-13.910107612609863
-14.117361068725586
-14.621023178100586
-15.111120223999023
-15.391276359558105
-15.964117050170898
-15.541150093078613
-15.287099838256836
-15.833513259887695
-15.546557426452637
-16.0262451171875
-15.478872299194336
-15.771575927734375
-3.6096160411834717
-4.5886969566345215
0.005886218044906855
0.005852805450558662
0.0068511962890625
0.00722600007429719
0.007600823882967234
0.006688595749437809
0.006929916329681873
0.006907959468662739
0.0068840691819787025
0.0068598175421357155
0.006650798954069614
0.006111831869930029
0.006532769650220871
0.006463605910539627
0.006495528854429722
0.00650255661457777
0.006100296974182129
0.005719202570617199
0.006513743661344051
0.005664514843374491
0.005985594354569912
0.005691799800843
0.005643350072205067
0.006176787428557873
0.005247433669865131
0.005194148980081081
0.005017747171223164
0.005745408125221729
0.005077769048511982
0.005173335317522287
0.0047590164467692375
0.004799784626811743
0.004810106474906206
0.004771187901496887
0.00407050084322691
0.004359536338597536
0.004170192405581474
0.00458374060690403
0.0037580940406769514
0.0038633618969470263
0.003978716675192118
0.0037155512254685163
0.003805608721449971
0.0034904468338936567
0.0033936109393835068
0.0032735213171690702
0.0034374564420431852
0.002889438299462199
0.0027978091966360807
0.003084535477682948
0.0024871057830750942
0.0026429053395986557
0.0026116459630429745
0.002925583627074957
0.0019293390214443207
0.0022944719530642033
0.002034645527601242
0.00257028522901237
0.0016788284992799163
0.0012212733272463083
0.002475006738677621
0.0019384066108614206
0.0014259234303608537
0.0018134068232029676
0.0013031151611357927
0.0014721102779731154
0.0013588223373517394
0.0013688624603673816
0.0013869772665202618
0.001532924361526966
0.0005081422859802842
0.0018054138636216521
0.0010422723134979606
0.001294094487093389
0.0009594876319169998
0.0011517686070874333
0.0012383308494463563
0.0005049456958658993
0.001219850149936974
0.0012368017341941595
0.000852250203024596
0.0006590810371562839
0.0011952616041526198
0.0006085459026508033
0.0009603651124052703
0.001182961044833064
0.0008745621889829636
0.0010747371707111597
0.0011593333911150694
0.0005474670324474573
0.001201179577037692
0.0010804969351738691
0.00015014849486760795
0.001605270430445671
0.000913086230866611
0.0008626695489510894
-5.753464221954346
-17.582387924194336
-20.278060913085938
-13.286979675292969
-17.735092163085938
-17.16444206237793
-4.487578392028809
-11.361124038696289
-8.068414688110352
-1.5058598518371582
-2.268655776977539
-1.2251904010772705
-1.7264665365219116
-2.223137378692627
-2.510982036590576
-2.9631927013397217
-2.4379262924194336
-2.4975740909576416
-2.343810558319092
-2.5675439834594727
-3.3424484729766846
-3.850083827972412
-3.515284299850464
-4.7387614250183105
-4.028456687927246
-3.9696812629699707
-5.2330169677734375
-4.824101448059082
-5.502001762390137
-5.1313371658325195
-6.175570487976074
-5.912418842315674
-6.588160037994385
-6.611454010009766
-5.843415260314941
-5.686336040496826
-6.107306957244873
-6.239781856536865
-6.286509990692139
-6.162911415100098
-7.5817060470581055
-7.881405830383301
-7.18524694442749
-7.741526126861572
-8.179167747497559
-7.125327110290527
-8.636695861816406
-8.45853328704834
-7.981482028961182
-8.60886287689209
-8.833711624145508
-8.92591667175293
-8.545402526855469
-9.708154678344727
-9.173441886901855
-9.277616500854492
-8.843446731567383
-9.424482345581055
-9.944570541381836
-9.527776718139648
-10.348018646240234
-10.597038269042969
-11.400952339172363
-10.691656112670898
-10.146073341369629
-10.631589889526367
-11.488447189331055
-11.711846351623535
-11.565053939819336
-11.110179901123047
-10.404733657836914
-10.956872940063477
-12.420256614685059
-12.230039596557617
-12.3002290725708
-12.023303985595703
-12.755887031555176
-12.817794799804688
-12.690067291259766
-13.64472770690918
-12.375234603881836
-14.15178108215332
-14.262895584106445
-13.74927806854248
-13.68060302734375
-13.808502197265625
-13.982332229614258
-13.604116439819336
-13.956764221191406
-14.836970329284668
-14.984393119812012
-14.675440788269043
-15.966280937194824
-15.385693550109863
-15.557385444641113
-16.42965316772461
-15.080090522766113
-16.079376220703125
-16.476863861083984
-16.926633834838867
-17.448759078979492
-15.940217971801758
-4.656123161315918
-4.504391193389893
0.006167650688439608
0.006045232526957989
0.006785762496292591
0.007018757052719593
0.00737427081912756
0.006982495076954365
0.006593981292098761
0.00689556822180748
0.0067750862799584866
0.0066012851893901825
0.006968101020902395
0.006589868571609259
0.006617906503379345
0.005865112878382206
0.007192378398030996
0.006131023168563843
0.005840528756380081
0.005957989953458309
0.006532712839543819
0.005993701051920652
0.0054461769759655
0.005933584179729223
0.006102106999605894
0.005757886916399002
0.005362657364457846
0.004971385933458805
0.0058279638178646564
0.005366362165659666
0.00509215984493494
0.004847416188567877
0.004790132399648428
0.005102383438497782
0.004718461073935032
0.004571785219013691
0.004500888753682375
0.004314941354095936
0.004345983732491732
0.004109083209186792
0.0040778205730021
0.004206819925457239
0.004156905226409435
0.003693000879138708
0.003401582594960928
0.003703313646838069
0.00309540843591094
0.0038335963618010283
0.00315270759165287
0.002952737268060446
0.002786013763397932
0.0027666031382977962
0.0030676480382680893
0.003164270194247365
0.0022915189620107412
0.002010037424042821
0.002722702454775572
0.002056994941085577
0.0018666666001081467
0.0022964009549468756
0.0022595576010644436
0.0014785794774070382
0.0019305935129523277
0.0018102370668202639
0.0016843366902321577
0.0016296865651383996
0.0017479792004451156
0.0016734625678509474
0.0014052174519747496
0.0014819034840911627
0.0013679640833288431
0.001056452514603734
0.0011262719053775072
0.001174495555460453
0.0012799595715478063
0.0010781848104670644
0.0007694237865507603
0.0019921506755053997
0.00039969460340216756
0.000631387229077518
0.0016964646056294441
0.0007829685928300023
0.0009874573443084955
0.00080409727524966
0.0008348172414116561
0.0012300129747018218
0.00043395449756644666
0.0015544204507023096
0.0007144003757275641
0.0005046284641139209
0.001220076926983893
0.0009765556897036731
0.0006614372250624001
0.0010765616316348314
0.001353719038888812
0.0008775304886512458
0.0006415898096747696
0.0015379434917122126
-3.072782039642334
-14.497404098510742
-19.344158172607422
-10.549263954162598
-9.278155326843262
-7.608346462249756
-5.647422790527344
-4.14723539352417
-3.096156120300293
-1.7907565832138062
-1.8398687839508057
-1.6592061519622803
-1.8314611911773682
-2.402064085006714
-2.542638063430786
-2.7989003658294678
-2.954831838607788
-2.619680643081665
-2.3560996055603027
-3.509904384613037
-3.178893566131592
-3.765662431716919
-3.7640221118927
-4.36845588684082
-4.7248430252075195
-3.3367106914520264
-4.30813455581665
-3.8344388008117676
-3.5204150676727295
-4.625402450561523
-4.13294792175293
-5.142707824707031
-5.999255657196045
-5.313177108764648
-5.13314962387085
-5.879458427429199
-5.647871494293213
-6.070496082305908
-7.971060276031494
-7.621691703796387
-7.5916547775268555
-7.023653984069824
-7.411888122558594
-7.526519775390625
-7.2760796546936035
-7.499364376068115
-7.747103214263916
-8.108879089355469
-8.631118774414062
-8.425755500793457
-7.7404985427856445
-8.577347755432129
-8.055438041687012
-8.631778717041016
-9.320002555847168
-8.793859481811523
-9.6434907913208
-8.925348281860352
-9.748279571533203
-9.80029582977295
-9.616329193115234
-9.511343002319336
-10.625259399414062
-10.221356391906738
-10.498373031616211
-10.900132179260254
-11.2633638381958
-11.144303321838379
-10.957024574279785
-11.475372314453125
-11.231902122497559
-11.609919548034668
-11.526334762573242
-12.15583610534668
-12.284141540527344
-11.522941589355469
-11.833763122558594
-11.941781044006348
-13.094937324523926
-12.675031661987305
-13.221269607543945
-15.030344009399414
-13.160202026367188
-13.034187316894531
-13.59363079071045
-13.049016952514648
-13.506204605102539
-13.988286972045898
-13.972864151000977
-13.19548225402832
-13.262731552124023
-14.291791915893555
-14.502985000610352
-14.98814582824707
-15.040651321411133
-15.35368824005127
-15.392909049987793
-15.180200576782227
-15.815098762512207
-15.430633544921875
-15.65766429901123
-14.999841690063477
-3.7289719581604004
-4.741751670837402
0.006020963657647371
0.00620116014033556
0.006746767554432154
0.007269113324582577
0.007167359348386526
0.006868650205433369
0.006191379390656948
0.007200390100479126
0.006897838320583105
0.006498529110103846
0.006589827127754688
0.006475098431110382
0.006554365158081055
0.006302074529230595
0.0063846358098089695
0.0064237057231366634
0.0061732144095003605
0.00622000265866518
0.006139127537608147
0.005556430667638779
0.005922473501414061
0.006241100840270519
0.005232157651335001
0.0058256639167666435
0.005278162192553282
0.005947769619524479
0.005179192870855331
0.005093551240861416
0.004889576695859432
0.0052424282766878605
0.004859489854425192
0.004856501240283251
0.00463945884257555
0.004297531209886074
0.004644522909075022
0.004344451706856489
0.004120353143662214
0.004285903647542
0.003679680870845914
0.0038751703687012196
0.0039429981261491776
0.003758978797122836
0.0039021361153572798
0.0034774839878082275
0.00382503354921937
0.002956588286906481
0.0029318686574697495
0.0027391419280320406
0.0031218533404171467
0.002700282959267497
0.0027156402356922626
0.0029174755327403545
0.002083577448502183
0.0025437723379582167
0.0027622058987617493
0.0018826357554644346
0.0019993397872895002
0.0028212175238877535
0.001633357023820281
0.0016613369807600975
0.002299028681591153
0.0018345119897276163
0.001974197570234537
0.0009841473074629903
0.0017553947400301695
0.0015095453709363937
0.0018448622431606054
0.001148410839959979
0.0014106028247624636
0.0013105288380756974
0.001457086531445384
0.0010193194029852748
0.0008968639886006713
0.0015007761539891362
0.0006190664134919643
0.0013988415012136102
0.0013128158170729876
0.00024296432093251497
0.0014241072349250317
0.0008636056445538998
0.0014954684302210808
0.0003016717964783311
0.0008260912145487964
0.0011487358715385199
0.0014188603963702917
0.0007221855921670794
0.0004884519730694592
0.0008316191961057484
0.0008614059770479798
0.0011040173703804612
0.001003732206299901
0.001012415625154972
0.0004527821147348732
0.0008597939158789814
0.0014022259274497628
0.0008798536146059632
-2.1164252758026123
-14.914255142211914
-17.433921813964844
-9.796842575073242
-8.708868026733398
-11.516797065734863
-8.326498031616211
-6.049481391906738
-4.652451515197754
-2.5460166931152344
-3.0263984203338623
-2.2564308643341064
-3.135065793991089
-2.307589292526245
-1.9667212963104248
-2.763979911804199
-2.3409454822540283
-3.361217498779297
-3.115307569503784
-2.1359314918518066
-2.5610716342926025
-2.925959825515747
-3.9994521141052246
-3.173306941986084
-4.174962043762207
-3.7050349712371826
-3.954951524734497
-4.306483745574951
-4.927210807800293
-4.905921936035156
-5.361253261566162
-5.90786600112915
-4.94002628326416
-5.410575866699219
-6.5852766036987305
-6.325631141662598
-7.138531684875488
-6.774195194244385
-6.897120475769043
-7.286807060241699
-6.626635551452637
-7.510428428649902
-6.724339485168457
-7.86678409576416
-7.673766136169434
-7.2291741371154785
-7.5214948654174805
-7.38592004776001
-7.780426025390625
-7.774170875549316
-8.772951126098633
-9.195513725280762
-8.945028305053711
-8.746236801147461
-8.612686157226562
-9.24353313446045
-9.157974243164062
-9.850086212158203
-10.066493034362793
-9.474808692932129
-9.650792121887207
-9.862998008728027
-9.476716041564941
-10.41834831237793
-10.276721000671387
-10.391429901123047
-11.318397521972656
-10.826762199401855
-11.081660270690918
-10.913164138793945
-10.279112815856934
-11.286800384521484
-10.766756057739258
-11.645576477050781
-11.915812492370605
-11.826455116271973
-12.491338729858398
-11.62047290802002
-12.105417251586914
-13.2649564743042
-12.34627914428711
-14.0363130569458
-14.07243537902832
-12.892611503601074
-13.708888053894043
-14.13347053527832
-14.048347473144531
-14.732600212097168
-14.527055740356445
-14.717811584472656
-14.803533554077148
-15.790765762329102
-15.175355911254883
-15.703475952148438
-15.122396469116211
-15.824666023254395
-15.5648193359375
-16.47366714477539
-17.381107330322266
-17.26021385192871
-16.41058349609375
-15.501849174499512
-3.302776336669922
-4.1741132736206055
0.006205759476870298
0.0062415711581707
0.006770929787307978
0.007182374596595764
0.007436648942530155
0.00710122799500823
0.0066397665068507195
0.007252751383930445
0.006836562417447567
0.00656023109331727
0.006495118141174316
0.0065251984633505344
0.006279534660279751
0.006905128248035908
0.006283462978899479
0.006238855421543121
0.006074215285480022
0.006364226341247559
0.006089531350880861
0.006167451851069927
0.005881959572434425
0.005531810689717531
0.005610437132418156
0.006079382263123989
0.005339586641639471
0.0052074287086725235
0.005399089306592941
0.005330428946763277
0.005463601090013981
0.005202519241720438
0.0048025199212133884
0.005293380469083786
0.004651919938623905
0.004273945931345224
0.004299687221646309
0.004353041294962168
0.004210201092064381
0.004084791522473097
0.0034480933099985123
0.004286007024347782
0.004423536825925112
0.003245975822210312
0.003907623700797558
0.0034620645456016064
0.0033393900375813246
0.0035177371464669704
0.0032422752119600773
0.0031147052068263292
0.0026756871957331896
0.002918314654380083
0.002349145244807005
0.002902078675106168
0.0024881858844310045
0.0025217121001333
0.0024234033189713955
0.0025489679537713528
0.0017996883252635598
0.0022806795313954353
0.002251564059406519
0.001761524355970323
0.002100513316690922
0.0016465156804770231
0.001973965670913458
0.0017453072359785438
0.0011090848129242659
0.0014952067285776138
0.0011744477087631822
0.0016118634957820177
0.0013181695248931646
0.0014429084258154035
0.0011446813587099314
0.0013146764831617475
0.0013142095413058996
0.0008690055692568421
0.0010263441363349557
0.0015441569266840816
0.0008964788867160678
0.0012952249962836504
0.001109484350308776
0.0007506379042752087
0.0012562306364998221
0.0008554415544494987
0.0014022107934579253
0.00032445526449009776
0.0011420578230172396
0.0014849180588498712
0.0009171088458970189
0.0008304341463372111
0.0008215965935960412
0.0017928775632753968
0.000383705337299034
0.0005242499755695462
0.0013282932341098785
0.0005098751280456781
0.001274200971238315
0.000830860051792115
-6.915829658508301
-19.25811195373535
-20.216514587402344
-13.02745246887207
-17.583084106445312
-8.08203125
-4.871716022491455
-6.255526065826416
-8.2379789352417
-4.416291236877441
-4.2278008460998535
-3.5302181243896484
-2.134061098098755
-2.456569194793701
-2.4731099605560303
-2.743403673171997
-2.7127678394317627
-2.8998398780822754
-2.5858592987060547
-3.252531051635742
-3.3717293739318848
-3.1312689781188965
-3.480515956878662
-2.8735849857330322
-4.041922092437744
-4.405481815338135
-4.133124351501465
-4.826559543609619
-4.507866859436035
-4.830531120300293
-5.602363109588623
-5.5528950691223145
-6.527892112731934
-5.718163013458252
-6.186770439147949
-6.161931991577148
-5.890377044677734
-6.284784317016602
-6.348252773284912
-6.02196741104126
-6.774702548980713
-7.256915092468262
-7.116713523864746
-7.3577423095703125
-7.583656311035156
-7.299094200134277
-7.822184085845947
-8.452142715454102
-8.655302047729492
-8.556290626525879
-8.182682991027832
-8.278169631958008
-8.21107006072998
-9.445804595947266
-8.555706024169922
-8.401795387268066
-8.74527645111084
-9.180556297302246
-10.101587295532227
-10.667490005493164
-10.238570213317871
-10.754520416259766
-10.883931159973145
-9.684453964233398
-10.322752952575684
-9.36313247680664
-10.287083625793457
-10.492857933044434
-10.564897537231445
-12.038375854492188
-11.881058692932129
-12.099466323852539
-11.84471607208252
-12.021101951599121
-13.3763427734375
-12.357741355895996
-12.291655540466309
-13.283994674682617
-13.27690315246582
-13.086398124694824
-12.952613830566406
-13.26636028289795
-13.549989700317383
-13.541287422180176
-13.495489120483398
-13.808133125305176
-14.30632495880127
-13.428685188293457
-13.698492050170898
-14.085660934448242
-13.823701858520508
-15.65947151184082
-14.788517951965332
-15.724575996398926
-15.902158737182617
-15.83216381072998
-16.058002471923828
-15.677946090698242
-16.5487060546875
-17.387908935546875
-16.408000946044922
-15.325182914733887
-4.012238502502441
-4.502058506011963
0.005679372698068619
0.006420324090868235
0.006963938474655151
0.006918018218129873
0.0076409452594816685
0.006815807428210974
0.006957957986742258
0.006588630378246307
0.007132026366889477
0.006824124604463577
0.006492057349532843
0.006648000329732895
0.006263170391321182
0.0066638826392591
0.006577332504093647
0.005822696723043919
0.006741088815033436
0.006020041648298502
0.006029301322996616
0.006029537413269281
0.005734977312386036
0.005877583287656307
0.005768359173089266
0.005865962244570255
0.005310787819325924
0.005435972008854151
0.005336707923561335
0.005129629746079445
0.005696980282664299
0.00528644397854805
0.004955367185175419
0.004533334169536829
0.004331291653215885
0.004921882413327694
0.0045517804101109505
0.004370022565126419
0.004245258867740631
0.004113798029720783
0.0036635040305554867
0.0040119728073477745
0.003819939447566867
0.0036021550185978413
0.003438700456172228
0.0037756592500954866
0.003184448927640915
0.0032525695860385895
0.0028482552152127028
0.0033386931754648685
0.0032917321659624577
0.002915901830419898
0.002851898083463311
0.002438995521515608
0.003097693668678403
0.002616999903693795
0.0017340302001684904
0.0026081723626703024
0.002017953898757696
0.001972346333786845
0.00231004087254405
0.0015404010191559792
0.001955184619873762
0.0016328624915331602
0.0018532639369368553
0.0016623369883745909
0.0015443722950294614
0.0014734750147908926
0.0017789093544706702
0.0013756646076217294
0.001239716773852706
0.0011103496653959155
0.0012727484572678804
0.001442864304408431
0.0005075954832136631
0.0014960349071770906
0.0013295747339725494
0.000992663437500596
0.0008694546413607895
0.0013285987079143524
0.000307306123431772
0.0015488851349800825
0.0009589448454789817
0.000717959541361779
0.0012576250592246652
0.0006699116202071309
0.0008391460287384689
0.0005842644604854286
0.0008734265575185418
0.001197493402287364
0.0004926696419715881
0.0011772885918617249
0.0014949075412005186
0.00063774996669963
0.0010553296888247132
0.0009671971201896667
0.0008011440513655543
0.0012667732080444694
-3.8410415649414062
-16.494495391845703
-17.641611099243164
-10.335088729858398
-10.137462615966797
-10.586984634399414
-7.2335524559021
-7.0674262046813965
-6.271228790283203
-4.244156837463379
-3.7810211181640625
-2.922506332397461
-3.7424983978271484
-3.012896776199341
-3.2440173625946045
-2.6590065956115723
-2.4133353233337402
-4.019299507141113
-2.814868927001953
-3.0783939361572266
-3.123788356781006
-2.981269359588623
-4.527080535888672
-3.343407154083252
-4.068090438842773
-4.906798362731934
-4.044903755187988
-4.154607772827148
-4.607417583465576
-4.351865768432617
-5.432766914367676
-6.115725040435791
-6.33061408996582
-5.814793586730957
-6.422704219818115
-6.849579811096191
-6.77544641494751
-6.4355950355529785
-6.475186824798584
-7.031706809997559
-7.478405952453613
-8.258936882019043
-8.571983337402344
-8.53608226776123
-8.012514114379883
-7.780474662780762
-7.329345703125
-8.586993217468262
-8.676212310791016
-8.364482879638672
-8.51806354522705
-8.203970909118652
-7.885565280914307
-8.640195846557617
-8.973875045776367
-8.911175727844238
-9.75951862335205
-10.420180320739746
-9.557096481323242
-9.014400482177734
-9.085569381713867
-9.971646308898926
-10.297430038452148
-10.662501335144043
-10.86638355255127
-11.11076545715332
-10.380837440490723
-11.172369003295898
-12.163920402526855
-12.353289604187012
-11.703298568725586
-10.509783744812012
-11.877336502075195
-11.932741165161133
-12.328656196594238
-11.647111892700195
-12.134659767150879
-13.215250015258789
-13.165783882141113
-12.751605033874512
-13.009045600891113
-13.011306762695312
-12.684916496276855
-13.463279724121094
-13.705347061157227
-14.052599906921387
-14.08885669708252
-14.288772583007812
-14.34154987335205
-14.51892375946045
-14.552667617797852
-14.824442863464355
-15.97712516784668
-16.448246002197266
-16.366682052612305
-16.84756851196289
-16.136716842651367
-15.61274528503418
-16.707712173461914
-15.904443740844727
-16.343246459960938
-16.065526962280273
-6.096407890319824
-7.208320617675781
0.006284730974584818
0.005843585357069969
0.007223328109830618
0.0072201392613351345
0.007016078568994999
0.006957984529435635
0.006719471421092749
0.0068919481709599495
0.006976997014135122
0.006439712829887867
0.006952514406293631
0.006644478999078274
0.006255918648093939
0.006758482661098242
0.0062409136444330215
0.006230842787772417
0.006032923236489296
0.006594293750822544
0.005802408326417208
0.006039015483111143
0.006061914376914501
0.006110993213951588
0.00558478245511651
0.005806241184473038
0.0056844004429876804
0.005253078415989876
0.00534776970744133
0.005404653958976269
0.004886925220489502
0.004992892500013113
0.004664089530706406
0.0046361833810806274
0.005246741697192192
0.004490458406507969
0.004243894480168819
0.003957725595682859
0.004691390786319971
0.00418794434517622
0.0037311078049242496
0.003933729138225317
0.003919641952961683
0.00432706018909812
0.002928763162344694
0.003818218130618334
0.00323075195774436
0.003406509757041931
0.0027638557367026806
0.003384848590940237
0.002865443006157875
0.002876805607229471
0.0027053055819123983
0.0025229179300367832
0.0024613223504275084
0.0028109007980674505
0.002099007135257125
0.001652283943258226
0.0021887891925871372
0.0023019383661448956
0.0022221244871616364
0.0019327517366036773
0.00197506882250309
0.0016229096800088882
0.0015242630615830421
0.0015464413445442915
0.0016599546652287245
0.001741689397022128
0.0014641035813838243
0.001155508798547089
0.0009588525863364339
0.0015174169093370438
0.0016264269361272454
0.0008940071566030383
0.001484446693211794
0.0010022257920354605
0.0010164432460442185
0.0012782018166035414
0.0011013720650225878
0.0006851257639937103
0.001582703902386129
0.0008333742734976113
0.0011878109071403742
0.0007070512510836124
0.0008169292705133557
0.0014095900114625692
0.0008197965798899531
0.0007021575584076345
0.0008873740443959832
0.0009619442862458527
0.0006098233279772103
0.0007809129310771823
0.0010447739623486996
0.001269832020625472
0.0012353758793324232
0.00030123090255074203
0.0014263337943702936
0.0013344018952921033
-3.9089503288269043
-15.258381843566895
-17.38160514831543
-11.218253135681152
-16.34075927734375
-9.194128036499023
-5.760955810546875
-6.366413116455078
-5.643314838409424
-2.8138699531555176
-2.8371710777282715
-2.56315016746521
-2.334092855453491
-2.305446147918701
-1.7446762323379517
-2.7686009407043457
-3.0428285598754883
-3.0317153930664062
-2.7587437629699707
-3.2027084827423096
-2.714888334274292
-2.6544344425201416
-3.757389545440674
-3.1766133308410645
-3.5163397789001465
-3.85343599319458
-4.017431735992432
-4.330183982849121
-5.333536148071289
-5.657258033752441
-5.909983158111572
-5.7421793937683105
-5.930769443511963
-6.5987138748168945
-5.68825626373291
-6.222670555114746
-6.476635932922363
-6.826075077056885
-6.972811222076416
-7.245628356933594
-6.875235080718994
-7.175595760345459
-7.079400539398193
-7.423605918884277
-7.842797756195068
-8.120107650756836
-7.371308326721191
-7.149029731750488
-8.03988265991211
-8.471094131469727
-8.707098007202148
-8.889455795288086
-8.89149284362793
-8.98944091796875
-9.004035949707031
-9.433945655822754
-9.19995403289795
-9.599145889282227
-9.866904258728027
-10.132746696472168
-10.102327346801758
-9.557985305786133
-9.31259536743164
-10.221445083618164
-10.096162796020508
-10.364564895629883
-10.928730964660645
-10.795427322387695
-11.493410110473633
-11.883398056030273
-11.296732902526855
-12.16577434539795
-12.475974082946777
-11.868945121765137
-12.493265151977539
-12.029544830322266
-11.78672981262207
-12.902242660522461
-12.602997779846191
-13.30334758758545
-13.569714546203613
-13.424456596374512
-14.044923782348633
-13.59099006652832
-13.736204147338867
-14.868673324584961
-14.825746536254883
-15.429811477661133
-14.503108024597168
-15.091264724731445
-13.530715942382812
-14.603917121887207
-15.360305786132812
-15.508173942565918
-15.285087585449219
-14.689129829406738
-15.118931770324707
-15.881685256958008
-15.940078735351562
-16.528663635253906
-16.30438232421875
-15.883277893066406
-4.325135707855225
-4.467578411102295
0.006073744967579842
0.0061245751567184925
0.007003227714449167
0.007218551822006702
0.00744411488994956
0.00674454215914011
0.006755655165761709
0.007126577198505402
0.0067779915407299995
0.006649048533290625
0.0065439241006970406
0.006422738078981638
0.006632125936448574
0.006203497759997845
0.006611452903598547
0.0067144944332540035
0.006204949226230383
0.0059071993455290794
0.005729058291763067
0.006391704082489014
0.005804895889014006
0.0058660125359892845
0.00568378483876586
0.005527815781533718
0.005771964322775602
0.0053703091107308865
0.005092782434076071
0.005543097387999296
0.005189412739127874
0.005322802811861038
0.004776905756443739
0.004913638345897198
0.004759128671139479
0.004788809455931187
0.004469853360205889
0.004231682512909174
0.004031808115541935
0.004098316188901663
0.004085443913936615
0.003852012800052762
0.0038743119221180677
0.003732925746589899
0.003826705738902092
0.00291990814730525
0.0032353722490370274
0.0032620064448565245
0.003234031144529581
0.003180005121976137
0.0029669529758393764
0.00219278153963387
0.002919002901762724
0.00262472964823246
0.0026214614044874907
0.0023213038221001625
0.002616716781631112
0.001888453378342092
0.0024776265490800142
0.001649759360589087
0.0022803021129220724
0.001492630341090262
0.0019995898474007845
0.0015734222251921892
0.0018393108621239662
0.0013137541245669127
0.0018586080987006426
0.0017432753229513764
0.0011774689191952348
0.0017477984074503183
0.001240162062458694
0.0009543171036057174
0.001625158591195941
0.0007180575048550963
0.0016158142825588584
0.0009704994736239314
0.001414023688994348
0.001168424030765891
0.0007943998789414763
0.0008760066702961922
0.0019410286331549287
0.0007688943296670914
0.0006221939693205059
0.0007405307842418551
0.0008144016610458493
0.0010642647976055741
0.001109702861867845
0.0007045420934446156
0.0008717809105291963
0.0009366025333292782
0.0008971374481916428
0.0008617881685495377
0.001204047934152186
0.0004971608868800104
0.001259466866031289
0.0006880817236378789
0.0013186221476644278
0.0005917756934650242
-5.123773097991943
-16.346160888671875
-18.450794219970703
-10.960954666137695
-14.159090995788574
-8.142945289611816
-4.845836639404297
-7.116442680358887
-8.799813270568848
-4.8940277099609375
-3.7717537879943848
-2.8671157360076904
-2.5045535564422607
-2.3333098888397217
-1.9858102798461914
-2.891258716583252
-2.237626552581787
-2.407764196395874
-3.4137415885925293
-3.2699856758117676
-3.042823314666748
-2.5653750896453857
-3.4307456016540527
-4.245748043060303
-3.7591261863708496
-3.9636452198028564
-4.14174222946167
-4.147039890289307
-4.100474834442139
-4.2175445556640625
-4.9234418869018555
-5.695467472076416
-6.066257476806641
-6.164048671722412
-6.970969200134277
-5.917410850524902
-7.068865776062012
-7.290472984313965
-7.756936073303223
-6.223366737365723
-6.33001708984375
-6.387499809265137
-7.1053466796875
-7.579155921936035
-6.752955436706543
-7.8263373374938965
-7.256972312927246
-7.7333478927612305
-7.995438575744629
-8.234502792358398
-9.068215370178223
-8.620704650878906
-8.133476257324219
-8.189584732055664
-9.016395568847656
-9.227462768554688
-9.552008628845215
-10.341836929321289
-9.622452735900879
-10.113786697387695
-10.58983039855957
-10.573671340942383
-10.813401222229004
-9.688679695129395
-9.65472412109375
-10.230971336364746
-10.033173561096191
-10.738170623779297
-10.953056335449219
-10.62609577178955
-11.103486061096191
-12.064767837524414
-11.283373832702637
-11.709623336791992
-12.695097923278809
-13.277593612670898
-12.438261985778809
-12.76634407043457
-12.903093338012695
-12.715660095214844
-13.033590316772461
-12.239497184753418
-13.540234565734863
-13.397459030151367
-13.485877990722656
-12.666451454162598
-12.90825080871582
-14.070818901062012
-14.208584785461426
-14.480928421020508
-15.07536506652832
-15.44200611114502
-14.59278392791748
-15.334096908569336
-14.637779235839844
-15.406560897827148
-16.4898681640625
-15.81956672668457
-16.183042526245117
-16.161863327026367
-16.027193069458008
-15.801809310913086
-4.258976936340332
-4.6211042404174805
0.005960620008409023
0.006271250545978546
0.006701666861772537
0.006952321622520685
0.007607466075569391
0.006780985742807388
0.006708127446472645
0.007247744593769312
0.006727840751409531
0.006654513534158468
0.006701239850372076
0.006632334087044001
0.006414447911083698
0.006869815289974213
0.006399328354746103
0.006256379187107086
0.006148329935967922
0.006288596894592047
0.005839222576469183
0.006304394453763962
0.005767051130533218
0.00571224931627512
0.005767978262156248
0.005752881057560444
0.005711803678423166
0.00504879467189312
0.005423208232969046
0.005281887948513031
0.005328931845724583
0.004824398085474968
0.0048249526880681515
0.00492504145950079
0.004304591566324234
0.004505942575633526
0.004907888360321522
0.004227536264806986
0.004588182084262371
0.003819900332018733
0.0038046413101255894
0.004117046482861042
0.004141608253121376
0.0028718248941004276
0.004238345194607973
0.0035513616167008877
0.0028733473736792803
0.003649910446256399
0.002955005271360278
0.0033719006460160017
0.002717882627621293
0.0027601351030170918
0.0030471619684249163
0.002646079985424876
0.0020853043533861637
0.002586343791335821
0.0017715906724333763
0.002811281243339181
0.0021529553923755884
0.0021234035957604647
0.002060030121356249
0.0021648178808391094
0.0017110193148255348
0.001809596666134894
0.001897112699225545
0.0015827591996639967
0.0012116015423089266
0.0017824942478910089
0.0010499069467186928
0.0018482438754290342
0.001088918768800795
0.0012866478646174073
0.0010648536263033748
0.0012083493638783693
0.0014000374358147383
0.0008864995324984193
0.0012394392397254705
0.0006853571394458413
0.001167885260656476
0.0015204339288175106
0.0008212663233280182
0.00036670913686975837
0.0013955034082755446
0.0011987983016297221
0.0006442391313612461
0.00043488186202012
0.0015858318656682968
0.0004152693727519363
0.0013747438788414001
0.0006707904394716024
0.00024074087559711188
0.001250396016985178
0.0007852938142605126
0.0006924120825715363
0.001050370978191495
0.0016313694650307298
0.0005447386065497994
0.0006684415275231004
-5.835724830627441
-18.90047836303711
-19.551977157592773
-11.936079025268555
-16.095857620239258
-8.41022777557373
-5.0692877769470215
-6.711710453033447
-7.4856438636779785
-3.364514112472534
-3.2266998291015625
-2.3071577548980713
-1.9330873489379883
-2.9772372245788574
-1.6949827671051025
-2.4559831619262695
-2.9237403869628906
-2.083057403564453
-3.0465526580810547
-2.7309539318084717
-3.232452392578125
-3.560382127761841
-3.5610365867614746
-3.614361524581909
-4.488729000091553
-4.451111793518066
-4.46822452545166
-5.144363880157471
-4.675832271575928
-4.188673973083496
-4.513035774230957
-4.728036880493164
-5.569255828857422
-6.324716091156006
-5.630169868469238
-5.825766563415527
-7.007503509521484
-6.484461307525635
-7.363858222961426
-6.557248115539551
-6.801596641540527
-7.103453636169434
-7.2705888748168945
-6.906480312347412
-7.841004848480225
-8.169866561889648
-7.884971618652344
-7.990383148193359
-8.658506393432617
-8.259770393371582
-9.170166969299316
-8.358681678771973
-8.646995544433594
-10.045782089233398
-7.981320858001709
-9.261171340942383
-8.809640884399414
-9.080914497375488
-10.124093055725098
-9.489684104919434
-9.543658256530762
-9.60762882232666
-10.021092414855957
-10.581148147583008
-11.156747817993164
-11.175466537475586
-11.13353157043457
-11.173852920532227
-11.150432586669922
-10.787550926208496
-12.14014720916748
-12.455695152282715
-11.526979446411133
-11.40808391571045
-13.337031364440918
-12.15061092376709
-13.520288467407227
-11.892705917358398
-12.44621467590332
-12.964300155639648
-13.00317668914795
-12.968935012817383
-13.3029203414917
-12.928703308105469
-13.40809440612793
-13.95337200164795
-14.438502311706543
-13.632448196411133
-14.029627799987793
-13.373725891113281
-15.718403816223145
-15.631596565246582
-14.687734603881836
-14.289217948913574
-14.195672988891602
-15.035359382629395
-16.33148193359375
-15.803108215332031
-15.725619316101074
-15.634860038757324
-16.480512619018555
-15.957901000976562
-3.5408153533935547
-4.160548686981201
0.006028441246598959
0.006042666267603636
0.006684630177915096
0.006796932779252529
0.007465367671102285
0.006751112639904022
0.006632192991673946
0.00705424789339304
0.006309653632342815
0.006741748657077551
0.006867413874715567
0.006141616031527519
0.006349436938762665
0.0063004521653056145
0.006437872536480427
0.006242481060326099
0.005885522812604904
0.006402383092790842
0.006032339297235012
0.005902649834752083
0.005837621632963419
0.0057363552041351795
0.006069887429475784
0.005390515085309744
0.005828142166137695
0.005193319637328386
0.0055023981258273125
0.004886845592409372
0.005644939374178648
0.005304089747369289
0.0046709137968719006
0.004636012949049473
0.005143945571035147
0.004352882970124483
0.004690489731729031
0.0040591140277683735
0.004513733554631472
0.00436259713023901
0.003809130983427167
0.003964810166507959
0.0038855434395372868
0.003308630082756281
0.004031418822705746
0.0031045530922710896
0.0032604492735117674
0.0038068448193371296
0.002340631792321801
0.0029235274996608496
0.003031511092558503
0.0030045935418456793
0.0025758997071534395
0.0029007536359131336
0.002198856556788087
0.0024295449256896973
0.0026564551517367363
0.0020107850432395935
0.0021443997975438833
0.002289010677486658
0.0017608155030757189
0.0015322223771363497
0.002586216200143099
0.0015866747125983238
0.0020237991120666265
0.0013226330047473311
0.0019838358275592327
0.0015001724241301417
0.00129624642431736
0.0015664345119148493
0.001347182085737586
0.0012324720155447721
0.0015819750260561705
0.0008637138525955379
0.0020579537376761436
0.0009252661839127541
0.000874178484082222
0.0009199930354952812
0.001476852921769023
0.0014161622384563088
0.0008202422177419066
0.0010815595742315054
0.0007965274853631854
0.0011067219311371446
0.0011613724054768682
0.0004963427782058716
0.0011148995254188776
0.001354000298306346
0.00046391887008212507
0.0009286583517678082
0.0007657554815523326
0.0017780031776055694
0.0005766091635450721
0.0006898465799167752
0.001313922693952918
0.0013395691057667136
0.0009140055626630783
0.00045987620251253247
-6.381472110748291
-18.27069854736328
-19.223012924194336
-11.430076599121094
-9.919617652893066
-14.660226821899414
-4.897762298583984
-7.758772850036621
-4.8392510414123535
-2.5014970302581787
-2.1957435607910156
-1.5863791704177856
-2.093031644821167
-2.0489096641540527
-1.623700499534607
-2.906602382659912
-2.3260703086853027
-3.731184720993042
-3.6127002239227295
-2.7898457050323486
-2.9267210960388184
-3.4899277687072754
-3.6354758739471436
-4.208333969116211
-3.9694983959198
-4.481447696685791
-4.137826442718506
-4.153350353240967
-5.034361839294434
-4.554389953613281
-5.698822498321533
-5.695808410644531
-5.879113674163818
-5.362619400024414
-5.548508167266846
-5.92191743850708
-6.550721645355225
-6.9294023513793945
-7.208793640136719
-7.938180446624756
-6.921914577484131
-7.248424530029297
-7.384099006652832
-6.908400058746338
-8.409550666809082
-7.996548652648926
-8.216371536254883
-7.646268367767334
-8.579671859741211
-8.233503341674805
-7.611462593078613
-8.729119300842285
-8.466833114624023
-9.673469543457031
-8.482253074645996
-9.249025344848633
-9.39281940460205
-9.680105209350586
-9.883087158203125
-9.063684463500977
-9.464235305786133
-9.563394546508789
-9.950319290161133
-9.96866512298584
-10.187970161437988
-10.876931190490723
-10.62453556060791
-11.614502906799316
-11.63343620300293
-11.586397171020508
-11.301260948181152
-11.065774917602539
-12.038114547729492
-11.870229721069336
-11.719776153564453
-12.267497062683105
-12.530471801757812
-11.726155281066895
-11.83207893371582
-12.743936538696289
-14.08259105682373
-13.60772705078125
-14.39289379119873
-13.908854484558105
-14.018010139465332
-13.8339262008667
-14.088603019714355
-14.175668716430664
-16.101497650146484
-14.721395492553711
-15.180837631225586
-15.84760856628418
-16.438873291015625
-16.2867488861084
-14.818181037902832
-15.694036483764648
-16.786373138427734
-16.664566040039062
-16.058378219604492
-16.645748138427734
-17.088897705078125
-15.772346496582031
-4.319972515106201
-4.288743495941162
0.005933576729148626
0.005927977152168751
0.006826738826930523
0.007185302674770355
0.006970380432903767
0.006942592561244965
0.0068024201318621635
0.006788528524339199
0.006758349947631359
0.00643181661143899
0.0073324753902852535
0.006034468300640583
0.006498168222606182
0.00624473113566637
0.006344673689454794
0.00634737079963088
0.006349413190037012
0.006056935526430607
0.006223009433597326
0.006246760953217745
0.005562637932598591
0.005991802550852299
0.005702910013496876
0.005573300179094076
0.0058476896956563
0.005384459160268307
0.004975509829819202
0.005693076644092798
0.004868431016802788
0.0051035149954259396
0.0046090539544820786
0.004977939184755087
0.004844675771892071
0.0046302760019898415
0.004364769905805588
0.004653576761484146
0.00367915746755898
0.0044364165514707565
0.003948799800127745
0.003918618895113468
0.004261077381670475
0.003295611124485731
0.003701499430462718
0.0034413207322359085
0.0027778365183621645
0.003460786771029234
0.0031782626174390316
0.0032959759701043367
0.0032342765480279922
0.002728895517066121
0.0022837442811578512
0.003023747820407152
0.002688151551410556
0.0026024882681667805
0.0017117357347160578
0.0030242931097745895
0.0018542498582974076
0.0017224302282556891
0.0022663420531898737
0.0016514454036951065
0.002232577186077833
0.002153132576495409
0.001161486143246293
0.0014758433680981398
0.0018128867959603667
0.0016264235600829124
0.0015480705769732594
0.000807936186902225
0.0014642153400927782
0.0013038774486631155
0.0013168108416721225
0.0012736782664433122
0.0013407932128757238
0.0010655107907950878
0.0011368279810994864
0.0010869598481804132
0.0009053960675373673
0.0007103841635398567
0.0012428450863808393
0.0010762173915281892
0.0007277304539456964
0.0006386839086189866
0.0006892943638376892
0.0012572372797876596
0.0003250308218412101
0.0010772993555292487
0.0015821075066924095
0.0003587783721741289
0.0009158104658126831
0.001789008267223835
0.00035064673284068704
0.0009037500130943954
0.0007302588201127946
0.0015955523122102022
0.001209185691550374
0.0008599560824222863
-2.5619359016418457
-14.92924976348877
-16.85310173034668
-9.951512336730957
-12.126190185546875
-14.613500595092773
-4.6299519538879395
-8.999015808105469
-4.989068031311035
-1.919804573059082
-1.7542136907577515
-1.1223556995391846
-1.3897802829742432
-1.73972487449646
-2.926626682281494
-2.8645527362823486
-2.464310646057129
-2.77011775970459
-3.5814805030822754
-2.4311342239379883
-2.8132243156433105
-3.4499785900115967
-3.8102588653564453
-3.3894054889678955
-4.295748710632324
-4.879758358001709
-5.48263692855835
-4.478812217712402
-5.234725475311279
-5.179275989532471
-4.468652248382568
-5.702462673187256
-4.8864665031433105
-5.814895153045654
-6.442887306213379
-6.102410316467285
-6.023742198944092
-6.968141078948975
-5.960100173950195
-6.759581565856934
-7.323657989501953
-7.2202043533325195
-7.390687465667725
-8.029037475585938
-7.311830997467041
-7.4025774002075195
-7.9497528076171875
-7.723019599914551
-8.578638076782227
-8.399335861206055
-8.457839012145996
-8.715092658996582
-9.115434646606445
-9.187240600585938
-9.073968887329102
-8.554878234863281
-8.834188461303711
-8.982897758483887
-8.89375114440918
-9.405462265014648
-9.886810302734375
-9.954029083251953
-11.248892784118652
-11.442240715026855
-10.44502067565918
-10.51187515258789
-10.248934745788574
-10.400940895080566
-10.603094100952148
-10.825133323669434
-11.862054824829102
-11.924763679504395
-12.23652458190918
-12.46249008178711
-11.91877269744873
-13.505157470703125
-11.99879264831543
-11.662872314453125
-12.013017654418945
-12.33602237701416
-13.633503913879395
-13.81391716003418
-13.222387313842773
-13.206056594848633
-13.797633171081543
-14.524114608764648
-14.127496719360352
-14.858207702636719
-13.90618896484375
-13.983078002929688
-15.560028076171875
-14.098318099975586
-15.457786560058594
-15.848798751831055
-15.636529922485352
-15.320137023925781
-15.683073043823242
-16.126800537109375
-16.228008270263672
-16.000402450561523
-16.35955238342285
-15.016682624816895
-3.4803466796875
-4.254547119140625
0.006066758185625076
0.006258825305849314
0.006611858494579792
0.006951531860977411
0.0073819770477712154
0.006871356628835201
0.0069330730475485325
0.007066482212394476
0.006385443266481161
0.006792532745748758
0.006865520961582661
0.0063947467133402824
0.0063559189438819885
0.005935502238571644
0.006519182585179806
0.006139659322798252
0.006233749445527792
0.005995661951601505
0.00577558483928442
0.006090978626161814
0.0059453463181853294
0.0062223500572144985
0.00536762410774827
0.005883714649826288
0.0051589650101959705
0.005686700344085693
0.004788030404597521
0.00542090181261301
0.005351493135094643
0.004765755031257868
0.005052643362432718
0.0043899426236748695
0.004676744807511568
0.0047065457329154015
0.004661309998482466
0.004145500250160694
0.00419465871527791
0.003884425852447748
0.004165906924754381
0.004164933227002621
0.0037319250404834747
0.0036358435172587633
0.0036286041140556335
0.003509843721985817
0.0027550379745662212
0.003281882731243968
0.0035674527753144503
0.002927893539890647
0.0030511366203427315
0.002439944539219141
0.0030278214253485203
0.002932006726041436
0.0026140655390918255
0.002333327429369092
0.0023475466296076775
0.0019514982122927904
0.0023603844456374645
0.0018799763638526201
0.0023368673864752054
0.001660341746173799
0.0018419020343571901
0.0019572589080780745
0.0010658750543370843
0.002220508176833391
0.001484051113948226
0.0015299966325983405
0.001539805205538869
0.0017697436269372702
0.0010915125021710992
0.0007620783871971071
0.0015028028283268213
0.0016318436246365309
0.0008325589005835354
0.0010349227814003825
0.001341608352959156
0.0014316255692392588
0.0014599986607208848
0.0006155046867206693
0.0004861633642576635
0.0016496952157467604
0.0003127720265183598
0.000565804832149297
0.0013356005074456334
0.0010255201486870646
0.00045847389264963567
0.0011852396419271827
0.00038405886152759194
0.001134369638748467
0.0010518170893192291
0.0004936793120577931
0.0011336479801684618
0.001073309569619596
0.0007822132902219892
0.0008903428679332137
0.0012488082284107804
0.0010980963706970215
-2.079197406768799
-14.5675687789917
-17.159175872802734
-10.545072555541992
-14.042320251464844
-7.740920066833496
-4.743206024169922
-6.053286075592041
-5.814340591430664
-3.670722246170044
-3.0641350746154785
-2.625119209289551
-3.1167469024658203
-3.0372846126556396
-3.00199031829834
-3.329782485961914
-3.188459634780884
-3.652796983718872
-3.1962409019470215
-2.9545023441314697
-3.6663684844970703
-3.6175613403320312
-3.6400694847106934
-3.921541690826416
-3.952503204345703
-4.81069803237915
-3.9744186401367188
-5.134690284729004
-5.608793258666992
-4.920820713043213
-5.475428581237793
-6.395287990570068
-6.36433219909668
-6.630846977233887
-6.082276344299316
-5.983691215515137
-6.98874568939209
-6.322159767150879
-6.626871585845947
-6.661561012268066
-6.264655590057373
-7.0911149978637695
-8.282190322875977
-8.421900749206543
-7.848928928375244
-7.49347448348999
-7.9718427658081055
-8.241445541381836
-8.86473274230957
-8.345332145690918
-8.347749710083008
-8.048672676086426
-8.59559440612793
-8.662755966186523
-8.324533462524414
-8.686864852905273
-9.314876556396484
-9.675700187683105
-8.849761009216309
-9.490326881408691
-10.694483757019043
-10.338964462280273
-10.429922103881836
-10.810685157775879
-10.85789680480957
-10.893117904663086
-10.455653190612793
-11.175764083862305
-10.30178165435791
-11.898594856262207
-11.342679023742676
-11.999591827392578
-12.144347190856934
-11.82261848449707
-12.306482315063477
-11.349325180053711
-12.140827178955078
-11.621642112731934
-12.595743179321289
-12.67988395690918
-13.014680862426758
-13.491121292114258
-13.685391426086426
-13.462480545043945
-13.591937065124512
-13.616493225097656
-14.381787300109863
-15.287561416625977
-15.058418273925781
-13.86004638671875
-15.32965087890625
-15.13090991973877
-14.84184455871582
-14.910255432128906
-14.745676040649414
-15.126062393188477
-16.005409240722656
-16.05436897277832
-16.155929565429688
-16.588878631591797
-16.60606575012207
-15.707621574401855
-2.302448272705078
-5.559857368469238
0.006514227949082851
0.005286810919642448
0.007325723767280579
0.007527145557105541
0.006805571727454662
0.007430166006088257
0.006437068339437246
0.007341478019952774
0.006639504339545965
0.006584246642887592
0.006843146868050098
0.006097379140555859
0.0069741057232022285
0.006252562161535025
0.006548433098942041
0.006459132768213749
0.006009903736412525
0.006290215998888016
0.006571175064891577
0.005955998785793781
0.005941812880337238
0.005905219353735447
0.006017810665071011
0.005499162245541811
0.004920394159853458
0.005656224675476551
0.005959534551948309
0.004965204745531082
0.004831215366721153
0.005294261034578085
0.004867576062679291
0.00488432589918375
0.004587423987686634
0.005131926853209734
0.004284962546080351
0.004535116720944643
0.004081393592059612
0.004192679654806852
0.003807926084846258
0.004243485629558563
0.004197112284600735
0.00335545907728374
0.0030378345400094986
0.0038446008693426847
0.0035700835287570953
0.0029912448953837156
0.0027813916094601154
0.0029513943009078503
0.003079499350860715
0.003373021725565195
0.002498010406270623
0.002618246478959918
0.0027789282612502575
0.0026831463910639286
0.001985853537917137
0.0022791435476392508
0.002076159929856658
0.0015976333525031805
0.002370839472860098
0.001730072544887662
0.002150531392544508
0.0021137367002665997
0.0017055729404091835
0.0019605946727097034
0.0011711912229657173
0.0016950813587754965
0.001303160679526627
0.0013183570699766278
0.0010847833473235369
0.0017052700277417898
0.0011881397804245353
0.0015120354946702719
0.0005211738171055913
0.0013790373923256993
0.0012580889742821455
0.0012654708698391914
0.0012237920891493559
0.0006738530355505645
0.0009457177366130054
0.0009628475527279079
0.0017496716463938355
0.00033506882027722895
0.0010147958528250456
0.0010568202706053853
0.0009952571708709002
0.0009325800347141922
0.0006764888530597091
0.0006672781892120838
0.0009493151446804404
0.0015319681260734797
0.0007161680841818452
0.0008686006185598671
0.0017139092087745667
0.0005443922709673643
0.0015059339348226786
0.0005755038000643253
-6.788919925689697
