31.59016990661621
31.59016990661621
27.287811279296875
6.806205749511719
-0.011444888077676296
-0.0103799132630229
-0.009378223679959774
-0.010315879248082638
-0.008817585185170174
-0.008886856026947498
-0.008914748206734657
-0.008077302947640419
-0.008121417835354805
-0.007759416941553354
-0.0062040649354457855
-0.00736815482378006
-0.006405294872820377
-0.0061308699660003185
-0.005972539074718952
-0.005312361288815737
-0.0053666941821575165
-0.004674356896430254
-0.004336218349635601
-0.004026887472718954
-0.0029518126975744963
-0.0037128538824617863
-0.002691452857106924
-0.002114004921168089
-0.0018575014546513557
-0.001384143135510385
-0.0008244126802310348
0.00043400353752076626
-0.0005784775712527335
6.184158701216802e-05
0.0007484004599973559
0.0004559527151286602
0.0015799079556018114
0.001185386790893972
0.0020118358079344034
0.0023847282864153385
0.0030541191808879375
0.0031958003528416157
0.0031613651663064957
0.0037164301611483097
0.0049179112538695335
0.0042142560705542564
0.005120033398270607
0.0048817964270710945
0.005918324925005436
0.00587407685816288
0.005572909954935312
0.006620538420975208
0.006557299289852381
0.006556603126227856
0.006922324188053608
0.00691246148198843
0.00791151262819767
0.007738423999398947
0.0076256184838712215
0.008739547803997993
0.007720484398305416
0.00857594795525074
0.008103773929178715
0.008844180032610893
0.009087898768484592
0.00879470445215702
0.00894424133002758
0.009514479897916317
0.008677737787365913
0.009158692322671413
0.009343666024506092
0.00913314614444971
0.00940436776727438
0.008928549475967884
0.009318353608250618
0.009405726566910744
0.009268170222640038
0.009011040441691875
0.009123687632381916
0.009167680516839027
0.009222877211868763
0.00908232107758522
0.008482475765049458
0.008915910497307777
0.008569763973355293
0.008954707533121109
0.00824802927672863
0.008342839777469635
0.008054504171013832
0.008121347986161709
0.007712814025580883
0.007123465649783611
0.008062684908509254
0.006954309996217489
0.00709285493940115
0.006832702551037073
0.0066798776388168335
0.006090014241635799
0.006564871873706579
1.6370878219604492
6.534584045410156
3.148027181625366
-11.906779289245605
-13.29002571105957
-7.078463554382324
-6.6598992347717285
-5.939462184906006
-4.722497940063477
-5.851283073425293
-5.529475688934326
-5.296052932739258
-4.92045259475708
-5.1307477951049805
-5.254641532897949
-4.959141731262207
-4.960514068603516
-5.1761579513549805
-5.147787570953369
-4.849554061889648
-4.908310413360596
-4.227260589599609
-3.9634227752685547
-4.383700370788574
-4.279385089874268
-4.438541412353516
-3.941315174102783
-4.389895439147949
-3.9515223503112793
-3.091174602508545
-3.5978941917419434
-2.4578230381011963
-2.5081586837768555
-1.9286950826644897
-1.966135025024414
-1.1719251871109009
-1.7324049472808838
-0.8243892788887024
0.02044948935508728
-0.7337620258331299
-0.6405283212661743
0.30839043855667114
0.47806882858276367
0.45973968505859375
1.7197105884552002
2.241168975830078
1.7818619012832642
2.1066861152648926
2.3941476345062256
2.6425414085388184
3.521552324295044
4.88940954208374
4.195504188537598
4.801834583282471
5.714013576507568
5.163769245147705
5.36224889755249
6.764615058898926
6.744213104248047
7.137872219085693
7.340451717376709
7.8338942527771
7.6558837890625
8.903264999389648
9.088287353515625
9.294489860534668
9.659311294555664
10.157909393310547
10.219622611999512
10.062639236450195
11.208061218261719
12.089933395385742
11.867449760437012
13.150527954101562
12.702733993530273
13.405316352844238
13.319818496704102
13.580082893371582
14.268231391906738
14.582623481750488
15.416895866394043
15.956500053405762
16.035688400268555
16.405664443969727
16.242984771728516
17.585872650146484
18.351709365844727
17.53432846069336
18.548046112060547
18.707744598388672
19.66362953186035
20.88994789123535
20.534839630126953
20.328136444091797
20.485410690307617
21.583248138427734
22.145597457885742
23.540512084960938
22.89663314819336
23.614826202392578
23.036380767822266
16.119585037231445
-31.858001708984375
-29.386398315429688
-0.0072974651120603085
-0.009387237019836903
-0.008355853147804737
-0.01067352294921875
-0.009411866776645184
-0.008232248947024345
-0.00884933676570654
-0.008684183470904827
-0.007605993654578924
-0.007884316146373749
-0.007647594902664423
-0.006780614145100117
-0.0070971413515508175
-0.006404809653759003
-0.005946457386016846
-0.005651555024087429
-0.005534371826797724
-0.004916087724268436
-0.004438478499650955
-0.004180829040706158
-0.0038083128165453672
-0.0036529761273413897
-0.003220851067453623
-0.002451654290780425
-0.0024755853228271008
-0.0013123003300279379
-0.0019922005012631416
-0.0011194965336471796
-0.0003381604910828173
-0.0004311556986067444
0.00025507292593829334
0.0007036662427708507
0.001154576544649899
0.0013385212514549494
0.001698069623671472
0.0018250010907649994
0.0028381068259477615
0.00265872897580266
0.003342738375067711
0.0033073886297643185
0.004300059285014868
0.0039795273914933205
0.004274165257811546
0.004978181794285774
0.005174100864678621
0.005634873174130917
0.005796188022941351
0.005876629613339901
0.0066418214701116085
0.005911227781325579
0.007140485104173422
0.006963011808693409
0.007204866968095303
0.00785348191857338
0.007376484572887421
0.008279500529170036
0.007833530195057392
0.008276902139186859
0.008660082705318928
0.008482740260660648
0.008209044113755226
0.00916319526731968
0.008743567392230034
0.008937893435359001
0.009202488698065281
0.009544790722429752
0.009332274086773396
0.009122581221163273
0.009554276242852211
0.009360058233141899
0.009157088585197926
0.009414988569915295
0.009444973431527615
0.009498370811343193
0.008858809247612953
0.00953635387122631
0.009021078236401081
0.009358180686831474
0.008889766409993172
0.008788839913904667
0.008801513351500034
0.008631358854472637
0.008511161431670189
0.00857204757630825
0.00792846642434597
0.008552723564207554
0.007990135811269283
0.00797547772526741
0.007422556634992361
0.007821014150977135
0.007441437337547541
0.007124764379113913
0.006937352474778891
0.006478726863861084
0.006833321414887905
0.00620868057012558
39.07625198364258
111.58475494384766
123.8175277709961
70.14291381835938
42.15251922607422
24.39073944091797
21.92532730102539
9.883626937866211
8.843204498291016
7.1898369789123535
2.4704551696777344
1.3047130107879639
-0.021736014634370804
-1.78280508518219
-1.673021674156189
-2.689765453338623
-3.348914623260498
-3.2089595794677734
-3.7761967182159424
-4.266338348388672
-4.296761989593506
-3.947829008102417
-4.420559883117676
-3.8834240436553955
-3.977898359298706
-3.819309711456299
-3.8464462757110596
-3.5030455589294434
-3.4275240898132324
-3.2454941272735596
-3.1092782020568848
-3.056941509246826
-2.446439743041992
-2.331939697265625
-1.9798290729522705
-1.6026283502578735
-1.7842447757720947
-1.0455747842788696
-1.0328476428985596
-0.5792827010154724
0.34254682064056396
0.8501155972480774
0.4075416922569275
1.5744731426239014
2.0583972930908203
1.688127875328064
2.016629219055176
2.14355731010437
2.351370096206665
3.3518662452697754
4.457188129425049
3.828333616256714
3.703442335128784
5.262978553771973
5.712102890014648
5.778812408447266
5.649081707000732
5.545933723449707
6.34126091003418
7.171453952789307
7.8503241539001465
8.069077491760254
8.79694652557373
9.086094856262207
8.977700233459473
9.090232849121094
9.8621826171875
9.761600494384766
10.822009086608887
10.882932662963867
11.16067886352539
11.471341133117676
11.787213325500488
12.342132568359375
12.665924072265625
14.171964645385742
14.640538215637207
14.8989839553833
14.955636978149414
15.161152839660645
15.382084846496582
15.77588176727295
16.445402145385742
16.56313705444336
17.78147315979004
17.592548370361328
17.734546661376953
18.61501693725586
19.014556884765625
20.117849349975586
19.911457061767578
20.266803741455078
21.17709732055664
20.852567672729492
21.957094192504883
22.60393714904785
22.1936092376709
22.6700382232666
23.438596725463867
23.11251449584961
23.109663009643555
15.627957344055176
-32.435157775878906
-30.006549835205078
-0.006746209226548672
-0.009396797977387905
-0.008097996935248375
-0.010657517239451408
-0.00945555604994297
-0.008202822878956795
-0.008653394877910614
-0.008525650948286057
-0.007726706564426422
-0.0077773043885827065
-0.00762711837887764
-0.006964972708374262
-0.006830832455307245
-0.00643127178773284
-0.005866744089871645
-0.005883189383894205
-0.005386583041399717
-0.004739244468510151
-0.00477756280452013
-0.004125605337321758
-0.0038394019939005375
-0.0032347296364605427
-0.002968112239614129
-0.0027877080719918013
-0.00216271891258657
-0.001886275364086032
-0.0013825122732669115
-0.0011072729248553514
-0.0008285514777526259
-0.0001109746954170987
-8.751228597247973e-05
0.0007872544229030609
0.0007219668477773666
0.0014331553829833865
0.0017450542654842138
0.0018679102649912238
0.0022787293419241905
0.002685125917196274
0.003037787741050124
0.0036591466050595045
0.003888388630002737
0.004368244670331478
0.004543079528957605
0.004714020993560553
0.005487264599651098
0.005360349081456661
0.005779536906629801
0.005918100476264954
0.0066231326200068
0.00617746077477932
0.007029721047729254
0.006881972309201956
0.006984443869441748
0.00755270104855299
0.00793381966650486
0.007783679757267237
0.007988669909536839
0.008204824291169643
0.008271999657154083
0.00871643889695406
0.008832251653075218
0.00830394309014082
0.009136104956269264
0.00889977440237999
0.009129218757152557
0.009072422049939632
0.009207533672451973
0.009414858184754848
0.009002347476780415
0.009639330208301544
0.009382067248225212
0.009221685118973255
0.009233474731445312
0.009938282892107964
0.009132049977779388
0.008965677581727505
0.00920881051570177
0.009104253724217415
0.008875275030732155
0.008935648016631603
0.008870153687894344
0.008390378206968307
0.008470827713608742
0.008515313267707825
0.008637430146336555
0.00823085568845272
0.007850727997720242
0.007807214744389057
0.007626858539879322
0.007522611878812313
0.007324378006160259
0.0073997811414301395
0.006311868317425251
0.006931167095899582
0.006339487619698048
0.00654373224824667
39.40535354614258
112.1762466430664
124.8793716430664
70.75151062011719
42.21034622192383
20.910999298095703
20.465763092041016
8.832613945007324
7.979315280914307
7.740713596343994
3.3340346813201904
2.461622714996338
1.1623541116714478
-0.9802605509757996
-1.4442332983016968
-2.097160577774048
-3.4353408813476562
-3.4773449897766113
-3.5284957885742188
-4.370568752288818
-4.1699652671813965
-4.381844520568848
-4.51064395904541
-4.359653949737549
-3.6817398071289062
-4.091392517089844
-3.7452290058135986
-3.2000393867492676
-4.162478446960449
-3.3118598461151123
-3.542839765548706
-2.6656641960144043
-2.439375400543213
-2.5839529037475586
-2.494386911392212
-1.0737131834030151
-1.3921797275543213
-0.8131208419799805
-0.5748921632766724
-0.17928320169448853
0.5641592144966125
1.2975353002548218
0.7875829339027405
1.2065833806991577
1.409739375114441
1.3256903886795044
2.5672080516815186
2.8167474269866943
2.914768695831299
2.5481247901916504
4.0384368896484375
4.047016143798828
3.459815263748169
5.327911853790283
4.92235803604126
5.096991539001465
5.335213661193848
5.803303241729736
6.429533958435059
6.8059797286987305
7.040045261383057
7.375493049621582
8.676112174987793
8.444875717163086
8.984923362731934
9.650057792663574
9.241711616516113
10.355206489562988
10.214302062988281
10.447327613830566
11.687819480895996
12.819867134094238
12.628165245056152
12.273059844970703
12.746634483337402
12.486382484436035
12.312939643859863
13.769378662109375
13.92982006072998
15.41278076171875
15.483960151672363
16.21250343322754
16.813257217407227
17.04654312133789
16.34235191345215
16.081111907958984
18.34250831604004
18.63404083251953
18.828182220458984
18.396041870117188
19.19746971130371
20.386173248291016
21.017135620117188
20.73438262939453
21.251611709594727
21.608806610107422
22.398944854736328
22.65332794189453
22.706647872924805
23.10984230041504
23.092937469482422
16.016984939575195
-32.36502456665039
-30.529987335205078
-0.00726902624592185
-0.009295908734202385
-0.008324883878231049
-0.01068340428173542
-0.009146802127361298
-0.008176185190677643
-0.009052721783518791
-0.008237356320023537
-0.00793156586587429
-0.007969518192112446
-0.007325257174670696
-0.007050210144370794
-0.006861903704702854
-0.006483868695795536
-0.006126021035015583
-0.005669200327247381
-0.005166169255971909
-0.004764250945299864
-0.004618595354259014
-0.004354052245616913
-0.0036540634464472532
-0.0034141703508794308
-0.0031018853187561035
-0.002459385199472308
-0.002222870010882616
-0.001982431858778
-0.001558795920573175
-0.0008602753514423966
-0.0010665350127965212
3.9802609535399824e-05
2.9337661544559523e-05
0.000763497082516551
0.001234416151419282
0.0010299204150214791
0.0019812399987131357
0.0019125562394037843
0.002179814036935568
0.002801236230880022
0.003338820533826947
0.00344495614990592
0.003993428777903318
0.004354679491370916
0.004433100111782551
0.004623358137905598
0.005353768356144428
0.005726992152631283
0.005641859024763107
0.005800365004688501
0.006486942525953054
0.006585822440683842
0.006904889829456806
0.007018896751105785
0.0069941082037985325
0.007569704204797745
0.00791801605373621
0.007962489500641823
0.007921701297163963
0.008363032713532448
0.00850734580308199
0.008288349024951458
0.00867199432104826
0.009044930338859558
0.008661514148116112
0.008880275301635265
0.008938738144934177
0.009411904029548168
0.009465525858104229
0.008923177607357502
0.009473264217376709
0.009207029826939106
0.009569834917783737
0.009264924563467503
0.009250256232917309
0.0093420734629035
0.009257415309548378
0.008963868021965027
0.009040474891662598
0.009143825620412827
0.009122354909777641
0.008594531565904617
0.008726386353373528
0.008550098165869713
0.008484434336423874
0.007975966669619083
0.008672410622239113
0.008097084239125252
0.007904497906565666
0.007424780633300543
0.007494339253753424
0.007514414377510548
0.006976617965847254
0.007322639226913452
0.006528247147798538
0.006753469817340374
0.006635245867073536
0.006314280442893505
29.908061981201172
103.56947326660156
117.82466125488281
65.54412841796875
37.661460876464844
23.843669891357422
21.196943283081055
8.20237922668457
5.635638236999512
5.403515338897705
0.997890293598175
0.41180819272994995
0.10926562547683716
-2.6059908866882324
-2.32041335105896
-2.744529962539673
-3.8859176635742188
-3.736764907836914
-3.862722396850586
-4.388213634490967
-4.033071517944336
-3.8390603065490723
-4.784101963043213
-3.923610210418701
-3.5351264476776123
-3.728971004486084
-3.424060821533203
-3.392467498779297
-3.608567476272583
-3.0657641887664795
-2.4507834911346436
-2.8812263011932373
-2.6331400871276855
-2.6310062408447266
-1.9386217594146729
-1.054892659187317
-1.2665077447891235
-1.3062522411346436
-0.05781010538339615
-0.22921431064605713
0.3074498176574707
0.07422904670238495
1.2534797191619873
1.1246378421783447
1.4100944995880127
2.0303890705108643
1.3192722797393799
2.5302112102508545
3.7099483013153076
3.7448017597198486
3.526157855987549
4.832226753234863
5.1958208084106445
4.398172855377197
4.443887710571289
5.562516212463379
5.77863883972168
6.733933448791504
7.46164083480835
6.7213454246521
7.534489631652832
7.418696403503418
7.909829616546631
8.399027824401855
8.581990242004395
8.95925235748291
9.211156845092773
9.808358192443848
10.841045379638672
12.186945915222168
11.339503288269043
11.428200721740723
12.151898384094238
12.721758842468262
12.787382125854492
13.600286483764648
13.903223991394043
14.302485466003418
13.984379768371582
13.511825561523438
14.153094291687012
14.495290756225586
15.324533462524414
15.835619926452637
16.35594940185547
16.401329040527344
17.406972885131836
17.556774139404297
17.511760711669922
18.525854110717773
18.556337356567383
19.297611236572266
19.826744079589844
19.80814552307129
20.024703979492188
20.77727508544922
21.383289337158203
21.478633880615234
21.776269912719727
22.085947036743164
21.872982025146484
16.05263900756836
-32.91298294067383
-27.82839012145996
-0.007267394103109837
-0.009437665343284607
-0.00800180621445179
-0.010868043638765812
-0.009129224345088005
-0.008050290867686272
-0.008975783362984657
-0.008469285443425179
-0.007599610835313797
-0.007934066466987133
-0.007686610333621502
-0.0065764328464865685
-0.007318181451410055
-0.006215204484760761
-0.006142661906778812
-0.005372137762606144
-0.005379075650125742
-0.004979691468179226
-0.004652848932892084
-0.004232043866068125
-0.0033943578600883484
-0.003571483539417386
-0.0029553878121078014
-0.002643872518092394
-0.0022392787504941225
-0.002003004541620612
-0.00103695597499609
-0.0011437914799898863
-0.0010530075524002314
-5.116821193951182e-05
0.0003063597541768104
0.0005542492726817727
0.0010324753820896149
0.0009961454197764397
0.0018149083480238914
0.0018336711218580604
0.002260104985907674
0.003343852935358882
0.0029454068280756474
0.003275056602433324
0.004058077000081539
0.004292042460292578
0.0047452435828745365
0.004769898019731045
0.005315304733812809
0.005569058004766703
0.005329642444849014
0.005899939686059952
0.0065577588975429535
0.006586975418031216
0.006879638880491257
0.007299856282770634
0.007210680283606052
0.007282480597496033
0.00767135014757514
0.007720214780420065
0.008014077320694923
0.00826700497418642
0.008622962981462479
0.008507559075951576
0.008303703740239143
0.00898744910955429
0.009089813567698002
0.008718585595488548
0.008914710953831673
0.009106339886784554
0.0093087088316679
0.00895262137055397
0.009315794333815575
0.009827593341469765
0.009038982912898064
0.009034174494445324
0.009331352077424526
0.009607733227312565
0.00924094207584858
0.009171213954687119
0.0095400121062994
0.009023276157677174
0.009334728121757507
0.008426597341895103
0.008709283545613289
0.009254790842533112
0.00823540985584259
0.008403114974498749
0.008274933323264122
0.008448021486401558
0.007633750326931477
0.00793842226266861
0.007900560274720192
0.007442341186106205
0.007538239471614361
0.006736538372933865
0.006918726954609156
0.006370863877236843
0.006656811572611332
0.006032581441104412
13.353784561157227
84.33512115478516
103.86961364746094
56.80427932739258
31.724529266357422
21.43942642211914
18.132793426513672
7.329461097717285
7.993479251861572
4.907886505126953
0.7231606245040894
0.9290145039558411
-0.37591224908828735
-2.1338887214660645
-1.771325707435608
-3.1934268474578857
-3.695484161376953
-3.267402172088623
-4.1241455078125
-4.257584095001221
-4.216835021972656
-3.9402718544006348
-4.323328018188477
-3.4429428577423096
-3.8369503021240234
-4.050682544708252
-3.8498528003692627
-4.020522117614746
-3.392294406890869
-3.407738447189331
-3.335000514984131
-2.2797417640686035
-2.2339277267456055
-2.0334513187408447
-1.7850277423858643
-1.6679357290267944
-1.8589131832122803
-0.16393426060676575
-0.3420668840408325
-0.591842770576477
0.2406477928161621
0.013104498386383057
0.6383795142173767
1.9847936630249023
1.8746219873428345
1.6869494915008545
2.8712666034698486
2.9365780353546143
2.8683321475982666
3.503795623779297
3.6935513019561768
3.0520360469818115
4.838494300842285
5.465092182159424
4.8653364181518555
4.640466213226318
5.245630741119385
5.284694671630859
6.060179710388184
6.802272796630859
7.262720584869385
8.604036331176758
7.9352216720581055
7.943668365478516
8.837004661560059
9.360031127929688
9.006854057312012
10.030478477478027
10.303293228149414
10.565238952636719
11.005098342895508
11.796831130981445
11.571107864379883
11.494199752807617
12.151585578918457
11.802347183227539
12.836141586303711
13.302891731262207
15.00434398651123
14.576942443847656
15.180810928344727
16.215662002563477
16.627458572387695
16.805871963500977
17.32622528076172
16.771326065063477
17.714345932006836
18.087566375732422
18.74693489074707
19.37814712524414
20.209665298461914
20.590368270874023
20.318124771118164
20.936756134033203
21.31357192993164
21.00247573852539
22.456552505493164
23.730819702148438
24.60894012451172
23.849153518676758
22.938419342041016
18.198429107666016
-31.768192291259766
-32.08266067504883
-0.00690108397975564
-0.009692025370895863
-0.008202947676181793
-0.01077620405703783
-0.009550743736326694
-0.008320583030581474
-0.009353856556117535
-0.008363226428627968
-0.00779449287801981
-0.007938777096569538
-0.007380112074315548
-0.006920074112713337
-0.0069381482899188995
-0.006052741780877113
-0.0060890838503837585
-0.005744048394262791
-0.005469891242682934
-0.004680866841226816
-0.004311445634812117
-0.004334200639277697
-0.004147169180214405
-0.0033559403382241726
-0.002960872370749712
-0.0025430568493902683
-0.00225688680075109
-0.0019687917083501816
-0.0011036960640922189
-0.0013902189675718546
-0.0001709772477624938
-0.0005113041843287647
-3.7314042856451124e-05
0.00071978650521487
0.0008499238756485283
0.0015041850274428725
0.001619286253117025
0.0020328639075160027
0.002519268309697509
0.002988728228956461
0.003006218932569027
0.0036634362768381834
0.0037582977674901485
0.004077227786183357
0.004848289303481579
0.004647429101169109
0.005228688009083271
0.0056950426660478115
0.005632744636386633
0.005734567996114492
0.006462905555963516
0.0065568857826292515
0.0064403703436255455
0.007399335503578186
0.007500090636312962
0.0075547718442976475
0.007669282611459494
0.0076340376399457455
0.008259089663624763
0.008450557477772236
0.008347568102180958
0.008459916338324547
0.008610254153609276
0.00870968122035265
0.008608231320977211
0.00934168603271246
0.009302275255322456
0.008881062269210815
0.009560832753777504
0.009222842752933502
0.009332723915576935
0.009476928040385246
0.009008103981614113
0.009385334327816963
0.009550122544169426
0.009164838120341301
0.00915250089019537
0.00895041972398758
0.009282330051064491
0.009161296300590038
0.008915379643440247
0.008420879952609539
0.009178627282381058
0.008362908847630024
0.009041983634233475
0.00838087685406208
0.008417039178311825
0.008094601333141327
0.008193611167371273
0.007599060423672199
0.007938830181956291
0.0071257250383496284
0.0071551562286913395
0.007167495787143707
0.006736181676387787
0.006945072673261166
0.0062314304523169994
0.006399515084922314
20.87962532043457
93.47134399414062
110.63773345947266
60.9140510559082
33.996726989746094
23.598590850830078
20.254926681518555
6.74514627456665
5.540328025817871
4.593871593475342
0.6593270897865295
0.3342673182487488
-0.4895705282688141
-2.4392569065093994
-2.3622803688049316
-3.441190242767334
-4.331858158111572
-4.316967487335205
-4.030457973480225
-4.353593826293945
-4.708217144012451
-4.27629280090332
-4.595150470733643
-4.096175670623779
-4.227877616882324
-3.7257399559020996
-3.592174530029297
-3.0134074687957764
-3.3845877647399902
-3.138735055923462
-2.7264695167541504
-2.8705146312713623
-2.2606077194213867
-2.1321141719818115
-2.858861207962036
-1.7373939752578735
-1.945244550704956
-0.1692405343055725
0.3424195349216461
-0.7814053297042847
-0.11899331957101822
1.0780255794525146
1.7896770238876343
1.4365191459655762
1.3606046438217163
1.8768699169158936
1.3906304836273193
2.6877152919769287
2.9467854499816895
2.7172672748565674
3.9888617992401123
3.7894415855407715
4.024593830108643
4.6100664138793945
4.667172908782959
4.778772830963135
5.133816719055176
6.19867467880249
6.18900203704834
7.075942039489746
7.219753265380859
7.561153411865234
7.821974277496338
8.19334602355957
8.630861282348633
9.922770500183105
10.13701343536377
10.190224647521973
10.210927963256836
10.389118194580078
10.900086402893066
11.632734298706055
12.267843246459961
12.089853286743164
13.38349437713623
12.649160385131836
13.48279857635498
14.387588500976562
14.043095588684082
14.298181533813477
14.907522201538086
15.932981491088867
16.474319458007812
16.14566421508789
16.659862518310547
16.562816619873047
17.765953063964844
18.162643432617188
18.526897430419922
18.571720123291016
18.459087371826172
19.733396530151367
20.079212188720703
20.892330169677734
22.103513717651367
22.387313842773438
21.88519859313965
23.082721710205078
22.903060913085938
23.432748794555664
21.475997924804688
16.348201751708984
-32.08061981201172
-29.042827606201172
-0.007309934590011835
-0.00903896614909172
-0.008750359527766705
-0.010162039659917355
-0.009576749056577682
-0.008269825018942356
-0.009031638503074646
-0.008192465640604496
-0.007722078822553158
-0.008073648437857628
-0.0072744376957416534
-0.007091015577316284
-0.006956997327506542
-0.006431045942008495
-0.006128004286438227
-0.005638437811285257
-0.0055502476170659065
-0.004753567278385162
-0.004471004940569401
-0.004088596440851688
-0.003982176538556814
-0.003496957942843437
-0.0027656364254653454
-0.002576276194304228
-0.0023827955592423677
-0.0017145404126495123
-0.0017045633867383003
-0.000884423207025975
-0.0008291738922707736
-0.0001536427007522434
0.00026994559448212385
0.0007739018765278161
0.0011243721237406135
0.0007618642412126064
0.0017740672919899225
0.0021995054557919502
0.0026496269274502993
0.0027593839913606644
0.0031758558470755816
0.0035580128896981478
0.003900776384398341
0.004062276799231768
0.004752672277390957
0.004581657703965902
0.0051256935112178326
0.00571046769618988
0.005442234221845865
0.006010241340845823
0.006394269876182079
0.0065475208684802055
0.00670121842995286
0.007336067501455545
0.006963459309190512
0.007912722416222095
0.0074399309232831
0.00782571081072092
0.008359947241842747
0.008340505883097649
0.008018371649086475
0.008582458831369877
0.009019134566187859
0.008685072883963585
0.008680279366672039
0.008825474418699741
0.009369531646370888
0.009298077784478664
0.008888131007552147
0.0089729530736804
0.009290109388530254
0.009496364742517471
0.009103252552449703
0.009228171780705452
0.00969561468809843
0.009083039127290249
0.008934592828154564
0.009387737140059471
0.008811845444142818
0.009114154614508152
0.00862038228660822
0.008907992392778397
0.008556787855923176
0.009033994749188423
0.00844987016171217
0.008510416373610497
0.008266841061413288
0.008003896102309227
0.008251572959125042
0.007788659073412418
0.007508784532546997
0.008013810962438583
0.006894259713590145
0.007450464181602001
0.006732695735991001
0.00659134890884161
0.007025194354355335
0.005815649405121803
39.228275299072266
111.65557861328125
123.86531066894531
70.12934875488281
42.61510467529297
23.996337890625
21.541820526123047
9.266117095947266
8.706521987915039
7.0807671546936035
3.0146689414978027
2.109253168106079
0.3773571848869324
-1.7512925863265991
-1.9840309619903564
-2.817723035812378
-3.113957166671753
-3.404813766479492
-3.291433334350586
-3.7781379222869873
-3.6779487133026123
-4.72800350189209
-4.217636585235596
-3.5108590126037598
-3.5961673259735107
-3.7244975566864014
-2.6243393421173096
-2.9844424724578857
-3.4203739166259766
-2.962470531463623
-3.0373551845550537
-2.5524065494537354
-2.7551281452178955
-2.595010280609131
-1.6649938821792603
-1.4083051681518555
-1.7162599563598633
-1.2409614324569702
-0.6837555766105652
-0.8058244585990906
-0.0672842487692833
0.33761507272720337
0.13559521734714508
1.1138430833816528
1.6095539331436157
1.949211835861206
2.5418224334716797
1.7234699726104736
2.0783703327178955
2.0892386436462402
4.3580241203308105
3.486325740814209
3.7689883708953857
4.840911865234375
4.021777629852295
5.250741004943848
5.9743523597717285
5.6735124588012695
6.30953311920166
6.370125770568848
6.958406925201416
7.403301239013672
7.742757320404053
7.965404510498047
8.631309509277344
8.538586616516113
9.656609535217285
8.837733268737793
8.800630569458008
10.096427917480469
11.040040969848633
11.116456985473633
12.084866523742676
11.36095905303955
11.908138275146484
12.952311515808105
13.410804748535156
14.023321151733398
14.22309684753418
13.46216869354248
14.084938049316406
14.295570373535156
16.38357925415039
16.84649658203125
16.952396392822266
16.63037872314453
18.19590187072754
17.938312530517578
17.643253326416016
18.688013076782227
19.470714569091797
20.24309539794922
20.40373992919922
20.401004791259766
21.683183670043945
21.701679229736328
22.128765106201172
23.503948211669922
22.957921981811523
24.35898208618164
22.864355087280273
15.319978713989258
-33.52088165283203
-29.862558364868164
-0.006769085768610239
-0.009237036108970642
-0.008219366893172264
-0.010517163202166557
-0.009890405461192131
-0.007996668107807636
-0.008861557580530643
-0.008193465881049633
-0.008027900010347366
-0.007796593010425568
-0.007301496807485819
-0.007001921534538269
-0.006823426578193903
-0.006213664542883635
-0.006017612759023905
-0.00577443465590477
-0.00514270830899477
-0.005280096083879471
-0.0045847538858652115
-0.0037603038363158703
-0.0037115414161235094
-0.00348566472530365
-0.0030927935149520636
-0.002720508025959134
-0.002391330199316144
-0.0017991398926824331
-0.001333974301815033
-0.0009832012001425028
-0.0007094772299751639
0.0001587319711688906
-0.00022769731003791094
0.0006989479879848659
0.0010869454126805067
0.0012271887389943004
0.0017189830541610718
0.0019852451514452696
0.0024486433248966932
0.003134076949208975
0.003376155626028776
0.0033608158119022846
0.003727907780557871
0.00448693847283721
0.004237076733261347
0.005415946710854769
0.005033631809055805
0.0057569872587919235
0.005540673620998859
0.0059559764340519905
0.006510260049253702
0.006662811152637005
0.006796835921704769
0.0070154694840312
0.0072778076864778996
0.007712429855018854
0.007624429650604725
0.007845161482691765
0.007945298217236996
0.00861130841076374
0.008432300761342049
0.008679944090545177
0.008763332851231098
0.008523376658558846
0.008901714347302914
0.009122809395194054
0.008916003629565239
0.009384775534272194
0.008836628869175911
0.009622682817280293
0.009369374252855778
0.009180266410112381
0.009439888410270214
0.009641895070672035
0.009414389729499817
0.009675164707005024
0.00910620205104351
0.00932743214070797
0.009107375517487526
0.009347501210868359
0.00885345134884119
0.00901486724615097
0.008875207975506783
0.008911887183785439
0.00883421115577221
0.008428510278463364
0.008178267627954483
0.008142529986798763
0.007650994695723057
0.00841470342129469
0.007636585272848606
0.007735809776932001
0.006656274199485779
0.007560486439615488
0.0069098761305212975
0.006579156033694744
0.006639608647674322
0.0063185617327690125
21.124189376831055
93.45323181152344
111.00529479980469
61.54596710205078
37.343360900878906
23.468942642211914
20.019330978393555
9.408692359924316
8.630643844604492
4.758244514465332
0.7648810148239136
0.8047011494636536
-0.7172008752822876
-2.1581671237945557
-1.6009117364883423
-3.011824131011963
-3.143718719482422
-3.3332362174987793
-4.124561786651611
-3.39067006111145
-3.831450939178467
-4.548925399780273
-4.166762351989746
-3.916513442993164
-4.192823886871338
-3.9118003845214844
-3.7251346111297607
-3.6041369438171387
-3.543963670730591
-3.259154796600342
-3.148022413253784
-2.8478503227233887
-2.192878246307373
-1.8729320764541626
-1.2951782941818237
-1.0759360790252686
-1.2958108186721802
-0.3224342465400696
-0.4502444863319397
0.030085364356637
0.432797908782959
-0.2709316611289978
-0.3963780105113983
1.3596032857894897
1.087517499923706
2.084707736968994
2.9649817943573
2.865081310272217
2.599548101425171
2.856574058532715
3.453533887863159
3.551769256591797
5.418978691101074
4.932425022125244
4.6598687171936035
4.932035446166992
5.099811553955078
5.589013576507568
6.273045539855957
6.063741207122803
6.944793701171875
7.523409843444824
7.309475898742676
8.219160079956055
9.11745548248291
8.598209381103516
9.625558853149414
9.06285285949707
10.270994186401367
10.855859756469727
10.8297700881958
11.772967338562012
11.7299222946167
12.147140502929688
12.475899696350098
12.046470642089844
12.61510944366455
12.951106071472168
14.031956672668457
14.040224075317383
14.984052658081055
14.950178146362305
15.221514701843262
16.305097579956055
16.022357940673828
16.31161117553711
16.720685958862305
17.06308364868164
17.8941650390625
18.957218170166016
19.173038482666016
19.61446762084961
19.863475799560547
20.623409271240234
21.309104919433594
21.474611282348633
21.973712921142578
22.60051918029785
23.0391788482666
22.26524543762207
22.046405792236328
15.492975234985352
-33.01964569091797
-29.140575408935547
-0.006923028267920017
-0.009322409518063068
-0.008167693391442299
-0.010476832278072834
-0.009246068075299263
-0.008363672532141209
-0.00886988453567028
-0.008253851905465126
-0.00769584346562624
-0.007887110114097595
-0.007331483066082001
-0.006741957273334265
-0.006914854981005192
-0.0061443643644452095
-0.006010833196341991
-0.0058256275951862335
-0.005096627864986658
-0.0049787587486207485
-0.00466562807559967
-0.004234968684613705
-0.0038803883362561464
-0.0033409458119422197
-0.002866114489734173
-0.0027440458070486784
-0.002199870068579912
-0.0017951882909983397
-0.0012276718625798821
-0.0012312905164435506
-0.0009053416433744133
-0.00011455672938609496
0.00034015491837635636
0.0003785697044804692
0.0007672657957300544
0.001448943978175521
0.0017286010552197695
0.0020086953882128
0.002515452681109309
0.0028484477661550045
0.0031418106518685818
0.0034142066724598408
0.004007070790976286
0.004127954598516226
0.004363517742604017
0.004874619655311108
0.005091610364615917
0.005758426617830992
0.005428902339190245
0.005896923132240772
0.006649814546108246
0.006306742783635855
0.006751286331564188
0.007034724112600088
0.007249253336340189
0.007646532263606787
0.00748906284570694
0.008037524297833443
0.00840478204190731
0.007738109678030014
0.008325042203068733
0.008350343443453312
0.00862172618508339
0.009109122678637505
0.00854421779513359
0.008869318291544914
0.009239699691534042
0.009222744032740593
0.0091788275167346
0.009120174683630466
0.009342231787741184
0.009111719205975533
0.00927808415144682
0.009439483284950256
0.009192632511258125
0.00962832011282444
0.008725705556571484
0.009276611730456352
0.009013812988996506
0.00906196516007185
0.008735467679798603
0.008899524807929993
0.008604446426033974
0.008782174438238144
0.008291368372738361
0.008840507827699184
0.008259559981524944
0.007941131480038166
0.007982023060321808
0.007774420082569122
0.00774170970544219
0.007468202151358128
0.007681659422814846
0.0069669499062001705
0.006574179045855999
0.00671088183298707
0.006624059285968542
0.006113071925938129
13.320840835571289
83.45319366455078
102.90040588378906
55.2650260925293
31.244155883789062
21.034509658813477
17.74388885498047
4.75842809677124
3.708831310272217
3.475433826446533
-0.8816065788269043
-0.6149845123291016
-1.1852785348892212
-2.8347558975219727
-2.482234477996826
-2.919647693634033
-3.6763863563537598
-3.773965358734131
-3.8344826698303223
-4.043756008148193
-4.202994346618652
-4.551025867462158
-4.033560752868652
-3.587279796600342
-3.8326454162597656
-3.8630599975585938
-3.201653242111206
-3.6707401275634766
-3.2888340950012207
-2.6963179111480713
-3.0914576053619385
-2.8737545013427734
-2.4174013137817383
-2.035975694656372
-2.0221564769744873
-1.2653443813323975
-1.9307935237884521
-0.4136185646057129
-0.9872371554374695
-0.797488808631897
0.4988800585269928
0.4651075303554535
1.2556759119033813
0.8706154823303223
1.5942707061767578
2.4933571815490723
2.402881145477295
2.9185681343078613
2.8730812072753906
2.9399352073669434
4.060494422912598
4.103025913238525
3.943431854248047
4.111883640289307
4.875480651855469
4.6113762855529785
5.323432445526123
6.222689628601074
6.235720634460449
7.6880974769592285
8.204345703125
7.279764652252197
8.116755485534668
8.621400833129883
9.167069435119629
8.854008674621582
9.496578216552734
10.17676830291748
10.644122123718262
11.395779609680176
11.495882034301758
12.050782203674316
12.205018997192383
12.296941757202148
13.378965377807617
13.236506462097168
13.697837829589844
13.906412124633789
13.352823257446289
14.919978141784668
16.129974365234375
15.884721755981445
16.23702621459961
15.95495319366455
16.253875732421875
17.619531631469727
17.522361755371094
18.622634887695312
18.79043960571289
18.813488006591797
20.218852996826172
20.748607635498047
20.530109405517578
21.042163848876953
21.05841064453125
21.801708221435547
21.606109619140625
21.55389976501465
22.946611404418945
22.025766372680664
22.783628463745117
15.932168960571289
-32.912818908691406
-29.3675594329834
-0.007229158189147711
-0.009235132485628128
-0.008173140697181225
-0.010744784958660603
-0.009492957964539528
-0.008197077549993992
-0.009028470143675804
-0.008056791499257088
-0.0078090825118124485
-0.008017229847609997
-0.0070043886080384254
-0.006977291312068701
-0.0066511379554867744
-0.006656329147517681
-0.006209044251590967
-0.005407304503023624
-0.005411175079643726
-0.005223360378295183
-0.004131872672587633
-0.004421107470989227
-0.0038024536333978176
-0.0032740707974880934
-0.003026303369551897
-0.0027398294769227505
-0.0020176845137029886
-0.0019683230202645063
-0.0009591843700036407
-0.0013766040792688727
-0.000624916865490377
-0.0001919906644616276
1.4575128261640202e-05
0.0006340962136164308
0.0009383860742673278
0.0008828568970784545
0.001854777685366571
0.0021927151829004288
0.002204138319939375
0.0028387473430484533
0.0031858019065111876
0.0035658678971230984
0.0036791774909943342
0.004294079262763262
0.004186608828604221
0.005120943300426006
0.005170044489204884
0.0056902216747403145
0.005761764943599701
0.005831672810018063
0.006783297751098871
0.006075101438909769
0.007217776961624622
0.007024636026471853
0.007077723741531372
0.007573915179818869
0.007594800088554621
0.008094105869531631
0.008439743891358376
0.007958009839057922
0.008354361169040203
0.008667711168527603
0.009204810485243797
0.008556334301829338
0.008505957201123238
0.009293092414736748
0.009135832078754902
0.009115137159824371
0.009063269942998886
0.009130513295531273
0.0095707131549716
0.009482776746153831
0.009187925606966019
0.0093369260430336
0.008885784074664116
0.009658535942435265
0.009323284029960632
0.008877761662006378
0.00907793641090393
0.00917388778179884
0.008938947692513466
0.009189323522150517
0.008543411269783974
0.00815584696829319
0.008905554190278053
0.008581124246120453
0.0080929696559906
0.008251003921031952
0.007743035443127155
0.007975350134074688
0.007632900960743427
0.007363730575889349
0.007408499717712402
0.007364227436482906
0.006309198681265116
0.0070525361225008965
0.006357155740261078
0.006412295158952475
12.936297416687012
83.18683624267578
102.9590835571289
55.355918884277344
32.87161636352539
16.165559768676758
15.132487297058105
4.540578365325928
5.0039167404174805
4.0756120681762695
1.0562443733215332
0.26906266808509827
-0.5610536336898804
-2.3433666229248047
-2.427396297454834
-3.118043899536133
-4.09569787979126
-3.5860843658447266
-4.118553161621094
-4.380339622497559
-3.3812804222106934
-4.146212100982666
-4.387126445770264
-4.152298927307129
-4.07809591293335
-4.025420188903809
-3.826482057571411
-3.6605753898620605
-4.087077617645264
-3.2017111778259277
-3.156271457672119
-2.6459412574768066
-2.5647575855255127
-2.1539251804351807
-2.278233289718628
-1.0996700525283813
-1.5274637937545776
-1.3445515632629395
-0.33166807889938354
-0.647895336151123
-0.17824724316596985
1.3449805974960327
0.5200371742248535
0.747211754322052
1.1320805549621582
1.4857255220413208
1.6245567798614502
2.1226894855499268
3.133930206298828
2.542970657348633
4.174080848693848
4.664214134216309
4.04071044921875
5.266657829284668
5.247868537902832
5.488748550415039
5.696800708770752
6.928097724914551
6.561589241027832
6.51846981048584
6.872706413269043
7.62103271484375
8.345418930053711
8.285024642944336
8.876470565795898
9.296753883361816
8.78166389465332
9.285969734191895
10.61245059967041
10.279581069946289
10.801080703735352
10.786543846130371
10.900080680847168
11.915606498718262
12.562503814697266
12.659171104431152
13.005239486694336
13.557093620300293
14.129979133605957
15.220413208007812
15.587125778198242
15.208165168762207
15.769838333129883
17.36655044555664
17.591625213623047
18.049346923828125
17.954345703125
17.794139862060547
17.724618911743164
19.382862091064453
19.425485610961914
19.08868408203125
20.264646530151367
21.29765510559082
21.402889251708984
21.595409393310547
21.555679321289062
22.6325626373291
23.27507781982422
23.897367477416992
23.112459182739258
16.0705623626709
-32.33704376220703
-29.923669815063477
-0.007402711547911167
-0.009245624765753746
-0.008134917356073856
-0.010570133104920387
-0.009602474048733711
-0.00827801413834095
-0.008821310475468636
-0.008525209501385689
-0.007601494900882244
-0.008279133588075638
-0.007395836059004068
-0.006672135088592768
-0.0071566300466656685
-0.006094503216445446
-0.0064592137932777405
-0.005475903395563364
-0.005472464021295309
-0.00486694136634469
-0.004817046225070953
-0.00386583199724555
-0.0038235269021242857
-0.0033898106776177883
-0.0031795832328498363
-0.0026253592222929
-0.002124201040714979
-0.0019600079394876957
-0.0013810783857479692
-0.0011361606884747744
-0.0005448242882266641
4.6533205022569746e-05
-6.0767655668314546e-05
0.0007110001752153039
0.0013272094074636698
0.0012305252021178603
0.00191299500875175
0.0020531662739813328
0.0025604241527616978
0.0023152597714215517
0.003343004733324051
0.003496867837384343
0.003755821380764246
0.004287465009838343
0.004515292588621378
0.0048819598741829395
0.0052801272831857204
0.005218681879341602
0.005731175187975168
0.006022591143846512
0.006493335124105215
0.006501438561826944
0.006344053894281387
0.007565668318420649
0.00702123437076807
0.007499490864574909
0.007232618983834982
0.007975543849170208
0.008073657751083374
0.008301007561385632
0.008520906791090965
0.008603396825492382
0.00844375230371952
0.00865066610276699
0.008840498514473438
0.009029713459312916
0.009056951850652695
0.008990299887955189
0.009326105937361717
0.009456860832870007
0.00910057220607996
0.009267863817512989
0.009444234892725945
0.0096425237134099
0.008899674750864506
0.009595800191164017
0.009231062605977058
0.00936117209494114
0.008614325895905495
0.00952198076993227
0.00909254141151905
0.008663228712975979
0.008562409318983555
0.008993180468678474
0.008937587961554527
0.008059048093855381
0.008308378048241138
0.008248928003013134
0.007421365473419428
0.008032316341996193
0.0074390629306435585
0.007361209951341152
0.00765144731849432
0.00737734604626894
0.006426090840250254
0.007029433734714985
0.00610415730625391
0.006330524571239948
13.302316665649414
83.79597473144531
107.06007385253906
64.48886108398438
28.347198486328125
23.186893463134766
17.703289031982422
11.332595825195312
7.334789276123047
4.520529270172119
1.4712328910827637
0.005453751888126135
-1.3565555810928345
-2.0873045921325684
-2.757854461669922
-3.0181331634521484
-3.9104297161102295
-3.6739718914031982
-4.234491348266602
-4.054808139801025
-4.100506782531738
-4.777052402496338
-4.843096733093262
-3.753887176513672
-3.8175716400146484
-4.19833517074585
-3.5575287342071533
-3.0947842597961426
-3.262343645095825
-2.7078888416290283
-3.1003971099853516
-2.634368658065796
-2.1788535118103027
-2.2586140632629395
-1.4863808155059814
-1.5750877857208252
-0.9523333311080933
-0.8784961700439453
-0.6855744123458862
-0.9462418556213379
-0.46935009956359863
0.7014263272285461
1.2582777738571167
0.9090083241462708
1.6406042575836182
2.0884511470794678
1.60848069190979
2.710257053375244
3.4863905906677246
3.248034715652466
2.759629011154175
3.844933032989502
4.5779924392700195
4.70340633392334
4.343227386474609
4.216541290283203
5.668501377105713
6.436680793762207
7.043551445007324
7.275696754455566
7.925482273101807
7.905447959899902
7.926652431488037
8.2767333984375
8.070272445678711
8.709572792053223
8.754891395568848
10.020831108093262
10.379773139953613
10.059375762939453
10.397714614868164
11.912809371948242
13.05518627166748
12.775487899780273
13.390172004699707
13.25904369354248
13.344026565551758
13.804461479187012
13.845460891723633
14.767677307128906
14.756065368652344
15.632303237915039
16.541545867919922
16.746061325073242
16.5458984375
17.03880500793457
16.933061599731445
17.66010856628418
19.055801391601562
18.72293472290039
19.163724899291992
19.16885757446289
19.78084373474121
20.18691635131836
20.140750885009766
21.012922286987305
20.9088134765625
21.91858673095703
22.168949127197266
23.796649932861328
22.71883201599121
16.937265396118164
-32.26100158691406
-30.47666358947754
-0.007120062597095966
-0.009347876533865929
-0.00804496742784977
-0.010618576779961586
-0.009547095745801926
-0.008055947721004486
-0.009121065959334373
-0.008352053351700306
-0.00773830059915781
-0.007809060625731945
-0.007445099297910929
-0.007200476713478565
-0.006730787456035614
-0.006337142549455166
-0.0059233177453279495
-0.006037554703652859
-0.00515814358368516
-0.005022133234888315
-0.0046842219308018684
-0.004361337516456842
-0.0039059356786310673
-0.0031924627255648375
-0.003187434747815132
-0.002618076978251338
-0.002320502419024706
-0.001728734583593905
-0.0010689542395994067
-0.001134151709266007
-0.0010367364156991243
-0.00016620263340882957
0.00018825051665771753
0.0007090416038408875
0.0010266309836879373
0.0013317150296643376
0.0017705459613353014
0.0018713645404204726
0.0025756964460015297
0.002677431097254157
0.003436445724219084
0.003621709067374468
0.003782757092267275
0.004361843224614859
0.004146391525864601
0.005030837841331959
0.005367038305848837
0.00563471857458353
0.005879854783415794
0.005932374857366085
0.00669355783611536
0.006347499787807465
0.007048667874187231
0.006808530539274216
0.007377943489700556
0.007888689637184143
0.007467164658010006
0.007952621206641197
0.008165424689650536
0.00814412534236908
0.00799338798969984
0.008957569487392902
0.008330198004841805
0.009422361850738525
0.008616370148956776
0.009157194755971432
0.008850319311022758
0.009088302962481976
0.009209619835019112
0.00925077497959137
0.009373145177960396
0.008978011086583138
0.009196413680911064
0.009796055033802986
0.009319351986050606
0.008949285373091698
0.009400805458426476
0.009145578369498253
0.008856703527271748
0.008859602734446526
0.008920827880501747
0.008837332017719746
0.008885568007826805
0.008684737607836723
0.008562145754694939
0.008320390246808529
0.008659307844936848
0.007804699242115021
0.008037492632865906
0.007925370708107948
0.007772007491439581
0.007297884672880173
0.007342156954109669
0.007315441966056824
0.006777008529752493
0.006649369839578867
0.006478799972683191
0.0059936027973890305
13.729820251464844
84.32487487792969
103.87260437011719
56.488685607910156
33.37326431274414
20.715991973876953
17.56475067138672
6.811257839202881
6.828477382659912
4.267473220825195
0.48665371537208557
0.3164742588996887
-0.6892630457878113
-2.57393479347229
-2.8060097694396973
-2.858776569366455
-3.7680039405822754
-3.5752205848693848
-4.252013683319092
-4.14877986907959
-3.9623122215270996
-4.041195869445801
-3.9648945331573486
-3.62617564201355
-3.8298377990722656
-3.6128146648406982
-3.7847397327423096
-3.598379135131836
-3.7091095447540283
-3.102170944213867
-3.064638614654541
-2.5432522296905518
-2.8237149715423584
-2.6125826835632324
-1.827410340309143
-1.2531213760375977
-1.1516857147216797
-0.21900543570518494
-1.2187029123306274
-0.029948856681585312
0.11776451021432877
-0.3765489161014557
1.0375374555587769
2.0088746547698975
1.3713011741638184
2.3153462409973145
2.412353992462158
2.6918835639953613
2.622915029525757
2.956726312637329
3.2334797382354736
3.520317792892456
4.497674465179443
5.283212661743164
5.8506059646606445
5.771458148956299
5.558371543884277
5.93038272857666
6.839596748352051
6.431807518005371
7.250189781188965
7.9604997634887695
7.532116889953613
8.299476623535156
8.975151062011719
9.253846168518066
9.500984191894531
10.458723068237305
11.033327102661133
10.859530448913574
11.3339204788208
11.05741024017334
11.318288803100586
11.789891242980957
12.381022453308105
13.523904800415039
13.555320739746094
14.032397270202637
14.239542007446289
14.666168212890625
14.651567459106445
16.27332305908203
17.21847915649414
16.58780288696289
16.977609634399414
16.99864959716797
17.838027954101562
18.058597564697266
18.52149200439453
18.150287628173828
19.341110229492188
20.358226776123047
19.970855712890625
21.076322555541992
22.192581176757812
22.427946090698242
22.639188766479492
22.61455726623535
23.383872985839844
23.805997848510742
22.81357192993164
16.045623779296875
-28.48040771484375
-37.680274963378906
-0.0073191202245652676
-0.009852485731244087
-0.008117596618831158
-0.01035664789378643
-0.009450366720557213
-0.008571848273277283
-0.008577062748372555
-0.008725534193217754
-0.007937604561448097
-0.007689482066780329
-0.007694882806390524
-0.006581620778888464
-0.007166460156440735
-0.006389284040778875
-0.0058702523820102215
-0.005617199465632439
-0.00498744985088706
-0.005278246942907572
-0.0045357802882790565
-0.004303564317524433
-0.003912694752216339
-0.003288132604211569
-0.0033908027689903975
-0.002388445660471916
-0.002033849013969302
-0.0021022383589297533
-0.0013994546607136726
-0.000948954198975116
-0.0008984000305645168
5.1839604566339403e-05
-0.00019180797971785069
0.0005918924580328166
0.0012783568818122149
0.0011246599024161696
0.001683003269135952
0.0021095776464790106
0.0026661294978111982
0.003155688289552927
0.0026417518965899944
0.003895428730174899
0.00410571601241827
0.004121561534702778
0.004531132988631725
0.004808131605386734
0.0053077274933457375
0.005735674872994423
0.005815182812511921
0.005990336649119854
0.006139096803963184
0.0066941604018211365
0.006946896202862263
0.006929880939424038
0.007131652440875769
0.007400804199278355
0.007616439368575811
0.007810698356479406
0.007881470955908298
0.008069251663982868
0.008386889472603798
0.008482170291244984
0.008897212333977222
0.008831585757434368
0.008778353221714497
0.009281174279749393
0.008783498778939247
0.009399531409144402
0.008773107081651688
0.009405647404491901
0.009474693797528744
0.009163981303572655
0.009552053175866604
0.009192858822643757
0.009184249676764011
0.009375512599945068
0.009073421359062195
0.009046641178429127
0.008860748261213303
0.009275516495108604
0.009152422659099102
0.008792580105364323
0.00887318141758442
0.008614430204033852
0.008734632283449173
0.008383547887206078
0.008190648630261421
0.007921306416392326
0.00809871032834053
0.0075773149728775024
0.00784221664071083
0.007337171584367752
0.007401482667773962
0.007357638329267502
0.0068159871734678745
0.006549874786287546
0.006276379339396954
0.00635817414149642
12.88786792755127
83.20133209228516
103.00469970703125
55.685089111328125
32.57714080810547
20.13252067565918
17.447919845581055
6.925951957702637
6.445627689361572
4.335482597351074
-0.257599413394928
0.6991958618164062
-1.404453992843628
-2.4011268615722656
-2.5208256244659424
-3.250710964202881
-3.8435962200164795
-3.1111812591552734
-4.322882652282715
-3.8287532329559326
-3.705321788787842
-4.378681182861328
-3.7120273113250732
-4.396187782287598
-4.23987340927124
-3.9069716930389404
-3.867940902709961
-3.5138964653015137
-3.456052780151367
-2.8928868770599365
-3.0117545127868652
-2.1376211643218994
-2.2920777797698975
-2.2495272159576416
-1.575824499130249
-1.1757547855377197
-1.1440129280090332
-0.8609490394592285
-1.345921277999878
-0.015942668542265892
0.25576120615005493
0.3115265369415283
0.5549901723861694
1.942694067955017
1.2999279499053955
1.7766125202178955
2.1439919471740723
1.4789361953735352
2.5629584789276123
2.862252712249756
3.586183547973633
3.8840808868408203
5.138154029846191
5.855037689208984
4.657763481140137
6.344789028167725
6.339491367340088
5.9616498947143555
6.76717472076416
6.277386665344238
6.3315935134887695
7.629788875579834
7.4916486740112305
8.744394302368164
9.016044616699219
9.453824996948242
10.155974388122559
9.692201614379883
10.792695999145508
10.786497116088867
10.930465698242188
11.353010177612305
11.338262557983398
11.419549942016602
11.54973030090332
12.371572494506836
12.725601196289062
13.631677627563477
14.576443672180176
14.886362075805664
15.374322891235352
15.75773811340332
15.65913200378418
16.898258209228516
16.915328979492188
17.07062339782715
17.954801559448242
18.15830421447754
18.40302085876465
18.70536231994629
19.24661636352539
19.305156707763672
20.147258758544922
21.597753524780273
21.541139602661133
21.793874740600586
21.406017303466797
21.875469207763672
23.24472427368164
23.664175033569336
22.774682998657227
15.521463394165039
-32.84334182739258
-29.37005043029785
-0.007024399004876614
-0.009196212515234947
-0.00823890883475542
-0.010720686987042427
-0.009638955816626549
-0.007935706526041031
-0.009299897588789463
-0.008233621716499329
-0.007603820413351059
-0.007840631529688835
-0.00743719469755888
-0.007050068583339453
-0.007125618867576122
-0.006145411171019077
-0.00595255708321929
-0.005747727118432522
-0.005124933551996946
-0.004965444095432758
-0.0045781247317790985
-0.003965403418987989
-0.0036980691365897655
-0.003298398107290268
-0.0031750649213790894
-0.002497627167031169
-0.0023012827150523663
-0.0015100917080417275
-0.0010110153816640377
-0.0014461027458310127
-0.00048479135148227215
3.035934605577495e-05
-0.00013947176921647042
0.0007389819365926087
0.0011038947850465775
0.0012903709430247545
0.0018834827933460474
0.0020746560767292976
0.0021040034480392933
0.003063356736674905
0.003648951184004545
0.00315321353264153
0.003973424434661865
0.004553109873086214
0.0041599757969379425
0.005341626703739166
0.004963228013366461
0.005477959755808115
0.005420265719294548
0.006243041250854731
0.00627842266112566
0.006433144211769104
0.00691929692402482
0.007041514851152897
0.007299395743757486
0.007746480405330658
0.007569634821265936
0.007710120175033808
0.008392988704144955
0.007891199551522732
0.008763188496232033
0.008545340970158577
0.008797647431492805
0.008863594383001328
0.008519674651324749
0.00910571776330471
0.00895714946091175
0.008977008052170277
0.009421790950000286
0.008592527359724045
0.009408362209796906
0.00899309478700161
0.009833638556301594
0.008917951956391335
0.009332665242254734
0.008933289907872677
0.009142482653260231
0.008986586704850197
0.009511600248515606
0.008508704602718353
0.009215067140758038
0.0088191581889987
0.00882895477116108
0.008279315195977688
0.008520237170159817
0.008472459390759468
0.00839642621576786
0.008147637359797955
0.007842281833291054
0.00759253790602088
0.007660561706870794
0.0075524249114096165
0.0067291343584656715
0.007019514683634043
0.007160362787544727
0.006763259880244732
0.006134700961410999
0.006093387026339769
13.050989151000977
83.41442108154297
103.1402816772461
56.12413787841797
31.404476165771484
23.269245147705078
18.873790740966797
5.053330421447754
4.749425411224365
2.7950403690338135
-0.5267351865768433
0.27225178480148315
-1.6093791723251343
-3.2084898948669434
-2.679560422897339
-3.4993579387664795
-3.7376723289489746
-4.006196975708008
-3.727672576904297
-4.143222332000732
-4.0936174392700195
-4.371122360229492
-4.542713642120361
-3.975806474685669
-3.820374011993408
-3.902188777923584
-3.592637538909912
-3.3926239013671875
-3.320931911468506
-3.313945770263672
-3.5820019245147705
-2.7080063819885254
-2.2009129524230957
-2.4126315116882324
-1.9050700664520264
-1.4112991094589233
-2.1053831577301025
-0.8131296038627625
-1.090354323387146
0.16492101550102234
0.5845917463302612
-0.42822569608688354
0.3321593105792999
1.2355718612670898
1.2438236474990845
2.155498504638672
3.2200865745544434
2.3267321586608887
2.7748050689697266
2.906752586364746
3.363129138946533
3.9513797760009766
5.680521011352539
4.604677200317383
4.261627197265625
5.409661293029785
6.011641025543213
6.253304958343506
6.170884609222412
6.490678310394287
7.148960113525391
7.38998556137085
7.43981409072876
8.613972663879395
8.517882347106934
9.307220458984375
10.251081466674805
9.81953239440918
11.075994491577148
10.465296745300293
11.009111404418945
11.497831344604492
11.758090019226074
12.14030647277832
12.919519424438477
13.259211540222168
12.105362892150879
13.536466598510742
14.139020919799805
14.97254467010498
15.29462718963623
15.829996109008789
16.138118743896484
16.712276458740234
17.17696762084961
17.673959732055664
18.088348388671875
18.58440589904785
18.702098846435547
19.339506149291992
20.149032592773438
19.866374969482422
20.438892364501953
22.135534286499023
22.377824783325195
22.427291870117188
22.38414192199707
22.447551727294922
23.036924362182617
23.57813835144043
22.474117279052734
16.335342407226562
-31.989599227905273
-30.407852172851562
-0.007111846469342709
-0.009365453384816647
-0.007979189977049828
-0.010604423470795155
-0.009398609399795532
-0.008478209376335144
-0.008979381062090397
-0.008487014099955559
-0.007437750697135925
-0.008135253563523293
-0.007249428890645504
-0.00691197207197547
-0.00690788310021162
-0.006402909755706787
-0.006132145877927542
-0.005809856578707695
-0.005237596575170755
-0.005006077233701944
-0.004700852558016777
-0.0040413555689156055
-0.003789331065490842
-0.003574058413505554
-0.0028785821050405502
-0.0029758212622255087
-0.002178383991122246
-0.0017068047309294343
-0.001414352678693831
-0.0011829801369458437
-0.0008022668771445751
8.043740308494307e-06
-7.780922896927223e-05
0.0006972475093789399
0.001048860838636756
0.0008648590883240104
0.002116711810231209
0.0018447230104357004
0.002309302566573024
0.0029287063516676426
0.00325782154686749
0.003321272088214755
0.004066055174916983
0.004180984105914831
0.004011258482933044
0.0048502543941140175
0.004963198211044073
0.005644192453473806
0.005788274575024843
0.005780394654721022
0.0063307941891252995
0.0066298022866249084
0.006867208983749151
0.006891947239637375
0.007210982497781515
0.007875257171690464
0.007518422789871693
0.008230676874518394
0.008161278441548347
0.007891030982136726
0.008362943306565285
0.008335725404322147
0.008795552887022495
0.008734224364161491
0.008778219111263752
0.008797360584139824
0.009183292277157307
0.00906691886484623
0.00939466804265976
0.008967086672782898
0.009548460133373737
0.00908566452562809
0.009260824881494045
0.009194856509566307
0.009253578260540962
0.00916154682636261
0.009499031119048595
0.009180650115013123
0.009174210950732231
0.008853455074131489
0.00882023386657238
0.009053660556674004
0.008468861691653728
0.008963996544480324
0.00848747044801712
0.008256187662482262
0.008254481479525566
0.008123278617858887
0.008014407940208912
0.007923153229057789
0.007427127566188574
0.007731391582638025
0.0071352822706103325
0.007046292070299387
0.006704993546009064
0.006108589004725218
0.006746248807758093
0.0063692606054246426
12.581184387207031
82.81390380859375
104.88294982910156
59.56571578979492
29.372695922851562
24.29494285583496
17.797555923461914
12.213902473449707
8.521302223205566
5.248297691345215
2.2270703315734863
0.9867640733718872
-0.024717995896935463
-1.6700931787490845
-2.256488800048828
-2.310945987701416
-2.9089136123657227
-2.9868156909942627
-3.1565651893615723
-3.67631459236145
-3.7912986278533936
-3.7938523292541504
-4.102538108825684
-3.7619094848632812
-3.444523572921753
-3.8366386890411377
-3.3498244285583496
-3.142028331756592
-2.909550428390503
-2.628617763519287
-3.1105005741119385
-2.593585729598999
-2.417322874069214
-2.436659574508667
-1.7380406856536865
-1.1828398704528809
-1.3101998567581177
-0.2462194412946701
-0.49671897292137146
-0.9049986004829407
0.35063454508781433
0.7057878375053406
0.5117610692977905
1.0887364149093628
1.3426789045333862
1.0118564367294312
1.3653796911239624
3.1677184104919434
3.9699771404266357
2.8929038047790527
3.8963310718536377
4.393054008483887
4.140133857727051
4.890213489532471
4.497937202453613
4.821012020111084
7.2938032150268555
6.914128303527832
6.276757717132568
6.81525182723999
6.548239231109619
7.083744049072266
8.114381790161133
8.679532051086426
9.213043212890625
9.310364723205566
9.109152793884277
10.595514297485352
10.749685287475586
10.2003173828125
11.512506484985352
11.950032234191895
12.067471504211426
12.313309669494629
13.487821578979492
12.940091133117676
13.539579391479492
13.365022659301758
14.191258430480957
14.426206588745117
14.878077507019043
16.38180923461914
15.992436408996582
16.691455841064453
17.71286964416504
17.53085708618164
17.6558895111084
17.38836669921875
18.618022918701172
18.33193588256836
18.919864654541016
19.069599151611328
20.74197006225586
20.529165267944336
20.34766387939453
21.771730422973633
21.829151153564453
22.296152114868164
22.319929122924805
23.147716522216797
22.862674713134766
16.667072296142578
-32.74094009399414
-30.224910736083984
-0.006956568453460932
-0.009237458929419518
-0.00811777077615261
-0.010841863229870796
-0.009599515236914158
-0.008160502649843693
-0.008942636661231518
-0.00863337330520153
-0.007346879690885544
-0.008014744147658348
-0.007221507374197245
-0.006952093448489904
-0.007025823928415775
-0.006043912377208471
-0.006093008443713188
-0.005923574324697256
-0.005228439811617136
-0.004746540449559689
-0.004594168625771999
-0.004408671986311674
-0.0035052713938057423
-0.003396909683942795
-0.0031640685629099607
-0.0024977654684334993
-0.0023843790404498577
-0.0017541429260745645
-0.0011087801540270448
-0.001212164992466569
-0.0005320775671862066
4.018747858935967e-05
-0.00010820212628459558
0.0006256873602978885
0.0010035487357527018
0.0009224552777595818
0.001820053905248642
0.002260396955534816
0.00212471978738904
0.0030249827541410923
0.0031554452143609524
0.0031695172656327486
0.004111007787287235
0.004417114891111851
0.004606615286320448
0.0045717027969658375
0.005394294857978821
0.005732209421694279
0.005625331308692694
0.0062212818302214146
0.0063445717096328735
0.006534084677696228
0.0064523303881287575
0.007398564368486404
0.007338277995586395
0.007273021154105663
0.007837646640837193
0.007636922411620617
0.007965452037751675
0.008178984746336937
0.008345255628228188
0.00877408217638731
0.008396533317863941
0.00880914181470871
0.00910834688693285
0.008851532824337482
0.00886380672454834
0.008940561674535275
0.009211769327521324
0.009253842756152153
0.008933784440159798
0.009234173223376274
0.009365626610815525
0.0093360161408782
0.00925864465534687
0.009598501026630402
0.009120593778789043
0.00912188459187746
0.009173479862511158
0.009097311645746231
0.00898770522326231
0.009153760969638824
0.008893650025129318
0.008631831035017967
0.00883349496871233
0.008165573701262474
0.00808256771415472
0.00830168928951025
0.007993964478373528
0.0073864394798874855
0.007882623933255672
0.007455410901457071
0.007266308180987835
0.006701470818370581
0.007201141212135553
0.006268061697483063
0.006046152673661709
0.006551033351570368
39.48725891113281
111.84886169433594
124.04753112792969
70.18284606933594
44.07618713378906
25.81378173828125
21.901622772216797
9.137231826782227
6.478538513183594
5.6135077476501465
1.3096587657928467
0.4269135892391205
0.14282898604869843
-2.631739377975464
-2.563508987426758
-2.6244418621063232
-3.6660194396972656
-3.2611618041992188
-3.154712438583374
-3.757582426071167
-3.587571382522583
-3.3637828826904297
-3.9173495769500732
-3.892179489135742
-4.038957595825195
-4.060962677001953
-3.902167797088623
-3.7452328205108643
-3.809998035430908
-3.353891372680664
-3.1069741249084473
-2.5492048263549805
-2.224057912826538
-1.8064600229263306
-1.9486554861068726
-1.0705361366271973
-1.6052970886230469
-0.3849460184574127
-0.9891403913497925
-1.133190393447876
0.1671363264322281
0.7061530947685242
0.6207396984100342
0.8785722851753235
1.6098943948745728
1.9666811227798462
1.8965904712677002
2.3849682807922363
2.713447093963623
3.34956693649292
3.1128487586975098
4.519357204437256
5.047653675079346
4.934015274047852
5.350215911865234
5.190454006195068
6.081570148468018
6.502903938293457
6.825723171234131
6.830512046813965
7.594475746154785
7.942500114440918
8.053365707397461
8.473031997680664
8.961854934692383
8.785459518432617
10.07524299621582
9.916736602783203
10.597246170043945
10.3143892288208
11.438161849975586
12.229072570800781
11.952554702758789
12.443502426147461
12.929117202758789
14.382258415222168
14.114358901977539
13.858610153198242
14.971308708190918
14.500251770019531
14.565580368041992
14.788398742675781
16.165130615234375
16.441448211669922
16.98806381225586
17.521984100341797
17.963077545166016
17.66143798828125
18.394378662109375
19.030681610107422
19.60753059387207
19.838525772094727
19.825122833251953
20.135377883911133
21.040674209594727
21.725954055786133
21.711488723754883
21.017803192138672
20.894426345825195
23.13440704345703
21.509723663330078
16.213336944580078
-27.45400047302246
-38.119564056396484
-0.007592235691845417
-0.009234853088855743
-0.008258532732725143
-0.010715838521718979
-0.009146252647042274
-0.008507725782692432
-0.008547157049179077
-0.008546393364667892
-0.007888903841376305
-0.007695885840803385
-0.0074490769766271114
-0.006990653462707996
-0.006776032038033009
-0.006288989447057247
-0.006202977616339922
-0.005569425877183676
-0.00555145088583231
-0.005138516891747713
-0.004489750601351261
-0.003646553959697485
-0.00396878644824028
-0.0035468856804072857
-0.0032497334759682417
-0.002205316908657551
-0.0022851868998259306
-0.0017059000674635172
-0.0015906201442703605
-0.001039603492245078
-0.0007381773320958018
-0.0001798508019419387
0.0003164324734825641
0.0006397253018803895
0.0008522484567947686
0.00138316978700459
0.0017349651316180825
0.0018684417009353638
0.002974433358758688
0.0026420620270073414
0.002998394425958395
0.0035152428317815065
0.004016982391476631
0.004166708327829838
0.0048645054921507835
0.004436840768903494
0.005076375789940357
0.005712026730179787
0.005533796735107899
0.005971152801066637
0.006495442241430283
0.006498596165329218
0.006883251015096903
0.006827072706073523
0.007175809238106012
0.0075601497665047646
0.007957244291901588
0.00803465023636818
0.0075747109949588776
0.008168680593371391
0.00859514158219099
0.00828967709094286
0.008910046890377998
0.008463192731142044
0.009083686396479607
0.009244192391633987
0.0089011425152421
0.009482273831963539
0.00903407298028469
0.009242713451385498
0.00955261755734682
0.008955364115536213
0.00911293551325798
0.009283086284995079
0.009416405111551285
0.009214503690600395
0.009179688058793545
0.009220822714269161
0.009146742522716522
0.008870315738022327
0.009113991633057594
0.008908063173294067
0.008853044360876083
0.00858982652425766
0.008268970996141434
0.008451382629573345
0.00868292711675167
0.007917344570159912
0.007948699407279491
0.00830533541738987
0.007745552808046341
0.0069480822421610355
0.007788804825395346
0.007016235031187534
0.006955594755709171
0.006685906555503607
0.006429640110582113
0.005934061016887426
20.728599548339844
93.31806182861328
110.53962707519531
60.84468460083008
33.716026306152344
23.286602020263672
19.76531410217285
7.654187202453613
6.367772102355957
4.4936699867248535
0.7215980291366577
-0.013726050034165382
-0.578565239906311
-2.596096992492676
-2.6508822441101074
-2.877617597579956
-4.053572654724121
-3.985081195831299
-3.7108702659606934
-4.496270179748535
-4.4301252365112305
-4.1159563064575195
-4.290304183959961
-3.2731070518493652
-3.6778006553649902
-4.137615203857422
-3.7308361530303955
-3.474407911300659
-3.810896396636963
-2.9480488300323486
-2.422208786010742
-2.2716517448425293
-2.031690835952759
-2.6187732219696045
-2.4655401706695557
-1.2015049457550049
-1.1879782676696777
-0.4574028551578522
-0.6828745007514954
0.35659676790237427
-0.004875108599662781
0.26207587122917175
0.4604106843471527
1.7306864261627197
1.9726604223251343
2.168832302093506
2.2642695903778076
2.7434263229370117
2.485154390335083
2.8086142539978027
3.60528302192688
3.5629093647003174
4.036659240722656
5.411911487579346
5.005621910095215
6.03509521484375
5.494444847106934
5.323609828948975
6.904089450836182
6.285138130187988
7.534417629241943
8.335844039916992
8.561760902404785
8.442193984985352
8.382978439331055
8.987157821655273
9.538705825805664
10.507857322692871
10.856619834899902
10.655227661132812
11.643362045288086
10.845654487609863
11.896154403686523
12.353707313537598
12.723652839660645
12.675505638122559
13.306144714355469
14.198644638061523
14.21674633026123
14.947941780090332
14.683187484741211
15.354886054992676
16.34408950805664
16.269763946533203
16.198261260986328
17.653736114501953
18.264301300048828
17.77834129333496
18.059656143188477
18.13280487060547
19.218406677246094
19.774343490600586
20.243614196777344
20.767131805419922
20.79598617553711
22.6933536529541
21.969013214111328
22.683542251586914
23.136377334594727
23.9361515045166
22.534391403198242
17.249473571777344
-25.442031860351562
-40.601112365722656
-0.007190899457782507
-0.009820466861128807
-0.00857584085315466
-0.010035552084445953
-0.010135352611541748
-0.008223598822951317
-0.008691791445016861
-0.008493938483297825
-0.007612531539052725
-0.008125796914100647
-0.007495831698179245
-0.006762891076505184
-0.007198430597782135
-0.006204034201800823
-0.0059973192401230335
-0.006018513347953558
-0.005150043871253729
-0.004792537074536085
-0.004654266871511936
-0.004104986321181059
-0.0037932354025542736
-0.003364839358255267
-0.0033239007461816072
-0.0023884549736976624
-0.0021665585227310658
-0.0018075680127367377
-0.0016919688787311316
-0.0008219277369789779
-0.0009104980854317546
-0.00019390198576729745
0.00031684909481555223
0.000791683210991323
0.0007908843690529466
0.0012258701026439667
0.0019027788657695055
0.002001833636313677
0.0027378671802580357
0.0028690113686025143
0.0029060852248221636
0.0036511304788291454
0.00415834179148078
0.00407563429325819
0.004495291970670223
0.00495521817356348
0.005139676388353109
0.005422661546617746
0.00584659306332469
0.00570891285315156
0.006429413799196482
0.006141102407127619
0.0071980818174779415
0.0072287144139409065
0.006932711694389582
0.007532919757068157
0.0074256546795368195
0.008510172367095947
0.008237998932600021
0.008031572215259075
0.008294365368783474
0.008450062945485115
0.0087579982355237
0.008688931353390217
0.009190033189952374
0.00895358994603157
0.00920590665191412
0.008927641436457634
0.009506219998002052
0.009119771420955658
0.009571466594934464
0.009115483611822128
0.009703184477984905
0.008906567469239235
0.00915616750717163
0.009506171569228172
0.009150338359177113
0.008949823677539825
0.009342411532998085
0.008881563320755959
0.008917483501136303
0.0087728351354599
0.009097949601709843
0.00847791600972414
0.008715922944247723
0.008302069269120693
0.008228921331465244
0.008123022504150867
0.0076395622454583645
0.007967188023030758
0.0077508436515927315
0.007636312395334244
0.007507841102778912
0.00681175384670496
0.006857949309051037
0.006925701163709164
0.006297409534454346
0.006391662172973156
12.966028213500977
83.0993423461914
103.0336685180664
55.743408203125
32.603965759277344
16.101581573486328
15.145484924316406
4.738581657409668
5.261920928955078
3.7492587566375732
0.665712296962738
0.3199056088924408
-0.611159086227417
-3.0495545864105225
-1.9818408489227295
-3.1242687702178955
-3.9468116760253906
-3.3436508178710938
-4.119415760040283
-3.901676893234253
-4.047938823699951
-3.713731050491333
-4.815345764160156
-4.288599967956543
-3.73585844039917
-3.809957981109619
-4.2722554206848145
-3.964743137359619
-3.288827896118164
-2.5574543476104736
-2.9781641960144043
-2.6179776191711426
-2.6140618324279785
-2.4118919372558594
-1.767669439315796
-1.4163930416107178
-1.7199703454971313
-0.6501487493515015
0.08065539598464966
0.18952135741710663
0.3660239279270172
-0.22327251732349396
0.40598106384277344
1.8228809833526611
1.9371693134307861
1.5798070430755615
1.8399794101715088
2.668705463409424
2.731517791748047
3.502455949783325
4.205418586730957
4.688697814941406
4.375307083129883
5.580139636993408
4.909733295440674
4.884763240814209
5.388315200805664
5.848019599914551
6.336201190948486
6.726240634918213
7.000956058502197
7.6837921142578125
8.85269546508789
8.458097457885742
8.586566925048828
9.5611572265625
9.906810760498047
9.874232292175293
10.285367965698242
10.805400848388672
11.557001113891602
11.50390911102295
12.79084587097168
13.040997505187988
13.12640380859375
13.473159790039062
13.699551582336426
14.676284790039062
14.647196769714355
15.452089309692383
15.928563117980957
15.764225959777832
16.435644149780273
16.846956253051758
16.66070556640625
16.721330642700195
17.560504913330078
18.087648391723633
18.724668502807617
17.889272689819336
18.463932037353516
18.841068267822266
19.379817962646484
20.62455177307129
20.582172393798828
21.2301082611084
21.682659149169922
21.737924575805664
22.223758697509766
22.481414794921875
21.830223083496094
16.347440719604492
-32.104270935058594
-29.260181427001953
-0.007199233863502741
-0.009314051829278469
-0.008248304016888142
-0.010550374165177345
-0.009566336870193481
-0.008292073383927345
-0.00872577540576458
-0.008515497669577599
-0.007414606399834156
-0.008084057830274105
-0.007422151975333691
-0.006765636149793863
-0.007066530641168356
-0.006429057568311691
-0.005897325463593006
-0.005746814887970686
-0.005204945802688599
-0.004855366889387369
-0.00448235496878624
-0.004325567744672298
-0.0038185534067451954
-0.0034640785306692123
-0.0029144734144210815
-0.0026413474697619677
-0.0022762594744563103
-0.0018439594423398376
-0.0013840593164786696
-0.000867989961989224
-0.0008111068746075034
-0.00031728146132081747
0.00028839605511166155
0.0008253278210759163
0.000911849900148809
0.0013002129271626472
0.0017492544138804078
0.0019332815427333117
0.0027110695373266935
0.002846120623871684
0.002930132206529379
0.003630824387073517
0.00416958425194025
0.00437497952952981
0.004484458360821009
0.004735269583761692
0.005207665264606476
0.005536128766834736
0.005916842259466648
0.006027034483850002
0.0064356885850429535
0.006714753806591034
0.006531611084938049
0.007209711708128452
0.007126012351363897
0.007713641971349716
0.007397393696010113
0.007791643496602774
0.00799542386084795
0.008224083110690117
0.008227160200476646
0.00892097968608141
0.008606230840086937
0.00868318136781454
0.008732226677238941
0.009187480434775352
0.008959752507507801
0.009044730104506016
0.009261399507522583
0.00907584186643362
0.009520025923848152
0.009329801425337791
0.008856181986629963
0.00950193963944912
0.009150970727205276
0.00912498403340578
0.009383082389831543
0.009358968585729599
0.008761192671954632
0.009026998654007912
0.009310754016041756
0.00887975748628378
0.009015915915369987
0.00863324198871851
0.008349734358489513
0.00889855157583952
0.008587263524532318
0.007958585396409035
0.007806356996297836
0.008216645568609238
0.007789787836372852
0.007350446190685034
0.007025560829788446
0.007558158133178949
0.006695587188005447
0.006750407628715038
0.006676291581243277
0.006420761346817017
39.4722785949707
111.5736312866211
124.04399108886719
70.0196304321289
40.50614929199219
20.32111358642578
20.241113662719727
8.770425796508789
9.146574974060059
8.316471099853516
2.7680444717407227
2.125657558441162
0.6973468661308289
-2.00368070602417
-1.4702088832855225
-2.59165620803833
-3.1438891887664795
-3.1518101692199707
-3.663724899291992
-4.405727863311768
-4.294173717498779
-4.4276533126831055
-3.7943572998046875
-4.188164234161377
-3.843895435333252
-3.7809691429138184
-3.893606662750244
-3.7415382862091064
-3.2258262634277344
-3.1512339115142822
-2.972125291824341
-2.771918773651123
-2.8975467681884766
-2.6043078899383545
-1.6064660549163818
-1.268180251121521
-1.720458984375
-0.6374989748001099
-0.8009932637214661
-0.7140801548957825
0.5033017992973328
0.5509200096130371
1.2419116497039795
0.806196391582489
1.9513206481933594
1.686920404434204
1.868798851966858
2.7897238731384277
3.1334071159362793
2.6959309577941895
3.280808687210083
3.8356640338897705
4.182895183563232
4.594880104064941
5.3213396072387695
5.429963111877441
5.615708351135254
6.3205437660217285
5.8229546546936035
6.623732089996338
7.614452362060547
8.122735977172852
8.75463581085205
8.776915550231934
8.724342346191406
9.58066463470459
9.748745918273926
9.674479484558105
10.879911422729492
10.6781587600708
10.491328239440918
11.2503080368042
12.054704666137695
12.215181350708008
12.394396781921387
13.575704574584961
13.440457344055176
14.818794250488281
14.166069030761719
14.634668350219727
14.892608642578125
15.232505798339844
15.914573669433594
15.986424446105957
16.906259536743164
18.07569694519043
18.263612747192383
18.97223663330078
18.842817306518555
18.111154556274414
18.989953994750977
19.729061126708984
20.34228515625
21.105417251586914
21.562969207763672
21.946731567382812
23.416133880615234
21.723661422729492
22.423797607421875
23.122844696044922
23.026851654052734
17.060466766357422
-32.05500793457031
-30.64850425720215
-0.007187108509242535
-0.00937157217413187
-0.008068124763667583
-0.010767752304673195
-0.00924575887620449
-0.008195916190743446
-0.00897112675011158
-0.008402246050536633
-0.00764488335698843
-0.00790739431977272
-0.0071613118052482605
-0.006937642581760883
-0.007055566646158695
-0.006591717712581158
-0.006165415048599243
-0.005534576717764139
-0.005291462875902653
-0.005098165478557348
-0.004350712988525629
-0.004271209239959717
-0.003853588830679655
-0.0033024579752236605
-0.0029872595332562923
-0.0027384627610445023
-0.0023849946446716785
-0.0016230337787419558
-0.001085504307411611
-0.0013841356849297881
-0.000809529039543122
-3.121387999271974e-05
-0.0001007829123409465
0.0007634079083800316
0.0009970205137506127
0.0010804206831380725
0.0017933588242158294
0.002144996076822281
0.002268342999741435
0.0028939787298440933
0.0030426878947764635
0.003669117111712694
0.003981263376772404
0.004055888392031193
0.004517681431025267
0.004750886466354132
0.005046701990067959
0.005552737973630428
0.005784851498901844
0.005674704909324646
0.006612780038267374
0.006673512049019337
0.006851354148238897
0.006928429007530212
0.00733399111777544
0.007521552033722401
0.007595285773277283
0.008009443059563637
0.008100094273686409
0.008573697879910469
0.008042797446250916
0.008799475617706776
0.008325109258294106
0.008878359571099281
0.009090556763112545
0.009129335172474384
0.009017061442136765
0.0090665053576231
0.009213130921125412
0.009177478961646557
0.009593306109309196
0.008775281719863415
0.009483607485890388
0.00922672264277935
0.009612476453185081
0.008874601684510708
0.009059092029929161
0.0091179134324193
0.00958295352756977
0.008918914012610912
0.008844893425703049
0.008739383891224861
0.008574254810810089
0.008602709509432316
0.008544482290744781
0.00862400233745575
0.0077888271771371365
0.00802165549248457
0.008295802399516106
0.0075784288346767426
0.007483184337615967
0.007424145936965942
0.007692741695791483
0.00694487476721406
0.007185450289398432
0.006310038268566132
0.006120148114860058
0.0065294778905808926
29.490142822265625
102.7615966796875
117.59053802490234
65.61914825439453
38.690040588378906
26.09649658203125
21.93117332458496
8.373682022094727
6.457119941711426
4.695984363555908
0.07133186608552933
0.3385966420173645
-0.7698172330856323
-3.1711065769195557
-2.474766254425049
-2.955021619796753
-3.776829957962036
-3.470127582550049
-3.59978985786438
-4.3148298263549805
-3.8265819549560547
-4.393355369567871
-3.843247890472412
-3.452535629272461
-4.034389972686768
-3.7935822010040283
-3.759148120880127
-3.6478238105773926
-3.085160493850708
-3.01725435256958
-3.1297287940979004
-3.0226075649261475
-1.928501844406128
-2.5840468406677246
-2.570721387863159
-1.7895561456680298
-1.25143301486969
-0.2500901222229004
-1.0149776935577393
-0.894511342048645
0.3180883526802063
-0.12821578979492188
0.16081461310386658
2.237212657928467
1.4454565048217773
1.7437254190444946
2.1708712577819824
2.456225872039795
2.4131431579589844
2.900385856628418
4.486592769622803
4.800117015838623
3.986114025115967
4.7750163078308105
4.639892578125
5.408074378967285
5.294735908508301
6.02004861831665
6.618155002593994
6.886570930480957
6.654799461364746
8.337930679321289
8.858131408691406
8.037878036499023
8.970280647277832
9.138903617858887
8.955674171447754
10.212302207946777
10.597382545471191
10.042913436889648
10.72920036315918
11.543365478515625
11.710575103759766
12.600664138793945
13.361852645874023
13.477312088012695
13.560659408569336
14.366836547851562
14.88764476776123
15.191108703613281
15.452537536621094
16.043216705322266
16.506389617919922
16.045696258544922
16.7746524810791
17.00155258178711
17.600889205932617
17.79399871826172
19.150867462158203
19.54042625427246
19.91921043395996
20.176578521728516
20.07725715637207
20.222900390625
20.927738189697266
22.304275512695312
22.120948791503906
22.3507022857666
22.713109970092773
23.392499923706055
23.00345802307129
16.097301483154297
-37.842613220214844
-35.72844696044922
-0.006079402752220631
-0.009326443076133728
-0.008483038283884525
-0.010487946681678295
-0.009691682644188404
-0.008386712521314621
-0.00880914181470871
-0.008412925526499748
-0.007768922485411167
-0.007832955569028854
-0.007291710935533047
-0.006893710698932409
-0.007194853387773037
-0.0062618255615234375
-0.006186184473335743
-0.005762617103755474
-0.005343620665371418
-0.004574913531541824
-0.004613339900970459
-0.0044532702304422855
-0.0034545324742794037
-0.00348185608163476
-0.0029747316148132086
-0.002852867590263486
-0.0021495609544217587
-0.0018317345529794693
-0.0014476014766842127
-0.0009722330723889172
-0.0008322967914864421
-0.00026138502289541066
-6.789667622797424e-06
0.0010035556042566895
0.0006097014993429184
0.0011506978189572692
0.0020959083922207355
0.001771709299646318
0.0026813740842044353
0.0023108269087970257
0.0037399691063910723
0.0031595651526004076
0.003968085162341595
0.004131169989705086
0.004691888578236103
0.004760829731822014
0.005290157627314329
0.005497608799487352
0.0055966367945075035
0.006078241392970085
0.006421439349651337
0.006327020935714245
0.007059473544359207
0.00693605188280344
0.007186339236795902
0.007935046218335629
0.007199788000434637
0.007749231066554785
0.008569889701902866
0.00847017765045166
0.00811321847140789
0.008396243676543236
0.009019711054861546
0.008577930741012096
0.009135259315371513
0.008654131554067135
0.00899118185043335
0.008928429335355759
0.009373721666634083
0.009038282558321953
0.009543475694954395
0.009127134457230568
0.00951947271823883
0.008953627198934555
0.009506511501967907
0.009612852707505226
0.00929956790059805
0.0091847600415349
0.009035810828208923
0.009300915524363518
0.008602566085755825
0.008844413794577122
0.008731640875339508
0.0083577586337924
0.008710520341992378
0.00836704857647419
0.008379727602005005
0.008133078925311565
0.007804507855325937
0.008184431120753288
0.007940372452139854
0.007478051818907261
0.007352656219154596
0.006823025643825531
0.007076492067426443
0.006807349622249603
0.006301359739154577
0.006538040935993195
12.627293586730957
