-2.2065792083740234
-2.2065792083740234
-7.6678056716918945
-15.618962287902832
0.007335469126701355
0.007478280924260616
0.007326420396566391
0.00666828453540802
0.006701397243887186
0.007796174846589565
0.006785667035728693
0.006839965470135212
0.00670583825558424
0.007091742940247059
0.006419611629098654
0.006776341237127781
0.006435324437916279
0.00651106983423233
0.006238335743546486
0.006214923225343227
0.0057234326377511024
0.006543607451021671
0.0061530983075499535
0.005793649237602949
0.006037221755832434
0.005883364472538233
0.005415716208517551
0.005637229885905981
0.005400283727794886
0.005794949363917112
0.004964337218552828
0.005458333063870668
0.005714963190257549
0.00403959583491087
0.0050011626444756985
0.004622341133654118
0.004713127389550209
0.004258775617927313
0.00421768706291914
0.0036847919691354036
0.004469562787562609
0.004117871634662151
0.004072247538715601
0.0033256630413234234
0.00400228938087821
0.00369675038382411
0.00354956416413188
0.003674756735563278
0.0027420255355536938
0.003272090805694461
0.0030074268579483032
0.0028512708377093077
0.0027796479407697916
0.0034235038328915834
0.0018530398374423385
0.002208589343354106
0.0033996652346104383
0.0020289982203394175
0.001990662422031164
0.0025013862177729607
0.0022475719451904297
0.002412178786471486
0.0021616104058921337
0.001225302112288773
0.0024784093257039785
0.0016332395607605577
0.0013724016025662422
0.0017252294346690178
0.0016995526384562254
0.0011176017578691244
0.001454091863706708
0.0010116106132045388
0.0018086644122377038
0.00013892770220991224
0.001291950000450015
0.0012932668905705214
0.0009130934486165643
0.0012173471041023731
0.0007812784751877189
0.0012359966058284044
0.0011013152543455362
0.0010339866857975721
0.0008018752560019493
0.001105232397094369
0.0012591156410053372
0.0003643875534180552
0.0005460738902911544
0.001443791901692748
0.0009810697520151734
0.0007510366849601269
0.0006408056942746043
0.000603453372605145
0.0009052620152942836
0.0016134902834892273
0.0009356113150715828
0.001281581586226821
0.0009929084917530417
0.0006981355254538357
0.001662736525759101
9.540005683898926
22.535816192626953
24.845487594604492
22.5122013092041
-0.41218870878219604
5.750574111938477
2.809080123901367
3.2953147888183594
2.892638921737671
2.6617884635925293
0.9004569053649902
-0.3804379105567932
-1.0285590887069702
-0.991425633430481
-1.9655325412750244
-1.7809677124023438
-1.597261905670166
-2.221778392791748
-2.705073833465576
-3.734297513961792
-3.2511425018310547
-2.4700393676757812
-3.6098427772521973
-3.631993532180786
-3.541334867477417
-4.13187313079834
-4.008505344390869
-4.441348075866699
-4.018191337585449
-4.575523853302002
-4.739651679992676
-6.619792938232422
-6.180492401123047
-5.244124889373779
-4.944571495056152
-6.438459873199463
-5.458209037780762
-6.578707695007324
-6.742018699645996
-6.776841640472412
-6.277994632720947
-6.978734016418457
-6.653994560241699
-7.070754051208496
-8.493585586547852
-8.624124526977539
-9.373896598815918
-7.242100715637207
-7.2378740310668945
-8.754051208496094
-9.628381729125977
-9.157596588134766
-8.870299339294434
-8.371538162231445
-8.766769409179688
-9.179255485534668
-8.91024398803711
-9.526089668273926
-8.898221015930176
-9.722326278686523
-9.680746078491211
-8.963980674743652
-10.23402214050293
-11.155000686645508
-10.456313133239746
-11.00212574005127
-10.694067001342773
-11.059306144714355
-11.02895450592041
-11.821654319763184
-11.151726722717285
-11.504212379455566
-12.201117515563965
-10.645955085754395
-12.585851669311523
-11.964339256286621
-11.90349006652832
-12.385271072387695
-13.28942584991455
-13.616877555847168
-14.165990829467773
-13.631057739257812
-13.46552848815918
-13.5545015335083
-14.580342292785645
-13.535406112670898
-13.513923645019531
-13.733381271362305
-13.814416885375977
-13.75141716003418
-14.3540678024292
-14.94360065460205
-15.964315414428711
-16.408472061157227
-15.719609260559082
-16.065641403198242
-15.7101469039917
-16.058713912963867
-16.013601303100586
-15.560525894165039
-16.7099666595459
-15.311094284057617
-4.172050476074219
-4.699566841125488
0.006250013597309589
0.005789490882307291
0.006467882543802261
0.00747604388743639
0.007528772111982107
0.006481777876615524
0.006919557694345713
0.006763427052646875
0.0070242853835225105
0.006787260062992573
0.006904345937073231
0.006211409345269203
0.006482332944869995
0.0062571377493441105
0.0066819749772548676
0.006404031999409199
0.0062462990172207355
0.006047282833606005
0.005966560915112495
0.005745172966271639
0.006351294461637735
0.005592602305114269
0.005482000298798084
0.005885233636945486
0.005379401613026857
0.0056206523440778255
0.004910045303404331
0.005623023957014084
0.005275800824165344
0.005095190368592739
0.0046361712738871574
0.0050458116456866264
0.0047886972315609455
0.004476286470890045
0.004373096860945225
0.004281262401491404
0.004919452127069235
0.004137018229812384
0.0035317831207066774
0.004401149228215218
0.004067498259246349
0.003146236063912511
0.0038589779287576675
0.0037151831202208996
0.002813630271703005
0.0034045495558530092
0.0031894289422780275
0.0030459449626505375
0.002999567659571767
0.0029108687303960323
0.00218975986354053
0.002522396855056286
0.003135520499199629
0.0026469985023140907
0.0025721173733472824
0.0019887867383658886
0.002110884292051196
0.0023254267871379852
0.001991116441786289
0.0018374851206317544
0.0020050934981554747
0.002104995772242546
0.0018603611970320344
0.0012278843205422163
0.001646149903535843
0.002071829978376627
0.001428436953574419
0.0012950771488249302
0.0014430119190365076
0.001780811115168035
0.0010783607140183449
0.0006012204103171825
0.0015530382515862584
0.0006407677428796887
0.0015362941194325686
0.0006784337456338108
0.0010074650635942817
0.000918222707696259
0.0013628589222207665
0.0005989751080051064
0.0011840328807011247
0.0006880980799905956
0.0012816524831578135
0.001719265477731824
0.0005897630471736193
0.0012581031769514084
7.280994759639725e-05
0.0012597307795658708
0.0008115304517559707
0.0006905265036039054
0.000618980557192117
0.0011902546975761652
0.0006445487961173058
0.0014716731384396553
0.0004444929654709995
0.0009327941806986928
-3.1013426780700684
-14.97913646697998
-17.023937225341797
-10.224156379699707
-8.613604545593262
-14.169845581054688
-4.89342737197876
-7.710514068603516
-5.15771484375
-1.7997945547103882
-1.6804111003875732
-0.8641592860221863
-1.9108355045318604
-2.8469295501708984
-1.644252061843872
-1.926830530166626
-2.30383038520813
-2.1337320804595947
-2.5458130836486816
-2.3721117973327637
-3.6536498069763184
-3.3017449378967285
-3.6674904823303223
-3.153202772140503
-2.903939723968506
-3.4219794273376465
-4.3230390548706055
-4.355733871459961
-5.161959171295166
-5.215280532836914
-5.376708984375
-5.8226704597473145
-6.201580047607422
-6.008775234222412
-5.874197959899902
-6.561279296875
-6.672943115234375
-6.537841796875
-6.705358982086182
-6.291728973388672
-6.35346794128418
-6.98032283782959
-6.997974395751953
-6.708247184753418
-7.1063737869262695
-7.710231781005859
-7.0895490646362305
-8.338567733764648
-7.584825038909912
-8.125123977661133
-8.329544067382812
-8.610017776489258
-8.533272743225098
-8.883635520935059
-8.642419815063477
-9.275140762329102
-8.88755989074707
-8.988848686218262
-9.621078491210938
-9.387517929077148
-9.637202262878418
-10.354410171508789
-10.636107444763184
-10.106290817260742
-10.531781196594238
-10.803290367126465
-11.775456428527832
-11.278091430664062
-10.886578559875488
-11.296001434326172
-10.67082405090332
-11.096135139465332
-12.592879295349121
-12.235554695129395
-13.08165168762207
-12.080169677734375
-11.79613971710205
-12.935195922851562
-12.068483352661133
-12.946871757507324
-12.23403263092041
-13.031428337097168
-14.112640380859375
-14.261514663696289
-14.94099235534668
-14.163274765014648
-14.508326530456543
-14.336172103881836
-14.206929206848145
-14.689050674438477
-15.974807739257812
-14.598177909851074
-15.677244186401367
-15.299542427062988
-15.406514167785645
-15.435338973999023
-15.563058853149414
-16.095659255981445
-16.860984802246094
-15.623109817504883
-16.008182525634766
-16.27516746520996
-6.014806270599365
-3.9215915203094482
0.006424319930374622
0.007767523173242807
0.006445632316172123
0.00651194155216217
0.006912017706781626
0.006822510622441769
0.006973413284868002
0.007094498723745346
0.00644003227353096
0.006951428949832916
0.006689430680125952
0.006513024680316448
0.006355516612529755
0.00626947870478034
0.006242540664970875
0.006346825510263443
0.006364437751471996
0.0061147017404437065
0.005991552025079727
0.005843129474669695
0.006326672621071339
0.005567209329456091
0.0053223976865410805
0.005997112952172756
0.005487565882503986
0.0053950282745063305
0.005407804157584906
0.005348206032067537
0.005605480168014765
0.004721601493656635
0.004845797084271908
0.004777482245117426
0.005177141632884741
0.0040486776269972324
0.004681671038269997
0.004690160974860191
0.003695237683132291
0.004231632687151432
0.004071890842169523
0.0037508297245949507
0.0043703485280275345
0.003400521818548441
0.003172160591930151
0.003408550750464201
0.0038066369015723467
0.003085689153522253
0.0030224157962948084
0.003236489836126566
0.002989786909893155
0.002280512358993292
0.0030623681377619505
0.003053740132600069
0.0022584456019103527
0.0027572582475841045
0.0021791826002299786
0.0014841604279354215
0.0025973711162805557
0.0017662688624113798
0.0027724881656467915
0.001445807283744216
0.0015683609526604414
0.0021544243209064007
0.0015530119417235255
0.0016899049514904618
0.0014743036590516567
0.0018553395057097077
0.001421947032213211
0.0009283929248340428
0.001195024000480771
0.001945014693774283
0.0008587047341279685
0.0013183061964809895
0.0010152121540158987
0.000943531864322722
0.0008024553535506129
0.0016284342855215073
0.0002812699822243303
0.0015075390692800283
9.423973824596033e-05
0.0015730413142591715
0.0004410809779074043
0.0005754561861976981
0.0017824547830969095
-0.00022963450464885682
0.0012199732009321451
0.0011538341641426086
0.0007745650364086032
0.0010840583126991987
0.0005721751367673278
0.0013774919789284468
0.0008585116011090577
0.0009197918698191643
0.0014021896058693528
0.0012157345190644264
0.0007267360924743116
0.0017433821922168136
-2.243715524673462
-14.646690368652344
-16.80790138244629
-9.839475631713867
-9.759241104125977
-16.057741165161133
-6.213652610778809
-7.6056060791015625
-4.386913299560547
-2.4024155139923096
-2.1487951278686523
-1.1592060327529907
-2.029545307159424
-2.3033409118652344
-2.589210271835327
-2.532524585723877
-1.7368930578231812
-3.2430248260498047
-4.178789138793945
-3.331174850463867
-2.3743605613708496
-2.415243625640869
-4.107110500335693
-2.8829309940338135
-3.730170726776123
-4.473756790161133
-4.054274559020996
-3.863776445388794
-4.509650230407715
-4.386256694793701
-5.931034564971924
-5.9485063552856445
-6.169631004333496
-6.106982707977295
-6.079270362854004
-6.023860931396484
-5.60865592956543
-5.841640949249268
-7.610264778137207
-6.569921970367432
-7.33612585067749
-8.174535751342773
-6.8620429039001465
-7.970822811126709
-7.450415134429932
-8.15605354309082
-7.563296318054199
-9.221925735473633
-8.682683944702148
-8.749992370605469
-7.999321937561035
-8.426412582397461
-8.091761589050293
-8.652504920959473
-8.160514831542969
-9.131494522094727
-9.328329086303711
-9.641633987426758
-9.526126861572266
-10.273072242736816
-9.795614242553711
-10.096850395202637
-9.500486373901367
-9.828295707702637
-10.07921028137207
-11.160982131958008
-10.291247367858887
-12.371254920959473
-12.050585746765137
-11.975733757019043
-11.465052604675293
-11.693936347961426
-11.447965621948242
-12.642106056213379
-12.306584358215332
-11.505125045776367
-12.715959548950195
-12.666756629943848
-12.483682632446289
-12.644462585449219
-13.531814575195312
-12.874101638793945
-13.270269393920898
-13.140568733215332
-12.885686874389648
-13.293861389160156
-14.128448486328125
-14.508153915405273
-14.086191177368164
-14.611837387084961
-14.419102668762207
-15.079055786132812
-14.095827102661133
-15.03661060333252
-15.210319519042969
-15.639923095703125
-16.42133140563965
-16.727947235107422
-16.686492919921875
-16.227611541748047
-15.700874328613281
-15.60136890411377
-3.4331424236297607
-4.211736679077148
0.006205541081726551
0.006358154118061066
0.006661319639533758
0.007212623953819275
0.007125381380319595
0.00673607736825943
0.00680546835064888
0.0067604705691337585
0.006838595028966665
0.0067274244502186775
0.006974278949201107
0.006360556930303574
0.006420869380235672
0.006481335498392582
0.0061582839116454124
0.006423181388527155
0.006097747478634119
0.006135611329227686
0.005894070491194725
0.006007513962686062
0.005290696397423744
0.006305667571723461
0.005640030838549137
0.005706544499844313
0.005768304690718651
0.005289409309625626
0.0048563298769295216
0.005379256792366505
0.005285122897475958
0.004783781245350838
0.005024160724133253
0.004557005595415831
0.004970861598849297
0.004971878137439489
0.004089830908924341
0.004142548888921738
0.00439635943621397
0.004295983351767063
0.004040936473757029
0.003710439894348383
0.003586484119296074
0.003771733958274126
0.0042488654144108295
0.003191036405041814
0.002956249052658677
0.003367033554241061
0.003026828169822693
0.00301494263112545
0.002833904232829809
0.003253994509577751
0.0023631572257727385
0.0023318291641771793
0.0029871666338294744
0.0023179063573479652
0.0021815462969243526
0.0023783103097230196
0.0024386350996792316
0.0020981705747544765
0.0019989816937595606
0.0019020028412342072
0.0027282594237476587
0.0013657882809638977
0.0012724690604954958
0.001985278446227312
0.0014775838935747743
0.0019412828842177987
0.0013042779173702002
0.0016481733182445168
0.0014070164179429412
0.00116052501834929
0.0013099191710352898
0.0008561246795579791
0.001195219811052084
0.001692765741609037
0.0006098148878663778
0.0007500875508412719
0.0014387022238224745
0.0009910354856401682
0.0003813659423030913
0.0016421542968600988
0.001026163692586124
0.000926549662835896
0.0004786991630680859
0.0006644375389441848
0.0016364138573408127
0.000662280828692019
0.0007807699148543179
0.0009282560204155743
0.0013511587167158723
0.001218300312757492
0.0005889047752134502
0.0011649439111351967
0.0015384512953460217
0.000888972426764667
0.0009157764725387096
0.0006650334689766169
-3.0872550010681152
-13.659042358398438
-17.114530563354492
-10.4598970413208
-10.103704452514648
-16.699684143066406
-6.674417018890381
-7.314609527587891
-3.6044697761535645
-2.163912773132324
-2.5842535495758057
-1.3634765148162842
-1.4337632656097412
-2.176210403442383
-2.149075984954834
-2.8042263984680176
-2.70371413230896
-2.7960727214813232
-3.5475852489471436
-2.9116616249084473
-2.744584798812866
-3.857814073562622
-3.393669605255127
-3.103130340576172
-3.471043109893799
-4.306264877319336
-4.665572166442871
-4.762310028076172
-4.3392767906188965
-4.008289813995361
-5.191235542297363
-5.331284046173096
-5.336539268493652
-6.141904830932617
-5.576592922210693
-6.3439040184021
-5.748031139373779
-6.743016719818115
-6.734321594238281
-6.628009796142578
-6.289500713348389
-7.331427574157715
-7.292183876037598
-6.966932773590088
-7.720973968505859
-8.24267292022705
-7.742537021636963
-7.661149501800537
-7.896813869476318
-7.444937229156494
-7.896770477294922
-8.775548934936523
-8.445477485656738
-8.825104713439941
-10.092201232910156
-9.376443862915039
-8.741411209106445
-9.975435256958008
-9.418469429016113
-9.12358283996582
-11.020357131958008
-10.237272262573242
-10.011713027954102
-9.655282974243164
-9.96979808807373
-10.304174423217773
-10.419145584106445
-10.855735778808594
-12.097688674926758
-11.94515323638916
-11.753679275512695
-11.244394302368164
-10.57501220703125
-11.234643936157227
-12.202913284301758
-12.372781753540039
-11.7485990524292
-12.101967811584473
-12.197771072387695
-12.479681015014648
-13.165140151977539
-13.815025329589844
-12.960763931274414
-14.422111511230469
-14.008807182312012
-14.944107055664062
-14.287897109985352
-14.106404304504395
-15.241650581359863
-15.067564010620117
-17.125314712524414
-15.361221313476562
-14.067471504211426
-15.551119804382324
-15.482586860656738
-16.274044036865234
-16.195478439331055
-16.336429595947266
-16.75617218017578
-17.277280807495117
-16.547046661376953
-16.242740631103516
-4.331731796264648
-4.462179660797119
0.0060593560338020325
0.006547745317220688
0.006633964832872152
0.007387983612716198
0.006856183521449566
0.006699076853692532
0.006997901014983654
0.007011109031736851
0.0066857063211500645
0.006827494595199823
0.006901557091623545
0.006665416993200779
0.00629334757104516
0.006253479514271021
0.006463950965553522
0.00628952169790864
0.006264445837587118
0.006181078031659126
0.00597797567024827
0.0058219460770487785
0.005973729304969311
0.005716141778975725
0.005769022274762392
0.00605845358222723
0.0056264582090079784
0.005115907173603773
0.00541995745152235
0.005542556289583445
0.00545047502964735
0.004852467682212591
0.004373040981590748
0.005167527124285698
0.004802290815860033
0.0046417382545769215
0.004196377471089363
0.004654553718864918
0.004512757994234562
0.003680457826703787
0.00363926705904305
0.0038582473061978817
0.0046143727377057076
0.003152083605527878
0.0038936857599765062
0.003292218316346407
0.0030812860932201147
0.003450403455644846
0.002979164244607091
0.002835192484781146
0.0029589629266411066
0.003176119877025485
0.002535110805183649
0.002818071749061346
0.0024349919985979795
0.00246255355887115
0.0024250796996057034
0.0021241253707557917
0.0018216868629679084
0.0023371013812720776
0.0022643194533884525
0.0019240441033616662
0.001716541824862361
0.0016584210097789764
0.0018441143911331892
0.001771479262970388
0.0014790354762226343
0.0017394858878105879
0.0011243211338296533
0.0011204893235117197
0.0016973918536677957
0.0016924850642681122
0.0010066196555271745
0.0012485692277550697
0.001136847073212266
0.0010444142390042543
0.001067973906174302
0.0013513530138880014
0.0007170025492087007
0.0005500813131220639
0.0020898091606795788
-0.0001250784407602623
0.0010100872023031116
0.0012256710324436426
0.0007496148464269936
0.0013890470145270228
0.0005952931242063642
0.0002969631168525666
0.001492791110649705
0.0010432694107294083
0.001463413587771356
0.00048607573262415826
0.0005519221303984523
0.0010822354815900326
0.00138795655220747
0.0009134270367212594
0.0006363042630255222
0.0015511508099734783
-2.1829755306243896
-13.974993705749512
-17.481586456298828
-10.698944091796875
-13.22789478302002
-6.869996547698975
-4.644896507263184
-7.1566162109375
-6.730101108551025
-4.324855327606201
-2.839517593383789
-2.6721041202545166
-2.4532594680786133
-2.0130109786987305
-2.628865957260132
-3.0398178100585938
-2.981213092803955
-3.414262056350708
-2.920316696166992
-3.2678394317626953
-3.4549508094787598
-3.627358913421631
-3.7793400287628174
-4.0476555824279785
-3.986856460571289
-4.780154705047607
-4.086203575134277
-4.523587703704834
-4.865487098693848
-5.31791877746582
-4.927776336669922
-4.9513630867004395
-5.278645992279053
-6.259496212005615
-5.9702301025390625
-5.689398765563965
-6.635763645172119
-6.172903537750244
-6.631357669830322
-6.51810359954834
-6.902495384216309
-7.359699249267578
-6.898426055908203
-8.078242301940918
-7.750445365905762
-8.171014785766602
-6.8549323081970215
-7.587058067321777
-7.854071617126465
-8.562812805175781
-8.073789596557617
-8.366591453552246
-8.868805885314941
-8.9227876663208
-9.13552188873291
-9.174044609069824
-9.847230911254883
-9.351724624633789
-9.731985092163086
-9.249979019165039
-9.599652290344238
-9.591547012329102
-10.216102600097656
-10.598077774047852
-10.171114921569824
-10.77278995513916
-11.123080253601074
-11.234983444213867
-12.047822952270508
-10.754846572875977
-11.702028274536133
-10.745662689208984
-11.415605545043945
-10.946138381958008
-12.107375144958496
-12.163335800170898
-12.55532169342041
-12.526034355163574
-12.658227920532227
-13.582287788391113
-13.922281265258789
-13.657049179077148
-13.292447090148926
-12.759809494018555
-13.37645149230957
-14.94996452331543
-14.696693420410156
-14.595252990722656
-14.595736503601074
-14.49315071105957
-15.010004043579102
-14.759796142578125
-15.301196098327637
-15.099406242370605
-16.321392059326172
-15.35364818572998
-15.084295272827148
-15.714289665222168
-16.429798126220703
-16.289722442626953
-16.995967864990234
-16.308696746826172
-4.990163326263428
-5.152535915374756
0.005578488111495972
0.00646838778629899
0.007148644886910915
0.007184400223195553
0.007087601814419031
0.007213394157588482
0.006483109202235937
0.006998156197369099
0.006826631724834442
0.006309744901955128
0.007269351743161678
0.0065092891454696655
0.006514096166938543
0.00638956343755126
0.00639714952558279
0.006012359168380499
0.006155970506370068
0.006429917179048061
0.005918624810874462
0.006008262280374765
0.005914932582527399
0.006061564199626446
0.005579047836363316
0.005723162088543177
0.005591264925897121
0.00548021262511611
0.005260850302875042
0.00534616457298398
0.00520712323486805
0.005265604238957167
0.004686348605901003
0.005039735697209835
0.004189028404653072
0.00474206730723381
0.004495074041187763
0.00478696683421731
0.00399918295443058
0.00414752122014761
0.0039045079611241817
0.004176703281700611
0.003854326903820038
0.0038277418352663517
0.0033873035572469234
0.0034569427371025085
0.003398663131520152
0.0034300419501960278
0.0032962921541184187
0.0030384650453925133
0.002404838800430298
0.0029512220062315464
0.0026337401941418648
0.0027355733327567577
0.002720870776101947
0.0020421287044882774
0.001998859690502286
0.0027098399586975574
0.0021168680395931005
0.002127977553755045
0.0017715441063046455
0.0022446047514677048
0.0013407705118879676
0.002094430383294821
0.0013804846676066518
0.002011102857068181
0.001292346278205514
0.0018788086017593741
0.0012958969455212355
0.001579031115397811
0.001147599657997489
0.0015692909946665168
0.0010758936405181885
0.0013534387107938528
0.0007686263998039067
0.0014284823555499315
0.0007826966466382146
0.0008949871989898384
0.0011011395836248994
0.001062892028130591
0.0011676460271701217
0.0007750312797725201
0.00145064783282578
0.0003100164176430553
0.0014106153976172209
0.00153722136747092
4.193948188913055e-05
0.0013810757081955671
0.0007117019267752767
0.0005347470287233591
0.0017322696512565017
0.0007429929100908339
0.0009497643331997097
0.0004949128488078713
0.0010848359670490026
0.0009312890470027924
0.0009001780417747796
0.0013008387759327888
-3.5547614097595215
-16.48984146118164
-18.09038734436035
-10.522119522094727
-14.398767471313477
-9.164895057678223
-6.062618732452393
-5.835822105407715
-5.693570137023926
-3.7309257984161377
-3.179607391357422
-2.517956495285034
-2.565207004547119
-2.6116886138916016
-2.495971202850342
-3.168016195297241
-2.5017659664154053
-2.09956693649292
-2.353231430053711
-2.6457791328430176
-3.729931592941284
-3.8979671001434326
-3.8688902854919434
-3.554619550704956
-4.179296493530273
-4.465126037597656
-4.915578842163086
-4.964395523071289
-4.649602890014648
-5.290530681610107
-5.093720436096191
-5.702480792999268
-6.668427467346191
-6.660797119140625
-5.889969825744629
-5.980332851409912
-5.8094282150268555
-6.07712984085083
-6.677315711975098
-7.444876670837402
-6.997223854064941
-6.325279235839844
-6.8240180015563965
-7.6552863121032715
-7.025047302246094
-7.232228755950928
-7.81970739364624
-6.762563228607178
-8.040244102478027
-7.978240013122559
-8.635770797729492
-8.740338325500488
-8.32079792022705
-8.822881698608398
-8.524051666259766
-9.726092338562012
-8.228721618652344
-9.551569938659668
-9.126594543457031
-9.55986213684082
-11.105859756469727
-10.110932350158691
-10.66111946105957
-9.611557006835938
-10.901296615600586
-9.636510848999023
-10.549707412719727
-9.73296070098877
-10.960695266723633
-12.070164680480957
-12.067986488342285
-11.304788589477539
-12.65890121459961
-11.958091735839844
-11.731724739074707
-12.469358444213867
-12.069167137145996
-12.351943016052246
-12.397241592407227
-13.444623947143555
-13.767242431640625
-13.475967407226562
-13.30560302734375
-14.071943283081055
-14.753164291381836
-14.442289352416992
-14.296699523925781
-15.334711074829102
-15.483739852905273
-14.299738883972168
-14.767504692077637
-15.187171936035156
-14.709628105163574
-15.644230842590332
-14.70867919921875
-15.169978141784668
-16.45111083984375
-16.733274459838867
-16.41431427001953
-16.559345245361328
-16.549922943115234
-15.816961288452148
-5.1131792068481445
-4.5693864822387695
0.006083608139306307
0.006383242551237345
0.006529743317514658
0.007122133858501911
0.0076734041795134544
0.00664864107966423
0.006576981395483017
0.006826314143836498
0.007015609182417393
0.006564037408679724
0.0067859492264688015
0.006407002452760935
0.0067314691841602325
0.005963267758488655
0.006413447204977274
0.006784874014556408
0.005870700813829899
0.0061345407739281654
0.006293052341789007
0.005972352810204029
0.005956492852419615
0.005914561916142702
0.005489282310009003
0.00563907902687788
0.005390164442360401
0.005801001563668251
0.005238621030002832
0.005212733056396246
0.005350017920136452
0.005151757039129734
0.004796246532350779
0.004878045525401831
0.0051137348636984825
0.004333452321588993
0.004600826185196638
0.004472691100090742
0.003764332504943013
0.004465138074010611
0.0038812621496617794
0.0037553992588073015
0.0039765071123838425
0.003343369346112013
0.0034644317347556353
0.003963793627917767
0.003332246094942093
0.0029698333237320185
0.00312739796936512
0.003057386726140976
0.002879559760913253
0.003078614128753543
0.00240601459518075
0.0026003546081483364
0.002389218658208847
0.002287172246724367
0.002526738913729787
0.0018374642822891474
0.00240067346021533
0.0018999952590093017
0.0023156548850238323
0.00150449073407799
0.0018233706941828132
0.0019040361512452364
0.0014904827112331986
0.001126261311583221
0.0016387446084991097
0.002182513242587447
0.0012147380039095879
0.0006477582501247525
0.0017982885474339128
0.0010899532353505492
0.0009264847030863166
0.0006502449396066368
0.0012006200850009918
0.001155860722064972
0.0010990661103278399
0.0007101949886418879
0.0012003338197246194
0.001211511786095798
0.0010648112511262298
0.0005561649450100958
0.0005962628638371825
0.0010684940498322248
0.0014967425959184766
0.0009366729063913226
0.0004959941143169999
0.000477935274830088
0.001435888116247952
0.0010731538059189916
0.00028788362396880984
0.0013217717641964555
0.0006929165683686733
0.0007596827344968915
0.0010372094111517072
0.0013442396884784102
0.0007147829164750874
0.000705497688613832
-2.1236844062805176
-14.181259155273438
-17.851903915405273
-10.699341773986816
-10.651498794555664
-11.521560668945312
-7.649735927581787
-6.630552768707275
-5.2366485595703125
-4.089774131774902
-3.4476675987243652
-2.640767812728882
-2.7763404846191406
-2.224468946456909
-2.7560782432556152
-2.7639594078063965
-2.4956772327423096
-2.8085947036743164
-3.405043363571167
-3.0988821983337402
-2.7960104942321777
-2.953782320022583
-1.8690853118896484
-2.924185276031494
-3.6211466789245605
-4.437991142272949
-4.473523139953613
-4.885580062866211
-4.887700080871582
-5.3073649406433105
-4.800625324249268
-6.021803855895996
-5.363496780395508
-5.8897223472595215
-6.215709209442139
-6.649038791656494
-6.116649150848389
-6.978191375732422
-7.188138008117676
-7.026928901672363
-6.9043450355529785
-7.03511905670166
-7.783406734466553
-6.799394130706787
-7.7782721519470215
-8.570858001708984
-7.456822872161865
-8.345895767211914
-7.845522880554199
-8.588592529296875
-8.651694297790527
-9.184311866760254
-9.167219161987305
-9.093944549560547
-9.485143661499023
-9.08319091796875
-10.356836318969727
-9.27868938446045
-9.307283401489258
-9.667616844177246
-9.180060386657715
-10.775114059448242
-10.190810203552246
-10.968759536743164
-11.052820205688477
-10.29098892211914
-11.101287841796875
-11.491168975830078
-11.775068283081055
-11.446459770202637
-11.881624221801758
-11.871585845947266
-11.179338455200195
-12.33112907409668
-11.723042488098145
-13.040643692016602
-12.193914413452148
-12.724174499511719
-12.281373977661133
-13.060681343078613
-13.631314277648926
-14.061444282531738
-14.64472770690918
-14.42683219909668
-14.758092880249023
-13.642361640930176
-14.188461303710938
-14.632797241210938
-14.79179573059082
-15.52624225616455
-14.992408752441406
-15.129463195800781
-15.876612663269043
-15.550875663757324
-15.624349594116211
-16.545412063598633
-16.598167419433594
-16.897098541259766
-16.552570343017578
-17.28213119506836
-17.05766487121582
-15.909571647644043
-3.977917432785034
-4.318078517913818
0.005931461229920387
0.0063895368948578835
0.0070085590705275536
0.007104852702468634
0.00720249954611063
0.006952189840376377
0.006875492632389069
0.006858316715806723
0.006683120038360357
0.006586337927728891
0.006766167469322681
0.006677691824734211
0.006576829589903355
0.006540458649396896
0.006356682628393173
0.00633161049336195
0.006424273364245892
0.006133741699159145
0.006262589246034622
0.006222488824278116
0.0057028899900615215
0.005872279405593872
0.005841194186359644
0.006000431254506111
0.005489482544362545
0.00523887574672699
0.005137435160577297
0.00534574780613184
0.005114433355629444
0.0046906908974051476
0.0048667131923139095
0.004641986917704344
0.004494159948080778
0.0052374363876879215
0.004377502948045731
0.0040196911431849
0.0045052203349769115
0.0041705286130309105
0.00410036975517869
0.003629195736721158
0.004129425622522831
0.0034088611137121916
0.0038189017213881016
0.0036113797686994076
0.0029611769132316113
0.003152587218210101
0.0030807210132479668
0.0035100006498396397
0.0026871608570218086
0.0027623523492366076
0.0027510016225278378
0.0031800803262740374
0.0026577317621558905
0.0021467343904078007
0.002405792009085417
0.0025067206006497145
0.001970598241314292
0.002367922570556402
0.0022750385105609894
0.0012846587924286723
0.0019640822429209948
0.0013870164984837174
0.0016916145104914904
0.0020301849581301212
0.0012323224218562245
0.001137654297053814
0.0011245356872677803
0.0017440177034586668
0.0013432742562144995
0.0011314587900415063
0.0015691255684942007
0.0012619515182450414
0.0010466049425303936
0.0009286935674026608
0.0007881356286816299
0.001502442522905767
0.000558652332983911
0.0016028292011469603
0.0004893240402452648
0.0015872955555096269
0.0005719572654925287
0.0005729669937863946
0.0012603389332070947
0.0008617229759693146
0.0006961651961319149
0.0008869011653587222
0.0009342582779936492
0.0009461570298299193
0.0011245952919125557
0.00046752364141866565
0.000757971836719662
0.0009236599435098469
0.0016063448274508119
0.0006303788395598531
0.0009971747640520334
0.0009063713368959725
-3.4971325397491455
-14.884069442749023
-16.401212692260742
-9.693319320678711
-8.070265769958496
-13.33643627166748
-5.036435127258301
-5.147309303283691
-3.3382530212402344
-1.8891270160675049
-1.6262075901031494
-1.7955738306045532
-2.9541397094726562
-1.9554309844970703
-1.3162915706634521
-2.7573795318603516
-3.0705931186676025
-2.885796070098877
-3.1183667182922363
-3.1205055713653564
-2.663654088973999
-2.6673052310943604
-3.1662464141845703
-3.6580917835235596
-4.811331272125244
-4.293952941894531
-4.937987327575684
-4.347042560577393
-4.2937517166137695
-5.321044921875
-4.8759989738464355
-5.705926418304443
-4.643553733825684
-5.807901382446289
-6.092626094818115
-5.942395210266113
-6.808455467224121
-6.077146053314209
-7.253239631652832
-7.248262882232666
-6.178408622741699
-7.698784828186035
-7.182948112487793
-7.426767826080322
-8.061125755310059
-7.803897857666016
-7.4435858726501465
-8.139448165893555
-7.012382507324219
-8.094898223876953
-8.043753623962402
-9.421677589416504
-8.683256149291992
-9.00287914276123
-8.358861923217773
-8.8897123336792
-8.715916633605957
-9.143814086914062
-9.11331558227539
-10.315195083618164
-10.46241283416748
-10.563210487365723
-10.518938064575195
-10.418899536132812
-10.386693954467773
-11.646103858947754
-11.128795623779297
-11.968217849731445
-12.125703811645508
-11.813352584838867
-11.97838306427002
-11.702520370483398
-12.019771575927734
-12.956092834472656
-12.818702697753906
-13.005544662475586
-12.948507308959961
-13.792335510253906
-13.787445068359375
-13.7179536819458
-13.430353164672852
-14.576922416687012
-14.939199447631836
-14.560379028320312
-15.0030517578125
-14.862322807312012
-15.133199691772461
-15.527334213256836
-16.139148712158203
-15.739219665527344
-16.11273956298828
-16.440502166748047
-16.70035171508789
-17.208019256591797
-16.95733642578125
-17.49049949645996
-17.05430030822754
-17.162817001342773
-17.135427474975586
-17.577465057373047
-17.90205955505371
-16.06961441040039
-4.388617992401123
-4.743590354919434
0.0061125983484089375
0.00646447017788887
0.007112433668226004
0.007532482035458088
0.007180158048868179
0.007062275893986225
0.007062558084726334
0.007227147929370403
0.006671929266303778
0.006689267698675394
0.0067711807787418365
0.00664713466539979
0.006768214516341686
0.006620110012590885
0.005964809563010931
0.006745924241840839
0.006246237549930811
0.005820014979690313
0.00584946945309639
0.006005043163895607
0.005962126888334751
0.005617875140160322
0.006117459386587143
0.0058107199147343636
0.005414437502622604
0.005442366003990173
0.005310418084263802
0.005710898898541927
0.005012683104723692
0.005351587198674679
0.004690567962825298
0.004834784660488367
0.004742879420518875
0.004240123555064201
0.004759396426379681
0.004665484186261892
0.004575802944600582
0.004371400456875563
0.0034243036061525345
0.0041170925833284855
0.0036623813211917877
0.003930386155843735
0.003894649911671877
0.0029267158824950457
0.003765631467103958
0.003127551404759288
0.0029753553681075573
0.0030140746384859085
0.003032308304682374
0.0028259651735424995
0.0030846847221255302
0.002162798773497343
0.0024517476558685303
0.0026087667793035507
0.002384926425293088
0.0019919031765311956
0.0020010066218674183
0.0022031848784536123
0.002307504415512085
0.0019574433099478483
0.001959053101018071
0.001176506164483726
0.0019564861431717873
0.001351049868389964
0.0011090555926784873
0.001570765278302133
0.0016437707236036658
0.0014086025767028332
0.0012208884581923485
0.0011139963753521442
0.0016638136003166437
0.0006949648377485573
0.0013512128498405218
0.0009162405622191727
0.0016154637560248375
0.0008323808433488011
0.0012143307831138372
0.0011424922849982977
0.0008313978905789554
0.00046322884736582637
0.0016980341169983149
0.0008675592252984643
0.0012120961910113692
0.000734321482013911
0.0010978099890053272
0.00085177191067487
0.00047423309297300875
0.0011794694000855088
0.0007279702695086598
0.0009210944990627468
0.0012288987636566162
0.0006555068539455533
0.0011154005769640207
0.001515969866886735
0.0008707273518666625
0.00010724514868343249
-1.9487473964691162
-12.856773376464844
-19.123933792114258
-10.480300903320312
-10.434367179870605
-7.828217506408691
-5.147693634033203
-4.213691711425781
-3.286839723587036
-2.6782419681549072
-2.2489190101623535
-2.393747091293335
-2.72210955619812
-2.317615032196045
-2.133103847503662
-2.2179741859436035
-2.265042304992676
-2.529365301132202
-2.5602598190307617
-2.502620220184326
-2.7311065196990967
-3.6600451469421387
-3.831800937652588
-3.411804676055908
-3.5293450355529785
-5.02549409866333
-4.441073894500732
-4.888973712921143
-5.274474143981934
-5.256434917449951
-5.169808864593506
-4.779768943786621
-5.715487480163574
-5.1802849769592285
-6.526893615722656
-6.2421770095825195
-6.120128631591797
-5.831742286682129
-6.847906589508057
-6.606415748596191
-6.895702362060547
-6.550245761871338
-7.151458740234375
-7.156170845031738
-7.207724571228027
-7.277080535888672
-6.955135345458984
-7.212445259094238
-6.428954124450684
-7.844637870788574
-8.3822021484375
-8.480809211730957
-8.437016487121582
-8.538555145263672
-8.70713996887207
-9.209104537963867
-9.107622146606445
-9.322835922241211
-9.71845817565918
-9.007823944091797
-9.78675651550293
-9.12669563293457
-9.969198226928711
-10.440149307250977
-9.507606506347656
-10.436976432800293
-10.140457153320312
-10.698179244995117
-10.759279251098633
-10.652602195739746
-11.221117973327637
-11.0642671585083
-11.605657577514648
-12.256217956542969
-12.169992446899414
-12.098928451538086
-12.542862892150879
-13.36987018585205
-13.148305892944336
-14.147140502929688
-14.131277084350586
-13.865777969360352
-14.046989440917969
-13.552505493164062
-13.742021560668945
-14.445284843444824
-15.727266311645508
-14.892965316772461
-14.899439811706543
-15.497871398925781
-15.576395034790039
-16.395732879638672
-15.647700309753418
-15.502346992492676
-17.104759216308594
-16.64557647705078
-16.498394012451172
-16.71265411376953
-16.971031188964844
-17.14029312133789
-17.837310791015625
-16.409637451171875
-4.56880521774292
-4.685402870178223
0.0061148894019424915
0.006432224065065384
0.006883000489324331
0.00696177314966917
0.007557319011539221
0.006906040944159031
0.006975510157644749
0.006636928766965866
0.006780021823942661
0.00695386528968811
0.006591353565454483
0.006553495768457651
0.006782795302569866
0.006236738990992308
0.006099439691752195
0.006778811104595661
0.006084705702960491
0.005841330625116825
0.006844569928944111
0.005404978059232235
0.005949472077190876
0.006092879921197891
0.005389414262026548
0.006022808142006397
0.0055096810683608055
0.005592096596956253
0.005336725153028965
0.0050922902300953865
0.005011826287955046
0.005278120748698711
0.004750523250550032
0.00525608379393816
0.004427516367286444
0.00445453729480505
0.004897291772067547
0.004164342302829027
0.00419832905754447
0.0045687174424529076
0.0031146046239882708
0.004059727769345045
0.004382515791803598
0.0033616863656789064
0.003617392387241125
0.003967522643506527
0.002893039956688881
0.003162622917443514
0.003436486702412367
0.0027711340226233006
0.003114469815045595
0.003034729976207018
0.002349427668377757
0.002692391397431493
0.0028772305231541395
0.002202493604272604
0.0025497223250567913
0.002000535139814019
0.001761184772476554
0.0022755437530577183
0.0016810472588986158
0.0020024022087454796
0.0020735827274620533
0.002059286693111062
0.0012287013232707977
0.001959655899554491
0.001949093653820455
0.00030342949321493506
0.0018230006098747253
0.0016456013545393944
0.0012793189380317926
0.0012182093923911452
0.0009632910368964076
0.0007453581783920527
0.0014593636151403189
0.0010485483799129725
0.0007584333070553839
0.0011507930466905236
0.001001265598461032
0.0009730017627589405
0.0013935500755906105
0.0009929006919264793
0.000744711491279304
0.0015571977710351348
0.0009946076897904277
0.00030667404644191265
0.0005880430107936263
0.0018585603684186935
0.0009017674019560218
0.0004923485685139894
0.0006251964368857443
0.0009944549528881907
0.0014701171312481165
0.0008989738416858017
0.0003561855701263994
0.0010989794973284006
0.0011045985156670213
0.0013255372177809477
-2.8395631313323975
-14.622599601745605
-16.749536514282227
-10.040576934814453
-14.632772445678711
-7.386898040771484
-4.769606590270996
-6.645010471343994
-6.886549472808838
-3.7511813640594482
-3.8225440979003906
-2.4804773330688477
-3.176766872406006
-2.821467161178589
-2.391439914703369
-2.821547031402588
-3.2889091968536377
-2.5602316856384277
-3.2366786003112793
-2.723278522491455
-3.065983295440674
-3.6664645671844482
-3.596251964569092
-3.3401589393615723
-3.841440200805664
-4.296598434448242
-5.259309768676758
-4.436942100524902
-5.625658988952637
-4.518826961517334
-5.05631685256958
-5.0027289390563965
-5.09665584564209
-5.8895673751831055
-6.321803569793701
-7.011046409606934
-6.393708229064941
-6.3850297927856445
-5.941257476806641
-6.810948848724365
-5.928917407989502
-6.706739902496338
-8.352601051330566
-8.978532791137695
-8.615683555603027
-8.095884323120117
-7.4865827560424805
-6.977691650390625
-7.28619909286499
-7.6118035316467285
-8.603168487548828
-8.586636543273926
-8.023870468139648
-8.011038780212402
-9.288755416870117
-8.805256843566895
-8.7241849899292
-9.649496078491211
-9.51205062866211
-10.281434059143066
-9.458863258361816
-10.696279525756836
-10.15986156463623
-10.821097373962402
-9.712370872497559
-10.564458847045898
-10.058079719543457
-10.728273391723633
-10.087125778198242
-10.577876091003418
-11.006583213806152
-11.784158706665039
-12.184541702270508
-12.993863105773926
-13.460142135620117
-11.489263534545898
-11.316834449768066
-12.101056098937988
-12.964106559753418
-13.293660163879395
-13.86999797821045
-13.499719619750977
-13.635075569152832
-14.197805404663086
-12.759970664978027
-13.737617492675781
-14.426063537597656
-14.644384384155273
-14.342451095581055
-14.243772506713867
-15.551012992858887
-15.445666313171387
-15.161979675292969
-15.99388313293457
-15.025543212890625
-16.603534698486328
-16.31519889831543
-16.62682342529297
-15.812322616577148
-16.68844223022461
-16.610578536987305
-16.141429901123047
-3.680983066558838
-4.2492594718933105
0.005780029110610485
0.0062315682880580425
0.006966535933315754
0.007140842266380787
0.007224242202937603
0.007010077126324177
0.006611370947211981
0.006980737205594778
0.006676348391920328
0.006531286984682083
0.00702673802152276
0.006418454460799694
0.006179118063300848
0.006611711345613003
0.006696541793644428
0.006147078238427639
0.0065192184410989285
0.006261649541556835
0.005880807060748339
0.006169985979795456
0.005811898969113827
0.005571693181991577
0.006112638395279646
0.005723580252379179
0.0055444128811359406
0.005553515162318945
0.005078642163425684
0.004884629510343075
0.005319271236658096
0.005037239752709866
0.005110039841383696
0.004640915431082249
0.0046442607417702675
0.004715350456535816
0.00447533093392849
0.004253736697137356
0.0038020615465939045
0.004329943098127842
0.003967628814280033
0.004239046014845371
0.0035328834783285856
0.0039879316464066505
0.0034815811086446047
0.0031998988706618547
0.003356067929416895
0.003558869706466794
0.0031699142418801785
0.002924954518675804
0.0032880729995667934
0.002720209304243326
0.002713107503950596
0.002767591504380107
0.002308304188773036
0.00271160458214581
0.002090057358145714
0.002001476939767599
0.00247218762524426
0.0021524913609027863
0.0016540950164198875
0.0018757786601781845
0.002140951808542013
0.0019704382866621017
0.0014265000354498625
0.0015866926405578852
0.0020478456281125546
0.001417997875250876
0.0012521542375907302
0.0017467271536588669
0.0014505187282338738
0.0013099964708089828
0.0010179111268371344
0.0012066387571394444
0.0013791865203529596
0.0007293699309229851
0.0014366907998919487
0.0009449449134990573
0.0008865759591571987
0.0011145146563649178
0.0005434633349068463
0.0015295424964278936
0.0007268793997354805
0.000520536326803267
0.0008663325570523739
0.0013362020254135132
0.0012108057271689177
0.0009186295792460442
0.0005908680032007396
0.001107952673919499
0.0003066099598072469
0.0009509360534138978
0.0007830647518858314
0.0014272009721025825
0.0004357305006124079
0.0014731937553733587
0.0002614971890579909
0.0014264922356233
-3.754225254058838
-15.884320259094238
-17.607141494750977
-10.786834716796875
-15.359640121459961
-10.01616382598877
-5.945683002471924
-5.917267799377441
-4.969689846038818
-3.3386688232421875
-4.14139986038208
-2.372408866882324
-2.892873525619507
-2.8881969451904297
-2.170548915863037
-2.476050615310669
-2.252781391143799
-2.9880661964416504
-3.528855085372925
-2.5164637565612793
-3.264193058013916
-3.0569283962249756
-4.176506996154785
-4.080200672149658
-3.423293352127075
-4.403345108032227
-4.003355026245117
-4.234042167663574
-4.507332801818848
-4.991314888000488
-5.246910572052002
-5.424281120300293
-6.032674312591553
-6.702699184417725
-6.919851779937744
-6.2537431716918945
-6.254177093505859
-6.116441249847412
-6.249195098876953
-7.23916482925415
-7.457810878753662
-7.958437919616699
-7.034945487976074
-7.9095330238342285
-7.547875881195068
-8.92170524597168
-7.999823570251465
-8.133399963378906
-7.997504234313965
-8.424042701721191
-7.983865261077881
-8.660341262817383
-8.463225364685059
-9.768298149108887
-8.647390365600586
-8.877275466918945
-9.156291007995605
-9.017450332641602
-9.544794082641602
-9.688191413879395
-9.436270713806152
-10.592427253723145
-10.036422729492188
-11.195112228393555
-10.010210990905762
-10.052846908569336
-11.473284721374512
-10.95037841796875
-11.250893592834473
-11.336430549621582
-10.752649307250977
-12.254084587097168
-11.764983177185059
-11.692071914672852
-11.07262134552002
-11.209152221679688
-11.593375205993652
-12.43589973449707
-12.935918807983398
-13.920034408569336
-13.592564582824707
-13.263999938964844
-13.278508186340332
-12.806343078613281
-13.413142204284668
-14.468145370483398
-14.4130220413208
-14.767733573913574
-15.784222602844238
-14.13691520690918
-16.3981876373291
-14.38304615020752
-15.567739486694336
-15.153529167175293
-15.609781265258789
-15.717306137084961
-15.62800407409668
-16.460783004760742
-16.268047332763672
-16.45860481262207
-17.05862808227539
-15.708093643188477
-5.445937156677246
-3.544534206390381
0.007132546044886112
0.007910544984042645
0.006075617857277393
0.00683806836605072
0.007360297255218029
0.007056765258312225
0.007102330215275288
0.00653477106243372
0.006812494248151779
0.00662868469953537
0.006867812480777502
0.006891888566315174
0.006227300502359867
0.0062741683796048164
0.006585246417671442
0.006334041245281696
0.006172419060021639
0.006229542661458254
0.0060248421505093575
0.006158251781016588
0.005804575979709625
0.005391670390963554
0.006030080374330282
0.005602062679827213
0.005597707815468311
0.005766185000538826
0.0050196158699691296
0.005569075234234333
0.0050719790160655975
0.005290280096232891
0.004514326341450214
0.005245929583907127
0.004739812575280666
0.004771224223077297
0.00437059486284852
0.004430529661476612
0.004158389754593372
0.004543815739452839
0.0037099483888596296
0.004300542175769806
0.003019327763468027
0.00389784574508667
0.0037946361117064953
0.003198100719600916
0.0033098533749580383
0.0033518336713314056
0.002989312633872032
0.002890694187954068
0.0032224361784756184
0.002485444536432624
0.0029436845798045397
0.0024778840597718954
0.002693102229386568
0.0021107441280037165
0.0025817861314862967
0.001948299235664308
0.001816767267882824
0.0022276449017226696
0.0023840949870646
0.0015524558257311583
0.0022027913946658373
0.0023363721556961536
0.00121209560893476
0.0016536213224753737
0.0017858324572443962
0.0014405956026166677
0.0011252409312874079
0.0015974035486578941
0.0014295417349785566
0.001825288636609912
0.001116911182180047
0.0012972895056009293
0.0008605929324403405
0.0015504737384617329
0.001075748703442514
0.00040595876635052264
0.001142911845818162
0.0015518537256866693
0.0005273632705211639
0.0015446299221366644
0.0010957723716273904
0.00041640247218310833
0.000859866093378514
0.0015760688111186028
0.0004073915188200772
0.0006698857760056853
0.0011013364419341087
0.0010549962753430009
0.0009267311543226242
0.0007329784566536546
0.000914984499104321
0.001055664848536253
0.0010706211905926466
0.0006119232857599854
0.0013705957680940628
0.0008805613033473492
-3.202665328979492
-15.518157958984375
-17.798723220825195
-9.788294792175293
-10.907098770141602
-16.98442840576172
-7.098982810974121
-7.222353935241699
-3.789891004562378
-2.3216028213500977
-2.279744863510132
-1.2945221662521362
-2.3100132942199707
-1.7771689891815186
-2.054908275604248
-3.1017391681671143
-2.169674873352051
-2.087066173553467
-2.626338481903076
-2.9533491134643555
-3.106351852416992
-3.675635576248169
-3.807762861251831
-3.347655773162842
-4.2567925453186035
-3.838820695877075
-4.6669921875
-4.1339192390441895
-4.404867649078369
-3.8045310974121094
-5.2463459968566895
-5.345088005065918
-5.689848899841309
-5.828991889953613
-5.411955833435059
-6.102232933044434
-6.256867408752441
-6.7762885093688965
-6.9495062828063965
-7.10223913192749
-6.743877410888672
-6.999277591705322
-7.118857383728027
-7.72144079208374
-8.024024963378906
-7.953594207763672
-7.591329097747803
-8.221319198608398
-8.732778549194336
-8.294017791748047
-9.017300605773926
-8.404255867004395
-8.26553726196289
-8.723257064819336
-8.84506893157959
-10.277342796325684
-9.3419189453125
-9.454078674316406
-9.214890480041504
-9.065430641174316
-9.50609016418457
-10.437520980834961
-10.362127304077148
-10.773658752441406
-10.221063613891602
-10.622551918029785
-11.21633243560791
-10.835542678833008
-11.34449291229248
-11.588533401489258
-11.719230651855469
-11.583280563354492
-12.440366744995117
-12.154973030090332
-12.702287673950195
-12.3617582321167
-12.385065078735352
-13.291267395019531
-12.227522850036621
-12.539690971374512
-12.62332534790039
-13.777238845825195
-13.520090103149414
-13.638768196105957
-14.269689559936523
-14.107203483581543
-14.012415885925293
-14.619552612304688
-14.492205619812012
-14.087786674499512
-14.713815689086914
-15.306791305541992
-16.037384033203125
-15.77843952178955
-15.700154304504395
-15.82329273223877
-16.02158546447754
-16.682939529418945
-16.536853790283203
-16.25560760498047
-16.97956085205078
-15.645589828491211
-2.423252820968628
-5.776419639587402
0.006689479108899832
0.005378942470997572
0.0072128623723983765
0.00704986834898591
0.00734516978263855
0.0071557871997356415
0.0066714161075651646
0.0068937623873353004
0.007071946747601032
0.006895957048982382
0.006498374976217747
0.006282071582973003
0.00667225057259202
0.006629117764532566
0.006011799909174442
0.00656582647934556
0.006400789134204388
0.005745423026382923
0.006456413771957159
0.006155465263873339
0.00562214246019721
0.005928355269134045
0.005846612621098757
0.005791977047920227
0.005339098162949085
0.005371323321014643
0.005494989920407534
0.004980015568435192
0.005096245091408491
0.005066626705229282
0.004876135382801294
0.004297997336834669
0.004980762954801321
0.004993107635527849
0.004076867364346981
0.004002649337053299
0.004461395088583231
0.00463327718898654
0.0034753053914755583
0.00337834726087749
0.004136460367590189
0.003734246362000704
0.0041182516142725945
0.0033301725052297115
0.0032239886932075024
0.0033878362737596035
0.003202999709174037
0.003069324418902397
0.0032198906410485506
0.0025078433100134134
0.0029775998555123806
0.002326884074136615
0.002944160485640168
0.0027352729812264442
0.002193972934037447
0.0023321430198848248
0.002204793505370617
0.001856175484135747
0.0020336646120995283
0.001971866935491562
0.002167102415114641
0.0017769966507330537
0.0019571303855627775
0.0018886320758610964
0.0009669425780884922
0.0018918931018561125
0.001179281622171402
0.0016300786519423127
0.0008607577765360475
0.002141630044206977
0.0010017562890425324
0.0006158979958854616
0.002002139575779438
0.0006727622821927071
0.0010710649657994509
0.0011817303020507097
0.0006665333057753742
0.001460866304114461
0.001069588353857398
0.000681524514220655
0.001350309932604432
0.000555239210370928
0.0008004888077266514
0.0011063824640586972
0.0010146324057132006
0.0009479816071689129
0.0009897982235997915
0.0007755357073619962
0.0008632796816527843
0.001161534572020173
0.0008739623008295894
0.0002609335642773658
0.0014653712278231978
0.0008598825079388916
0.0008309938129968941
0.0011022554244846106
-3.0732550621032715
-15.393003463745117
-18.44803237915039
-11.048990249633789
-14.605207443237305
-8.73509693145752
-5.81459903717041
-6.350912570953369
-5.990746974945068
-3.5396862030029297
-2.940375804901123
-2.3524234294891357
-1.6216247081756592
-2.5574910640716553
-2.827571153640747
-1.7992194890975952
-2.351807117462158
-2.2731595039367676
-2.7357566356658936
-2.9517691135406494
-3.21247935295105
-3.9584319591522217
-4.374327182769775
-4.3341965675354
-3.6867237091064453
-3.9358036518096924
-4.308346748352051
-4.042102813720703
-4.6103386878967285
-4.727849006652832
-5.819699287414551
-5.922316551208496
-6.675588130950928
-5.539407253265381
-5.921543598175049
-6.201930999755859
-6.809759616851807
-6.698816776275635
-6.6658477783203125
-7.6289167404174805
-7.319599151611328
-8.748953819274902
-7.209480285644531
-7.774537563323975
-8.021435737609863
-7.707247257232666
-7.288416862487793
-8.282835006713867
-7.991733551025391
-8.06125545501709
-8.294267654418945
-7.857503414154053
-8.67536735534668
-9.181764602661133
-9.319971084594727
-9.27540397644043
-8.829662322998047
-9.542648315429688
-9.024940490722656
-9.516219139099121
-9.538434028625488
-10.167832374572754
-9.771080017089844
-10.803637504577637
-9.92768383026123
-10.627501487731934
-11.284868240356445
-11.685159683227539
-11.12743854522705
-11.702459335327148
-11.19318675994873
-11.876873016357422
-11.687746047973633
-12.514342308044434
-12.668695449829102
-12.629129409790039
-12.421493530273438
-13.112492561340332
-13.0780611038208
-13.791656494140625
-13.402826309204102
-12.699438095092773
-13.589289665222168
-12.751582145690918
-14.350329399108887
-14.322805404663086
-13.888093948364258
-14.53266716003418
-13.838571548461914
-15.821769714355469
-15.268564224243164
-15.751386642456055
-15.515327453613281
-15.853378295898438
-14.45898723602295
-15.56764030456543
-16.065824508666992
-16.234861373901367
-17.123199462890625
-16.04538345336914
-15.960301399230957
-15.129388809204102
-3.3015284538269043
-4.270028114318848
0.005952644161880016
0.006012916564941406
0.006886807270348072
0.007129137869924307
0.007236170116811991
0.0065760137513279915
0.007026179227977991
0.007331208325922489
0.006390905473381281
0.006966742686927319
0.006535737309604883
0.006472759880125523
0.006401554681360722
0.006479422561824322
0.006507840007543564
0.0062276157550513744
0.0060450234450399876
0.006210313178598881
0.006081599276512861
0.006528810597956181
0.005404666066169739
0.005787278991192579
0.006159910000860691
0.005677036941051483
0.005518163554370403
0.005267749074846506
0.005174395628273487
0.00537261925637722
0.005376926623284817
0.005101000890135765
0.005027539562433958
0.004179689101874828
0.004874830134212971
0.0051460363902151585
0.003954057581722736
0.004021395463496447
0.004364554770290852
0.004413197282701731
0.004033698700368404
0.003761130152270198
0.004029837902635336
0.003299987642094493
0.0040528313256800175
0.0031122383661568165
0.0036511917132884264
0.003307592822238803
0.0025707781314849854
0.003449455602094531
0.002822661539539695
0.003222135128453374
0.002994048874825239
0.0023619551211595535
0.002636181190609932
0.002573298057541251
0.002232378115877509
0.0026095916982740164
0.002394361887127161
0.0016911666607484221
0.002352080773562193
0.002140593249350786
0.0017170844366773963
0.001855156966485083
0.0019781969022005796
0.0015594345750287175
0.0018085101619362831
0.0013623165432363749
0.00132103287614882
0.0013183385599404573
0.001216080505400896
0.001251700916327536
0.0012952774995937943
0.0007706129108555615
0.001333683729171753
0.0007553907344117761
0.001656930660828948
0.0009343312121927738
0.0008763638325035572
0.00021829750039614737
0.001203951658681035
0.000961913145147264
0.000900774379260838
0.0007633144268766046
0.001649127691052854
0.0003296562354080379
0.001201858976855874
0.0011591088259592652
0.00047287988127209246
0.0010673999786376953
0.0012017725966870785
0.000868172210175544
0.0010251249186694622
0.0006183071527630091
0.0013081844663247466
0.0019034206634387374
0.00023433023307006806
0.001617400674149394
-5.906589031219482
-18.77102279663086
-21.428510665893555
-11.623647689819336
-12.368806838989258
-9.48015308380127
-6.389946937561035
-5.212235450744629
-4.257984638214111
-3.5138440132141113
-2.2959609031677246
-1.9557393789291382
-2.678607702255249
-2.7465991973876953
-1.7537561655044556
-1.2748379707336426
-2.3967506885528564
-2.499269962310791
-3.043034315109253
-2.7083146572113037
-2.482893943786621
-3.195103883743286
-3.4279816150665283
-3.553603410720825
-3.4128825664520264
-3.4919326305389404
-3.9155471324920654
-4.750392913818359
-4.516329765319824
-4.598083019256592
-5.427560806274414
-5.646552085876465
-4.777810573577881
-5.232723236083984
-4.897581577301025
-6.149832248687744
-5.237509250640869
-6.1632890701293945
-6.627452850341797
-6.237483024597168
-6.852282524108887
-6.480281829833984
-7.197713375091553
-7.826483249664307
-7.360745429992676
-7.190895080566406
-7.997143745422363
-7.696286201477051
-8.604368209838867
-8.80604076385498
-7.670045375823975
-9.100922584533691
-8.388948440551758
-8.029394149780273
-9.54144287109375
-8.705745697021484
-8.944833755493164
-9.083536148071289
-9.244914054870605
-10.141668319702148
-10.43810749053955
-11.051697731018066
-9.787281036376953
-9.76947021484375
-9.96572208404541
-10.29184341430664
-9.698132514953613
-10.064695358276367
-10.590517044067383
-12.448114395141602
-11.741500854492188
-12.34422779083252
-11.533761978149414
-12.694851875305176
-10.959249496459961
-11.532766342163086
-11.706584930419922
-12.643172264099121
-12.705636024475098
-12.931785583496094
-12.681328773498535
-13.585980415344238
-13.256546020507812
-13.502721786499023
-13.699892044067383
-12.945419311523438
-14.55657958984375
-14.40046501159668
-14.088994979858398
-14.791099548339844
-14.386423110961914
-14.56609058380127
-14.692403793334961
-16.242048263549805
-15.891172409057617
-14.782842636108398
-15.66296672821045
-15.403806686401367
-15.533910751342773
-15.8978853225708
-16.040098190307617
-16.16864585876465
-3.04290509223938
-4.026751518249512
0.005854115821421146
0.006259804125875235
0.0068824575282633305
0.007053206209093332
0.007379299961030483
0.0068247998133301735
0.007121705450117588
0.006873149424791336
0.006384396459907293
0.006621494889259338
0.006498559378087521
0.006604690104722977
0.0064955516718328
0.006623630877584219
0.006376537028700113
0.0059800720773637295
0.006102797109633684
0.006611641496419907
0.006414462812244892
0.0057558901607990265
0.005882534198462963
0.005833817180246115
0.006021103356033564
0.005445004440844059
0.005848060827702284
0.0054860226809978485
0.005585481412708759
0.005252840928733349
0.005116513930261135
0.005427955184131861
0.004427476320415735
0.004874549340456724
0.004519911482930183
0.0054075149819254875
0.003966095857322216
0.00428191851824522
0.00430963933467865
0.003965745214372873
0.0040425886400043964
0.004237879998981953
0.003552759764716029
0.003665484022349119
0.004052759148180485
0.003271412570029497
0.0030930431094020605
0.003575854003429413
0.002914161654189229
0.0029174513183534145
0.003238095436245203
0.002763300435617566
0.0028676593210548162
0.0024753257166594267
0.002583575900644064
0.002473681466653943
0.0020836638286709785
0.00246461876668036
0.0021581752225756645
0.001805863343179226
0.002399359131231904
0.0016218654345721006
0.002008580369874835
0.0022034188732504845
0.0014254029374569654
0.0009260299848392606
0.0022135735489428043
0.001413482939824462
0.0020323998760432005
0.0010670812334865332
0.0011420362861827016
0.0009511713869869709
0.0016645530704408884
0.0009148221579380333
0.0012721013044938445
0.0015107451472431421
0.0007896748138591647
0.0006353409844450653
0.0015514749102294445
0.0009556433069519699
0.0006571334670297801
0.0017158491536974907
0.0007684245938435197
0.0009035123512148857
0.001208283705636859
0.0009338787058368325
0.0009665450197644532
0.0004399261379148811
0.0011975242523476481
0.0013874449068680406
0.0005178774008527398
0.0011703267227858305
0.0006545275682583451
0.000748606224078685
0.0009741863468661904
0.0015586294466629624
0.00042899660184048116
0.0014516079099848866
-6.457057952880859
-18.799884796142578
-19.162704467773438
-12.076897621154785
-14.46424674987793
-16.295652389526367
-4.63193416595459
-9.02680778503418
-6.489842414855957
-1.5815829038619995
-2.149630069732666
-1.045028567314148
-0.9116148948669434
-0.9526821970939636
-1.4134594202041626
-1.9311950206756592
-2.5345351696014404
-2.4810473918914795
-2.918388843536377
-3.2794737815856934
-2.2442471981048584
-3.138922929763794
-3.159238338470459
-3.255594253540039
-3.0651440620422363
-3.894958972930908
-4.662018299102783
-4.818010330200195
-4.360168933868408
-4.225068092346191
-5.320685863494873
-5.921523094177246
-6.53668737411499
-6.625207424163818
-5.941683769226074
-5.871399879455566
-6.417418479919434
-7.295361518859863
-7.106794834136963
-6.821932315826416
-7.069405555725098
-7.833593845367432
-7.6963300704956055
-7.499823093414307
-8.468402862548828
-8.160432815551758
-7.7017693519592285
-7.65185022354126
-7.4676833152771
-7.933728218078613
-8.498800277709961
-7.949930667877197
-10.22166633605957
-8.962691307067871
-8.026278495788574
-8.649267196655273
-8.825397491455078
-8.422286033630371
-9.572611808776855
-9.705240249633789
-10.05461311340332
-9.577268600463867
-10.133999824523926
-10.77625846862793
-11.094648361206055
-10.695568084716797
-10.526193618774414
-10.608007431030273
-10.86156177520752
-11.75689697265625
-11.291460037231445
-10.799603462219238
-11.825241088867188
-12.32770824432373
-12.244089126586914
-11.944331169128418
-12.933868408203125
-12.637092590332031
-12.273448944091797
-12.49934196472168
-12.717246055603027
-13.552973747253418
-13.468417167663574
-13.838884353637695
-14.12725830078125
-14.567049980163574
-15.028867721557617
-14.95312786102295
-15.066072463989258
-14.341768264770508
-14.24933910369873
-15.248380661010742
-14.8514404296875
-15.785140991210938
-14.928678512573242
-16.115209579467773
-17.02858543395996
-16.495630264282227
-16.209537506103516
-17.350955963134766
-15.794713020324707
-15.243736267089844
-3.96216082572937
-4.5960774421691895
0.006104069296270609
0.0060901520773768425
0.006712733302265406
0.007370085455477238
0.007238642778247595
0.006868314929306507
0.006598223932087421
0.006838870234787464
0.006787760648876429
0.006731702946126461
0.007228226866573095
0.006168982945382595
0.006837052758783102
0.006363707594573498
0.00684394920244813
0.006124153267592192
0.006131426896899939
0.006493111606687307
0.006208132021129131
0.005938570015132427
0.005885343067348003
0.005815755110234022
0.005416858475655317
0.006037852261215448
0.005927166901528835
0.005281179212033749
0.005335631314665079
0.005214410368353128
0.004943865351378918
0.00520832696929574
0.004809094127267599
0.0044958824291825294
0.004622003994882107
0.004338311962783337
0.004751428496092558
0.004521696362644434
0.004061577841639519
0.004151210188865662
0.0039528170600533485
0.003938435576856136
0.003907621838152409
0.0036168419755995274
0.003299559699371457
0.0036268613766878843
0.0035384041257202625
0.003047207836061716
0.0031654597260057926
0.003066514153033495
0.0027462986763566732
0.0026873485185205936
0.0032539728563278913
0.002092823851853609
0.0031495322473347187
0.00253862701356411
0.001241030520759523
0.0030173903796821833
0.0022499929182231426
0.002163073280826211
0.002048644470050931
0.0014942868147045374
0.00295530934818089
0.0017278760205954313
0.0010998399229720235
0.0016570253064855933
0.0022896018344908953
0.0017219902947545052
0.0012220017379149795
0.0014152617659419775
0.0010675243102014065
0.0010887215612456203
0.0013034511357545853
0.0018136833095923066
0.00128411955665797
0.0013178070075809956
0.0009747683070600033
0.000899766106158495
0.0014429239090532064
0.0010661750566214323
0.0009339999523945153
0.0010182075202465057
0.0006318356026895344
0.001390977413393557
0.0008734447183087468
0.000979183823801577
0.0009075332200154662
0.001032512984238565
0.000942486512940377
0.0005988497869111598
0.0014377098996192217
0.0003428162890486419
0.0011322274804115295
0.0012928192736580968
0.00048510730266571045
0.0010535751935094595
0.0007184423739090562
0.001659770729020238
-6.878267765045166
-18.794897079467773
-21.12763023376465
-13.32909107208252
-18.200199127197266
-8.377805709838867
-5.542612075805664
-6.513379096984863
-8.011319160461426
-4.624764442443848
-4.3716254234313965
-2.558265209197998
-2.1432478427886963
-1.7147554159164429
-1.3772199153900146
-2.430239200592041
-2.1838252544403076
-1.8319536447525024
-3.5541751384735107
-3.2957968711853027
-4.1902923583984375
-3.7789928913116455
-4.003434658050537
-2.973243474960327
-3.5326647758483887
-4.139869213104248
-5.032075881958008
-5.257917404174805
-5.72047233581543
-5.623212814331055
-5.4857282638549805
-5.165842533111572
-5.553572177886963
-5.163914203643799
-5.741365909576416
-6.284548282623291
-6.371545791625977
-6.244987487792969
-7.120754241943359
-7.309655666351318
-6.277688026428223
-7.018361568450928
-6.880191802978516
-7.017874717712402
-7.936448097229004
-7.831122398376465
-7.7456159591674805
-8.380792617797852
-7.868147850036621
-8.352567672729492
-8.208681106567383
-8.430191040039062
-8.729713439941406
-8.841289520263672
-7.968782901763916
-8.939409255981445
-8.430814743041992
-9.532161712646484
-8.749225616455078
-9.50194263458252
-9.261265754699707
-9.555477142333984
-10.96259880065918
-10.56245231628418
-10.971517562866211
-11.233625411987305
-10.718194961547852
-10.752436637878418
-10.942301750183105
-10.766132354736328
-11.729151725769043
-11.567527770996094
-11.53645133972168
-11.968786239624023
-12.735641479492188
-12.074273109436035
-12.1563138961792
-12.403024673461914
-14.336026191711426
-13.651643753051758
-12.284998893737793
-13.228283882141113
-12.162343978881836
-13.06652545928955
-13.365533828735352
-12.951875686645508
-13.820327758789062
-14.474909782409668
-15.308082580566406
-14.665716171264648
-14.991531372070312
-14.430635452270508
-15.603460311889648
-15.227010726928711
-15.41425609588623
-15.98408317565918
-15.482348442077637
-15.073554992675781
-17.05743408203125
-15.3425874710083
-16.467998504638672
-15.860494613647461
-4.338997840881348
-4.717226505279541
0.005719034466892481
0.006322367582470179
0.006560425274074078
0.007409716956317425
0.0073921396397054195
0.00678600650280714
0.0069357105530798435
0.007317428942769766
0.006754042115062475
0.006683944724500179
0.006748226936906576
0.006751869805157185
0.006481828633695841
0.006346170790493488
0.006877335719764233
0.005853728856891394
0.006281319074332714
0.006463709287345409
0.006097725592553616
0.00568521860986948
0.005729372613132
0.006322899367660284
0.005450908560305834
0.006077069789171219
0.005349924322217703
0.005511825904250145
0.00506244832649827
0.005167870316654444
0.005327383056282997
0.005016861483454704
0.004674934782087803
0.004914336837828159
0.004498579073697329
0.0051743523217737675
0.004746462218463421
0.004237520508468151
0.004174751229584217
0.003851593704894185
0.00403280695900321
0.004197847098112106
0.004304931033402681
0.0032497462816536427
0.003696553409099579
0.0036587524227797985
0.003582459408789873
0.003042899537831545
0.0032325685024261475
0.0027720483485609293
0.0034354731906205416
0.002325036795809865
0.0026181484572589397
0.0028630835004150867
0.0026514746714383364
0.002411056309938431
0.002349999500438571
0.0023705526255071163
0.0022477239836007357
0.0018934637773782015
0.002216299530118704
0.001956100109964609
0.0021916592959314585
0.0010991471353918314
0.0020885071717202663
0.002101790625602007
0.0011076333466917276
0.001415348844602704
0.0014677353901788592
0.001287811785005033
0.001926563447341323
0.0014138154219835997
0.0010516413021832705
0.0011341928038746119
0.0014572356594726443
0.0013628562446683645
0.0011749726254492998
0.0007846693624742329
0.0009130429243668914
0.0014050734462216496
0.0007158024818636477
0.0008708286331966519
0.0004076198674738407
0.0017106097657233477
0.0003859875723719597
0.0011342120124027133
0.0015361898113042116
0.0006454915273934603
0.000492798921186477
0.0016897183377295732
0.0011186042102053761
0.0008302066707983613
0.0005557651165872812
0.0012615213636308908
0.0009603298385627568
0.0010010512778535485
0.0012768057640641928
0.0003049874503631145
-2.649134397506714
-14.189416885375977
-17.184696197509766
-9.904523849487305
-11.116622924804688
-16.59119415283203
-6.553160667419434
-7.074889183044434
-3.0625340938568115
-1.307070016860962
-1.9167006015777588
-1.4049046039581299
-1.683213472366333
-2.0756442546844482
-2.1573078632354736
-2.618014097213745
-2.401660203933716
-2.085771083831787
-2.625631809234619
-3.4644064903259277
-3.261260986328125
-3.420682430267334
-3.5871875286102295
-3.221223831176758
-3.5316672325134277
-3.8004863262176514
-4.639259338378906
-4.450185775756836
-4.875422477722168
-5.061387538909912
-4.875177383422852
-5.251486301422119
-4.6510162353515625
-5.865260124206543
-6.402623176574707
-7.405207633972168
-7.0427656173706055
-6.456150054931641
-6.432084560394287
-6.6346755027771
-6.467318058013916
-6.575555324554443
-7.282212734222412
-7.118206977844238
-6.859410285949707
-7.007139682769775
-7.33651876449585
-8.489197731018066
-8.350942611694336
-7.524706840515137
-8.965005874633789
-8.870099067687988
-9.089274406433105
-7.673001766204834
-8.776850700378418
-9.880702018737793
-9.118524551391602
-9.386781692504883
-8.956432342529297
-9.409394264221191
-10.537187576293945
-9.760296821594238
-10.825916290283203
-9.984498023986816
-10.465192794799805
-9.939004898071289
-10.307516098022461
-11.231173515319824
-11.571574211120605
-11.014341354370117
-11.549735069274902
-11.657593727111816
-12.284669876098633
-12.29821491241455
-12.272048950195312
-12.848368644714355
-12.325809478759766
-12.765002250671387
-13.660853385925293
-13.647607803344727
-13.048541069030762
-13.109868049621582
-12.969198226928711
-12.427038192749023
-13.72491455078125
-13.180658340454102
-14.412240982055664
-15.078808784484863
-14.661601066589355
-14.576337814331055
-14.454368591308594
-15.142309188842773
-14.815916061401367
-14.600732803344727
-15.504223823547363
-15.85187816619873
-16.076435089111328
-15.782177925109863
-16.95979881286621
-16.607234954833984
-16.70904541015625
-15.962504386901855
-3.868561267852783
-4.377704620361328
0.005997858010232449
0.006201603915542364
0.006851888261735439
0.007121422328054905
0.007661712355911732
0.006877200212329626
0.006871615536510944
0.006849191151559353
0.006961565464735031
0.0067079379223287106
0.0065110186114907265
0.0067373355850577354
0.006375850643962622
0.006434893701225519
0.006260385271161795
0.006241052411496639
0.006296185310930014
0.006442252546548843
0.0060164472088217735
0.005710848607122898
0.005856548435986042
0.006086952984333038
0.005592861212790012
0.006043943576514721
0.005522685591131449
0.00499828951433301
0.005292127840220928
0.005315459333360195
0.0054542021825909615
0.004927897825837135
0.004765416495501995
0.004616307560354471
0.004516707733273506
0.005005117040127516
0.004541848320513964
0.004419475793838501
0.003878233954310417
0.004448072053492069
0.0036035801749676466
0.004310823045670986
0.004074812866747379
0.0035966928116977215
0.0034012857358902693
0.0036892662756145
0.003150255186483264
0.0030113623943179846
0.0036141625605523586
0.0031124502420425415
0.0032107301522046328
0.0030881138518452644
0.0024267113767564297
0.0027633546851575375
0.002215730957686901
0.0020072772167623043
0.0024737485218793154
0.002370994770899415
0.002283660462126136
0.0023552277125418186
0.0015827029710635543
0.002140962053090334
0.0015882255975157022
0.0016180973034352064
0.001814418239519
0.0018025111639872193
0.0018550623208284378
0.0012951313983649015
0.0018373960629105568
0.0016033053398132324
0.0005152997327968478
0.0017167426412925124
0.001566633814945817
0.0012518558651208878
0.0013946813996881247
0.0011716310400515795
0.0007432120037265122
0.0015160973416641355
0.0010716441320255399
0.0006075348937883973
0.0008078102837316692
0.0011106361635029316
0.001277402276173234
0.00035440362989902496
0.0009602567297406495
0.00048345784307457507
0.001209016190841794
0.001088928198441863
0.0012585107469931245
0.0003224186657462269
0.0009657033951953053
0.0014179697027429938
0.0006650033174082637
0.000632825365755707
0.001299048075452447
0.0009128408273681998
0.0011578294215723872
0.0009683298994787037
-2.053112506866455
-15.106701850891113
-17.544919967651367
-9.677862167358398
-13.553991317749023
-9.156072616577148
-6.225935935974121
-7.149439334869385
-7.139764308929443
-4.380980968475342
-3.3439323902130127
-2.9281909465789795
-2.800022602081299
-3.2555110454559326
-2.595034599304199
-3.398660182952881
-3.4695446491241455
-3.1525216102600098
-2.9622790813446045
-1.8301252126693726
-2.961275577545166
-2.9346022605895996
-3.4069008827209473
-4.001762390136719
-4.137750148773193
-3.8287365436553955
-3.780498504638672
-4.331194877624512
-4.796484470367432
-5.267542839050293
-5.341360569000244
-5.437957763671875
-5.486161708831787
-6.062221050262451
-6.259965896606445
-6.720343112945557
-6.0361647605896
-5.894468307495117
-6.227269649505615
-6.505027770996094
-7.78409481048584
-7.058525085449219
-6.843686580657959
-7.385606288909912
-7.68048620223999
-7.625449180603027
-7.500181674957275
-8.072590827941895
-8.298737525939941
-7.659854888916016
-8.218460083007812
-8.374213218688965
-9.273477554321289
-9.34264087677002
-8.581937789916992
-8.639287948608398
-9.616042137145996
-10.20533275604248
-9.72623348236084
-9.848526954650879
-10.589970588684082
-10.42053508758545
-10.738685607910156
-11.419111251831055
-10.313587188720703
-10.789118766784668
-10.316987991333008
-10.578399658203125
-10.563284873962402
-10.271897315979004
-10.443231582641602
-11.97795295715332
-12.167807579040527
-12.164016723632812
-12.312642097473145
-12.41126537322998
-12.389044761657715
-13.252836227416992
-12.50828742980957
-12.928007125854492
-13.246965408325195
-13.728302001953125
-13.52246379852295
-13.15881633758545
-13.843286514282227
-13.033831596374512
-13.905588150024414
-13.877527236938477
-14.28648853302002
-14.824040412902832
-15.673556327819824
-13.591873168945312
-14.986457824707031
-15.268000602722168
-15.451504707336426
-15.255824089050293
-16.131725311279297
-15.558758735656738
-15.952547073364258
-16.62923812866211
-17.07132911682129
-16.143037796020508
-3.6836280822753906
-4.376764297485352
0.005966945551335812
0.006271514110267162
0.006828556768596172
0.007137231528759003
0.007375387009233236
0.006892654113471508
0.006838796194642782
0.006987443659454584
0.006572149693965912
0.006842573173344135
0.006973647978156805
0.006545708514750004
0.006310985889285803
0.006514723412692547
0.006105806212872267
0.006756986491382122
0.006717006675899029
0.005875837057828903
0.005952703300863504
0.00609874352812767
0.0058548953384160995
0.00579464714974165
0.00553177623078227
0.005655336193740368
0.005392864346504211
0.0054692113772034645
0.005848339758813381
0.0052003622986376286
0.00495616439729929
0.005014697089791298
0.004846248310059309
0.004500599578022957
0.005156106781214476
0.00469720084220171
0.004326348192989826
0.004928871989250183
0.00413911510258913
0.004215368069708347
0.003676332999020815
0.003941404167562723
0.0037811468355357647
0.0036623887717723846
0.003531280905008316
0.003448154777288437
0.0031871884129941463
0.0031342175789177418
0.002924709115177393
0.003217879217118025
0.0033097565174102783
0.0022030831314623356
0.0028154635801911354
0.002750564366579056
0.0024566370993852615
0.0024527432397007942
0.0016510713612660766
0.0027556871064007282
0.00228980858810246
0.00217165588401258
0.0019174792105332017
0.0022640335373580456
0.0018447485053911805
0.0013486341340467334
0.001991144847124815
0.0014500367688015103
0.0021811113692820072
0.0014095602091401815
0.0010280974674969912
0.001782761886715889
0.0009251035517081618
0.0013198662782087922
0.0015250016003847122
0.001157456310465932
0.0006271402235142887
0.0019015163416042924
0.0007186956936493516
0.0013116715708747506
0.0010877706808969378
0.0010854790452867746
0.00013041894999332726
0.001258570933714509
0.0010081358486786485
0.0009939554147422314
0.0006808341713622212
0.0010746953776106238
0.0009664498502388597
0.0010620354441925883
0.0011343887308612466
0.0011321163037791848
0.0009872332448139787
0.001065764925442636
0.000592678552493453
0.0011072652414441109
0.001564584905281663
2.5212973923771642e-05
0.0013665810693055391
0.0007899572956375778
-3.0247979164123535
-15.253133773803711
-17.319517135620117
-10.360273361206055
-14.67133617401123
-16.778125762939453
-5.33731746673584
-8.986318588256836
-5.693450927734375
-0.7169823050498962
-2.320338726043701
-1.0268808603286743
-1.9856297969818115
-1.8492801189422607
-2.044224977493286
-2.5451371669769287
-1.7445619106292725
-2.6572391986846924
-2.3719005584716797
-3.0476651191711426
-3.2374167442321777
-3.4297409057617188
-3.4807827472686768
-4.263445854187012
-3.4583957195281982
-3.9121334552764893
-4.719143390655518
-4.807387828826904
-4.4006853103637695
-4.3574748039245605
-5.347326755523682
-6.108768463134766
-6.7211174964904785
-6.579957485198975
-5.650950908660889
-5.999691009521484
-6.142650127410889
-6.18593168258667
-6.7976884841918945
-6.3283867835998535
-6.5587158203125
-6.390143394470215
-7.805051326751709
-6.865504264831543
-6.774742126464844
-8.593767166137695
-8.241070747375488
-8.475393295288086
-8.164379119873047
-9.489198684692383
-8.49885368347168
-8.506692886352539
-9.363675117492676
-8.134376525878906
-8.944727897644043
-9.524033546447754
-9.63969898223877
-9.412744522094727
-8.734485626220703
-9.857935905456543
-9.711374282836914
-10.618982315063477
-9.960508346557617
-10.202190399169922
-10.698076248168945
-11.662713050842285
-10.57188606262207
-10.37859058380127
-10.73470687866211
-11.131709098815918
-11.35078239440918
-11.844175338745117
-12.163159370422363
-11.785758018493652
-11.90782356262207
-12.292393684387207
-13.214428901672363
-13.167941093444824
-12.72468376159668
-12.424196243286133
-13.288507461547852
-12.972986221313477
-12.789572715759277
-14.703227043151855
-13.576309204101562
-14.207308769226074
-13.967409133911133
-14.2144193649292
-14.260485649108887
-15.447515487670898
-14.818890571594238
-16.1828556060791
-15.6915864944458
-15.843633651733398
-15.639863967895508
-16.00828742980957
-16.401103973388672
-15.538844108581543
-15.748685836791992
-16.05832862854004
-15.829119682312012
-15.705291748046875
-4.3897624015808105
-4.4393415451049805
0.0059344349429011345
0.006300886161625385
0.0067860446870327
0.006920292973518372
0.007428260054439306
0.006769762374460697
0.006582852452993393
0.00703744450584054
0.007069238927215338
0.006573371589183807
0.006425256375223398
0.006488916464149952
0.006352218333631754
0.006600613240152597
0.006492444314062595
0.006379231810569763
0.00612251553684473
0.0059199086390435696
0.00609039980918169
0.00570275355130434
0.006151488516479731
0.005748066585510969
0.0057758791372179985
0.006096809171140194
0.005436881445348263
0.0052713085897266865
0.00514223100617528
0.005555260460823774
0.005130791570991278
0.005222398322075605
0.004634561017155647
0.0047971406020224094
0.004780924879014492
0.003886190475896001
0.0051192184910178185
0.00449738185852766
0.0037524395156651735
0.0046116928569972515
0.003315785899758339
0.004068281501531601
0.004017519764602184
0.003617041977122426
0.003476518439128995
0.00310791889205575
0.003394482657313347
0.0032410062849521637
0.0034771463833749294
0.0029747935477644205
0.003182442393153906
0.002646594773977995
0.0029975532088428736
0.0026917767245322466
0.0020563858561217785
0.002612319076433778
0.002674707444384694
0.0020820184145122766
0.00210775388404727
0.0025264802388846874
0.0018609467661008239
0.0021022683940827847
0.0014128790935501456
0.0020112970378249884
0.0017434865003451705
0.00207155616953969
0.0015664115780964494
0.0012309696758165956
0.001720653846859932
0.0013256703969091177
0.0013167678844183683
0.0013985198456794024
0.0014461986720561981
0.0007796062272973359
0.0015486000338569283
0.0014072523918002844
0.0005799098871648312
0.0013057069154456258
0.0014722587075084448
0.0008683219784870744
0.00048083640285767615
0.0016003705095499754
0.0014177784323692322
0.0005078456015326083
0.001194256590679288
0.000662515580188483
0.0011673603439703584
0.000490800361149013
0.0011347990948706865
0.001047744182869792
0.0009919392177835107
0.0008249411475844681
0.0011668052757158875
0.0008351405267603695
0.001391534460708499
0.0009057618444785476
0.0008770012063905597
0.0011875653872266412
-3.9051716327667236
-16.777828216552734
-18.42242431640625
-11.454660415649414
-14.580737113952637
-14.407941818237305
-3.6607749462127686
-8.684281349182129
-4.165607452392578
-2.4322588443756104
-1.659618616104126
-1.8054717779159546
-1.703350305557251
-2.102565050125122
-2.255225896835327
-2.2137444019317627
-1.7437801361083984
-2.076341152191162
-2.8172483444213867
-3.3381829261779785
-3.3483054637908936
-3.5627174377441406
-4.115260124206543
-3.4579052925109863
-3.6941165924072266
-3.599682569503784
-4.0384392738342285
-4.076323509216309
-5.868395805358887
-5.247895240783691
-6.251600742340088
-5.62160062789917
-5.77059268951416
-5.4312920570373535
-5.5839433670043945
-6.144433975219727
-6.865882873535156
-6.9003119468688965
-6.734869480133057
-7.101431369781494
-6.087634563446045
-6.568518161773682
-6.7249040603637695
-6.682919502258301
-7.301578521728516
-6.921553134918213
-7.306778907775879
-9.231487274169922
-8.323955535888672
-8.825639724731445
-8.341922760009766
-8.101576805114746
-8.179543495178223
-9.350741386413574
-9.21290397644043
-9.07302474975586
-9.78641414642334
-9.388348579406738
-10.050969123840332
-9.43724536895752
-10.151487350463867
-9.652159690856934
-9.758916854858398
-9.663517951965332
-11.163022994995117
-11.35339641571045
-10.431282043457031
-10.303922653198242
-10.640288352966309
-10.522912979125977
-11.83357048034668
-11.905735969543457
-11.845071792602539
-12.70808219909668
-11.672747611999512
-12.30893611907959
-14.15239143371582
-12.945571899414062
-12.611410140991211
-12.340365409851074
-12.650785446166992
-13.006665229797363
-13.775242805480957
-13.444376945495605
-14.248529434204102
-13.22283935546875
-14.846470832824707
-14.149691581726074
-14.4133939743042
-15.240625381469727
-14.571004867553711
-15.63801097869873
-14.755472183227539
-15.3258056640625
-15.219606399536133
-16.004823684692383
-15.057037353515625
-15.628280639648438
-16.90003204345703
-16.638778686523438
-16.637216567993164
-15.902194023132324
-3.921253204345703
-4.1346049308776855
0.005957229528576136
0.006321544758975506
0.006248617544770241
0.0070020584389567375
0.00785841979086399
0.006631316151469946
0.00664539122954011
0.006943998392671347
0.00705984141677618
0.006513512227684259
0.00654974952340126
0.006551187485456467
0.006374238524585962
0.006291511002928019
0.006376510951668024
0.006311447825282812
0.006036954931914806
0.0061711957678198814
0.006063639186322689
0.006073606200516224
0.005834679584950209
0.006035725586116314
0.005348714999854565
0.005831744521856308
0.00560822943225503
0.00521633867174387
0.005335871130228043
0.005092098843306303
0.004827807191759348
0.005163951776921749
0.004445713013410568
0.005125277675688267
0.005039837211370468
0.0043554361909627914
0.004383373074233532
0.004269760567694902
0.004503021482378244
0.004011965356767178
0.003869764506816864
0.0034995893947780132
0.0038940596859902143
0.0039471788331866264
0.0038010715506970882
0.003123140661045909
0.0029411395080387592
0.003985235933214426
0.002860856242477894
0.0030709218699485064
0.0026301268953830004
0.002791154431179166
0.002881672466173768
0.00251320144161582
0.002908308757469058
0.002522326074540615
0.002433701418340206
0.002514062449336052
0.00200889864936471
0.0022590262815356255
0.002453593071550131
0.00164804479572922
0.001957477070391178
0.0019736860413104296
0.002087885979562998
0.001543964259326458
0.0010718813864514232
0.0018754511838778853
0.0018002083525061607
0.0007968324352987111
0.0015773024642840028
0.0012616233434528112
0.0008205820922739804
0.0015745945274829865
0.0013080808566883206
0.0009810812771320343
0.0014501383993774652
0.0007923155790194869
0.0014151788782328367
0.0010104099055752158
0.0011966732563450933
0.0005363175878301263
0.0010859491303563118
0.0008603172609582543
0.0010487843537703156
0.0010896092280745506
0.0010570099111646414
0.000780336675234139
0.0012790027540177107
0.0006319340900518
0.0009430756908841431
0.0009134347783401608
0.0007556579075753689
0.0016193814808502793
0.001125478302128613
0.0006916363490745425
0.0010196797084063292
0.0017107280436903238
-5.2764892578125
