0.3399583697319031
0.3399583697319031
0.2144663780927658
0.9254668354988098
0.2459477186203003
-0.25324898958206177
0.3115469813346863
-0.051704954355955124
0.00776064395904541
0.18402203917503357
0.29773974418640137
-0.24823090434074402
0.20888230204582214
0.6136585474014282
-0.03021487034857273
-0.09906935691833496
0.21303017437458038
0.2634888291358948
0.04767634719610214
-0.01870245859026909
-0.0048021795228123665
0.2501196265220642
0.017374157905578613
0.014111757278442383
0.24413737654685974
0.18742823600769043
0.2268252670764923
-0.24672357738018036
0.09883427619934082
0.41171079874038696
0.10332789272069931
-0.08851943165063858
0.4027441442012787
0.2132139950990677
-0.2410978376865387
0.32791489362716675
-0.28597259521484375
0.27415257692337036
0.22364291548728943
-0.2274913787841797
0.23613032698631287
-0.5625017285346985
0.41249004006385803
-0.19810600578784943
0.44000929594039917
-0.20601260662078857
-0.19586840271949768
0.08973310142755508
-0.305701345205307
0.30711299180984497
-0.12620973587036133
0.03575615957379341
-0.26672419905662537
0.07370500266551971
-0.09968972206115723
0.1413407027721405
-0.15377554297447205
-0.04889185354113579
0.03699622303247452
-0.1328127086162567
-0.5453793406486511
0.38626185059547424
-0.2262123078107834
-0.09446664154529572
-0.23327580094337463
-0.13678745925426483
-0.3725758194923401
0.19151577353477478
0.01932830736041069
-0.10450254380702972
-0.4135860502719879
0.6398504972457886
-0.8171269297599792
0.32657450437545776
-0.4562637209892273
0.51431804895401
-0.17808851599693298
-0.9332083463668823
0.4536516070365906
0.2914941906929016
-0.15590795874595642
0.037874747067689896
-0.3953354060649872
-0.11277482658624649
0.26220542192459106
-0.10162657499313354
-0.24629266560077667
0.4397849440574646
-0.6947665810585022
0.5010465383529663
-0.20911702513694763
0.016364406794309616
-0.3081743121147156
0.23732268810272217
0.08375439792871475
-0.20937998592853546
-0.13704107701778412
0.11214075237512589
-0.29083412885665894
0.06750170886516571
0.14855878055095673
-0.46216273307800293
2.4734818935394287
-3.5758144855499268
0.6941823363304138
1.058977723121643
-0.2625574469566345
-0.30802208185195923
0.20607690513134003
-0.006511783692985773
0.3826127052307129
-0.26455411314964294
-0.022673655301332474
0.0678475871682167
0.11497841030359268
-0.1502036601305008
0.06466414779424667
0.20748993754386902
-0.08713550865650177
0.0701378583908081
-0.042667318135499954
0.12341785430908203
0.38821181654930115
-0.43125930428504944
0.02211630344390869
0.23684856295585632
0.22502556443214417
-0.16916117072105408
-0.20295801758766174
0.06689365208148956
0.08331809192895889
0.05945716053247452
-0.2553327679634094
0.10900010913610458
-0.0283037181943655
-0.01590430736541748
0.42330360412597656
-0.297222375869751
-0.1679823100566864
0.2830691635608673
-0.28406113386154175
0.03404984623193741
0.2696326673030853
0.12115683406591415
-0.12855255603790283
-0.10000109672546387
0.2437925785779953
0.18590250611305237
-0.07490730285644531
-0.28947943449020386
0.3811088502407074
0.2791666090488434
-0.13262209296226501
0.06083850935101509
0.029184412211179733
0.2538627088069916
-0.1096772700548172
-0.3716583847999573
0.3727874457836151
0.08985133469104767
-0.2429872453212738
-0.007153749465942383
-0.13779377937316895
-0.0028006553184241056
0.16038985550403595
0.06801347434520721
0.06899042427539825
0.1345607340335846
-0.25502580404281616
0.3243887722492218
-0.31908106803894043
0.21023109555244446
0.0845104232430458
-0.06376628577709198
-0.07462253421545029
0.09545139968395233
-0.06112666055560112
0.062154341489076614
-0.4974634051322937
0.3051312565803528
-0.02379145659506321
-0.051781605929136276
0.08118245750665665
0.15930505096912384
-0.5241564512252808
0.2781071066856384
0.49193769693374634
-0.052468109875917435
-0.24097275733947754
0.10473804175853729
0.27476850152015686
-0.0012290955055505037
0.00256938929669559
0.11738822609186172
0.1003049835562706
0.028113627806305885
0.01774275302886963
0.15056955814361572
0.3541228771209717
0.18857280910015106
-0.02792046032845974
-0.04517245292663574
3.0124895572662354
-0.7225464582443237
0.37654754519462585
1.1230669021606445
0.09136893600225449
0.2266097366809845
0.09067283570766449
0.11886844784021378
0.4104515016078949
-0.11661221832036972
0.04074821621179581
0.36803585290908813
0.1429491937160492
-0.3073405623435974
0.4728492796421051
0.030483996495604515
-0.18943890929222107
0.1174388900399208
0.2652665078639984
-0.01252601109445095
0.0821024626493454
0.3411650061607361
0.04241368919610977
0.03452613204717636
0.35525110363960266
0.19521582126617432
-0.39325493574142456
0.3442411422729492
0.15964174270629883
0.18485672771930695
0.01235201396048069
0.26544204354286194
-0.0133735416457057
0.1581886112689972
0.15893343091011047
-0.5329120755195618
0.4544840455055237
-0.054513119161129
0.07057885825634003
0.19764339923858643
-0.01593639887869358
-0.024565935134887695
0.19512240588665009
-0.7019000053405762
0.27227216958999634
0.6558609008789062
-0.7840412855148315
0.2409374713897705
0.0877453088760376
-0.23312370479106903
-0.01991753652691841
-0.034444451332092285
0.10738537460565567
0.1373821645975113
-0.5072692632675171
0.20887306332588196
-0.12332497537136078
-0.35659030079841614
0.31199997663497925
-0.43039312958717346
0.33294403553009033
-0.15526708960533142
-0.6826276779174805
0.3010290861129761
-0.05183696746826172
0.4009189009666443
-0.7133232355117798
0.09510979801416397
0.04562585428357124
0.2815615236759186
-0.6666218042373657
-0.10531079769134521
0.4942103326320648
-0.3187881112098694
-0.17820730805397034
0.29869183897972107
-0.21678805351257324
-0.25249579548835754
-0.18618179857730865
0.2227615863084793
-0.042794059962034225
-0.18608056008815765
-0.2253679782152176
-0.03377620130777359
-0.10320234298706055
0.19498160481452942
-0.3571641147136688
-0.2547208368778229
0.41815176606178284
-0.1376255750656128
-0.153997540473938
0.13113275170326233
-0.12951946258544922
-0.37558239698410034
0.47910183668136597
-0.34883883595466614
0.017599809914827347
0.1601836383342743
-0.5451463460922241
0.44137364625930786
-0.8260599374771118
0.38932257890701294
-2.6222572326660156
2.8419034481048584
-0.9927919507026672
-0.26261472702026367
0.0795029029250145
0.6497209072113037
-0.10974688827991486
-0.1275486946105957
0.11478795856237411
-0.027066469192504883
0.1196417585015297
-0.08734500408172607
0.20352287590503693
0.05435147136449814
-0.0174742229282856
-0.1301562786102295
0.04392740875482559
-0.009152579121291637
0.21304814517498016
0.23117613792419434
0.003717708634212613
-0.18792405724525452
0.2773212492465973
0.1810586005449295
-0.1692168265581131
-0.04649624973535538
0.29520881175994873
-0.1576124131679535
0.08215250819921494
-0.12806257605552673
-0.11720414459705353
0.2592814564704895
0.36457934975624084
-0.34656819701194763
-0.11776737868785858
0.02898421324789524
0.4958232343196869
-0.5081220865249634
0.031107019633054733
-0.15869370102882385
0.29152750968933105
0.1142275333404541
-0.24318933486938477
0.3196728825569153
-0.09011130034923553
0.015186023898422718
-0.07548985630273819
-0.10140619426965714
0.10354211181402206
0.044982004910707474
0.07073025405406952
-0.30509841442108154
0.2681839168071747
0.07408585399389267
-0.05425691604614258
0.023062467575073242
0.07358326762914658
-0.2814016342163086
-0.2609185576438904
0.09133682399988174
0.2439877986907959
0.15400414168834686
0.025458861142396927
0.097081758081913
-0.050553370267152786
-0.05557713657617569
0.14130818843841553
-0.19713735580444336
0.4105041027069092
0.2032528817653656
-0.48115721344947815
0.08705644309520721
0.024048900231719017
-0.34247639775276184
0.1391177624464035
0.0137939453125
0.2636699676513672
-0.18609222769737244
0.1145801991224289
-0.029511738568544388
-0.027373408898711205
0.04413304477930069
0.0782061368227005
0.15646927058696747
0.009192419238388538
0.10544147342443466
-0.06253614276647568
0.32911157608032227
0.17133498191833496
0.2150188386440277
-0.00735239963978529
0.037221480160951614
-0.11502518504858017
-0.037816572934389114
0.054532241076231
0.4552026689052582
0.1214219331741333
0.022102976217865944
3.090031623840332
-0.9380865097045898
0.6427388191223145
1.5184882879257202
-0.7867819666862488
0.015120744705200195
0.5278714895248413
0.31246986985206604
-0.006304239388555288
0.3538818359375
-0.20761504769325256
0.43001657724380493
0.16919031739234924
0.23607046902179718
-0.09839217364788055
-0.017888665199279785
0.3864050805568695
0.3979078233242035
-0.3771663308143616
0.3589699864387512
0.02814512327313423
0.4691573679447174
-0.23582813143730164
-0.26402124762535095
0.06274108588695526
0.5239871740341187
0.1460200548171997
-0.09103963524103165
0.23447343707084656
-0.019471336156129837
0.42437195777893066
0.007575726602226496
-0.2542804777622223
0.20364418625831604
-0.046199966222047806
0.28590741753578186
-0.10045091807842255
-0.056047774851322174
-0.008828711695969105
0.3511406481266022
-0.24148309230804443
0.0398375503718853
0.043395042419433594
-0.1089072972536087
-0.004862499423325062
0.22333869338035583
-0.2628808617591858
0.28771090507507324
0.20561543107032776
-0.6559746861457825
-0.4747276306152344
0.7047171592712402
-0.18013696372509003
-0.47728005051612854
0.22224161028862
0.22198280692100525
-0.5504553914070129
0.023205209523439407
0.019103098660707474
-0.11737491935491562
0.06482774019241333
0.25068652629852295
-0.15853719413280487
-0.0036987662315368652
0.18959717452526093
-0.6985851526260376
0.3215520977973938
0.007641631178557873
-0.4718983769416809
-0.029015684500336647
0.3804157078266144
-0.4332048296928406
0.18264593183994293
-0.4747721552848816
0.091239333152771
0.2557361125946045
-0.3103419542312622
-0.3106682002544403
0.44552749395370483
-0.32849130034446716
-0.3150599002838135
0.22631824016571045
-0.26537051796913147
0.1310807168483734
0.13846684992313385
-0.10313308238983154
-0.7611448168754578
0.4737371802330017
-0.3885379433631897
0.33095186948776245
-0.2818376421928406
-0.45439380407333374
0.27497777342796326
-0.14414319396018982
-0.41010627150535583
-0.04730599373579025
0.27029818296432495
-0.15031784772872925
0.2835557460784912
0.044397592544555664
-0.022792529314756393
-2.4326939582824707
3.5934550762176514
-2.0973105430603027
-0.6145936250686646
-0.07915906608104706
0.6818450093269348
-0.1284683644771576
-0.3448873460292816
0.006047153379768133
0.10270138084888458
-0.2724440097808838
0.31170621514320374
-0.06053805351257324
0.03759147971868515
0.018719028681516647
0.03433435037732124
0.02828059159219265
-0.07311594486236572
0.373927503824234
-0.34851837158203125
-0.09411673247814178
0.17095322906970978
0.14394477009773254
0.10441341251134872
-0.21638211607933044
-0.05273561552166939
0.30145949125289917
-0.3687123656272888
0.12423159927129745
0.028066396713256836
0.1339658796787262
0.007300853729248047
0.22718043625354767
-0.20661874115467072
0.08997096866369247
-0.2298683226108551
0.12518317997455597
0.12023377418518066
-0.060155440121889114
-0.048148106783628464
0.03650250285863876
0.1418912708759308
0.003568410873413086
0.049852896481752396
-0.16873612999916077
0.03772544860839844
0.1705249547958374
0.01016016025096178
-0.05804309993982315
0.32733237743377686
-0.06631817668676376
0.027140330523252487
-0.01750645600259304
0.21279564499855042
-0.15108421444892883
-0.20889893174171448
-0.12923765182495117
-0.10387740284204483
-0.18556800484657288
-0.05502796173095703
0.23738738894462585
-0.11316332966089249
-0.0978296771645546
-0.031633518636226654
-0.12602296471595764
-0.14802512526512146
0.15565459430217743
0.05397524684667587
-0.12645892798900604
0.2966131269931793
-0.2994646430015564
0.11466775089502335
-0.1567799597978592
-0.008647585287690163
-0.0670451670885086
-0.07337067276239395
0.0973823294043541
0.06180105358362198
-0.010376239195466042
0.006433987524360418
-0.06075475364923477
0.31497853994369507
-0.15659089386463165
-0.18122510612010956
0.07373972237110138
0.0060350894927978516
-0.12419013679027557
0.1312636137008667
-0.02363131009042263
-0.07540293037891388
-0.16912071406841278
-0.10278944671154022
0.04745755344629288
-0.3464074730873108
-0.19453772902488708
-0.15076284110546112
0.22584183514118195
-0.05838148668408394
-0.2762852609157562
3.902249813079834
-0.814736545085907
0.2873310148715973
1.3484776020050049
0.047607749700546265
-0.3261348307132721
0.27171221375465393
0.15830259025096893
0.2499389350414276
-0.0899287611246109
0.6025372743606567
0.23182415962219238
-0.3238275647163391
0.0452808141708374
0.37387150526046753
-0.041292689740657806
0.1269124299287796
0.41517990827560425
-0.2461739480495453
0.010102987289428711
0.2506029009819031
0.006842541508376598
0.257720947265625
-0.4085721969604492
0.38155287504196167
-0.10333633422851562
-0.03607776015996933
0.2937026917934418
0.4851275384426117
-0.37794774770736694
-0.06444378197193146
0.13810858130455017
0.07276652008295059
-0.10715341567993164
0.15184059739112854
0.018885303288698196
-0.07482786476612091
-0.12202484905719757
0.12594549357891083
-0.02454218827188015
0.04753875732421875
0.017511392012238503
0.02552797831594944
-0.3325607180595398
0.33956092596054077
-0.01578524149954319
-0.55706387758255
0.26397964358329773
-0.17147183418273926
0.14277522265911102
-0.13569073379039764
-0.16305606067180634
-0.11662624031305313
-0.23190216720104218
0.2217855155467987
0.13681094348430634
-0.37162089347839355
0.04756561666727066
-0.18031831085681915
-0.28198879957199097
0.6702871918678284
-0.44693151116371155
-0.363599568605423
0.49692684412002563
-0.08793093264102936
-0.25770995020866394
0.09154286235570908
-0.13936105370521545
-0.2897515296936035
-0.7024301290512085
0.9377237558364868
-0.2641874849796295
-0.23137333989143372
-0.26288652420043945
-0.05347231775522232
-0.058061182498931885
-0.17015895247459412
0.010029750876128674
-0.49479278922080994
0.3631416857242584
-0.3254932761192322
-0.15129593014717102
0.39149612188339233
-0.24901509284973145
-0.34365057945251465
-0.07223834097385406
0.10965205729007721
0.03299541026353836
0.09117506444454193
-0.14035189151763916
-0.1316411942243576
-0.45685020089149475
0.4733431339263916
-0.04014422744512558
-0.6407835483551025
0.039949558675289154
0.25855565071105957
-0.2696020007133484
-0.29958924651145935
0.68743896484375
-1.2809560298919678
0.478567898273468
1.0285775661468506
-1.6506446599960327
0.4125891625881195
-0.33160749077796936
-0.03916757181286812
0.04873185232281685
0.023125361651182175
0.2488570213317871
0.09829185158014297
0.09506986290216446
-0.08246779441833496
-0.009683990851044655
0.2079562395811081
0.239506334066391
-0.2692541182041168
-0.06988739967346191
0.5597503781318665
-0.2975212633609772
0.08760736137628555
0.08980794250965118
-0.020857620984315872
0.05255322530865669
0.07196881622076035
1.711845470708795e-05
-0.07884564250707626
0.10918860137462616
-0.015155648812651634
0.13817206025123596
0.005339694209396839
0.21335668861865997
-0.24526281654834747
-0.0276186466217041
0.036460138857364655
-0.0012715340126305819
0.014361381530761719
0.05360064655542374
-0.10081982612609863
0.08898983150720596
-0.24935659766197205
0.05203070491552353
0.08205399662256241
-0.1319812834262848
-0.11491222679615021
0.014267039485275745
-0.17003054916858673
0.0424649715423584
0.23200328648090363
0.5100667476654053
-0.28826552629470825
-0.0842348113656044
0.5513054728507996
0.2887415885925293
-0.15541701018810272
0.05973663181066513
-0.093655064702034
-0.06250925362110138
0.221754789352417
-0.271501749753952
0.2967856228351593
-0.10793907940387726
0.33461993932724
-0.04517502710223198
-0.35998088121414185
0.28704696893692017
0.07155537605285645
-0.09825839847326279
0.034067295491695404
0.34582453966140747
-0.052391719073057175
-0.048853326588869095
-0.26595160365104675
0.12559828162193298
0.1092098206281662
-0.2359330654144287
-0.04231882095336914
-0.2871186137199402
-0.06911744922399521
-0.03882403299212456
0.16014890372753143
-0.06502749770879745
0.07882342487573624
-0.49760404229164124
0.1118890792131424
0.2728516459465027
-0.3378027379512787
0.037751007825136185
-0.2580955922603607
0.0594085231423378
-0.07911691814661026
0.13958987593650818
-0.037772536277770996
0.43322116136550903
0.06643364578485489
-0.002149272011592984
0.3488404154777527
0.08967892825603485
0.2112348973751068
-0.06276082992553711
3.2596728801727295
-1.3973429203033447
1.004089593887329
1.7055584192276
-0.6896122694015503
-0.19867947697639465
0.5752601027488708
0.5900025963783264
-0.09635385125875473
0.013757014647126198
0.3090808689594269
0.14684557914733887
0.06761320680379868
0.49423032999038696
-0.38647735118865967
0.13789550960063934
0.4292844831943512
0.327441930770874
-0.5420671701431274
0.36915525794029236
0.04956619814038277
0.15126685798168182
0.22825109958648682
0.01617279089987278
0.05557222291827202
0.24755647778511047
0.22132983803749084
0.20389142632484436
-0.1811542958021164
-0.04052748531103134
0.2488757073879242
0.060662079602479935
0.16692233085632324
0.13481171429157257
0.2139161080121994
0.1635005921125412
0.13854463398456573
-0.18620100617408752
-0.150221586227417
0.43300947546958923
0.1263492852449417
-0.5910571813583374
0.20676927268505096
0.18814165890216827
-0.12445740401744843
-0.03267107158899307
-0.002192258834838867
-0.27129679918289185
0.29056382179260254
0.23773637413978577
-0.45168209075927734
0.31189122796058655
0.26443055272102356
-0.5127738118171692
0.041524600237607956
0.7098037004470825
-0.4903201162815094
-0.1966419219970703
-0.23096291720867157
0.16533112525939941
0.06607575714588165
-0.22824466228485107
-0.031085599213838577
-0.7279919385910034
0.49342775344848633
-0.5042777061462402
-0.2350192815065384
0.19665729999542236
-0.07967003434896469
-0.03216422721743584
-0.2646687924861908
0.09246401488780975
-0.3256283700466156
0.3439052700996399
-0.05906751751899719
-0.4164598882198334
0.24370884895324707
-0.08532561361789703
-0.14468613266944885
-0.22252193093299866
0.09321527928113937
-0.15561839938163757
0.04571916535496712
-0.41154155135154724
0.3817954659461975
-0.12332457304000854
-0.3856581747531891
-0.1163262128829956
0.46429404616355896
-0.7449183464050293
0.09869857132434845
0.3033931255340576
-0.2687017619609833
-0.08530398458242416
-0.5074710249900818
0.38521653413772583
-0.13083836436271667
0.035645365715026855
0.036844946444034576
-0.4748181700706482
-0.07140541076660156
0.3767360746860504
0.25280508399009705
-1.353824257850647
0.01054148655384779
0.6332120895385742
0.19359755516052246
-0.2780877649784088
0.04086785390973091
0.050406575202941895
-0.06399688869714737
0.02954714372754097
-0.13090164959430695
0.07243657112121582
-0.0988273173570633
0.05014533922076225
0.15611696243286133
0.023650001734495163
-0.07918167114257812
0.08281509578227997
-0.19064445793628693
0.4083887040615082
-0.20478615164756775
-0.024934958666563034
-0.016452360898256302
-0.05438179895281792
0.02672095224261284
-0.10730113834142685
0.03340268135070801
0.10304496437311172
0.18123593926429749
-0.32652372121810913
0.4884127974510193
0.08948531001806259
-0.4197384715080261
0.35920506715774536
-0.059285689145326614
-0.2764340043067932
-0.10937390476465225
-0.1328352987766266
0.248538538813591
-0.08729724586009979
0.043970443308353424
0.19010671973228455
0.0042906044982373714
0.0049704075790941715
-0.1033763438463211
0.060349129140377045
0.35086655616760254
0.023697281256318092
-0.30950984358787537
0.07511701434850693
-0.23478178679943085
-0.022977590560913086
0.02559513971209526
0.06688694655895233
0.3686937689781189
-0.2540323734283447
0.18721365928649902
0.03334541246294975
-0.13644108176231384
-0.2091331034898758
-0.03546486049890518
-0.020255183801054955
0.09374866634607315
-0.044202469289302826
0.008543443866074085
-0.007331132888793945
-0.055370330810546875
0.06458554416894913
-0.16978681087493896
-0.06020054966211319
0.1889539659023285
-0.08730363845825195
-0.311635822057724
0.2684677243232727
0.01208028756082058
0.04577241092920303
-0.16532449424266815
-0.0716671496629715
0.42972531914711
0.0006009101634845138
-0.2075522392988205
-0.21845512092113495
-0.17910544574260712
0.26086142659187317
0.006040000822395086
0.1400834023952484
-0.12998346984386444
-0.12515321373939514
0.247518852353096
0.4728342592716217
0.11388687789440155
-0.0404476635158062
0.256938099861145
-0.001010894775390625
0.05522622913122177
0.13808822631835938
0.21942803263664246
-0.15252184867858887
3.3744289875030518
-1.6185195446014404
1.049615502357483
1.313856601715088
-0.6374521255493164
0.0781116709113121
0.16006602346897125
0.3525908887386322
0.2289036512374878
0.15689986944198608
0.11328184604644775
0.0347166582942009
0.17096367478370667
0.22222542762756348
-0.23472364246845245
0.12930607795715332
0.3019842505455017
-0.045870404690504074
-0.055953823029994965
0.1902967244386673
0.23923823237419128
-0.20322613418102264
0.04341578483581543
0.32077091932296753
0.07835528999567032
0.061881136149168015
0.08401639759540558
0.23983125388622284
-0.20091263949871063
0.2145678699016571
0.20850816369056702
-0.44841647148132324
0.42357635498046875
0.07272632420063019
-0.2820083498954773
0.037033677101135254
-0.13868558406829834
0.06974408775568008
0.172734335064888
-0.12273959815502167
0.05856022983789444
-0.2701401114463806
0.013477349653840065
-0.0498235709965229
0.2904300093650818
-0.5334992408752441
0.21589863300323486
-0.07942847907543182
0.15293291211128235
0.12546703219413757
-0.1641884297132492
-0.41071978211402893
0.42539429664611816
0.2609172463417053
-0.2952699661254883
0.010561990551650524
-0.20472678542137146
0.07601334899663925
-0.36379146575927734
-0.1461222916841507
0.1344897747039795
-0.22265911102294922
0.02461550198495388
-0.10640402138233185
0.01929030381143093
-0.17425978183746338
0.21849267184734344
-0.2519078850746155
-0.12080641090869904
0.21315184235572815
-0.26891979575157166
-0.0694703683257103
-0.11306419223546982
0.20460450649261475
-0.054065488278865814
-0.2504219114780426
-0.39092740416526794
0.2508242130279541
-0.0761687234044075
0.12138687074184418
-0.6451154947280884
0.3364751935005188
0.007764625363051891
-0.2396080046892166
-0.07448313385248184
-0.13910718262195587
0.009435790590941906
-0.10423102229833603
-0.23492233455181122
0.15408547222614288
-0.19699925184249878
0.08007645606994629
0.0035874247550964355
-0.026752734556794167
-0.5430548191070557
0.13731399178504944
0.27074170112609863
-0.20380263030529022
-0.21236702799797058
0.3962925374507904
0.739795982837677
-2.971890926361084
-0.1282031089067459
3.1848983764648438
-3.0035457611083984
0.20407891273498535
1.1302791833877563
-0.538233757019043
-0.4665742814540863
0.530495285987854
0.43275436758995056
-0.31206709146499634
-0.07028374820947647
0.3582349419593811
-0.0802147388458252
-0.2498261034488678
0.23837026953697205
0.18762564659118652
-0.024725865572690964
-0.09044475853443146
0.13147106766700745
-0.1496049463748932
0.28959280252456665
0.13726215064525604
-0.15778474509716034
0.01650829240679741
-0.12249650806188583
0.12798944115638733
0.08378467708826065
-0.22624078392982483
0.14106209576129913
0.07526514679193497
-0.1967620849609375
0.37727823853492737
-0.07719530910253525
-0.18273988366127014
0.28011247515678406
0.30565300583839417
-0.026207614690065384
0.14586904644966125
-0.3109022080898285
0.278099924325943
0.1792563498020172
0.09183172881603241
-0.26439324021339417
-0.02048027515411377
0.386434942483902
-0.0017401218647137284
-0.056844282895326614
-0.1997934877872467
0.06585755199193954
0.08358268439769745
0.24353380501270294
-0.05713386461138725
0.029070615768432617
-0.4606684148311615
0.03301670402288437
0.4209521412849426
-0.21015086770057678
-0.25102195143699646
0.25460997223854065
-0.0981658473610878
-0.48676934838294983
0.25032180547714233
-0.06858587265014648
0.04252772405743599
0.0554933063685894
-0.14784936606884003
0.26871198415756226
-0.14293447136878967
-0.44741955399513245
0.4313543736934662
0.1922374963760376
0.0331205353140831
-0.12248964607715607
-0.12497670948505402
0.10211510956287384
0.01082763634622097
-0.014327478595077991
-0.26392969489097595
0.3736846446990967
-0.10540857166051865
-0.06051301956176758
0.2718636095523834
-0.1155385747551918
0.1553613245487213
0.13581299781799316
-0.10358031094074249
0.32262662053108215
0.06680784374475479
-0.31120967864990234
0.3304911255836487
0.31898489594459534
-0.49403709173202515
-0.27134162187576294
0.5339931845664978
-0.4708476960659027
0.5151253938674927
-0.1433378905057907
-0.2870156168937683
3.1598381996154785
-1.1754471063613892
0.778510570526123
1.631885290145874
-0.436973512172699
-0.0014118790859356523
0.3314485549926758
0.3694295883178711
0.022085929289460182
0.24456915259361267
-0.11665619909763336
0.47412434220314026
0.24464669823646545
0.08011746406555176
-0.24763962626457214
0.10263364017009735
0.5946955680847168
0.028630126267671585
-0.2589922547340393
0.12382416427135468
0.09553031623363495
0.07454421371221542
-0.06821811199188232
0.01083359681069851
0.43911561369895935
0.07476713508367538
-0.11706004291772842
0.07742257416248322
0.19962282478809357
0.09827299416065216
0.1885673701763153
0.15380918979644775
-0.4013592600822449
0.17168064415454865
0.20143970847129822
-0.08461668342351913
0.12372507899999619
-0.007483816239982843
-0.13517248630523682
-0.024982023984193802
0.12338495254516602
-0.01159060001373291
-0.05795340612530708
0.1971825659275055
-0.010706400498747826
-0.3020422160625458
0.2068222463130951
0.34778499603271484
-0.5467912554740906
0.010997390374541283
0.3811895549297333
-0.40838342905044556
-0.09821834415197372
-0.13831648230552673
0.1761132776737213
0.2160172015428543
-0.48127269744873047
0.1718643605709076
-0.030326735228300095
-0.27459996938705444
0.16388443112373352
-0.22035451233386993
-0.35242387652397156
0.1996794044971466
0.10323765128850937
-0.20149537920951843
-0.30461859703063965
0.3708004355430603
-0.2130689173936844
-0.3142394423484802
0.21454255282878876
0.22759154438972473
-0.20555007457733154
-0.2997409999370575
-0.34797143936157227
0.38818827271461487
0.12443051487207413
-0.3823058307170868
-0.13188011944293976
0.09145668894052505
0.0966067835688591
-0.02121371030807495
-0.5741584300994873
0.08276426792144775
0.5683044195175171
-0.5368725061416626
0.011482966132462025
-0.14379532635211945
-0.21578745543956757
0.6932763457298279
-0.33331361413002014
-0.3418700098991394
0.03433264419436455
-0.012556672096252441
-0.09210493415594101
-0.2785481810569763
-0.21964195370674133
0.5288142561912537
-0.2466445416212082
0.2570970356464386
-1.141756534576416
0.08168580383062363
-2.174834728240967
2.807218551635742
-1.2924144268035889
0.20694096386432648
0.16863207519054413
0.10363016277551651
0.06987135112285614
0.08448145538568497
-0.0007204532739706337
-0.12815478444099426
-0.0932302251458168
0.2695024013519287
-0.011067723855376244
0.006161785218864679
-0.20301878452301025
0.26172488927841187
-0.054184794425964355
-0.09249873459339142
0.13423097133636475
0.09197261184453964
-0.03481125831604004
0.11700184643268585
0.25974041223526
-0.016536474227905273
-0.2088913470506668
-0.03693394735455513
0.20875470340251923
0.04116399213671684
0.14004024863243103
0.09207258373498917
-0.2466399222612381
-0.1534104347229004
-0.12257115542888641
0.0077670575119555
0.08023665100336075
-0.10463376343250275
-0.05882399156689644
-0.02296476438641548
0.19315214455127716
-0.26468753814697266
-0.012110209092497826
0.0010552883613854647
0.02516760863363743
-0.2529315948486328
0.24433965981006622
0.026052046567201614
-0.14111299812793732
-0.007549023721367121
-0.1141534298658371
0.3097379207611084
-0.08410368114709854
-0.042272187769412994
-0.28512200713157654
0.13397808372974396
-0.11834001541137695
0.06349029392004013
0.20709848403930664
-0.0962650328874588
0.057588983327150345
-0.09729208797216415
-0.09973850101232529
0.017093325033783913
-0.1805412322282791
-0.23169663548469543
0.19520659744739532
-0.05223202705383301
-0.1589648723602295
0.6400550007820129
0.06352496147155762
-0.5510064363479614
0.020295167341828346
0.019068479537963867
0.1756693422794342
0.0832914337515831
-0.40441909432411194
-0.07817991077899933
0.30097317695617676
-0.400991290807724
0.36470502614974976
0.10973022133111954
-0.168688103556633
-0.08679399639368057
0.016533637419342995
0.15897111594676971
0.2698240280151367
-0.260934978723526
-0.04991712421178818
0.009873723611235619
-0.20307788252830505
0.4983662962913513
-0.07911524921655655
0.062183927744627
0.16610510647296906
0.09990048408508301
-0.21119344234466553
0.3134234547615051
0.12004201114177704
-0.21728625893592834
2.9139137268066406
-1.0783774852752686
0.8421458005905151
1.504239797592163
-0.49899643659591675
0.043629828840494156
0.1417648047208786
0.5297670364379883
0.09814367443323135
0.013590824790298939
0.13425631821155548
0.22317269444465637
0.059042155742645264
0.2743626534938812
-0.039558280259370804
0.35095635056495667
-0.17255422472953796
0.3662642240524292
-0.012929344549775124
-0.16021540760993958
0.3867531418800354
0.2264903336763382
-0.08664245903491974
0.22867746651172638
0.2676258385181427
-0.09566521644592285
0.23337478935718536
-0.14559821784496307
0.1688683032989502
0.2079140692949295
0.007898402400314808
0.0310133695602417
-0.08487272262573242
0.3065301775932312
-0.22864475846290588
0.4499672055244446
-0.4321305751800537
-0.014218831434845924
0.30486544966697693
0.18837499618530273
-0.42288702726364136
0.10082683712244034
0.006103920750319958
-0.026699423789978027
0.236000657081604
-0.06747350841760635
0.05753057077527046
-0.1646522730588913
0.012457609176635742
0.26877209544181824
-0.5257407426834106
0.5004042387008667
-0.6311379671096802
0.11318521201610565
0.17121383547782898
-0.09556855261325836
-0.13571873307228088
-0.0039753676392138
0.33789941668510437
-0.26858997344970703
-0.27028006315231323
0.02992086485028267
0.10402645915746689
-0.2510015368461609
-0.3705654740333557
0.42555004358291626
-0.49703270196914673
0.16434800624847412
-0.07393214106559753
-0.062112998217344284
-0.07125245779752731
-0.08931171894073486
0.07288622856140137
-0.13762705028057098
0.1744108498096466
-0.11677370220422745
-0.4075680375099182
0.3128359913825989
-0.026969105005264282
-0.7457258701324463
0.3202134668827057
0.1739325225353241
-0.644505500793457
0.351453959941864
0.2971132695674896
-0.9265761375427246
0.19395576417446136
0.6029720306396484
-0.152944877743721
-0.7371126413345337
0.3475465774536133
-0.02739502117037773
0.2777280807495117
-0.36009007692337036
-0.04271042346954346
0.24929440021514893
-0.2761334776878357
0.3936164975166321
-0.20199505984783173
0.4210890829563141
0.04155607149004936
-2.1732003688812256
-0.7536991834640503
3.611830949783325
-3.2200381755828857
0.9355186223983765
0.6516982913017273
-0.3262924551963806
-0.12215437740087509
0.14834535121917725
0.3687892556190491
0.15023648738861084
-0.2287779301404953
0.11637215316295624
0.05856011062860489
0.08517181873321533
0.2762170732021332
-0.18978933990001678
-0.1942431479692459
0.1734015941619873
0.16273954510688782
0.07315933704376221
0.10209617763757706
-0.005179119296371937
-0.03683638572692871
0.13723568618297577
-0.041857194155454636
0.2877071797847748
0.04960320144891739
0.07093445956707001
0.36980465054512024
-0.08934302628040314
0.04675321653485298
-0.006112623028457165
0.31070131063461304
-0.251467227935791
-0.2507842183113098
0.3955274224281311
-0.35115623474121094
-0.08504676818847656
0.13543009757995605
-0.07554316520690918
-0.04654378816485405
0.046552110463380814
0.09999151527881622
-0.09432325512170792
0.12979140877723694
-0.2906166911125183
-0.07725496590137482
0.1699354201555252
-0.01711406745016575
-0.27239006757736206
0.12283480167388916
-0.06261274963617325
0.04903831332921982
-0.007231998257339001
0.04199805110692978
-0.0026885271072387695
0.12551787495613098
-0.08730683475732803
0.28204017877578735
0.0992310494184494
-0.08255062252283096
-0.01241445541381836
0.036904335021972656
0.45665526390075684
0.14996671676635742
-0.35738179087638855
0.24127784371376038
-0.10339035838842392
0.1908881664276123
0.1948399543762207
0.05634303018450737
-0.11662640422582626
0.2500612735748291
-0.1382509171962738
0.03609604761004448
-0.03412799909710884
0.311403751373291
-0.057946156710386276
0.07163512706756592
-0.014447426423430443
-0.2226860225200653
0.007982373237609863
-0.3285183310508728
0.245571568608284
0.29859447479248047
-0.040013741701841354
-0.4772036671638489
0.07661044597625732
0.07983221858739853
-0.07533488422632217
-0.015053272247314453
-0.3559250235557556
0.5458934307098389
-0.13670769333839417
0.09931020438671112
-0.29765352606773376
-0.20060953497886658
0.04203202575445175
3.176668882369995
-1.060482144355774
0.6522582769393921
1.0818068981170654
-0.2601968050003052
-0.11850108951330185
0.2543065547943115
0.4171854853630066
0.08068832755088806
-0.08465306460857391
0.14801537990570068
0.1994088739156723
0.20809192955493927
0.10934486240148544
0.10912760347127914
0.061336446553468704
0.4354715347290039
-0.35087400674819946
0.04131345823407173
0.2995874285697937
0.16225317120552063
-0.31827083230018616
-0.056132007390260696
0.608638346195221
-0.14406557381153107
0.05880331993103027
-0.19493050873279572
0.3292916715145111
0.3042008876800537
-0.11798202991485596
0.14252372086048126
-0.04720253869891167
-0.3814954161643982
0.7616138458251953
-0.17768128216266632
0.02304203435778618
-0.2674986720085144
0.20747241377830505
0.11389856040477753
-0.01426851749420166
-0.02140991762280464
-0.24661493301391602
0.4478548467159271
-0.4844720959663391
0.06420235335826874
0.6388620138168335
-0.40671244263648987
0.09011051803827286
-0.10388727486133575
-0.20005746185779572
0.07304070144891739
-0.04822327941656113
-0.36948031187057495
0.46832475066185
0.03088986873626709
-0.009362983517348766
-0.19210371375083923
-0.0952271968126297
-0.1879156529903412
-0.143681138753891
0.032262109220027924
-0.13495999574661255
-0.12022340297698975
-0.1201476901769638
0.10212012380361557
-0.39970946311950684
-0.2725538909435272
0.5768495798110962
-0.26011088490486145
-0.10796217620372772
-0.10680826008319855
-0.04679512977600098
-0.19031991064548492
0.14058345556259155
-0.3081325888633728
0.34615737199783325
-0.4750041961669922
-0.41799694299697876
0.4078870713710785
-0.11305239051580429
-0.26903635263442993
0.021954083815217018
-0.3388111889362335
0.2092568576335907
0.09307082742452621
-0.32971709966659546
-0.21427655220031738
0.07416856288909912
-0.6456945538520813
0.39524492621421814
0.0880408063530922
-0.37601038813591003
-0.36735105514526367
0.19858412444591522
-0.15168219804763794
-0.2220534384250641
0.24136753380298615
-0.2837415933609009
-0.3683750033378601
0.30552583932876587
0.24561572074890137
-2.162282943725586
-0.3448541760444641
3.0207290649414062
-3.036912441253662
0.24924984574317932
1.177756905555725
-0.29719918966293335
-0.526418149471283
0.576698362827301
0.41319721937179565
-0.5263858437538147
0.1756780594587326
-0.02147669717669487
0.08832039684057236
-0.18316440284252167
0.24923598766326904
0.1120169386267662
0.059695981442928314
-0.12447981536388397
-0.10953855514526367
0.014667773619294167
0.016025256365537643
-0.15873992443084717
0.1461629420518875
-0.0334501750767231
-0.23747391998767853
0.16718295216560364
0.22765617072582245
-0.2663140892982483
-0.07883568108081818
0.16653330624103546
0.0891423225402832
-0.035581111907958984
0.2003726214170456
-0.022382020950317383
0.2621611952781677
0.17204737663269043
-0.179698184132576
-0.05822734907269478
0.0763389840722084
-0.05408487468957901
0.002192878630012274
0.07116367667913437
0.21187296509742737
-0.19104847311973572
-0.02595689333975315
0.1097564697265625
-0.2230883091688156
0.17663833498954773
0.23974211513996124
-0.17454318702220917
-0.049555182456970215
-0.12843450903892517
0.20361876487731934
-0.09185416996479034
-0.11575551331043243
0.009782100096344948
0.15660162270069122
-0.32386741042137146
0.423454612493515
0.16180595755577087
-0.18296532332897186
0.025447750464081764
0.18437302112579346
-0.008195591159164906
-0.15568527579307556
0.0850677490234375
-0.020331431180238724
0.3140588700771332
0.07485852390527725
-0.2229202687740326
-0.2112756222486496
-0.11384139209985733
0.09302425384521484
-0.146460622549057
0.054740406572818756
0.041141606867313385
0.06508298218250275
0.3888874053955078
-0.2548304498195648
-0.18140026926994324
0.2594526410102844
-0.28064054250717163
-0.006800747010856867
-0.09221239387989044
0.3021821975708008
0.4207805097103119
0.2777758240699768
-0.6029529571533203
-0.45899686217308044
0.1953079104423523
-0.024727415293455124
0.45471611618995667
0.07877907902002335
0.2978132367134094
-0.09313442558050156
0.07881410419940948
-0.17674674093723297
-0.31970104575157166
3.3609707355499268
-1.378132939338684
0.8547536730766296
1.3543678522109985
-0.45690321922302246
0.13241788744926453
0.1315397024154663
-0.01789950206875801
0.2912120819091797
0.1259724348783493
-0.0725976824760437
0.3135949373245239
0.14520502090454102
0.17221324145793915
-0.26280489563941956
0.5722106695175171
0.10991992056369781
0.13221625983715057
-0.007651102729141712
0.06209361553192139
0.13531890511512756
0.09869086742401123
0.09231038391590118
-0.20246677100658417
0.4713211953639984
0.015814483165740967
-0.23247726261615753
0.029366303235292435
0.19776102900505066
0.04819655418395996
0.24197635054588318
-0.11343307793140411
0.27565181255340576
-0.04819662496447563
0.20560097694396973
0.15441806614398956
-0.13663288950920105
0.06669513881206512
0.24131441116333008
-0.398794025182724
0.5968216061592102
-0.038158297538757324
-0.5422863960266113
0.2515818178653717
0.06600923836231232
0.12920193374156952
-0.3249778747558594
0.058576799929142
0.06153290346264839
-0.15884999930858612
0.07641319930553436
0.1516028642654419
-0.08490421622991562
-0.4160374701023102
0.3150906562805176
0.44874271750450134
-0.38731324672698975
0.11364133656024933
-0.18271823227405548
0.05202353000640869
-0.03285784646868706
-0.28534629940986633
0.48169779777526855
-0.04214731231331825
-0.6111878156661987
0.5903124809265137
-0.19302916526794434
-0.12068476527929306
-0.2894483208656311
0.30785489082336426
-0.011863392777740955
-0.4578060209751129
-0.029288750141859055
0.21180692315101624
-0.029400508850812912
-0.3639775514602661
0.04317927360534668
-0.4253208041191101
0.3555532991886139
-0.1950996220111847
0.007108666934072971
0.23719891905784607
-0.15279093384742737
-0.24794158339500427
-0.0566260889172554
0.05746467038989067
-0.007620513439178467
-0.11751135438680649
-0.22322019934654236
-0.1314304769039154
0.9527587890625
-0.39798784255981445
-0.3112529516220093
0.17979463934898376
-0.028390372171998024
-0.28022870421409607
0.1566924750804901
0.2437082827091217
-0.2666354477405548
0.33372753858566284
0.02446727827191353
-2.251049518585205
3.5922889709472656
-2.5366055965423584
0.008859490975737572
-0.4089409410953522
0.7658631205558777
-0.23172374069690704
-0.19948992133140564
0.18492262065410614
0.2024385631084442
-0.07174186408519745
-0.10023550689220428
0.12822552025318146
-0.07118923962116241
0.052693795412778854
0.047411203384399414
0.04534115642309189
-0.13124385476112366
-0.08970876038074493
0.4366385042667389
-0.15800127387046814
0.011679554358124733
-0.1394083946943283
0.2585393786430359
-0.3056177496910095
0.09799482673406601
0.31811943650245667
-0.11234769970178604
-0.10766663402318954
0.04681883007287979
0.15434007346630096
-0.030527735128998756
-0.0008505582809448242
0.17623639106750488
-0.21262912452220917
0.11853194236755371
0.09965074062347412
0.1468620002269745
0.22245840728282928
-0.04146847873926163
-0.14470458030700684
-0.03788774088025093
0.1914607733488083
-0.10602845996618271
0.026537727564573288
0.21331128478050232
-0.05180635303258896
-0.4359036087989807
0.05295979976654053
-0.17116694152355194
0.0898417979478836
0.2921774983406067
-0.2640054225921631
-0.007452487945556641
0.18416085839271545
0.09762801975011826
-0.09574995189905167
-0.3370474874973297
0.06063368171453476
0.08379874378442764
0.22698211669921875
0.07714471966028214
0.1607861965894699
0.022299766540527344
0.12095196545124054
-0.2351883351802826
0.42034825682640076
-0.15674567222595215
-0.25346747040748596
-0.06810469925403595
-0.11633896827697754
0.2639933228492737
-0.12987461686134338
-0.08685179054737091
-0.2669799029827118
0.2889755368232727
0.10286836326122284
0.2931309938430786
0.11580796539783478
-0.4738089442253113
-0.06670212745666504
0.05356123298406601
0.3541955351829529
-0.1724540740251541
0.005139159969985485
-0.35545995831489563
0.02634134329855442
-0.08170199394226074
-0.38477832078933716
0.027843380346894264
0.46600332856178284
-0.2943660616874695
-0.3415011167526245
-0.018943477421998978
-0.1099826842546463
-0.054830122739076614
0.1140865832567215
-0.028037596493959427
-0.1827435940504074
2.9977030754089355
-1.1981207132339478
1.1913319826126099
1.3524181842803955
-0.4510347247123718
-0.1837894171476364
0.3256833851337433
0.15450462698936462
-0.03135495260357857
0.4082973003387451
0.4196794927120209
-0.1169748529791832
0.11619400978088379
0.2821440100669861
0.19373834133148193
-0.310782790184021
0.31293821334838867
0.24972188472747803
0.07309694588184357
-0.2601655125617981
0.5959728360176086
-0.26724278926849365
0.21345777809619904
0.47361645102500916
-0.44043803215026855
-0.029681945219635963
0.5228971242904663
-0.16666217148303986
-0.16615526378154755
0.07702064514160156
0.20232033729553223
0.12041561305522919
0.08807244151830673
-0.16701695322990417
0.4083157479763031
-0.12479639053344727
-0.2001090794801712
0.18848221004009247
0.14789533615112305
-0.17881569266319275
0.2405855655670166
-0.23458604514598846
0.13062402606010437
-0.33578503131866455
0.4355079233646393
-0.3615259528160095
-0.025065040215849876
0.30632907152175903
0.0014513731002807617
0.02230837382376194
-0.20981435477733612
0.19309616088867188
0.10606709867715836
-0.5906670689582825
0.2195572406053543
0.3516327440738678
-0.1199885830283165
-0.5428258776664734
0.46439114212989807
-0.6470205187797546
0.456867516040802
-0.1810547560453415
-0.03872571140527725
-0.20455829799175262
0.020980406552553177
0.13604013621807098
-0.17223720252513885
-0.00573770422488451
-0.2580096125602722
0.04546777158975601
-0.3811400532722473
0.3975321054458618
-0.03205636888742447
-0.49894222617149353
0.0701766163110733
0.19796815514564514
-0.4409025311470032
-0.2877737581729889
0.4360816478729248
-0.05207562446594238
-0.12272319942712784
-0.4473646283149719
0.4191925525665283
-0.7041155099868774
0.4167197644710541
0.02393820695579052
-0.04269232228398323
-0.2071501463651657
0.03858673572540283
-0.20143187046051025
0.034374795854091644
0.3033011555671692
-0.5481992959976196
0.39211148023605347
0.0837218165397644
-0.38018879294395447
-0.004044544883072376
0.037166498601436615
-0.35431379079818726
0.37539562582969666
0.1667470932006836
-2.3487517833709717
-0.8402427434921265
3.488330364227295
-3.3489441871643066
0.7575072050094604
0.8148998022079468
-0.33932939171791077
-0.0923316702246666
0.18898329138755798
0.04091966152191162
-0.13258114457130432
0.22048792243003845
0.17708511650562286
-0.21486882865428925
-0.42424336075782776
0.3842434883117676
0.2486432045698166
-0.14830175042152405
0.08613844215869904
-0.040573883801698685
-0.011675477027893066
0.00841817818582058
0.11263060569763184
-0.12311627715826035
0.35036295652389526
-0.04388699680566788
-0.002735614776611328
-0.05591151863336563
0.1142294630408287
-0.10824351012706757
0.3458922505378723
-0.5194460153579712
0.12627315521240234
-0.012643814086914062
0.0615726001560688
0.1684458702802658
-0.18641439080238342
0.2056286782026291
0.07672949135303497
-0.18754258751869202
0.07936391979455948
0.17406003177165985
-0.1142955794930458
-0.3601900637149811
0.4997597634792328
-0.11096338927745819
-0.35137495398521423
0.13391093909740448
-0.07831957191228867
0.24291150271892548
-0.2513289153575897
0.12441246211528778
0.23408560454845428
0.02345747873187065
0.07568540424108505
-0.13507947325706482
0.08295018970966339
0.11212722957134247
-0.3062288165092468
0.12774109840393066
-0.28468459844589233
-0.12041139602661133
0.14725804328918457
0.13520650565624237
-0.1443132609128952
0.2888081669807434
-0.02243676222860813
0.21709075570106506
-0.1012001484632492
-0.07535634189844131
0.2644151747226715
0.09046826511621475
-0.054669905453920364
0.1234111338853836
0.07037162780761719
0.21917815506458282
-0.015826940536499023
-0.01851334609091282
0.16884198784828186
0.17654314637184143
0.03832755237817764
-0.061281345784664154
0.13580067455768585
0.17850267887115479
-0.4546380937099457
0.3256722092628479
0.12302956730127335
-0.19297781586647034
0.23650813102722168
-0.08289241790771484
0.3245401382446289
0.2688395082950592
0.18193288147449493
-0.7298636436462402
0.0986831933259964
-0.001692914986051619
0.34905749559402466
0.05139484256505966
0.1465291678905487
3.0889127254486084
-0.3198481500148773
0.3072921633720398
1.3461015224456787
-0.335126131772995
-0.002837234642356634
0.40177232027053833
0.23816688358783722
0.3155757486820221
-0.19666381180286407
0.4439338743686676
-0.02762986347079277
0.08469201624393463
0.44426852464675903
0.025773990899324417
-0.00308973784558475
-0.11282394081354141
0.2829599976539612
0.15550251305103302
0.08987481892108917
0.04301018640398979
0.08805515617132187
-0.25292128324508667
0.456289678812027
0.11103937774896622
-0.08391978591680527
0.025891970843076706
0.377896785736084
0.021811509504914284
-0.07903747260570526
-0.1533958464860916
0.32847005128860474
0.21834349632263184
-0.3524996042251587
0.25400683283805847
-0.12193608283996582
0.2987227737903595
-0.6914927363395691
0.6787751913070679
-0.3171008229255676
-0.015171289443969727
-0.2139524519443512
0.5892771482467651
-0.31044286489486694
-0.3540533185005188
0.21545162796974182
0.1096973642706871
-0.10263125598430634
-0.3357403874397278
0.37582916021347046
-0.08003547042608261
0.17060105502605438
-0.6022170186042786
0.08919711410999298
-0.06699033081531525
0.022650670260190964
0.010811281390488148
-0.003389602992683649
-0.36088964343070984
0.05878312513232231
0.0018486023182049394
0.14648762345314026
-0.4890444874763489
0.030558431521058083
-0.267477422952652
0.19757087528705597
-0.34363558888435364
0.28017035126686096
-0.3312307298183441
-0.06020765379071236
0.12390587478876114
-0.027745816856622696
-0.6834405064582825
0.6197112798690796
-0.3001987338066101
-0.029140764847397804
-0.07276682555675507
-0.3752903938293457
-0.027583587914705276
0.30814558267593384
-0.3855888843536377
-0.0824730396270752
0.2524327337741852
-0.6013485789299011
0.20991846919059753
-0.07698516547679901
0.06290890276432037
0.05323075130581856
-0.6934096813201904
0.3289323151111603
0.048934221267700195
-0.6322749257087708
-0.2805878520011902
0.37228018045425415
-0.3155967593193054
-0.028961729258298874
-0.275994211435318
0.4001566767692566
-0.3461628556251526
0.21111933887004852
0.15808220207691193
-2.0567193031311035
2.8496861457824707
-1.8859641551971436
0.047770578414201736
-0.23314014077186584
-0.1500270813703537
0.35814541578292847
0.05698215961456299
-0.27126771211624146
0.21014437079429626
-0.004776907153427601
0.17141053080558777
0.0020803927909582853
-0.25893115997314453
0.1906132698059082
0.08472885936498642
0.1429046392440796
-0.07317642867565155
0.08923997730016708
0.013569260016083717
-0.006887388415634632
-0.2161291539669037
-0.08055455982685089
0.21369178593158722
0.020466398447752
-0.1761798858642578
0.33520692586898804
0.04637966305017471
-0.333700954914093
0.35902732610702515
0.0843106284737587
0.06624112278223038
0.07294611632823944
-0.28526121377944946
0.24528804421424866
0.08706784248352051
0.0344390869140625
0.07326517254114151
-0.26092761754989624
0.2294633686542511
0.07337947189807892
0.03222150728106499
0.022501563653349876
-0.07730183750391006
-0.14541950821876526
0.3310092091560364
-0.1725282222032547
-0.07327599823474884
0.058859873563051224
-0.1817990243434906
0.14939336478710175
-0.21920624375343323
-0.0071992636658251286
0.06599793583154678
0.01766357384622097
-0.1113990768790245
0.07786347717046738
0.021109366789460182
0.15426233410835266
0.3209914267063141
-0.14561811089515686
0.2730925679206848
0.09551902115345001
-0.18282270431518555
-0.09291096031665802
-0.13819237053394318
0.3163321614265442
0.014182806015014648
-0.0745217353105545
-0.11778731644153595
0.217068150639534
0.030099820345640182
0.09318723529577255
0.06626749038696289
-0.3863864839076996
0.4968838095664978
-0.006788969039916992
0.0014446735149249434
0.11206319183111191
0.14574003219604492
0.13493867218494415
-0.023812245577573776
-0.07276663929224014
0.06938552856445312
0.28467410802841187
-0.03126664087176323
-0.43059706687927246
0.13417354226112366
0.14546748995780945
0.34880512952804565
-0.08220114558935165
-0.3055531680583954
0.09770560264587402
0.06566467136144638
0.2969639301300049
-0.26660260558128357
-0.07571391761302948
0.09450189769268036
-0.0795014351606369
2.989191770553589
-0.8962675333023071
0.6017509698867798
1.2855637073516846
-0.03378307446837425
0.013431698083877563
0.24568693339824677
0.3942931592464447
-0.07520709186792374
0.24602094292640686
0.10938668251037598
0.10604896396398544
-0.13528218865394592
0.19853074848651886
0.14863428473472595
0.29975390434265137
-0.2211700975894928
0.022850537672638893
0.1449447125196457
0.3013920485973358
0.3185439109802246
-0.16653205454349518
-0.22583946585655212
0.3229864239692688
0.06492328643798828
-0.1407175064086914
0.3169479966163635
-0.29019758105278015
0.1473974734544754
0.11481554806232452
-0.21623611450195312
0.40195998549461365
0.006545066833496094
0.17864100635051727
-0.14598000049591064
0.0802275687456131
0.18213263154029846
-0.1713417023420334
-0.03368363529443741
-0.04679245874285698
0.4512290060520172
-0.5514484643936157
-0.0024594783317297697
0.6119393706321716
-0.5348747372627258
-0.0146773811429739
0.1251952350139618
-0.26526743173599243
0.40480899810791016
-0.5394507050514221
0.35697266459465027
-0.22265155613422394
-0.17358389496803284
0.39028188586235046
-0.16106276214122772
-0.7136059999465942
0.42012375593185425
0.13749344646930695
-0.224069744348526
-0.24077317118644714
0.211798757314682
-0.5160720944404602
0.13550730049610138
-0.2919542193412781
0.11536364257335663
0.12788192927837372
-0.2825276255607605
-0.24646902084350586
0.25466081500053406
-0.5108791589736938
-0.18689760565757751
0.22683373093605042
0.0016985296970233321
-0.6514878869056702
0.5141035318374634
-0.7015089988708496
0.40646952390670776
-0.1540353000164032
-0.09561821073293686
-0.5181716084480286
0.2150234878063202
-0.19790229201316833
0.02869095839560032
0.07351405918598175
-0.30201858282089233
-0.02032996341586113
0.01212323922663927
-0.2757393419742584
-0.31282180547714233
0.446530282497406
-0.4064352512359619
-0.004419970326125622
-0.3459100127220154
0.3680341839790344
-0.039397526532411575
-0.10282609611749649
-0.4983302056789398
0.437752902507782
-0.2933935821056366
0.4682520031929016
-1.3339811563491821
1.1071586608886719
-3.4177310466766357
4.5003581047058105
-2.986297369003296
0.17774289846420288
1.0492885112762451
-0.379317045211792
-0.30287766456604004
0.40488868951797485
0.2634063959121704
-0.11214284598827362
-0.2357282191514969
0.18075737357139587
0.2005099356174469
0.16200537979602814
-0.18228259682655334
-0.058771371841430664
0.09977283328771591
-0.0040583135560154915
0.06487438827753067
0.15412206947803497
-0.020781945437192917
-0.054454851895570755
-0.12616972625255585
0.11919049918651581
0.16584379971027374
-0.010822867974638939
-0.15502920746803284
0.27491170167922974
-0.20748314261436462
0.03986416012048721
-0.002720308257266879
-0.11022476851940155
0.16421528160572052
0.45409688353538513
-0.02274603769183159
-0.18549051880836487
-0.15500152111053467
0.30019858479499817
0.15631012618541718
-0.10586939007043839
0.003244257066398859
-0.19142889976501465
0.37010249495506287
0.005081653594970703
-0.07800249755382538
-0.30823415517807007
0.2074895203113556
-0.026038741692900658
0.1045449748635292
-0.40879836678504944
0.12758295238018036
-0.017057370394468307
-0.008170152083039284
-0.08258013427257538
-0.5111072063446045
0.29946789145469666
-0.012391376309096813
-0.18033762276172638
-0.4521784782409668
0.038500238209962845
0.013888955116271973
0.033785246312618256
0.02367119863629341
0.10684134811162949
-0.11606621742248535
0.16704857349395752
0.03652014583349228
-0.10784540325403214
-0.11997584998607635
0.10206973552703857
-0.20576167106628418
0.29541707038879395
0.0021428107284009457
0.38701677322387695
-0.3925103545188904
-0.0769118070602417
-0.0013595104683190584
0.2185487300157547
0.09045424312353134
-0.6992352604866028
0.34845423698425293
-0.2667926847934723
0.4071389138698578
-0.009444713592529297
0.07943751662969589
-0.12143316119909286
-0.21320858597755432
0.010060620494186878
0.30697476863861084
0.24632462859153748
-0.26559537649154663
0.267030268907547
-0.3623400926589966
0.14874406158924103
-0.3803430199623108
0.19621512293815613
0.3963753581047058
-1.883861780166626
3.7863094806671143
0.5250716209411621
-0.14869341254234314
0.559217095375061
0.3033927381038666
-0.2480512410402298
0.3995493948459625
-0.07965462654829025
-0.19998498260974884
0.5672638416290283
0.2029048204421997
0.16978463530540466
-0.20505833625793457
0.2739323377609253
-0.12258453667163849
0.5478228330612183
-0.2517092525959015
0.15715548396110535
0.45078858733177185
0.274344265460968
-0.23910565674304962
0.0005557775730267167
0.09402883052825928
0.24107520282268524
-0.15662188827991486
0.18931059539318085
0.3248642086982727
-0.19216623902320862
0.340474396944046
-0.13771800696849823
-0.20032067596912384
0.516781210899353
-0.018341708928346634
-0.08190169185400009
0.18221385776996613
-0.05514655262231827
0.24962687492370605
-0.15297961235046387
-0.09317836910486221
0.20392277836799622
-0.11669842898845673
0.12641748785972595
-0.03696084022521973
-0.08134527504444122
0.18559220433235168
0.05914296954870224
0.18264994025230408
-0.3975224196910858
0.43705230951309204
-0.5021800994873047
0.5546181797981262
-0.015131950378417969
-0.42977723479270935
0.04617948457598686
0.15940289199352264
0.008461284451186657
-0.030958497896790504
-0.400714635848999
-0.15124383568763733
0.4987458288669586
-0.14113318920135498
-0.24934987723827362
-0.31309229135513306
-0.4419800341129303
0.7932764887809753
-0.08527068793773651
-0.36531537771224976
-0.3512001633644104
0.3533664047718048
-0.04086107760667801
-0.4670047163963318
0.1516208052635193
-0.03149688243865967
-0.20909683406352997
-0.19838136434555054
-0.01343473233282566
-0.20993566513061523
-0.030050277709960938
0.02014862559735775
-0.09869274497032166
-0.00024729370488785207
-0.4445302486419678
0.22115008533000946
0.010902989655733109
-0.3843671679496765
0.10000240802764893
-0.8688853979110718
1.0331342220306396
-0.44145384430885315
-0.8202290534973145
0.6888591647148132
-0.4746726453304291
0.5063732862472534
-0.5792887210845947
0.008235585875809193
0.015160441398620605
-0.20645317435264587
0.2183220386505127
0.039360594004392624
0.23539039492607117
-1.3881014585494995
0.7864550352096558
0.473184198141098
-1.5763094425201416
0.675451397895813
-1.1019413471221924
1.127570629119873
0.0840473622083664
-0.5076799392700195
0.043459273874759674
-0.06179208680987358
0.17399685084819794
0.15796557068824768
-0.17968836426734924
-0.06335673481225967
-0.08505067974328995
0.06816625595092773
0.15098099410533905
0.037180282175540924
-0.11970329284667969
0.05116014555096626
0.11699805408716202
-0.0683111697435379
0.033077288419008255
0.16414745151996613
0.1785270720720291
0.07165732234716415
-0.2817039489746094
0.46167364716529846
-0.28833848237991333
0.04973120614886284
0.060845471918582916
0.12069320678710938
0.016095781698822975
-0.28665533661842346
0.18819284439086914
-0.24448537826538086
0.05415618419647217
0.18329951167106628
-0.16123834252357483
-0.29457974433898926
-0.03641347959637642
0.0425594337284565
0.07455956935882568
0.03883371502161026
-0.22421351075172424
0.09830446541309357
0.23962783813476562
-0.04625349119305611
-0.3996298015117645
0.10884197056293488
-0.22793956100940704
0.3608315587043762
0.04673299938440323
-0.38067594170570374
-0.12991118431091309
-0.20529255270957947
0.11752233654260635
0.0305783748626709
-0.020997142419219017
-0.14163151383399963
-0.0030471323989331722
-0.27003949880599976
-0.1277359277009964
0.08126489818096161
-0.11394701153039932
0.019762087613344193
0.004924583248794079
0.043151259422302246
0.23710203170776367
-0.057024143636226654
-0.08921680599451065
0.5494714975357056
-0.08287663757801056
0.00024416446103714406
-0.1627843677997589
0.14168491959571838
-0.05720639228820801
-0.24192941188812256
-0.27177315950393677
-0.0546298511326313
0.07590832561254501
0.10199365764856339
0.07500877231359482
0.02127676084637642
0.216755673289299
-0.5679367780685425
-0.362904816865921
0.3544476628303528
0.2806597650051117
0.022898554801940918
0.19184672832489014
-0.21998420357704163
0.37386274337768555
-0.3840048313140869
0.007846427150070667
0.10376369953155518
-0.0960831418633461
0.11954116821289062
-0.21574048697948456
3.3767497539520264
-1.7527551651000977
0.7460047602653503
1.8058303594589233
-0.34893089532852173
-0.1685013324022293
0.3109315037727356
0.09230519831180573
0.0677233338356018
0.08758946508169174
0.11945264041423798
0.21607832610607147
0.024225402623414993
0.1796189844608307
0.01610296405851841
0.06633985042572021
0.07637365162372589
-0.09634818881750107
0.31380417943000793
0.18365292251110077
-0.1457526683807373
-0.023623967543244362
0.2890206575393677
-0.10152177512645721
-0.21945996582508087
0.45224729180336
0.16240361332893372
-0.2077479362487793
0.37817835807800293
-0.10737905651330948
0.37857264280319214
-0.3393462002277374
-0.005366778466850519
0.3420821726322174
0.11899018287658691
-0.011026764288544655
-0.252606064081192
0.23497232794761658
0.21675316989421844
-0.05826132372021675
-0.09979422390460968
0.06301657855510712
0.08966855704784393
-0.06517674773931503
-0.40711984038352966
0.42601919174194336
-0.44201117753982544
0.3326435089111328
-0.07166409492492676
-0.09331166744232178
-0.527047336101532
0.5193678736686707
0.0004178762319497764
-0.35073941946029663
0.15630829334259033
-0.024661898612976074
-0.3123394548892975
0.6683717966079712
-0.5225094556808472
-0.3807050883769989
0.08711890876293182
0.1669468879699707
-0.28525036573410034
-0.019923318177461624
-0.21139483153820038
-0.07017982006072998
-0.28882601857185364
0.5342741012573242
-0.6520441174507141
0.1461535394191742
-0.11966051161289215
0.1160692572593689
-0.45933231711387634
0.025795351713895798
0.11372256278991699
-0.3910577595233917
-0.19941827654838562
0.24835515022277832
-0.2927808463573456
-0.14557160437107086
0.20687977969646454
-0.519243597984314
-0.006231769919395447
0.03463192284107208
0.12752267718315125
-0.6733692288398743
0.30393683910369873
-0.18364393711090088
0.3024224042892456
-0.1897684931755066
0.3678859770298004
-0.7499734163284302
0.15589724481105804
0.3259420394897461
-0.4247712194919586
0.19777391850948334
-0.5454267263412476
0.5716660618782043
-0.24831227958202362
-0.11526362597942352
-0.531369149684906
-0.6981695890426636
1.6608110666275024
-0.9758801460266113
-0.4950616955757141
0.5073369741439819
0.38090330362319946
0.1097908467054367
-0.5190163850784302
0.3389810025691986
0.4836130142211914
-0.4892160892486572
-0.04760913923382759
0.060602426528930664
0.30271825194358826
0.12211322784423828
-0.23592615127563477
0.054917048662900925
0.0950278490781784
0.02841322496533394
0.1253437101840973
0.012724685482680798
-0.012983608059585094
0.17409148812294006
-0.0203383918851614
0.1971689760684967
-0.21077461540699005
-0.07346753776073456
0.08966362476348877
-0.03853664547204971
0.04571371152997017
0.05072152614593506
-0.03548688814043999
-0.09397391974925995
0.20421501994132996
0.2793639600276947
-0.021219825372099876
-0.4992431700229645
0.28496214747428894
0.23716449737548828
-0.09896321594715118
-0.15625186264514923
0.19053292274475098
0.14329209923744202
0.13266798853874207
-0.09176335483789444
0.16361303627490997
-0.07053661346435547
-0.3440839350223541
0.28381043672561646
-0.13379740715026855
0.0017786503303796053
-0.015147161670029163
0.3260464370250702
-0.05001692846417427
0.09874673187732697
-0.19095130264759064
-0.02343926392495632
0.05009598657488823
-0.01051716785877943
0.06552133709192276
-0.33363479375839233
-0.06744952499866486
0.19020548462867737
-0.2068321704864502
-0.16962161660194397
0.38527995347976685
-0.0012981891632080078
0.04487790912389755
0.029003525152802467
0.004995822906494141
-0.0505007728934288
-0.11720819771289825
-0.22241346538066864
0.16028662025928497
-0.27500593662261963
0.18197178840637207
0.11825700104236603
-0.1545221358537674
0.016045045107603073
0.070010706782341
0.32288509607315063
-0.16597287356853485
0.20472216606140137
-0.474005788564682
0.06575179100036621
0.06390919536352158
-0.16252045333385468
0.1808040589094162
-0.10579061508178711
-0.04638047143816948
0.014911031350493431
0.012861776165664196
-0.09450874477624893
0.2961878180503845
0.02529427967965603
0.4164070188999176
0.03901999071240425
0.31715020537376404
-0.21533885598182678
3.2903835773468018
-1.4781744480133057
0.7291470170021057
1.6921087503433228
-0.600051999092102
0.03393260017037392
0.15450185537338257
0.378154456615448
0.6407548189163208
-0.29953640699386597
-0.020679961889982224
0.1416434794664383
0.6858518123626709
-0.22379322350025177
0.14797797799110413
-0.05377614498138428
0.39026814699172974
0.21038642525672913
-0.17147061228752136
0.43582144379615784
-0.3048228323459625
0.6862753629684448
-0.1782151758670807
-0.07770528644323349
0.16191652417182922
0.07229974120855331
0.09244277328252792
0.24019813537597656
0.31333085894584656
-0.33327120542526245
0.0951104611158371
0.2894759178161621
-0.21806693077087402
0.27257978916168213
-0.008256101980805397
-0.10912923514842987
0.20852914452552795
-0.23985585570335388
0.12367482483386993
0.05411195755004883
0.11081898212432861
0.03007671795785427
-0.1847345381975174
0.31432586908340454
-0.6346520185470581
0.2235533744096756
0.13431861996650696
0.034372471272945404
-0.16269123554229736
-0.03951625898480415
0.08558080345392227
-0.3464171290397644
-0.0700758695602417
0.13330358266830444
-0.14453592896461487
0.05144553259015083
-0.21159403026103973
0.3266337811946869
-0.18179836869239807
-0.20892751216888428
-0.5041037797927856
0.5209460258483887
-0.1401139199733734
-0.05517028644680977
-0.22803477942943573
-0.2713793218135834
0.5712963342666626
-0.5568854808807373
-0.05836743116378784
-0.11707472801208496
-0.222365140914917
-0.014575004577636719
-0.01846095360815525
0.2274537831544876
-0.16183194518089294
0.021633511409163475
-0.28413447737693787
-0.03705481067299843
0.07812522351741791
-0.2736225724220276
0.02713298425078392
-0.22215883433818817
0.002450981643050909
-0.013389552012085915
0.15714123845100403
0.04652965068817139
-0.3664320111274719
-0.22166688740253448
-0.15026482939720154
-0.01783202774822712
0.21407917141914368
-0.23453180491924286
-0.2733128070831299
0.09955233335494995
-0.32655125856399536
-0.021954679861664772
0.38816913962364197
-0.48730477690696716
0.011599183082580566
0.39998000860214233
0.13309726119041443
-2.4082226753234863
3.2789645195007324
-1.8675216436386108
-0.11174271255731583
-0.0849950760602951
0.011888599023222923
0.17573222517967224
-0.018210744485259056
0.1502770483493805
0.22991123795509338
-0.23109164834022522
0.2035486251115799
-0.17923226952552795
0.20626060664653778
-0.18440911173820496
0.07881560176610947
0.4085002839565277
-0.07738594710826874
0.029141854494810104
-0.04668588563799858
0.04491572454571724
-0.16963179409503937
0.19524478912353516
0.21061722934246063
-0.12327728420495987
-0.1580595076084137
0.14428332448005676
-0.034484244883060455
-0.1940934658050537
0.18838092684745789
-0.06245420128107071
0.020970821380615234
0.050769735127687454
-0.03494131565093994
0.17153945565223694
-0.06021080166101456
0.08463716506958008
0.03212878853082657
0.14497537910938263
-0.20690330862998962
0.05433974415063858
0.004094839096069336
-0.20592346787452698
0.3218657672405243
0.010604143142700195
-0.05969081073999405
-0.12908661365509033
0.18458673357963562
0.11643366515636444
-0.02522129938006401
0.21513140201568604
-0.05982976034283638
-0.07661767303943634
0.35305339097976685
0.1417035609483719
0.036098551005125046
0.20540830492973328
0.03152627870440483
-0.10281815379858017
-0.11877069622278214
-0.07708747684955597
0.2598154842853546
0.08861593902111053
0.022901106625795364
-0.28604620695114136
0.14004667103290558
-0.020948266610503197
-0.08829689025878906
0.038633059710264206
-0.15716108679771423
0.1169038787484169
0.4437120854854584
-0.41851192712783813
0.32700198888778687
0.1107325553894043
0.1924416571855545
-0.04851818084716797
-0.2454424351453781
0.18278446793556213
0.002836036728695035
-0.20854894816875458
-0.21254315972328186
0.0015806674491614103
0.10153961181640625
-0.10081634670495987
-0.015544223599135876
0.2983522415161133
-0.24469871819019318
0.11586828529834747
0.08808045089244843
-0.2770634889602661
-0.1529902219772339
0.1264159232378006
0.2083076536655426
-0.5058344602584839
0.35767191648483276
0.08686499297618866
0.11452920734882355
0.04188842698931694
2.9626967906951904
-1.4262596368789673
1.0236542224884033
1.2195181846618652
-0.2765355408191681
0.2544497847557068
0.3099117577075958
-0.032177381217479706
0.38638320565223694
0.18269667029380798
-0.04715723544359207
0.12115417420864105
0.22646081447601318
-0.015071725472807884
-0.009407090954482555
0.5539977550506592
-0.2852536737918854
0.4359967112541199
-0.05594833940267563
0.014694476500153542
0.25021106004714966
0.20466339588165283
0.24441251158714294
-0.5626848936080933
0.3243853449821472
0.2443753480911255
-0.09536930173635483
-0.20435574650764465
0.0880495086312294
0.821127712726593
-0.602877140045166
0.39608508348464966
-0.1119694709777832
-0.09847390651702881
0.29301849007606506
-0.17622442543506622
-0.032708119601011276
0.22075167298316956
0.1627698838710785
-0.22117778658866882
-0.04844224452972412
0.23771700263023376
-0.3716971278190613
0.12751290202140808
-0.3118356764316559
0.3525453209877014
0.28071069717407227
-0.6125283241271973
0.045702315866947174
0.46074122190475464
-0.6564468741416931
0.38282251358032227
0.007962631992995739
-0.007315707392990589
-0.24294817447662354
-0.006998133845627308
0.13676989078521729
0.06640613079071045
-0.14826710522174835
-0.07334470748901367
-0.04788007587194443
0.18460464477539062
-0.2141217440366745
-0.4303165376186371
0.1541585475206375
-0.2529188096523285
-0.2801204323768616
0.5077471733093262
-0.10423710197210312
-0.5286319255828857
0.16211049258708954
0.1755915880203247
-0.4302156865596771
0.036336787045001984
-0.23305411636829376
-0.01618370972573757
-0.18452703952789307
-0.07055569440126419
-0.22304601967334747
0.030772816389799118
-0.3852907419204712
-0.183024600148201
0.40180301666259766
-0.08552064746618271
-0.3120904564857483
-0.03969470411539078
0.255293607711792
-0.4742593765258789
-0.12300927937030792
0.3009049892425537
-0.7323917150497437
0.5236453413963318
-0.5488081574440002
-0.12265922874212265
0.3073651194572449
0.10533221065998077
-0.47980961203575134
0.23281773924827576
-0.23226046562194824
0.37742722034454346
0.07148709148168564
-2.3887827396392822
-0.036614514887332916
2.9582419395446777
-2.4770359992980957
0.4087640345096588
0.554783821105957
-0.4130425453186035
0.11199295520782471
0.3279717266559601
-0.021292686462402344
-0.10046281665563583
0.042639970779418945
-0.06489352881908417
-0.0934634655714035
0.32332950830459595
-0.07101444900035858
-0.16856861114501953
-0.2383725643157959
0.4500749707221985
0.022962236776947975
-0.2681970000267029
-0.2917318046092987
0.0636148452758789
0.17225277423858643
0.24276494979858398
-0.1597447395324707
-0.1438417136669159
0.2334495335817337
-0.01363382302224636
-0.19828495383262634
0.17669382691383362
-0.14228205382823944
0.19301101565361023
-0.16919443011283875
0.2743939459323883
0.07578916847705841
-0.0864948257803917
-0.24934034049510956
0.4771648347377777
-0.315391480922699
0.11413729190826416
0.08267469704151154
-0.07753586769104004
0.09051525592803955
-0.16534070670604706
0.06105680391192436
-0.055230092257261276
0.27856341004371643
-0.234781414270401
-0.17717161774635315
-0.06770829856395721
-0.05137810856103897
-0.01187586784362793
-0.030539656057953835
0.2826821804046631
-0.12578630447387695
-0.04408683627843857
0.0020372867584228516
0.01908421516418457
0.1584312468767166
-0.09775743633508682
0.14869582653045654
0.21578161418437958
0.08543352782726288
-0.3341889977455139
0.3452375531196594
-0.04775045067071915
0.07828845828771591
0.3429366946220398
0.04286785051226616
-0.1471160352230072
0.07626666873693466
0.08433809131383896
0.022583533078432083
0.08695705235004425
0.012106609530746937
-0.44024839997291565
0.46560439467430115
0.17427220940589905
-0.2897610664367676
0.26798439025878906
-0.1758730709552765
0.29103317856788635
-0.30106478929519653
0.21106687188148499
0.10393624007701874
-0.04479823261499405
-0.11599145084619522
-0.03616545349359512
-0.001047587371431291
0.20937752723693848
-0.12077305465936661
0.35198602080345154
0.1667952984571457
0.24664469063282013
-0.06910476833581924
-0.3013143241405487
0.6773263812065125
-0.21071381866931915
3.6715846061706543
-0.6430668830871582
0.467725932598114
1.2868788242340088
-0.26377400755882263
-0.22008481621742249
0.43877092003822327
0.14922627806663513
0.3862215280532837
0.29765576124191284
0.10205414146184921
0.17441122233867645
0.2218550145626068
-0.1243724599480629
0.2293584793806076
0.10830702632665634
0.07542483508586884
0.1004263386130333
0.3938654065132141
-0.3513861894607544
0.4093626141548157
-0.09834575653076172
0.16308894753456116
0.1964518278837204
-0.13697591423988342
0.2742907404899597
-0.015527677722275257
0.3347160220146179
0.2347496747970581
-0.3004531264305115
0.06630168110132217
0.34356313943862915
-0.2216349095106125
0.15270431339740753
0.0130471708253026
-0.07431173324584961
0.12604305148124695
0.09429993480443954
-0.18465407192707062
0.08550455421209335
-0.258567750453949
0.18569378554821014
0.03443777561187744
-0.15521109104156494
0.21337714791297913
-0.2021760195493698
-0.012940263375639915
-0.028078531846404076
-0.3095291554927826
0.3843103349208832
-0.16262522339820862
0.12059445679187775
-0.08493747562170029
-0.25658300518989563
0.11415469646453857
0.06561839580535889
-0.34530866146087646
-0.16546078026294708
0.47280779480934143
-0.43878573179244995
-0.34361714124679565
0.4630899429321289
-0.18480262160301208
-0.25086989998817444
-0.29746872186660767
0.12561847269535065
-0.08803975582122803
-0.039453648030757904
-0.3060600161552429
0.5500349402427673
-0.6193285584449768
-0.18249022960662842
0.4113282263278961
0.10133425891399384
-0.45770248770713806
0.004004347138106823
-0.12432031333446503
-0.38055863976478577
-0.010481034405529499
0.04949971288442612
-0.14069317281246185
-0.17317703366279602
0.08476664870977402
-0.06610127538442612
-0.4278537333011627
0.024806559085845947
-0.23823419213294983
0.06289402395486832
-0.15719573199748993
0.1331947296857834
-0.18918544054031372
-0.27868661284446716
0.3964751660823822
-0.3522626757621765
-0.2580026090145111
0.1639225333929062
-0.06607155501842499
0.08272556215524673
-0.21242418885231018
0.37303611636161804
-1.2732492685317993
0.5027436017990112
0.8515337109565735
-1.3212902545928955
0.29141491651535034
-0.04799985885620117
-0.0063629150390625
0.19554099440574646
0.06296873092651367
-0.2636753022670746
0.104924775660038
0.19564661383628845
-0.22929048538208008
0.11496903747320175
-0.07603983581066132
0.28613656759262085
-0.3938807547092438
-0.03788905218243599
0.05586380884051323
0.3524530529975891
-0.029850220307707787
0.03781690448522568
-0.05279724672436714
-0.08438899368047714
0.41783952713012695
-0.24469438195228577
0.12906983494758606
-0.03770799562335014
0.18778569996356964
-0.0032117844093590975
-0.1391335427761078
0.5386337637901306
-0.0841379165649414
-0.35248976945877075
-0.362902969121933
0.28070375323295593
0.5114860534667969
0.22518520057201385
-0.15985837578773499
-0.09952779114246368
-0.05238828808069229
0.1410709172487259
0.03478283807635307
0.0040280818939208984
0.024280499666929245
0.31152862310409546
-0.1833784580230713
-0.014949416741728783
-0.1408834457397461
-0.12502780556678772
0.3262442946434021
-0.2697954773902893
-0.07674920558929443
0.24009354412555695
0.04359598085284233
-0.23764868080615997
0.34151047468185425
-0.1024310365319252
-0.10257601737976074
-0.03654875606298447
-0.1499716341495514
-0.3064478039741516
0.20124311745166779
0.16089197993278503
0.023475313559174538
0.17261537909507751
-0.20193171501159668
-0.33153635263442993
0.1924423724412918
0.02717752382159233
0.045257020741701126
-0.05359907075762749
0.3721533715724945
-0.09000889956951141
0.06073708459734917
0.26259201765060425
0.15126505494117737
0.1976591795682907
-0.11403539031744003
0.4842965006828308
-0.199233740568161
0.22319960594177246
-0.3881734013557434
0.1446559876203537
0.5398215055465698
-0.08048725128173828
0.17961423099040985
0.0984487533569336
-0.27136731147766113
0.34308552742004395
0.08587729930877686
0.0490238182246685
-0.19385471940040588
0.44542771577835083
0.27402421832084656
-0.15365704894065857
-0.07340049743652344
0.2100238800048828
-0.23580607771873474
0.1771560162305832
2.87150239944458
-0.8234260678291321
0.9626344442367554
0.9990720748901367
-0.5433394908905029
0.2190668135881424
0.5015543699264526
0.038481175899505615
0.5318673253059387
-0.2671153247356415
0.3737195134162903
0.1229107603430748
0.29981574416160583
-0.061568427830934525
-0.2510085999965668
0.42869991064071655
0.26640191674232483
0.06554476916790009
0.06957311928272247
0.28073734045028687
0.120306596159935
-0.21859660744667053
0.44247713685035706
-0.08159804344177246
-0.01329736690968275
0.30857011675834656
-0.1461264193058014
0.4295528531074524
-0.3514748215675354
-0.03846607357263565
0.5449448227882385
0.025218892842531204
-0.08861131966114044
-0.049611520022153854
0.027049636468291283
0.5574191808700562
-0.3919580578804016
-0.20057955384254456
0.521919846534729
-0.18634100258350372
0.02540717087686062
0.053481411188840866
-0.11349451541900635
-0.05369293689727783
0.049651216715574265
-0.2542094886302948
0.21769551932811737
-0.12649664282798767
-0.05789294093847275
-0.06928543746471405
-0.0738922581076622
0.16818776726722717
-0.36287328600883484
-0.04920921474695206
0.32889363169670105
-0.2656692862510681
0.08938878774642944
-0.5191055536270142
0.029227256774902344
0.21676528453826904
-0.022370170801877975
-0.41868773102760315
0.07078325748443604
-0.19927743077278137
-0.03646904230117798
-0.2542649209499359
0.19253955781459808
-0.1656341254711151
-0.34136101603507996
0.07529773563146591
-0.02151423692703247
-0.07179208844900131
-0.4333195686340332
0.2108091562986374
-0.46711206436157227
0.21483497321605682
-0.009250986389815807
-0.22498126327991486
0.07746125757694244
0.3569718301296234
-0.5304645299911499
0.15747402608394623
-0.05357060581445694
-0.5671478509902954
0.4575934410095215
-0.13776659965515137
-0.49908939003944397
-0.22685010731220245
0.8532541990280151
-0.359103798866272
-0.45766592025756836
0.37632355093955994
0.1279524564743042
-0.31020718812942505
0.12183286249637604
-0.11783421039581299
-0.1617649346590042
0.569465160369873
-0.3055393099784851
0.01883850060403347
0.29095569252967834
-2.2777678966522217
-0.1940169334411621
3.1316890716552734
-2.9946465492248535
0.1019015908241272
1.1275302171707153
-0.5270498991012573
0.09412460029125214
0.4547097682952881
0.01167144812643528
-0.5115081667900085
0.3023119866847992
0.03326845169067383
-0.2741393446922302
0.35853660106658936
-0.5555166006088257
0.2312275469303131
0.14973752200603485
0.018561553210020065
-0.023976946249604225
0.06079502031207085
-0.1830005645751953
0.01772167719900608
0.19391930103302002
0.10071687400341034
0.12170343101024628
-0.2281123697757721
-0.07581999152898788
0.05110955238342285
0.3636784553527832
-0.34223002195358276
-0.17806629836559296
0.2822132706642151
0.1248590499162674
0.002558374311774969
-0.10911092907190323
-0.16390247642993927
0.43705281615257263
-0.2992371618747711
0.11301793903112411
0.05371079593896866
-0.11423540115356445
0.21901297569274902
-0.09992694854736328
-0.1199459582567215
0.1720886528491974
0.035572148859500885
-0.13480739295482635
-0.06862010806798935
0.09213657677173615
-0.09653298556804657
-0.2711283564567566
0.19082573056221008
0.25770488381385803
0.28833824396133423
0.19062519073486328
-0.24690937995910645
0.23207101225852966
-0.13733014464378357
-0.020532846450805664
0.17195196449756622
0.2227606326341629
0.12279973179101944
-0.019241953268647194
0.13876381516456604
-0.05646085739135742
-0.11950989067554474
0.303095281124115
-0.12183482944965363
0.00015654563321731985
-0.04949529096484184
0.33943793177604675
-0.21798348426818848
-0.16522827744483948
0.4807438850402832
-0.2706535756587982
0.1777086704969406
0.022096777334809303
0.4976840913295746
0.039385031908750534
-0.27064886689186096
0.11080925166606903
0.005690574645996094
0.03412036970257759
-0.12060656398534775
0.08604340255260468
-0.19434854388237
0.6349540948867798
-0.4166509211063385
0.4050261378288269
-0.08472142368555069
-0.35329288244247437
0.017162466421723366
0.1732994019985199
0.10978996753692627
-0.011986732482910156
0.08894757926464081
0.5924739837646484
-1.5631698369979858
5.856026649475098
-1.3653252124786377
-1.2081496715545654
1.5961825847625732
0.47698038816452026
-0.17438918352127075
-0.0923614576458931
0.36890292167663574
0.4788692593574524
-0.22995224595069885
0.0033385753631591797
0.617039680480957
0.01808084174990654
0.36756178736686707
0.3278764486312866
-0.7779019474983215
0.4508288502693176
0.7868989109992981
-0.41616886854171753
0.2543518841266632
0.4890139698982239
-0.3517763018608093
-0.07547016441822052
0.4308827519416809
-0.08951067924499512
-0.18470069766044617
0.3508893847465515
0.261671781539917
-0.2745969891548157
0.21666066348552704
0.1057414785027504
-0.2404540777206421
-0.021105146035552025
0.39136117696762085
-0.004206609912216663
-0.048343826085329056
0.04478190094232559
0.17293600738048553
0.15676088631153107
-0.11693497002124786
-0.20788240432739258
0.41441208124160767
-0.1598612517118454
0.22616681456565857
-0.39864569902420044
0.19488589465618134
0.06633996963500977
-0.08327224105596542
-0.18584248423576355
-0.3490360677242279
0.74544757604599
-0.7822468876838684
0.4870302081108093
-0.1438862532377243
-0.2632024884223938
-0.02325277402997017
0.28351375460624695
-0.37276315689086914
0.12903456389904022
-0.22848626971244812
0.07415497303009033
0.2741992771625519
-0.3015466630458832
-0.07516045868396759
-0.05985286086797714
-0.18230785429477692
-0.10746324062347412
0.10784032195806503
0.21681657433509827
-0.45825472474098206
0.2355303317308426
-0.29897400736808777
-0.12343015521764755
-0.33515816926956177
0.2941024899482727
-0.012598300352692604
-0.8502227067947388
0.45738983154296875
-0.05767537280917168
-0.203011155128479
-0.20719632506370544
-0.00661579379811883
-0.10313787311315536
-0.05506543070077896
-0.29391905665397644
0.11963886022567749
-0.4552689492702484
-0.27411124110221863
0.5456415414810181
-0.22783271968364716
-0.5196883678436279
0.42536911368370056
0.04319751262664795
-0.9977138638496399
0.5579841136932373
-0.014581084251403809
-0.36128073930740356
-0.07725443691015244
0.01121441088616848
0.5765756368637085
-1.2774579524993896
0.4463035464286804
-2.908163070678711
3.864670515060425
-2.6920690536499023
0.737097442150116
0.05645618587732315
0.11359403282403946
-0.00460505485534668
-0.1531672477722168
0.329234778881073
-0.0998406857252121
0.023615265265107155
-0.10935034602880478
0.48155108094215393
-0.02796945534646511
-0.06484542042016983
-0.2270617038011551
0.1763896495103836
-0.026253700256347656
-0.1551951915025711
-0.23789933323860168
0.314303457736969
-0.017513513565063477
-0.18962010741233826
0.09686505794525146
-0.01594991609454155
0.03207683563232422
0.10228195041418076
0.10272741317749023
-0.16560348868370056
0.2486358880996704
-0.091173455119133
0.040128447115421295
0.002410244895145297
-0.01608114317059517
0.1094479113817215
-0.011141466908156872
0.09314616024494171
0.21370407938957214
-0.16328290104866028
-0.010729217901825905
0.0489623062312603
-0.02135179005563259
-0.012881827540695667
0.036029815673828125
0.12076354026794434
-0.2642415165901184
0.034003160893917084
0.00915837287902832
0.05160961300134659
-0.05978751182556152
-0.0980924591422081
-0.28279930353164673
0.1681172400712967
0.17289681732654572
0.12878891825675964
0.20157496631145477
0.13434843719005585
0.10227350890636444
-0.3939495086669922
-0.0033249377738684416
-0.14924192428588867
0.08432574570178986
0.18937067687511444
-0.3296282887458801
-0.010488701052963734
-0.23100242018699646
-0.04756183549761772
0.34758085012435913
-0.1319001168012619
0.1802884042263031
-0.35624751448631287
-0.11149773746728897
-0.31337541341781616
0.13938303291797638
-0.07054410129785538
-0.25974369049072266
0.20345887541770935
-0.14116692543029785
-0.06491963565349579
0.2862057089805603
0.028101276606321335
-0.1218067854642868
-0.05437416955828667
0.0006872176891192794
0.3195889890193939
-0.10731758922338486
0.4582878649234772
-0.28053921461105347
-0.10328121483325958
-0.01217045821249485
-0.5194394588470459
-0.02710881270468235
-0.057680319994688034
-0.0958431214094162
0.04364719241857529
0.3982636332511902
0.015809249132871628
-0.060048580169677734
3.4426140785217285
-1.4810092449188232
0.8629361391067505
1.7195056676864624
-0.4817087650299072
-0.1411413997411728
0.39684516191482544
-0.025235390290617943
0.6270511150360107
0.1168462261557579
0.0435667410492897
0.29701533913612366
0.3947893977165222
-0.08573408424854279
0.2132822722196579
0.13403721153736115
-0.06584978103637695
0.13430602848529816
0.15828292071819305
0.06442289054393768
0.13382942974567413
0.4857657849788666
-0.011365532875061035
-0.023550938814878464
0.2702346742153168
-0.0385378822684288
0.1111181229352951
0.23098012804985046
0.17734523117542267
0.10702881962060928
-0.20835813879966736
0.12776298820972443
0.2649014890193939
-0.20849616825580597
0.351435124874115
-0.23284614086151123
0.016735458746552467
0.6413154602050781
-0.4301978051662445
0.03705773502588272
0.0184752456843853
0.31863921880722046
-0.43986329436302185
0.21009722352027893
0.08355335891246796
-0.03014400042593479
-0.034891556948423386
-0.11957931518554688
-0.2826116681098938
0.47283434867858887
-0.23048576712608337
-0.04853169992566109
0.1855025738477707
-0.45524922013282776
0.37232285737991333
0.31840306520462036
-0.4971224367618561
-0.23161020874977112
0.1833416223526001
-0.1132974848151207
0.055094458162784576
0.08541760593652725
-0.7698200345039368
0.45686978101730347
-0.0916077122092247
-0.09045282751321793
-0.32774636149406433
-0.08285029232501984
0.15549814701080322
0.1757594645023346
-0.27462059259414673
-0.057535212486982346
-0.3711565434932709
-0.09202338755130768
0.30933457612991333
-0.1507209837436676
-0.11487369239330292
-0.014190932735800743
-0.5178908109664917
0.3587232530117035
0.02881905436515808
-0.24541878700256348
-0.26991909742355347
0.2567197382450104
0.020993579179048538
-0.17627128958702087
-0.17290948331356049
-0.08893191069364548
0.20834986865520477
-0.11104508489370346
-0.039992403239011765
-0.25825005769729614
0.034761954098939896
0.08784636110067368
0.012131238356232643
-0.05987565591931343
-0.5419903993606567
0.7953705787658691
