-1.171114206314087
-1.171114206314087
0.791638970375061
-3.4700980186462402
1.675633430480957
-0.15866093337535858
-1.4478542804718018
0.34713447093963623
-0.13537749648094177
-0.2843424677848816
-0.11613738536834717
-0.45245489478111267
-0.1301446557044983
0.3864023685455322
-0.16331061720848083
-0.07964656502008438
-0.5230951309204102
0.23131251335144043
1.0066373348236084
0.36967259645462036
-0.6117116212844849
-0.27916884422302246
-0.8530794978141785
-0.6426728367805481
0.6931940317153931
-0.8213303685188293
0.14802056550979614
-0.41625627875328064
-0.2622902989387512
0.059891123324632645
-0.17678174376487732
0.3065105378627777
0.22969424724578857
-0.7206416726112366
-0.3876893222332001
0.7398525476455688
0.10284245014190674
0.25637128949165344
0.9277753829956055
-0.9915454983711243
0.15768620371818542
-0.12763860821723938
-2.0549821853637695
1.1649757623672485
-0.5216976404190063
-0.11212120205163956
0.9208612442016602
-1.1615625619888306
0.5746050477027893
-0.004695570562034845
-0.11192731559276581
0.16887983679771423
0.14697375893592834
0.2411779910326004
0.1360333412885666
0.6812940835952759
0.5976241230964661
1.0407747030258179
-1.665187120437622
0.8285595178604126
1.5062192678451538
-2.5972466468811035
1.4884755611419678
0.2633342444896698
-2.3974921703338623
1.7260433435440063
0.36700439453125
-0.9350287318229675
0.9344273805618286
-0.49257197976112366
-0.27209705114364624
0.8881069421768188
-0.5854929089546204
0.5418809056282043
-0.09317658096551895
-0.051044486463069916
1.3340708017349243
0.7037796974182129
-1.2698534727096558
1.3480342626571655
-1.9547569751739502
-1.0922095775604248
1.4898606538772583
-1.2038651704788208
0.24334201216697693
0.9250863790512085
-0.7091168165206909
0.14795160293579102
1.0660957098007202
-1.2687572240829468
0.5562281012535095
0.19189442694187164
-0.2626936435699463
0.17315351963043213
0.05748913809657097
1.239362120628357
0.4190472960472107
-0.9463605880737305
0.7771741151809692
-1.4690172672271729
0.5131388902664185
8.00153636932373
-5.4853925704956055
0.9465551376342773
-0.02243943139910698
1.5773621797561646
1.041182041168213
-2.472111463546753
1.4062296152114868
0.1798831969499588
-1.255371332168579
1.3042068481445312
-0.11197328567504883
-0.9895249605178833
0.9317619204521179
0.07923178374767303
-0.5073968768119812
0.4438644349575043
0.2727828919887543
-0.5256325602531433
0.016029024496674538
-0.17480769753456116
0.004358815960586071
-0.15831637382507324
-0.3221657872200012
-0.7798134088516235
0.07011785358190536
-0.10034509003162384
-0.30988311767578125
-0.5932784676551819
-0.08257956802845001
-0.7938071489334106
0.23022739589214325
-0.20589256286621094
0.47679948806762695
-0.7614065408706665
0.13084673881530762
-0.2818523347377777
0.5828123092651367
0.3155190050601959
-0.7252614498138428
-0.23690351843833923
0.4929925799369812
-0.5407617092132568
0.01999807357788086
0.22125497460365295
-0.6520450711250305
0.06710658222436905
-0.48354315757751465
-0.25016313791275024
0.845548152923584
-0.8716317415237427
0.18887825310230255
0.6430811285972595
-0.2950316369533539
-0.04280032962560654
0.18964719772338867
0.3255908191204071
-0.18643493950366974
-0.4008893370628357
0.7214075922966003
-0.34217655658721924
-0.9334472417831421
0.6336172819137573
0.3178156018257141
-0.5048350095748901
-0.045083094388246536
-0.5109149217605591
0.6836539506912231
-0.15871870517730713
-0.2736515998840332
-0.6110445857048035
-0.05771269649267197
0.04584851115942001
-0.40295472741127014
0.635606586933136
-0.008680117316544056
-0.7506879568099976
0.5456336736679077
-0.12545058131217957
0.13458985090255737
-0.4928296208381653
0.18024763464927673
-0.389689177274704
0.14911238849163055
-0.46950745582580566
0.4425860345363617
-0.2590140104293823
-0.19207672774791718
-0.5276247262954712
-0.928125262260437
0.6198573708534241
-0.18611346185207367
-0.3506713807582855
0.3344342112541199
-0.3122695982456207
-0.5113831162452698
0.6366734504699707
-0.5654338598251343
-0.25973203778266907
-0.30714327096939087
-0.27116355299949646
-2.710906505584717
1.44461989402771
0.9990318417549133
-2.4015955924987793
1.1026926040649414
-0.32596224546432495
-0.947400689125061
0.8799530863761902
-0.25014063715934753
-0.07388470321893692
-0.007047700695693493
-0.07722599804401398
0.18788060545921326
-0.08331520855426788
-0.5023834109306335
0.6348956227302551
-0.25838857889175415
0.016451362520456314
0.03819219395518303
-0.13257472217082977
-0.4509173333644867
-0.20840981602668762
-1.06103515625
0.47147130966186523
0.7543526887893677
0.3064129650592804
-0.41636210680007935
-1.448868751525879
0.9739201664924622
0.0922943577170372
-0.5840226411819458
0.6059404015541077
-0.01572096347808838
-0.31027039885520935
-0.12833185493946075
-0.14397403597831726
0.8678094148635864
0.16531746089458466
-0.8883625268936157
-0.7882128953933716
0.955733597278595
-0.2527509033679962
-0.10003068298101425
0.7241860628128052
0.05890307575464249
-0.7353181838989258
0.42407312989234924
0.519111156463623
-0.5716914534568787
0.25798195600509644
0.3909180462360382
-0.2710532546043396
0.5802689790725708
0.23484735190868378
-0.4419187605381012
0.24523909389972687
0.4753638207912445
-0.20056495070457458
0.31737425923347473
-0.07125945389270782
0.03899412229657173
-0.2639422118663788
0.6804950833320618
0.11535577476024628
-0.39144080877304077
0.6336794495582581
-0.3197892904281616
0.4589318335056305
0.5500000715255737
-0.29873743653297424
-0.10513238608837128
0.5460749864578247
-0.22114653885364532
-0.5313082933425903
0.35566818714141846
-0.33591532707214355
0.4320529103279114
-0.45905637741088867
0.3315426707267761
-0.06322063505649567
0.10671992599964142
-0.46822577714920044
0.18937721848487854
-0.2552124857902527
-0.05971590429544449
-0.009821784682571888
0.003098738146945834
-0.017653752118349075
-0.4552224278450012
0.20368818938732147
0.48881539702415466
0.08138106763362885
-0.054422784596681595
-0.6741921901702881
0.38920700550079346
-0.22237928211688995
0.35731035470962524
-1.0550954341888428
-0.9007095098495483
-1.8649488687515259
2.8573241233825684
-0.8764497637748718
-3.339221477508545
2.888767719268799
-1.3537760972976685
-1.5118558406829834
0.8435649871826172
-0.015344667248427868
-0.4100823998451233
0.2854761481285095
0.05771198123693466
-0.801853358745575
-0.7270690202713013
0.3361826539039612
0.1489105224609375
-0.32790714502334595
0.30779963731765747
-0.4517390727996826
-0.34199315309524536
-0.11107907444238663
-0.30432581901550293
-0.23804187774658203
0.24193258583545685
0.16412854194641113
-0.4054792821407318
0.33047837018966675
-0.44248494505882263
-0.0012108326191082597
0.17406921088695526
0.6805580854415894
-0.7037141919136047
0.4061407148838043
0.16611847281455994
-0.5409325361251831
0.8707361221313477
0.6259558796882629
-0.9533467292785645
0.7991459965705872
-0.5362116098403931
0.07795886695384979
0.34948310256004333
0.04959402233362198
0.38535696268081665
-0.6148781180381775
0.030446743592619896
0.6041647791862488
-0.5032937526702881
0.05384240299463272
-0.144046351313591
-0.37680116295814514
-0.10384325683116913
-0.23705825209617615
0.3194189965724945
-0.30320119857788086
-0.2853461503982544
0.34135666489601135
0.09809248149394989
-0.6852836608886719
0.5896146297454834
-0.29236429929733276
-0.4070574641227722
0.42320388555526733
-0.34302741289138794
-0.017499972134828568
0.16031713783740997
-1.099205732345581
0.12192244827747345
-0.0812828540802002
-0.1264527291059494
0.6119798421859741
-0.31556129455566406
-0.701689600944519
0.3652713894844055
0.6550348997116089
-0.8370903730392456
-0.14118504524230957
-0.5171066522598267
0.5563551187515259
0.24989715218544006
-0.4636165499687195
0.47376951575279236
-0.23231498897075653
-0.0030319690704345703
0.02703190967440605
0.033592164516448975
1.2964622974395752
-0.37409910559654236
-0.5443938374519348
0.2337988317012787
-0.42408981919288635
-0.05631143972277641
-0.09112125635147095
-0.968402087688446
0.7368658781051636
-0.0036464452277868986
-0.8113921284675598
0.050241947174072266
-1.2645114660263062
0.04925612360239029
-3.11348295211792
0.6432415246963501
0.8574146032333374
-2.033423662185669
0.2655494511127472
0.6880691647529602
-1.4782770872116089
0.27960675954818726
0.37687939405441284
-0.7280213236808777
0.09377243369817734
0.03122112713754177
-0.0147240636870265
0.29422426223754883
0.023783737793564796
0.32269173860549927
-0.5526622533798218
-0.03396482393145561
-0.5544711947441101
0.1542169153690338
0.14205308258533478
-0.46163415908813477
0.020699799060821533
0.23836341500282288
0.12352700531482697
-1.1996837854385376
-0.4049021303653717
0.9148083925247192
-0.30421242117881775
-0.7439616322517395
-0.17481407523155212
0.09712141752243042
0.8862512707710266
0.42374834418296814
-0.8540767431259155
-1.096897006034851
0.9344247579574585
-0.3483176827430725
-0.5357012748718262
0.3999960422515869
0.6127805709838867
-0.02954651042819023
-1.1349401473999023
0.9187694787979126
-0.33169054985046387
-0.20123076438903809
0.6145817637443542
-0.320831298828125
0.1957625150680542
-0.4154139459133148
-0.16255247592926025
-0.04628462716937065
-0.055171478539705276
-0.12879088521003723
0.06623382866382599
0.38252002000808716
0.3630908131599426
-0.436490923166275
0.33824723958969116
-0.13392940163612366
-0.48289138078689575
0.23320534825325012
-0.08155051618814468
0.03363459184765816
-0.3780348300933838
0.21294045448303223
-0.3308641314506531
0.019243191927671432
0.14060330390930176
0.21509400010108948
-0.7009466886520386
0.30368900299072266
0.33041247725486755
-0.37097230553627014
-0.43737298250198364
0.25612524151802063
0.21417541801929474
0.14855650067329407
-0.1726207733154297
0.05025291442871094
0.03820455074310303
0.6297504901885986
-0.5642393231391907
-0.09256498515605927
0.06364180892705917
0.01622728630900383
0.30094602704048157
-0.5809744596481323
0.281950443983078
0.07113184034824371
0.4022691249847412
-0.6570059657096863
0.012365472503006458
0.5077499747276306
0.20940080285072327
0.022205442190170288
-0.1210048571228981
0.35409876704216003
-0.15826471149921417
-0.5999594330787659
-1.67637038230896
1.8870588541030884
0.15235033631324768
-2.8783981800079346
2.556171178817749
-2.0322914123535156
-0.575857937335968
1.494217872619629
-0.42532849311828613
0.3026581406593323
-0.6994161009788513
-0.571257472038269
0.524551272392273
-1.041907787322998
0.7183409929275513
0.4209933876991272
-0.931423008441925
0.08357425034046173
0.201005220413208
-0.22950109839439392
-0.8122767210006714
0.08201932907104492
0.11721839755773544
-0.06367316097021103
0.48289602994918823
-0.6473517417907715
-0.35590416193008423
0.09489631652832031
-0.2175692617893219
0.11070337146520615
-0.1647021770477295
-0.7751664519309998
0.46180590987205505
-0.15950460731983185
0.2679970860481262
0.26471805572509766
-0.06375865638256073
-0.3811892569065094
0.27196329832077026
-0.3222676217556
0.1561553031206131
0.12801603972911835
0.1350109577178955
-0.7953267693519592
-0.08157692104578018
0.16885581612586975
0.2238311767578125
-0.5426594614982605
-0.22519055008888245
0.11370382457971573
-0.4500807821750641
-0.23062610626220703
-0.29724234342575073
-0.22228403389453888
1.1347055435180664
0.17287150025367737
-0.922115683555603
0.03304433822631836
-0.5379822254180908
-0.4007778763771057
0.8150054812431335
-0.13256430625915527
-0.08020768314599991
-0.1873229444026947
0.050690412521362305
-0.09007914364337921
-0.5916337966918945
0.7072844505310059
-0.5870166420936584
0.684463620185852
0.5592098236083984
-0.35733187198638916
-0.33934593200683594
0.211660236120224
-0.35814014077186584
0.015944993123412132
-0.17459145188331604
-1.120208978652954
-0.06179860979318619
-0.05888410657644272
0.1801152229309082
0.14551997184753418
-0.15529552102088928
-0.37014466524124146
0.2858830690383911
-0.3015100657939911
0.12149276584386826
0.04075634479522705
-0.3189811110496521
-0.7952027320861816
0.3342488706111908
0.8574801683425903
-0.9298725128173828
0.2377685010433197
-1.0906360149383545
-0.25441426038742065
-0.5069928765296936
-0.6275973916053772
0.2310125082731247
-0.7919800877571106
-4.014760494232178
3.535665988922119
-0.4279309809207916
-2.146301031112671
0.986175537109375
0.3935398757457733
-1.408590316772461
0.4027803838253021
-0.0013613223563879728
-1.0768018960952759
0.20992712676525116
0.39167529344558716
-0.6199902892112732
0.7293452620506287
-0.4622417092323303
-0.24424445629119873
0.6879374384880066
-0.2830604910850525
-0.18953891098499298
0.17199492454528809
-0.2874881327152252
0.13880667090415955
0.2030760794878006
-0.8900467157363892
0.5125299692153931
-0.9924114346504211
0.1377987116575241
0.5646335482597351
-0.08892879635095596
-0.34539559483528137
-1.0446226596832275
-0.13290932774543762
0.9395604133605957
-0.8851863145828247
0.12681865692138672
0.006391477771103382
0.2720525562763214
-0.47394561767578125
0.5965092778205872
0.23246996104717255
0.9360370635986328
-1.2326180934906006
-0.973857045173645
0.8682633638381958
-0.7782861590385437
0.3613147735595703
0.8330934643745422
-0.9961665868759155
0.37624290585517883
0.5361024737358093
-0.5680400729179382
-0.003347110701724887
0.36125287413597107
-0.06336303055286407
-0.23866701126098633
0.21627545356750488
0.3847692906856537
-0.5715068578720093
0.6375468373298645
-0.44843101501464844
-0.44713979959487915
0.6752902865409851
-0.5455743074417114
0.6155422925949097
-0.3169777989387512
0.21811437606811523
-0.008212483488023281
0.007309365086257458
0.6039220094680786
-0.21067428588867188
0.13457784056663513
-0.09497259557247162
0.12815424799919128
0.15953198075294495
0.016641665250062943
0.18089991807937622
0.09089270979166031
0.2210497409105301
-0.07692921161651611
-0.16582569479942322
0.26624515652656555
-0.18573510646820068
-0.04507859796285629
0.28210002183914185
-0.1327616423368454
0.05309963971376419
0.1583934724330902
0.2964194416999817
-0.3769668638706207
0.18870121240615845
0.09962968528270721
0.12856343388557434
-0.0905710831284523
0.10122285038232803
0.08386409282684326
0.5854169130325317
-0.5384730696678162
0.02150835655629635
-0.7731460928916931
-0.6749207973480225
-1.6873300075531006
2.804211378097534
-1.064868688583374
-2.3034372329711914
1.9358704090118408
-1.4494909048080444
-1.064088225364685
0.6713353395462036
-0.054001569747924805
0.7597006559371948
-0.8923675417900085
0.007006478495895863
-0.16837568581104279
-0.5617028474807739
0.2916841506958008
0.38325828313827515
-0.32266971468925476
-0.10764355957508087
0.004617595579475164
-0.3226277232170105
-0.12481413036584854
0.09538336098194122
0.12672671675682068
-0.6423302888870239
0.08380584418773651
0.35670480132102966
-0.3614131808280945
-0.5024274587631226
0.14841309189796448
-0.6225714683532715
0.5733393430709839
-1.191851258277893
0.19868698716163635
0.1308818757534027
-0.23517923057079315
0.008045101538300514
-0.23421630263328552
-0.392340749502182
0.1887223720550537
-0.2834455370903015
-0.2207072675228119
0.030962657183408737
0.4117491841316223
0.028537940233945847
0.3121815323829651
-0.4079960882663727
-0.19708037376403809
-0.4454419016838074
-0.3535539507865906
0.26049453020095825
0.08239889144897461
0.24088792502880096
0.22223567962646484
-0.028289174661040306
-0.3223803639411926
0.14902091026306152
-0.5652750730514526
0.4017268121242523
-0.4835090637207031
0.03487534448504448
-0.05938434600830078
-0.17922000586986542
-0.27931201457977295
0.21807260811328888
-0.5180723071098328
0.22635583579540253
-0.45808619260787964
0.01627969741821289
-0.4922073483467102
0.16232514381408691
0.15268325805664062
-0.47531694173812866
-0.0633670836687088
0.16344749927520752
-0.016728973016142845
0.022360801696777344
0.4887181222438812
-0.31978583335876465
-0.6291513442993164
-0.036489058285951614
0.15311869978904724
-0.16775092482566833
-0.5201500654220581
0.23630055785179138
0.11141367256641388
-0.4141165316104889
0.27693167328834534
-0.9261156320571899
0.9252031445503235
-0.18083158135414124
-0.412406861782074
0.03738408163189888
-0.39894193410873413
-0.06914254277944565
-0.23811092972755432
0.2957393527030945
0.1626545488834381
-0.3279896080493927
-0.5932263135910034
0.0534168966114521
-3.1898293495178223
1.0056689977645874
0.49018344283103943
-2.1994004249572754
-0.14580047130584717
1.3441699743270874
-1.3550474643707275
-0.3332573175430298
0.34474796056747437
-0.4458542764186859
-0.00450444221496582
0.3138337731361389
-0.6471619606018066
0.6004895567893982
0.027196550741791725
0.12261631339788437
0.11904255300760269
0.19198007881641388
-0.7527000308036804
0.27779048681259155
0.03114929236471653
-0.32902321219444275
-0.3693409860134125
-0.2378416806459427
0.15410301089286804
-0.8851984143257141
-0.6160748600959778
1.162257194519043
-0.5518947243690491
-0.09287154674530029
-0.08618345111608505
-0.4130030572414398
1.134893774986267
0.5020014047622681
-1.2038393020629883
-0.4141513705253601
0.6590396761894226
-0.32270702719688416
-0.13356466591358185
0.04050850868225098
0.1976897269487381
-0.26269036531448364
-0.3015081584453583
-0.20407068729400635
-0.044864751398563385
-0.03263507038354874
0.3400643467903137
0.38789743185043335
-0.07932408154010773
0.06018577888607979
-0.07655046135187149
-0.32443660497665405
0.24167856574058533
-0.1283997744321823
-0.0031792758964002132
0.5623904466629028
0.48199939727783203
-0.07197318971157074
-0.10931696742773056
-0.4967668652534485
0.03581918030977249
0.2979622483253479
-0.14362159371376038
0.3263032138347626
-0.018176818266510963
-0.19034051895141602
0.05897635221481323
-0.016770601272583008
0.13248802721500397
0.5144356489181519
-0.18323877453804016
0.799938976764679
-0.2509249448776245
-0.7876988649368286
0.97119140625
-0.8660499453544617
0.04044145345687866
0.6256101727485657
-0.8983896970748901
0.1910308450460434
0.045267485082149506
-0.40600770711898804
0.4837675988674164
-0.3563191890716553
0.22527799010276794
0.31587859988212585
-0.3901248872280121
-0.3215503394603729
0.09605227410793304
0.34347888827323914
-0.09517499059438705
0.04307038336992264
0.23727735877037048
-0.25803086161613464
-0.10951492935419083
0.49180206656455994
0.10569731891155243
-0.20910947024822235
-0.6026359796524048
-0.687853991985321
-1.3098194599151611
2.866696357727051
-1.187552809715271
-3.3736274242401123
2.7976760864257812
-1.4613854885101318
-1.4620616436004639
1.493099570274353
-0.3088604211807251
0.39293283224105835
-0.9511427879333496
-0.031415294855833054
0.2243044376373291
-0.5348552465438843
0.09563632309436798
0.181505486369133
-0.1485712081193924
-0.03709282726049423
-0.24668851494789124
-0.6342980861663818
-0.05878252908587456
-0.06582126766443253
-0.007224941160529852
0.7387071847915649
-0.5028517842292786
0.06498126685619354
0.5148226022720337
-0.18780691921710968
0.1648602932691574
0.155935138463974
-0.5800033807754517
0.20409254729747772
-0.14144572615623474
0.023433828726410866
-0.4983167052268982
0.8697126507759094
-0.7819082140922546
-0.1892840415239334
0.1684977114200592
0.43718114495277405
-0.5621479153633118
-0.7665542960166931
1.2008384466171265
-0.5572612285614014
-0.49327144026756287
0.32494020462036133
0.6766104698181152
0.14946003258228302
-0.38696664571762085
0.5458894371986389
-0.5551859736442566
-0.6435960531234741
0.26035556197166443
-0.025776242837309837
0.08296952396631241
-0.211979478597641
0.14180929958820343
-0.4688761234283447
-0.9595074653625488
0.11604666709899902
0.38610807061195374
-0.2471362054347992
0.663281261920929
-0.885785698890686
0.4690859913825989
0.276029109954834
-0.6648811101913452
0.2854989171028137
0.22419504821300507
-0.3779573142528534
-0.36590203642845154
-0.33629998564720154
0.287273108959198
0.14065270125865936
-0.4150060713291168
-0.08051414787769318
-0.4936104714870453
-0.43543919920921326
0.3951112627983093
0.40020784735679626
-0.5475386381149292
-0.42922869324684143
0.1379697024822235
-0.2181856334209442
0.42986804246902466
-0.46605247259140015
-0.26073870062828064
0.2747231423854828
0.5192698240280151
-0.03554391860961914
-1.0441157817840576
0.04129716008901596
0.1150876060128212
-0.8262926340103149
0.7191334962844849
-0.21255378425121307
0.008468464016914368
-0.2345944344997406
-0.04746220260858536
0.18200068175792694
-2.707653284072876
0.7826555967330933
0.37100425362586975
-1.3941981792449951
-0.22789211571216583
1.3772884607315063
-1.1053478717803955
0.23580193519592285
0.05367236211895943
-0.5328662991523743
0.2449205368757248
-0.558686375617981
-0.23981723189353943
0.4659905433654785
0.36340171098709106
0.26466888189315796
-0.2544938921928406
-0.11492855846881866
-0.0048514604568481445
-0.2881656289100647
-0.024410177022218704
0.19459497928619385
-0.44459208846092224
-0.111295685172081
0.0026777624152600765
-0.13203363120555878
-0.8538702130317688
0.12333323806524277
-0.22521233558654785
0.39387795329093933
-0.5411070585250854
-0.01798565313220024
0.6366104483604431
0.4095671772956848
-1.0522171258926392
-0.9423874020576477
0.9771444201469421
-0.45138415694236755
0.22001048922538757
0.10967199504375458
0.5350057482719421
-0.24480824172496796
-0.2427855283021927
0.11753065884113312
-0.23089167475700378
0.10442952066659927
0.4895816445350647
-0.03761642053723335
-0.3524067997932434
-0.407127320766449
0.24337685108184814
-0.03850341960787773
-0.11811470985412598
0.019876206293702126
-0.033312153071165085
0.10105971992015839
0.7346311807632446
-0.5237229466438293
0.09905935823917389
-0.013382649049162865
-0.41026821732521057
0.18544912338256836
-0.22473672032356262
-0.2454756796360016
0.6935606598854065
0.1049746498465538
-0.4052727222442627
0.29558065533638
0.25327974557876587
-0.09606463462114334
0.042799998074769974
0.29029664397239685
-0.6450526118278503
0.3801549971103668
-0.2104271650314331
-0.13810865581035614
0.32187360525131226
-0.0690782368183136
0.47906917333602905
-0.14771007001399994
0.14295659959316254
0.291104257106781
-0.22768740355968475
-0.050842978060245514
-0.6864303350448608
0.21021661162376404
0.4777712821960449
-0.41758212447166443
0.29151004552841187
-0.16432349383831024
0.4586896002292633
-0.19159868359565735
-0.0744280070066452
0.00023211240477394313
0.01022711955010891
0.12146280705928802
-0.12314902245998383
-0.04704909399151802
-0.434739887714386
-0.1970083862543106
-1.5282745361328125
2.393688201904297
-0.4971824586391449
-2.8964736461639404
2.5621798038482666
-1.8044440746307373
-0.6706981658935547
1.1971909999847412
-0.5061036348342896
0.799451470375061
-0.06678180396556854
-0.6456723213195801
0.9896003603935242
-0.9039009809494019
0.3845455050468445
-0.37260985374450684
-0.2562272548675537
0.4436606764793396
1.0411182641983032
-0.4057675898075104
-0.7053492069244385
0.15300273895263672
0.5406703352928162
-0.2700558304786682
-0.289523184299469
0.19555535912513733
0.08609066158533096
0.4300667643547058
-0.6295789480209351
0.07948742061853409
-0.0034956932067871094
0.21964606642723083
-0.5858801603317261
-0.16776637732982635
0.10150375217199326
0.18174466490745544
-0.6097086071968079
0.10269288718700409
-0.23467488586902618
-0.18448491394519806
0.05012941360473633
0.05305643007159233
-0.19019243121147156
0.1834525614976883
-0.43647822737693787
0.009722137823700905
0.17643781006336212
0.0077953338623046875
-0.4285377562046051
-0.5816853642463684
0.3766867518424988
0.24599376320838928
-0.0013914585579186678
-0.3130289912223816
0.5920194387435913
-0.553861141204834
-0.508906900882721
-0.42907315492630005
-0.2810719609260559
0.16637425124645233
-0.9152252078056335
-0.22892794013023376
0.12741108238697052
-0.39028531312942505
-0.0009906769264489412
0.23328208923339844
-0.7697939872741699
0.21388864517211914
-0.27516454458236694
0.039153147488832474
-0.2948886752128601
0.03750967979431152
-0.4293946623802185
-0.12618020176887512
-0.22186991572380066
-0.5515156984329224
-0.7848838567733765
0.28460782766342163
-0.15209418535232544
-0.46459442377090454
0.25297459959983826
-0.6217442750930786
-0.2972492277622223
-0.14197853207588196
-0.0906044989824295
0.6685571074485779
-0.02425847016274929
-0.5422205924987793
0.021927427500486374
-0.07956309616565704
0.03815990686416626
-0.6354409456253052
0.21040114760398865
-0.555869996547699
-0.40254029631614685
0.5625945329666138
-0.21201856434345245
0.4899366796016693
-0.8894340395927429
-0.1828605830669403
-3.0291640758514404
0.8258302807807922
0.592442512512207
-2.075808048248291
0.1735180914402008
1.0186920166015625
-1.2974728345870972
-0.026827191933989525
0.8360045552253723
-0.5913538932800293
-0.20217926800251007
0.3696299195289612
-0.8686097860336304
0.015321421436965466
0.20480747520923615
0.29162779450416565
-0.0988040342926979
-0.009029006585478783
-0.029270077124238014
0.39439401030540466
-0.2234831303358078
0.013234543614089489
0.28157129883766174
-0.5617606043815613
0.20456714928150177
-0.5811086893081665
-0.23623307049274445
0.6496370434761047
0.06060671806335449
-0.5618157386779785
-0.606177031993866
0.3884497582912445
0.02572634257376194
-0.11383788287639618
-0.4713882505893707
0.38002872467041016
0.23747384548187256
-0.15142467617988586
0.015331953763961792
0.3689102828502655
0.7097734808921814
-1.3119556903839111
-0.7845682501792908
1.5404255390167236
-0.7631186842918396
-0.18061058223247528
0.8552802205085754
-0.349437415599823
-0.39433327317237854
0.5460641980171204
-0.46336930990219116
0.1154630184173584
-0.09312842041254044
-0.20218583941459656
-0.08629318326711655
0.16308458149433136
0.26652032136917114
-0.2592589259147644
0.15156249701976776
-0.07154786586761475
-0.14892101287841797
0.8076418042182922
-0.6579053997993469
0.5387061238288879
0.14109668135643005
0.011916875839233398
0.1484857052564621
0.4162786900997162
0.1544007956981659
0.16261796653270721
0.07125365734100342
-0.1253758668899536
-0.17932796478271484
0.19143418967723846
0.22769060730934143
-0.25951582193374634
-0.059724293649196625
0.7959945797920227
0.4289740025997162
-0.5016942024230957
-0.15523108839988708
0.7570441961288452
-0.46783286333084106
-0.14966464042663574
-0.34561687707901
0.20209047198295593
-0.22178027033805847
0.501590371131897
0.029829930514097214
0.01649291440844536
0.11292270570993423
0.1713753491640091
0.373524934053421
0.00010738521814346313
0.6292842626571655
-0.6339977383613586
0.06725797802209854
0.5342799425125122
0.09650842845439911
-1.2539116144180298
-1.2367323637008667
2.5328125953674316
-0.7319504618644714
-2.4431045055389404
2.863171100616455
-1.3710911273956299
-0.7420595288276672
0.7178446054458618
0.06618809700012207
0.5632472038269043
-0.5797126293182373
-1.0867741107940674
1.2497529983520508
-0.8214003443717957
0.22156620025634766
0.42871254682540894
-0.6921569108963013
0.01323399506509304
-0.07408618927001953
0.11174068599939346
0.35894775390625
-0.7009318470954895
-0.4712507724761963
0.1973540335893631
-0.37173032760620117
0.199724480509758
-0.5461611151695251
0.012458467856049538
-0.5271040201187134
-0.16212300956249237
0.09936952590942383
-0.5506971478462219
-0.2798682749271393
0.7999475002288818
-0.2504551410675049
-0.08072523772716522
-0.23094630241394043
-0.2079257220029831
0.1633332222700119
-0.39518028497695923
-0.6618285179138184
0.14073219895362854
0.10296197235584259
-0.41556161642074585
0.5275447964668274
-0.42824625968933105
-0.31072157621383667
-0.15987376868724823
-0.3548698425292969
0.8357534408569336
-1.0174013376235962
-0.25969812273979187
-0.10980186611413956
0.028020810335874557
-0.6937613487243652
0.44266802072525024
-0.21052423119544983
-0.09467215836048126
0.2849165201187134
-0.8029772639274597
-0.15269151329994202
0.4671814441680908
-0.14471307396888733
-0.6711476445198059
0.7131990194320679
-0.3371962606906891
-0.5495450496673584
0.4780952036380768
-0.5296506285667419
-0.18678995966911316
-0.5512398481369019
0.15887126326560974
-0.2765448987483978
-0.27936413884162903
0.2361411154270172
-0.2535841763019562
-0.5405250191688538
0.5581137537956238
0.09144242107868195
-0.37110456824302673
-0.2076275795698166
0.2513338327407837
0.5980332493782043
-1.1727524995803833
0.026880133897066116
0.026563256978988647
-0.5092433094978333
0.16734877228736877
-0.010440302081406116
-0.011690234765410423
-0.522514283657074
-0.02637556754052639
0.19609001278877258
0.2938815951347351
-0.6417971849441528
-0.19397489726543427
-0.3805954158306122
-0.11446467787027359
-0.7358354330062866
0.09765452146530151
-2.840459108352661
0.693261444568634
0.8216651678085327
-1.7980247735977173
-0.42554086446762085
1.4105359315872192
-1.2199054956436157
0.16489382088184357
0.25233781337738037
-0.6233296394348145
0.14930233359336853
0.302986204624176
-0.8655727505683899
0.6682651042938232
-0.003527343273162842
0.20198559761047363
0.30279049277305603
0.0045989989303052425
-0.046029042452573776
-0.3797145485877991
0.16595952212810516
-0.1633366346359253
0.07158379256725311
-0.16742809116840363
0.3564053475856781
-1.1153995990753174
-0.1401238739490509
0.9198908805847168
-0.974166989326477
0.2002175748348236
-0.3310782313346863
-0.3304075598716736
1.013567566871643
0.7974714636802673
-1.2392710447311401
-0.8279493451118469
0.4363855719566345
0.13648918271064758
0.09019732475280762
-0.029137277975678444
0.9195459485054016
-0.779483437538147
0.21669134497642517
0.6201163530349731
-0.641783595085144
0.36692750453948975
0.5267502665519714
0.309115469455719
-0.2708321511745453
-0.18931198120117188
0.556495189666748
-0.3709490895271301
-0.32592272758483887
0.2676228880882263
-0.296181321144104
-0.21275417506694794
0.5151553750038147
-0.6139950752258301
-0.08744539320468903
0.06922047585248947
-0.1936400681734085
0.2818273901939392
-0.6752586364746094
0.35263901948928833
-0.09738874435424805
-0.047745682299137115
0.41602665185928345
0.2589574158191681
0.15992817282676697
0.2399519681930542
0.026131082326173782
-0.4219600558280945
0.6701267957687378
0.23923440277576447
-0.27843910455703735
-0.030560720711946487
0.07058953493833542
-0.2406085729598999
0.14462649822235107
-0.2775820195674896
0.212681382894516
0.06909596920013428
-0.05104338005185127
-0.1544879972934723
0.34889402985572815
0.029234331101179123
-0.09920959174633026
-0.04386710003018379
0.30109837651252747
0.08645416796207428
0.11531965434551239
-0.1079055517911911
-0.35540837049484253
0.00317288632504642
0.514056384563446
0.06027790158987045
0.0977630615234375
0.03220691159367561
-0.5201210379600525
-0.9567626714706421
-1.4748400449752808
1.9574496746063232
-0.24006643891334534
-2.1914596557617188
1.8579351902008057
-0.4794730246067047
-1.300640344619751
0.34592685103416443
0.9201563000679016
0.4208303987979889
-0.8958225250244141
0.31514254212379456
-0.3981386423110962
-0.24723811447620392
0.04701561853289604
-0.6729720234870911
0.10980691760778427
-0.23958167433738708
-0.0003612518194131553
-0.2352614849805832
-0.19334855675697327
-0.2711648941040039
0.6274127960205078
-1.046234130859375
0.45065245032310486
-0.02484111860394478
-1.0172536373138428
0.21553926169872284
0.23954367637634277
-1.2700093984603882
0.34675541520118713
-0.31182387471199036
-0.36512765288352966
-0.013882922939956188
-0.11468944698572159
-0.06163167953491211
0.7524598836898804
0.0877896323800087
-0.729236364364624
-0.15291433036327362
-0.10755737125873566
0.9276453256607056
-0.11842679977416992
-0.902950644493103
0.6126183271408081
0.22987326979637146
0.03487992286682129
0.2450173795223236
-0.8615541458129883
0.5333147048950195
0.538743793964386
-0.3547299802303314
0.48968490958213806
-0.4163880944252014
0.013757705688476562
0.555526614189148
-0.481403648853302
0.6183878779411316
-1.0446052551269531
0.32118216156959534
-0.11293351650238037
-0.42449751496315
0.09759235382080078
-0.270982027053833
-0.37524881958961487
-0.5673710703849792
-0.3466613292694092
0.7881890535354614
0.19622640311717987
0.5718738436698914
-0.880806565284729
0.024468112736940384
0.24000184237957
-0.6403043866157532
-0.4261898994445801
0.7571535110473633
-0.3619789779186249
-0.6829630136489868
0.030313611030578613
-0.12027867138385773
-0.6291583776473999
0.09863591194152832
-0.5750608444213867
-0.40562501549720764
0.1945783793926239
0.32748252153396606
-0.06998610496520996
-0.10442368686199188
0.3057705760002136
-0.46344250440597534
-0.2108890563249588
0.03393188863992691
0.058757998049259186
-0.16030795872211456
0.29489392042160034
0.4172572195529938
-0.2941771149635315
-0.5232750177383423
-0.10926039516925812
-0.2814507782459259
-2.9313035011291504
0.7646748423576355
0.9824989438056946
-1.9880861043930054
0.11585533618927002
1.1483604907989502
-1.246045470237732
-0.04893556982278824
0.7645095586776733
-0.5519793629646301
0.0709461197257042
0.23770944774150848
-0.5607460737228394
0.21363182365894318
-0.09423456341028214
0.5049054026603699
-0.10327611118555069
-0.037259481847286224
-0.4989083409309387
-0.19095325469970703
-0.3716404438018799
-0.023335790261626244
0.059623025357723236
-0.6269052028656006
0.8162787556648254
-0.5084413886070251
-0.4764498770236969
0.7296375036239624
0.4698616564273834
-0.7100964188575745
-0.9912214279174805
-0.36125874519348145
0.5821838974952698
-0.16219297051429749
-0.09998615086078644
0.4969775080680847
-0.5658692121505737
-0.21445147693157196
0.4065439701080322
0.15061381459236145
0.6401069760322571
-1.0269930362701416
-0.4219346046447754
0.8500574827194214
-0.7816494107246399
0.11427448689937592
1.075967788696289
-0.19086453318595886
0.1955263614654541
0.002708005951717496
-0.5175139904022217
0.29580503702163696
0.021132439374923706
-0.15983133018016815
-0.28095144033432007
0.6200510859489441
0.2117118537425995
-0.44723695516586304
0.5349791049957275
0.048609040677547455
-0.4392218589782715
0.44270801544189453
0.24772576987743378
-0.14624767005443573
0.41320961713790894
-0.1892612874507904
0.26187509298324585
-0.1063389778137207
0.2243470698595047
0.40290015935897827
0.1748957484960556
-0.19674640893936157
0.1732397973537445
0.223184734582901
-0.17550024390220642
-0.1624370664358139
0.45312491059303284
0.24968436360359192
-0.33645692467689514
-0.32545557618141174
0.2881785035133362
0.21158432960510254
-0.3671131134033203
0.4470658302307129
0.2849166989326477
0.3302348554134369
-0.728399932384491
0.05097545310854912
0.16629105806350708
-0.14438669383525848
0.23722895979881287
0.014805912971496582
0.06786368787288666
0.18711647391319275
-0.1170223131775856
0.07906576246023178
-0.11451008170843124
0.2512699365615845
-0.3731141686439514
-0.4071313440799713
-2.1622371673583984
2.2353062629699707
-0.8205891847610474
-3.7389328479766846
3.542675495147705
-1.6041710376739502
-1.7658588886260986
1.9918344020843506
-0.7948052883148193
0.011601781472563744
-0.4262329041957855
-1.154116153717041
1.0864492654800415
-0.9950935244560242
0.26077717542648315
0.0037086009979248047
-0.27285319566726685
0.07521677017211914
0.7338917851448059
-0.6031118631362915
0.6005664467811584
0.30137816071510315
-0.9937565922737122
0.1719050407409668
0.12271203845739365
-0.2197595089673996
0.3947814106941223
0.5476216673851013
-0.9837425351142883
0.5205772519111633
0.30432072281837463
-0.872146725654602
-0.09500417858362198
0.7357332110404968
-0.422066867351532
0.4480660855770111
0.5721198916435242
-0.3480726480484009
0.5738207101821899
-0.5818926095962524
-0.034337807446718216
0.7790133953094482
-0.9593908190727234
0.3684426248073578
0.39595702290534973
-0.06289372593164444
0.38809657096862793
-0.3287490904331207
-0.021471166983246803
0.4646231532096863
0.20461884140968323
-0.10168285667896271
-0.3616621792316437
-0.5404003858566284
0.619071900844574
-0.7933859825134277
-0.023141097277402878
1.0088709592819214
-0.41092628240585327
-0.40139898657798767
0.31673794984817505
-0.5352257490158081
-0.3238774836063385
0.368359237909317
-0.3764907419681549
0.11199531704187393
-0.03313388675451279
-0.4709389805793762
0.6112698912620544
-0.8811200857162476
-0.2578651010990143
0.9876348376274109
-0.14172610640525818
-0.44095295667648315
0.4783870577812195
-0.3297904431819916
0.11825470626354218
0.5770576000213623
-0.7721571922302246
-0.3278714418411255
0.14961078763008118
-1.1613572835922241
0.09226886928081512
-0.3656626343727112
-0.24612276256084442
0.5422765016555786
-0.9415799975395203
0.0011638641590252519
-0.4359171986579895
-0.4632357656955719
0.8241429328918457
0.3290541172027588
-0.4597398638725281
-0.3240775465965271
-0.29542282223701477
-0.284830242395401
-0.09655340015888214
-0.41084080934524536
-0.11702229827642441
-0.5265641808509827
-2.9217123985290527
0.7438686490058899
0.4876534342765808
-1.8515174388885498
-0.08087512105703354
1.0885074138641357
-1.959556221961975
0.3608679175376892
0.48565322160720825
-0.9801954030990601
0.3885841369628906
-0.2596171200275421
-0.3399764597415924
0.18814826011657715
0.1659582108259201
0.18752208352088928
-0.43403035402297974
0.06528826802968979
-0.18542146682739258
-0.08613729476928711
0.48851990699768066
-0.4607475697994232
-0.24389299750328064
0.00799639243632555
0.19093379378318787
-1.035504698753357
-0.14571413397789001
0.978402316570282
-0.4671385884284973
-0.6023874878883362
-1.0797371864318848
0.4783739447593689
0.8288087844848633
-0.7272459268569946
0.43134087324142456
-0.042089320719242096
-0.28781643509864807
-0.09002335369586945
0.2717212736606598
0.06827875226736069
1.134902000427246
-1.1638805866241455
-0.7895375490188599
0.8745431900024414
-0.41204795241355896
0.26597338914871216
0.476937472820282
-0.691791296005249
0.3128200173377991
0.13554656505584717
-0.8722119331359863
0.3023229241371155
0.12528900802135468
0.13491132855415344
0.2523225247859955
-0.17000137269496918
0.5461500883102417
0.0747692808508873
-0.16022172570228577
0.09457337856292725
-0.5582277178764343
0.5149408578872681
-0.02211359702050686
0.0340704508125782
0.08601977676153183
0.16828441619873047
-0.005767822265625
-0.3539128601551056
0.37193867564201355
0.08283305168151855
-0.03490787744522095
-0.18607959151268005
0.7580006718635559
-0.4652414321899414
-0.5216115713119507
0.7175425291061401
-0.262450248003006
-0.33603543043136597
0.08925855159759521
-0.33222833275794983
0.3857053518295288
0.18514390289783478
0.34098127484321594
-0.29515209794044495
0.5655763745307922
-0.044076524674892426
0.21771454811096191
0.21992254257202148
-0.0687137097120285
0.0973673015832901
-0.1103607639670372
-0.15342457592487335
0.23627738654613495
-0.09379659593105316
0.0007470965501852334
-0.442408949136734
0.5065239071846008
-0.19243213534355164
-0.461649090051651
-0.8158340454101562
-1.000327706336975
1.5062954425811768
1.0153920650482178
-3.255708694458008
1.8619301319122314
-0.7971777319908142
-1.4503238201141357
1.6488840579986572
-0.6526369452476501
-0.3489157259464264
0.2970599830150604
0.16125980019569397
-0.08685183525085449
-0.780030369758606
-0.09195871651172638
-0.3567085266113281
0.41468554735183716
-0.890114963054657
-0.028978299349546432
0.5057224035263062
-0.646823525428772
0.4382278323173523
0.018695831298828125
0.032193899154663086
0.22045516967773438
-0.47988662123680115
0.24306830763816833
0.2517956793308258
-1.135738730430603
0.21074238419532776
0.9781363606452942
-1.013320803642273
0.46982717514038086
0.46270275115966797
-0.9824342727661133
0.5334510803222656
0.06765498965978622
-0.4524223804473877
0.3634239137172699
-0.19658136367797852
-0.11099334061145782
-0.06321163475513458
-0.42439571022987366
-0.6413797736167908
-0.3144441246986389
0.006321287248283625
0.19525909423828125
-0.5558080673217773
-0.1304561346769333
0.2241373062133789
-0.5013813972473145
0.32975107431411743
-0.3063282072544098
-0.08717389404773712
0.909081757068634
-0.8188365697860718
-0.09890536963939667
0.796513557434082
-0.9292091131210327
-0.10762371867895126
-0.4695649743080139
-0.8423282504081726
1.461165189743042
-0.8669406771659851
-0.8609757423400879
0.1898908168077469
-0.23627729713916779
0.08223787695169449
-0.17597565054893494
-0.3768056333065033
-0.12527599930763245
-0.07001619040966034
-0.15523743629455566
0.2675469219684601
-0.4440687298774719
0.844569206237793
-0.49670419096946716
-1.1709905862808228
0.5052155256271362
0.008594322018325329
-0.5796782374382019
0.08357856422662735
0.30748867988586426
-0.44609135389328003
-0.2562482953071594
0.004982185550034046
-0.6295477747917175
0.46915358304977417
-0.4650554060935974
-0.731572151184082
0.08456053584814072
0.044473838061094284
0.27999645471572876
-0.10469035804271698
-0.5269917249679565
0.3975593149662018
-0.5600595474243164
0.4056369662284851
-0.6972748637199402
-0.74181067943573
-2.7220401763916016
0.46707266569137573
0.9252182245254517
-1.639556646347046
0.15485771000385284
1.2637789249420166
-1.3424116373062134
-0.23689265549182892
0.5819686055183411
-1.0892932415008545
0.11283395439386368
0.5253111124038696
-0.7589117288589478
0.2949218153953552
0.39814141392707825
-0.2757979929447174
0.18204012513160706
-0.01580343209207058
-0.017355043441057205
-0.13708829879760742
-0.04244029521942139
0.031449783593416214
-0.2770703136920929
-0.14512629806995392
0.08443363010883331
-0.6786223649978638
-0.5169192552566528
0.7986792325973511
-0.47569507360458374
0.17002949118614197
-0.7797824740409851
0.2397492229938507
0.5399186015129089
0.32294315099716187
-0.9409970045089722
-0.6483823657035828
0.10960681736469269
0.2668991982936859
-0.5332046747207642
0.40474194288253784
0.8234851956367493
-0.9156858325004578
-0.4343041777610779
0.8885388374328613
-0.16533781588077545
0.11275775730609894
0.5210782289505005
0.2486298531293869
-0.8324920535087585
0.011917638592422009
0.7322071194648743
-0.29129558801651
-0.4319295883178711
0.3567744195461273
0.11552001535892487
0.3623068928718567
-0.1684761643409729
-0.34763336181640625
0.4124607443809509
0.5148802995681763
-0.7404003143310547
0.5557428002357483
-0.1837717890739441
-0.7398823499679565
0.361072301864624
-0.6812364459037781
0.236394003033638
0.46243128180503845
-0.31016963720321655
0.37764543294906616
-0.22700047492980957
0.38691818714141846
-0.39946267008781433
-0.31571006774902344
0.07789286226034164
-0.1909160166978836
-0.15764403343200684
0.10929753631353378
0.07761985063552856
-0.27644896507263184
0.6613514423370361
-0.3221580386161804
0.5926072001457214
-0.8173507452011108
0.49967020750045776
-0.451742023229599
0.12770292162895203
0.6912201642990112
0.04538685828447342
0.11123678833246231
-0.1973150372505188
0.20728334784507751
0.32020196318626404
0.32199662923812866
0.3344753086566925
-0.1529291570186615
0.5249263644218445
-0.258730411529541
-0.333845317363739
-0.6460980176925659
-1.4279186725616455
2.976487159729004
-1.230596899986267
-3.270925998687744
2.8254876136779785
-1.168129324913025
-1.1903969049453735
1.4184314012527466
0.022702503949403763
0.7548319697380066
-0.4712692201137543
-0.7587828040122986
0.5432553291320801
-1.2209973335266113
0.45595988631248474
0.5033512711524963
-0.9610193371772766
0.5157779455184937
-0.11716671288013458
-0.09275026619434357
-0.30371665954589844
-0.5912960171699524
0.5394432544708252
-0.24744148552417755
0.1247682124376297
0.2584722638130188
-0.6345142126083374
-0.3166671395301819
0.21642565727233887
-0.5471218824386597
-0.06644120067358017
0.22872710227966309
-0.0806112289428711
0.2015247792005539
0.14638443291187286
-0.5698031783103943
-0.16015514731407166
-0.26714402437210083
0.22633905708789825
0.189459890127182
0.08988942950963974
-0.6849051713943481
0.8606656789779663
-0.13320311903953552
-0.3003608286380768
0.011469078250229359
-0.12627658247947693
0.6548290252685547
-0.08421244472265244
-0.2745715081691742
-0.40505123138427734
0.43295279145240784
-1.0923727750778198
-0.11242218315601349
-0.3127056062221527
-0.0331730842590332
0.3718077540397644
0.11369524151086807
-0.23370127379894257
0.1350722312927246
-0.6213486790657043
-0.5753082036972046
0.19119615852832794
0.23800411820411682
0.3115321099758148
-0.49656906723976135
0.2406899482011795
-0.02845625951886177
-0.5551453232765198
0.9367789030075073
-0.5007416605949402
-0.5012664794921875
0.8540639877319336
-0.7785947918891907
0.8149890899658203
-0.6597883105278015
-0.5163551568984985
0.5633553266525269
0.8888147473335266
-0.9212005734443665
-0.2742106020450592
0.7631222009658813
-0.2953358590602875
0.0516873374581337
-0.23195819556713104
0.27248460054397583
0.25144025683403015
-0.20947833359241486
0.21489235758781433
0.11630139499902725
-1.0644118785858154
0.6991157531738281
-0.10603932291269302
0.02502916380763054
0.44373053312301636
-0.49319595098495483
0.3460421860218048
-0.3721235394477844
-0.449739545583725
-0.02012387476861477
-3.0669937133789062
0.5784656405448914
1.1326062679290771
-2.286404848098755
0.20473456382751465
0.9965310096740723
-1.5986557006835938
0.5982919931411743
-0.16391190886497498
-0.09156584739685059
-0.16255919635295868
0.10269415378570557
-0.8129156231880188
0.4351983070373535
0.021420549601316452
0.5375806093215942
-0.5271469950675964
-0.0817943587899208
-0.11251042038202286
0.24256809055805206
-0.03718123584985733
-0.06506364047527313
-0.05914587900042534
-0.18935470283031464
0.4907457232475281
-0.8273178935050964
0.06951556354761124
-0.06099819019436836
0.19076749682426453
-0.3419170081615448
-0.2540677487850189
-0.4969894289970398
1.0003589391708374
0.20822563767433167
-0.9032071828842163
-0.3429228663444519
0.3351438641548157
-0.13083846867084503
-0.4056008756160736
0.22751042246818542
0.7271682620048523
-0.8262254595756531
-0.1582014560699463
0.7600878477096558
-0.6457991600036621
-0.0653974786400795
0.07481231540441513
-0.02364935912191868
-0.13459858298301697
0.15890288352966309
0.13063547015190125
0.051580287516117096
-0.11416506767272949
0.20730280876159668
-0.34406670928001404
0.5010282397270203
0.8749545812606812
-0.4551713466644287
0.02263781987130642
0.25908252596855164
-0.1511012762784958
0.3265984058380127
0.11466459184885025
0.02178828790783882
0.19323112070560455
-0.09482695907354355
0.13420085608959198
0.5814612507820129
0.10409487783908844
-0.48418235778808594
-0.06241659075021744
0.38538575172424316
0.1363793909549713
-0.1991129368543625
-0.254673570394516
0.08660051971673965
0.19582650065422058
-0.9071539044380188
0.6091151237487793
0.21584582328796387
-0.12612876296043396
0.2981107831001282
-0.1341879814863205
-0.19506557285785675
0.12193284183740616
0.11486203968524933
-0.2268565446138382
0.09547904878854752
-0.40205955505371094
0.00723759550601244
0.3110120892524719
-0.15150025486946106
0.3144107758998871
-0.31908780336380005
0.48972123861312866
-0.6005948781967163
0.15029342472553253
0.5417917966842651
-0.7876142263412476
-1.4948265552520752
-1.1757051944732666
2.9175732135772705
-1.1657841205596924
-1.825791358947754
2.02038836479187
-1.444170355796814
-1.240788221359253
1.6197736263275146
-0.43304529786109924
-0.257474809885025
0.1469176709651947
0.19830350577831268
-0.7405784130096436
0.4004151225090027
0.33740538358688354
-0.6234607696533203
0.2117144614458084
-0.7540885806083679
0.5123347043991089
0.6301359534263611
-0.8473004102706909
-0.09783415496349335
0.26971325278282166
-0.11267638206481934
0.16394534707069397
-0.10794000327587128
-0.5672332048416138
0.4691588878631592
-0.6531215906143188
-0.6848101615905762
0.20463523268699646
-0.19727182388305664
-0.2356604039669037
0.3222193121910095
0.634811282157898
-0.8556350469589233
-0.7449583411216736
0.4829294681549072
0.19352464377880096
0.33302026987075806
-0.3128693997859955
-0.13982848823070526
-0.2917681634426117
0.07520060241222382
-0.3968164324760437
-0.8692989349365234
0.765532374382019
-0.07648730278015137
-0.997207522392273
0.5587100386619568
-0.11464869976043701
-1.1359750032424927
0.24588842689990997
-0.3866824507713318
-0.3511884808540344
0.03192462772130966
0.35779842734336853
-0.42999762296676636
-0.6552331447601318
0.8019372820854187
-0.3394091725349426
-0.77152019739151
0.7768362760543823
-0.9606003761291504
0.08243761211633682
-0.03758962079882622
-0.4736877381801605
-0.22289538383483887
-0.5755170583724976
-1.205570936203003
0.522742509841919
-0.6108796000480652
0.12285733222961426
0.18484000861644745
-0.30154621601104736
-0.6878229975700378
0.1011544018983841
-0.255028635263443
-0.23260951042175293
-0.22424423694610596
-0.4435356557369232
0.7358220219612122
-0.44829636812210083
-0.5081297159194946
0.5174646377563477
-0.18869876861572266
0.05551605299115181
-0.6195055842399597
-0.6318464279174805
0.023136531934142113
-0.18973591923713684
-0.35590672492980957
0.28040438890457153
-0.47724834084510803
0.04172912985086441
0.28643348813056946
-0.3595738708972931
-0.24326248466968536
-0.60165935754776
-0.20717768371105194
-2.763817548751831
0.4771873354911804
0.8760663866996765
-1.8349395990371704
-0.32651931047439575
1.5430047512054443
-1.4868873357772827
0.6186639070510864
-0.061199069023132324
-0.6759023666381836
0.6195439100265503
0.0997350662946701
-0.5415719747543335
0.44836458563804626
0.06291540712118149
0.21246656775474548
-0.19942449033260345
-0.02428436279296875
-0.03200066089630127
0.3538249433040619
0.02078714407980442
-0.5556743741035461
0.5972890853881836
-0.5694060325622559
-0.021880483254790306
-0.997099757194519
-0.4347046911716461
1.4922302961349487
-0.13302870094776154
-0.5090120434761047
-1.154554843902588
0.34447774291038513
0.2102869302034378
0.053183507174253464
-0.14892828464508057
0.02962489053606987
-0.29043805599212646
0.4676055312156677
-0.3117600083351135
0.29972273111343384
1.1003167629241943
-1.1548168659210205
-0.7015465497970581
0.20850351452827454
-0.08240298926830292
-0.09020619094371796
0.3662405014038086
-0.05707484483718872
0.16186106204986572
0.3632822632789612
-0.6307944655418396
-0.17072848975658417
0.3353099822998047
0.3179410994052887
-0.06616298854351044
-0.09744522720575333
0.1736266165971756
0.14711381494998932
0.6456788778305054
-0.2764243185520172
0.018317246809601784
0.24095435440540314
-0.7339251637458801
0.08477127552032471
0.29293832182884216
-0.02464468777179718
-0.26055556535720825
-0.2910430431365967
0.6448889970779419
0.3161448836326599
0.3651406168937683
-0.010888624005019665
-0.3760337233543396
0.4635133743286133
-0.3177693486213684
-0.23937392234802246
0.197902113199234
0.1113378182053566
-0.8129787445068359
0.3662184178829193
-0.03834601119160652
0.20534424483776093
-0.767776370048523
0.283508837223053
-0.0539027564227581
-0.08352251350879669
0.1559639424085617
0.0050378767773509026
-0.2113262414932251
-0.0772513896226883
0.23037800192832947
-0.09277200698852539
0.007607960607856512
0.10860006511211395
0.08270466327667236
0.30178409814834595
0.39928317070007324
-0.8165881037712097
0.282168447971344
-0.5014309883117676
-1.8825795650482178
2.9093570709228516
-1.1249022483825684
-2.5503993034362793
2.253896474838257
-2.2736074924468994
0.14955958724021912
0.49274978041648865
0.35036882758140564
0.4584994316101074
-1.4940192699432373
-0.42106157541275024
0.8461316823959351
-0.6127209663391113
-0.25248831510543823
0.8729583621025085
-0.07674014568328857
-1.0590423345565796
0.2839933931827545
0.12005491554737091
-0.5319392681121826
-0.22283139824867249
-0.03644924238324165
0.2765348553657532
-0.5659562945365906
0.027822207659482956
0.0069890497252345085
0.006218767259269953
-0.15971031785011292
-0.537134051322937
0.5008905529975891
-0.13905653357505798
0.1282307654619217
-0.38194745779037476
-0.03382062911987305
-0.07050485908985138
-0.4195899963378906
-0.20649942755699158
0.8197202682495117
-0.4215652048587799
-0.2762116491794586
-0.12856268882751465
-0.3602471947669983
0.009586572647094727
0.5873576402664185
-0.0964239090681076
-0.1960066258907318
-0.19860930740833282
-0.20825409889221191
-0.4694681167602539
0.24739155173301697
0.2018984854221344
-0.1482975035905838
-0.008426904678344727
-0.262545645236969
-0.6088167428970337
0.7215107083320618
-0.16525110602378845
-1.4095062017440796
0.2918795049190521
-0.20134210586547852
-0.24923992156982422
0.2943975329399109
-0.352925568819046
-0.07808013260364532
0.08341441303491592
0.20720422267913818
0.09514093399047852
-0.7758112549781799
1.002615213394165
-0.46360093355178833
-0.47849899530410767
0.06350278854370117
-0.7294195294380188
0.12136135250329971
-0.2861440181732178
-0.18643860518932343
0.45158809423446655
-0.04899635165929794
0.1107172966003418
0.4854341447353363
-0.9030238389968872
0.11349835246801376
0.29463332891464233
-0.28550493717193604
-0.4008578658103943
0.11912369728088379
0.35014933347702026
-1.3338505029678345
0.4333786964416504
0.6979156732559204
-0.9531093835830688
-0.6273161172866821
1.2307236194610596
-0.8222935795783997
-0.5014635324478149
-0.14478664100170135
-0.20166759192943573
0.015421980991959572
-0.7528427839279175
-3.0800211429595947
0.7185470461845398
0.6164326071739197
-2.2654480934143066
0.3497679829597473
0.9715019464492798
-1.7366340160369873
0.325874388217926
0.07785345613956451
-1.1330845355987549
0.7471953630447388
-0.12990568578243256
-0.5201161503791809
0.24636514484882355
0.5176591277122498
0.47230052947998047
-0.9562241435050964
0.40909337997436523
-0.017458796501159668
-0.7890836000442505
0.5869129300117493
-0.09959819167852402
-0.059243105351924896
-0.003142762230709195
-0.05709249898791313
-0.9662283062934875
-0.3306066393852234
0.6541374325752258
-0.2939284145832062
-0.14910468459129333
-0.42421168088912964
-0.3091912269592285
0.64014732837677
0.021427536383271217
-1.0955860614776611
-0.3167881369590759
0.17607387900352478
0.1347358524799347
-0.45714807510375977
0.22807669639587402
0.18498937785625458
-0.6697853803634644
0.04908696562051773
0.5170270800590515
-0.5756610631942749
0.34006625413894653
0.24313516914844513
0.3179430365562439
-0.09523549675941467
-0.2768617570400238
0.4516425132751465
-0.6603600382804871
-0.028021443635225296
0.7154683470726013
-0.039792515337467194
-0.5150368809700012
0.8260407447814941
-0.8262904286384583
-0.08602311462163925
0.2778569757938385
-0.24003081023693085
0.32152047753334045
-0.16794615983963013
0.1709827333688736
0.7085852026939392
-0.12230229377746582
-0.050632454454898834
-0.053323306143283844
0.23591749370098114
-0.16424360871315002
-0.01723467744886875
-0.155931755900383
0.323735773563385
-0.018458664417266846
-0.36980676651000977
0.5245214700698853
-0.17774400115013123
-0.3562796413898468
-0.38701844215393066
0.16171415150165558
0.19145995378494263
-0.07377906143665314
0.22572803497314453
-0.36543139815330505
0.1436837613582611
0.5820770263671875
-0.8232421875
-0.13721863925457
0.6564514636993408
0.02057703584432602
-0.10818775743246078
0.0071173906326293945
-0.35460346937179565
0.2742100656032562
0.08968653529882431
0.5878332853317261
-0.3938665986061096
-0.6895095109939575
-0.04639453440904617
-0.2680186331272125
-1.8939052820205688
2.9489636421203613
-0.8914628028869629
-2.349499225616455
1.5019111633300781
-0.9683984518051147
-1.4786182641983032
1.4016382694244385
-0.4216260015964508
0.342012494802475
-0.8430097699165344
-0.7188557386398315
1.0116589069366455
-0.575990617275238
-0.2796001434326172
-0.5386101007461548
-0.3952588140964508
-0.5312741994857788
0.0476103313267231
-0.2302684783935547
-0.34576353430747986
0.05679969862103462
0.0729832649230957
0.2066425383090973
-0.3460807204246521
0.47239723801612854
0.21803255379199982
0.2065914124250412
0.5230537056922913
-1.0278130769729614
-0.7099448442459106
0.42333173751831055
-0.27539533376693726
0.5658057928085327
-1.0167193412780762
-0.1213872879743576
0.984309196472168
-1.3863434791564941
0.06953592598438263
0.48084932565689087
-0.6629616022109985
-0.33703190088272095
-0.40959563851356506
0.7463799715042114
0.3457936644554138
-0.543847918510437
0.35829681158065796
-0.6240807771682739
0.18373112380504608
0.2608952522277832
-0.6299706101417542
-0.263353168964386
0.33146223425865173
-0.5410261154174805
0.5142558217048645
-0.9093307256698608
0.6876171827316284
0.739203155040741
-1.483391523361206
0.4821041226387024
0.36818909645080566
0.4417478144168854
-0.5105794072151184
0.425398588180542
-0.4127463400363922
0.7860639095306396
-0.5964610576629639
0.10562524944543839
0.7055233120918274
0.028345823287963867
-0.9877128601074219
1.0841624736785889
-0.4944353997707367
-1.107802152633667
0.44445544481277466
0.553183376789093
-0.9975634813308716
-0.05260486528277397
0.5545850992202759
-0.7055356502532959
-1.007448434829712
0.5127850770950317
0.5019299983978271
0.34181368350982666
-0.28262507915496826
0.3465660512447357
-0.20278191566467285
0.09044871479272842
-0.5013113617897034
-0.29011550545692444
0.49553924798965454
-1.1025115251541138
0.4419035017490387
0.29160600900650024
-0.3849257528781891
0.5840073823928833
-0.3543734550476074
-0.2474507838487625
-0.4354516565799713
0.35465630888938904
-2.9058749675750732
0.8716306686401367
0.9615933299064636
-1.8562920093536377
-0.1461966186761856
1.1699775457382202
-1.5478637218475342
0.005383396055549383
0.7827335596084595
-0.6867228150367737
0.19407625496387482
0.021323775872588158
-0.6559798121452332
0.03826329857110977
0.5457952618598938
0.04647381231188774
-0.23003335297107697
-0.15693825483322144
0.06805691868066788
0.31231722235679626
0.17499808967113495
-0.030843162909150124
-0.07167668640613556
0.05416526645421982
-0.09110669791698456
-0.6713107824325562
-0.5504693388938904
0.8760145306587219
-0.7763551473617554
0.36075693368911743
-0.16736164689064026
-0.6844269037246704
0.43722325563430786
1.3805263042449951
-1.221372365951538
-0.9902877807617188
0.3192836344242096
0.1182192787528038
-0.5086865425109863
0.7482720613479614
0.04555688053369522
-0.0480579137802124
-0.0330013744533062
-0.04514450952410698
-0.25142621994018555
0.1873599737882614
0.568773090839386
-0.038818977773189545
-0.03757760673761368
-0.26322299242019653
0.31311488151550293
-0.10329098999500275
-0.08696664869785309
0.3618755340576172
0.0018605232471600175
-0.12841662764549255
0.29200488328933716
-0.14073412120342255
0.4044038653373718
-0.4703347086906433
-0.19064895808696747
0.833398163318634
-0.4943227767944336
-0.6355932354927063
0.40523892641067505
0.046861398965120316
0.11860615015029907
-0.09234002977609634
0.16384074091911316
0.19971294701099396
0.5045947432518005
-0.15733908116817474
0.05356192588806152
0.07766000926494598
-0.1469125747680664
0.2204878330230713
0.14182615280151367
0.10913132131099701
-0.142667755484581
-0.42112040519714355
0.061485789716243744
0.12967588007450104
0.07820258289575577
0.680172324180603
-0.0902884379029274
0.8412779569625854
-0.29158732295036316
0.009155702777206898
0.17640233039855957
0.3161105811595917
0.2891710698604584
-0.3598228096961975
0.5415602326393127
-0.29576557874679565
0.40297943353652954
0.20099160075187683
0.026517540216445923
0.2814892828464508
-0.17681124806404114
-0.8404115438461304
-1.300621747970581
2.5288376808166504
-1.0371431112289429
-2.0068583488464355
2.184964418411255
-0.7899525165557861
-1.1231346130371094
0.5854440927505493
0.11976270377635956
0.4529349207878113
-0.027944231405854225
0.18761344254016876
0.014887714758515358
-0.22725550830364227
0.3395083546638489
-0.30730175971984863
-0.10212216526269913
-0.31454962491989136
-0.39148521423339844
0.8662264943122864
-0.3868294358253479
0.25136423110961914
0.33410635590553284
-0.7934302091598511
0.4490860104560852
0.008220481686294079
0.24697227776050568
-0.01408166904002428
-0.4969145655632019
-0.050374794751405716
0.24330492317676544
-0.23518481850624084
0.5269739031791687
-0.11518530547618866
-0.16025809943675995
0.06701874732971191
-0.2641823887825012
0.12849316000938416
0.20689907670021057
-0.10811414569616318
-0.22188778221607208
0.20435723662376404
0.0029633522499352694
-0.3016853332519531
-0.6674504280090332
0.039804935455322266
0.4666263163089752
-0.42624610662460327
0.008445548824965954
0.7110558152198792
-0.6529881358146667
0.08483247458934784
-0.26899290084838867
-0.7070768475532532
0.5612195730209351
0.17372755706310272
-0.7365659475326538
0.6506222486495972
-0.4845830798149109
-0.49093300104141235
-0.397228479385376
0.02380986139178276
0.06875991821289062
-0.6981735229492188
0.5666598081588745
-0.21440143883228302
-0.5842568278312683
0.27116450667381287
0.14845509827136993
-0.7627899050712585
0.22092171013355255
-0.2509114146232605
-0.19087934494018555
-0.3142853379249573
-0.7701415419578552
-0.14661923050880432
0.15136690437793732
-1.11436927318573
-0.8452284932136536
-0.5118473172187805
0.6910003423690796
0.39385977387428284
0.05222124978899956
-0.021075820550322533
-0.7061665654182434
-0.14804302155971527
0.2695685625076294
0.13886336982250214
-0.3210720121860504
-0.3716987669467926
-0.21535757184028625
-0.6686283349990845
0.0713426023721695
-0.38636961579322815
-1.2710072994232178
0.2584161162376404
0.21817874908447266
-0.08162249624729156
0.09687087684869766
-0.36880260705947876
-3.0562400817871094
0.5121244192123413
0.8212543725967407
-1.901031255722046
-0.06513221561908722
1.2349637746810913
-1.3287242650985718
-0.09123916923999786
0.19844059646129608
-0.7904966473579407
0.43091878294944763
-0.269705206155777
-0.41654348373413086
0.34575867652893066
-0.020330190658569336
0.3372328281402588
0.018125558272004128
-0.6448708772659302
-0.33417972922325134
0.49227866530418396
0.09055612236261368
-0.14331881701946259
-0.5357149839401245
0.1835709512233734
-0.2933587431907654
-0.8669215440750122
-0.13861575722694397
0.8200590014457703
0.4282350540161133
-0.4994184374809265
-1.354557991027832
0.1441868245601654
-0.006280565168708563
0.37743711471557617
0.022102320566773415
-0.1599579006433487
-0.35513633489608765
-0.05409286171197891
-0.17330944538116455
0.572230875492096
0.4673324525356293
-0.9522709846496582
-0.9072526097297668
1.6202061176300049
-1.0116050243377686
-0.3586178719997406
0.8714691996574402
0.06951899826526642
-0.007491397671401501
0.4193034768104553
-0.58189457654953
0.15991386771202087
0.13488419353961945
-0.3683825731277466
0.15641459822654724
0.6233920454978943
0.09537263214588165
-0.04676034301519394
0.002116560935974121
0.2919435203075409
-0.3608827590942383
0.5190666317939758
-0.15617576241493225
-0.360923171043396
0.3526279628276825
-0.09218575060367584
-0.02249740995466709
0.00045159459114074707
0.621959924697876
-0.4416096806526184
0.05332481861114502
-0.289204865694046
-0.29193201661109924
0.1334662139415741
-0.09692253172397614
0.10520601272583008
-0.39395153522491455
0.07945428788661957
0.30963435769081116
-0.5340693593025208
0.7126248478889465
0.22913746535778046
-0.33040493726730347
0.3281863033771515
0.11508683860301971
-0.4438474178314209
0.16284489631652832
0.8934515118598938
-0.29554206132888794
0.11082468181848526
-0.25439515709877014
0.33047807216644287
-0.05994044616818428
-0.057627417147159576
-0.22604481875896454
0.49767690896987915
-0.9164589643478394
-0.11083736270666122
-0.09589439630508423
-0.6746411323547363
-1.7379653453826904
2.3845696449279785
-0.7162151336669922
-1.9594208002090454
1.54739248752594
-0.7180724143981934
-1.427032709121704
0.7931596636772156
-0.7493730783462524
-0.5711598992347717
0.04457211494445801
0.3501165509223938
-0.6553717255592346
-0.29344984889030457
0.640354573726654
-1.2139939069747925
-0.02572035789489746
0.8299027681350708
-1.4947807788848877
0.1355454921722412
-0.42199039459228516
-0.6805731654167175
-0.2438206672668457
-0.135270357131958
0.17140278220176697
-0.4394640028476715
-0.041626788675785065
0.8036811947822571
-0.8485499620437622
-0.4023526608943939
0.6423419117927551
-0.14633259177207947
-0.2377154380083084
-0.4342062473297119
-0.23744964599609375
0.3308984935283661
-0.1690065860748291
0.0986480712890625
0.18402977287769318
-0.3110516667366028
0.2968563139438629
0.09597363322973251
-0.07261542975902557
-0.2068166732788086
0.11096496880054474
0.4262242913246155
-0.07427158206701279
-0.3693457543849945
0.2071702480316162
0.3915468156337738
-0.41354742646217346
0.2181539088487625
0.39388400316238403
-0.4048064351081848
0.9575174450874329
-0.9726907014846802
-0.4459711015224457
0.11093898117542267
-0.3294481337070465
0.3866967558860779
-1.0138132572174072
-0.2713838815689087
-0.6396692395210266
-0.3289453983306885
-0.16658005118370056
-0.5258879661560059
-0.4012112617492676
0.035431813448667526
-0.19539722800254822
0.2835123836994171
-0.3651348948478699
0.09968414157629013
-1.3396605253219604
-0.28412875533103943
-0.08550133556127548
0.13911285996437073
-0.46196356415748596
-0.3372567296028137
0.5581318140029907
-0.37097877264022827
-0.253929078578949
0.042293108999729156
0.1410796195268631
-1.0314226150512695
0.6099069118499756
-0.20102520287036896
-0.626162052154541
0.4725326597690582
-0.498307466506958
-0.0703844204545021
-0.1163845881819725
-1.3419671058654785
0.10863860696554184
-0.15186917781829834
0.5563948750495911
0.1323847472667694
-0.22390782833099365
-0.4536116123199463
-0.09626932442188263
0.007928317412734032
-3.4191195964813232
0.8944041132926941
0.8084560632705688
-2.1169216632843018
-0.03279287740588188
1.688690185546875
-1.3774892091751099
0.2749010920524597
0.06704125553369522
-0.7223725318908691
0.4632522165775299
0.04798328876495361
-0.40192046761512756
0.11751551926136017
0.25973746180534363
0.511907696723938
-0.18508832156658173
-0.3316686451435089
0.29120510816574097
0.003971266560256481
-0.10580954700708389
-0.17101173102855682
-0.14312493801116943
0.005098938941955566
0.35252708196640015
-0.24050763249397278
-0.9413458108901978
0.5667110681533813
-0.10935361683368683
-0.48411130905151367
-0.9830425977706909
0.3844110369682312
0.5265110731124878
-0.014794635586440563
-0.18405261635780334
0.3136333227157593
-0.3370961546897888
0.0811084508895874
-0.13401547074317932
0.4335433840751648
0.7966356873512268
-0.2705073654651642
-1.0012978315353394
1.122757911682129
-0.3224928379058838
-0.12743203341960907
0.3900035321712494
0.049288082867860794
0.20741596817970276
0.7595594525337219
-0.7181310653686523
-0.22612035274505615
-0.01928238943219185
0.2592828571796417
-0.4649961590766907
0.5469210147857666
0.6836994290351868
-0.8333724737167358
0.12634046375751495
0.36223629117012024
-0.744867205619812
0.3814535140991211
-0.13300037384033203
-0.32608726620674133
-0.17463862895965576
0.07126899063587189
0.3631676137447357
-0.2059813290834427
0.03377046436071396
0.5205671191215515
0.14197906851768494
0.15966364741325378
0.386562705039978
0.12228908389806747
-0.7700372338294983
0.7083843350410461
0.029535794630646706
0.03340302035212517
0.10219832509756088
-0.7231176495552063
0.07299753278493881
-0.013483518734574318
0.6776338815689087
0.11298491805791855
0.2044491022825241
-0.2122681885957718
-0.27776241302490234
0.17891769111156464
-0.008755480870604515
-0.3978203237056732
0.42588043212890625
-0.30757707357406616
0.4211658537387848
0.07670159637928009
-0.2231890857219696
-0.10344499349594116
0.45346584916114807
-0.1260269433259964
-0.5699989795684814
-0.7657861709594727
-1.344395637512207
2.4699957370758057
-0.6098569631576538
-2.4734785556793213
2.1659092903137207
-1.0119726657867432
-0.3932746648788452
0.8958953619003296
-0.428046315908432
1.0825997591018677
-0.6792277097702026
-0.466529905796051
0.6038690805435181
-0.6318187713623047
0.11677365005016327
0.14888620376586914
-0.37009939551353455
-0.07251916080713272
0.020295143127441406
0.0010215758811682463
-0.20058903098106384
0.6093121767044067
0.41894274950027466
-1.2102781534194946
0.7990009188652039
-0.3005464971065521
-0.4534033238887787
0.45038098096847534
-0.6449612379074097
0.310619980096817
0.47866544127464294
-0.7771678566932678
-0.843406081199646
0.30068540573120117
0.9727560877799988
-0.5110417008399963
-0.32643505930900574
0.2763972878456116
0.0024153708945959806
-0.4902501106262207
-0.00548443803563714
0.1357414722442627
-0.2658065855503082
0.37445512413978577
0.1515945941209793
-0.5172489285469055
-0.22336339950561523
0.6540240049362183
-0.12680992484092712
-0.8468818664550781
0.20916858315467834
0.07963929325342178
-0.2023659646511078
0.6869879364967346
-0.5292544960975647
-0.07570929825305939
0.03228116035461426
-0.17922420799732208
-0.25389957427978516
-0.16676005721092224
-0.4418674111366272
0.17521193623542786
-0.2704326808452606
-0.6439565420150757
0.3562386929988861
0.12518301606178284
0.7390624284744263
0.08289036899805069
-0.8067235946655273
-0.17317624390125275
0.14368808269500732
0.2468482255935669
0.13800697028636932
0.2772817313671112
-0.9890960454940796
0.2005682736635208
0.6390260457992554
0.5598375797271729
-0.7412750124931335
-0.09270267188549042
-0.026926565915346146
-0.026261186227202415
-0.7381293177604675
-0.12467837333679199
0.6048861742019653
-0.5711802244186401
-0.6506901383399963
0.5545633435249329
0.705809473991394
-0.24585941433906555
-0.34464699029922485
0.3807661235332489
-0.4384306073188782
-0.316428005695343
-0.4074893891811371
0.09669850021600723
0.502987265586853
-0.5451403856277466
-0.4006839394569397
-0.04185064509510994
-2.5592434406280518
0.40975436568260193
0.8438581228256226
-2.1925463676452637
0.19054372608661652
0.8856453895568848
-1.3415396213531494
0.4640040993690491
0.01587545871734619
-0.7009899616241455
0.2373494803905487
0.2092052400112152
-0.452092707157135
-0.2355540543794632
0.38755083084106445
0.11141069233417511
0.29134422540664673
-0.07210004329681396
-0.5106355547904968
0.05256779119372368
0.25852781534194946
-0.2678670287132263
0.04590529203414917
-0.2544756531715393
-0.2727010250091553
-0.6980159878730774
-0.14297647774219513
0.732016921043396
0.23589777946472168
-1.1568324565887451
-0.4792112410068512
0.05604696273803711
0.2997729182243347
0.06752292811870575
-0.37147796154022217
0.9173833727836609
-0.23773662745952606
-0.6854022741317749
0.20422887802124023
0.17555992305278778
1.2111074924468994
-1.059745192527771
-0.9653816223144531
1.8194087743759155
-1.4660639762878418
-0.10765241086483002
1.1184890270233154
-0.4485270380973816
0.49664101004600525
0.26842692494392395
-0.22610414028167725
0.7952213287353516
-0.026955891400575638
-1.270735502243042
0.3860642611980438
0.02961564064025879
0.00630950927734375
-0.278748095035553
0.4442315101623535
0.19305823743343353
0.2527902126312256
-0.09132745116949081
-0.2838156819343567
0.4441136419773102
0.12355903536081314
0.03850290924310684
-0.5374283790588379
0.0014487982261925936
-0.3277735710144043
0.11397379636764526
0.36552220582962036
-0.30799049139022827
-0.16899991035461426
0.2146434783935547
-0.5011568665504456
0.32294052839279175
0.12431389093399048
-0.4592762589454651
0.30112671852111816
0.2044747769832611
0.7946151494979858
-0.25675588846206665
0.11973824352025986
0.502243161201477
-0.4539240002632141
-0.7270622849464417
0.33130908012390137
0.20741936564445496
-0.3721296191215515
0.11251559108495712
-0.11450717598199844
0.1341858059167862
0.033635664731264114
-0.022917866706848145
0.1562308818101883
-0.14625167846679688
0.0720653384923935
-0.21405787765979767
-0.42388468980789185
0.21565861999988556
-1.9478505849838257
2.6271657943725586
-1.1471067667007446
-2.007535457611084
2.151921510696411
-1.1771293878555298
-0.7329682111740112
1.0380109548568726
-0.5353959202766418
0.11430568993091583
-0.8816922307014465
-0.03161139413714409
0.42758646607398987
-0.8837183117866516
0.560149073600769
-0.3966425955295563
-0.05107436329126358
0.4003942012786865
-0.06835875660181046
-0.03401989862322807
0.4172535836696625
-0.7737447023391724
0.030744601041078568
0.21204307675361633
-0.6122981309890747
-0.6975041031837463
0.6418200731277466
0.0852602943778038
-0.7134301662445068
-0.004395199008285999
0.4306909441947937
-0.3587318956851959
-0.184361070394516
-0.20630531013011932
-0.48862767219543457
0.6976274251937866
0.0717870220541954
-1.4175121784210205
0.2343403846025467
0.5929498672485352
-1.0709936618804932
0.517253577709198
0.5205963253974915
-0.3383832573890686
0.029285430908203125
-0.6296151280403137
-0.2533292770385742
0.06380309909582138
-0.38414931297302246
1.0189491510391235
-0.3051866888999939
-0.41729673743247986
0.33402109146118164
0.22778062522411346
-0.8369344472885132
-0.07079849392175674
0.09577951580286026
-0.023682784289121628
-0.6231478452682495
0.2862585186958313
-0.10182936489582062
-0.40771612524986267
0.2686837613582611
-0.6357943415641785
0.6642395257949829
-0.7952941656112671
-0.2550680935382843
0.5375145077705383
0.009622025303542614
-0.6678559184074402
-0.039481449872255325
-0.29782113432884216
-0.01808478869497776
0.015875864773988724
-0.852321982383728
0.7882381081581116
-0.004422330763190985
-0.6242285966873169
0.1927662342786789
-0.9679408073425293
-0.5554675459861755
1.1868466138839722
0.29344111680984497
-0.7888582944869995
-0.37904292345046997
-0.16563670337200165
-0.43927326798439026
0.2913317084312439
-0.5225809216499329
0.504471480846405
-0.003673899220302701
-1.0676605701446533
-0.058151911944150925
0.25366297364234924
-0.6932352781295776
-0.6647003293037415
-0.4558301568031311
0.40472930669784546
-0.8227616548538208
-0.1508934646844864
-7.960119724273682
6.899074554443359
-0.7425289154052734
-2.628262996673584
1.9141871929168701
-0.3406940996646881
-1.3104294538497925
0.5726802945137024
-0.18824337422847748
-0.6342743635177612
0.0011125564342364669
-0.4550803601741791
0.36729973554611206
0.0014615058898925781
-0.48927274346351624
0.5238300561904907
-0.17035387456417084
-0.5162727236747742
0.15199799835681915
-0.21901769936084747
0.2132796049118042
-0.06153836101293564
-0.3995223045349121
0.1860211193561554
-0.2503526508808136
-0.37361347675323486
0.05547904968261719
-0.38819941878318787
0.3788672983646393
0.25833645462989807
-2.0779547691345215
0.695159912109375
0.4496140480041504
-0.24409277737140656
0.11321147531270981
-0.17197659611701965
-0.4654192328453064
0.2717810273170471
-0.5974036455154419
0.6638399362564087
0.646030604839325
-0.9642175436019897
-1.133262038230896
1.1527847051620483
-0.5323570370674133
0.16549837589263916
0.13841095566749573
-0.37442702054977417
0.6853137016296387
0.38581955432891846
-0.6266396045684814
-0.4232805371284485
0.5021091103553772
-0.0265259500592947
-0.23508663475513458
0.3626636564731598
0.11147179454565048
0.3973287045955658
0.085822194814682
-0.05941898748278618
0.2142593115568161
-0.04255256801843643
-0.35764917731285095
0.34215110540390015
0.34650909900665283
-0.13223794102668762
0.17223259806632996
-0.013357681222259998
0.6126903891563416
-0.0870901346206665
-0.14261993765830994
0.844272792339325
-0.45961475372314453
-0.07296755909919739
0.775914192199707
-0.3237280249595642
0.35027310252189636
0.025680113583803177
0.04826998710632324
-0.08168445527553558
0.6126192212104797
-0.706428050994873
-0.1513984203338623
0.10461684316396713
0.3224169611930847
0.23080280423164368
-0.7000080347061157
0.3084165155887604
-0.19428947567939758
-0.1812562644481659
-0.3647497296333313
0.26937592029571533
-0.21169045567512512
-0.5917104482650757
0.3767315149307251
-0.1938420832157135
-0.049695324152708054
-0.47392019629478455
-0.3802890181541443
-0.7460724115371704
-1.4692304134368896
2.5647997856140137
-0.89186030626297
-1.8665287494659424
2.0657527446746826
-1.7895500659942627
-0.08472208678722382
1.0829792022705078
-0.6508318781852722
0.534121036529541
-0.1851092278957367
-0.554200291633606
-0.1654752790927887
0.3082139790058136
-0.1355406790971756
0.11608786880970001
-0.6007447838783264
-0.828708827495575
0.18706169724464417
-0.023202085867524147
-0.5941776037216187
0.17748479545116425
0.1987743377685547
0.1596725881099701
-0.8739245533943176
0.2586316168308258
0.41067418456077576
-0.5019692182540894
0.0138864042237401
-0.0417080894112587
-0.43441933393478394
0.010746669955551624
-0.30186524987220764
0.03370194509625435
0.34495240449905396
-0.4456218183040619
0.7848340272903442
-0.207173153758049
-0.5796184539794922
-0.2586973309516907
0.274381160736084
-0.8638116121292114
0.229987233877182
0.053464125841856
-0.7554617524147034
-0.04992837831377983
0.08983822166919708
-0.6676834225654602
-0.06651358306407928
0.2171190232038498
0.21844705939292908
0.060994528234004974
0.2744973599910736
-0.53557950258255
-0.15315595269203186
0.07558731734752655
0.03705401346087456
0.047820232808589935
-0.05755481868982315
-0.265425443649292
-0.08433866500854492
-0.2941175699234009
0.3865295350551605
-0.6106318235397339
0.01825789175927639
0.6869339942932129
-0.4738044738769531
-0.05323810502886772
-0.20329169929027557
-0.008708286099135876
0.36136364936828613
-0.12642939388751984
-0.3431514799594879
-0.8249112367630005
0.022730302065610886
0.6087369918823242
-0.6792861819267273
-0.14244012534618378
0.2580260634422302
-0.63346928358078
0.07487940788269043
0.6617060303688049
0.31741881370544434
-1.0797779560089111
0.17849884927272797
-0.288495808839798
-0.07094915956258774
-0.20321600139141083
-0.5026333928108215
0.42945948243141174
-0.16512835025787354
-0.37942278385162354
-0.35008400678634644
0.26701948046684265
0.32491400837898254
-0.3781440258026123
-0.5330296754837036
0.8362147212028503
-0.9085789918899536
-0.1234121322631836
-2.846139430999756
0.6545329093933105
0.8033847808837891
-1.9218183755874634
-0.0223125908523798
0.677772581577301
-1.0075104236602783
-0.018268227577209473
0.5660799741744995
-0.5106871724128723
0.11220826953649521
0.009795594029128551
-0.5274558663368225
-0.04808330535888672
0.2829175889492035
0.19343164563179016
-0.0020526170264929533
0.2255460023880005
-1.004779577255249
0.6253343820571899
-0.14850661158561707
-0.22446580231189728
0.1776948869228363
0.1645628958940506
-0.31484946608543396
-0.47856074571609497
-0.7568750381469727
0.9107949137687683
0.34798553586006165
-0.86925208568573
-1.02931547164917
0.5351287126541138
0.3772689700126648
-0.414902925491333
-0.14385108649730682
1.2043222188949585
-0.9926328659057617
-0.7504801750183105
0.38908666372299194
-0.03823719173669815
0.7434613704681396
-0.5735843777656555
-0.1366933137178421
0.41897672414779663
-0.22224727272987366
-0.2603257894515991
0.30662694573402405
-0.38008326292037964
0.2681434750556946
0.33145126700401306
-0.8985112309455872
0.34488368034362793
-0.2895409166812897
-0.45021286606788635
0.47327151894569397
0.3197735548019409
0.03667483478784561
0.9305295944213867
-0.3338549733161926
-0.7110155820846558
0.40422123670578003
0.3918210566043854
-0.2585468888282776
-0.59422367811203
0.8394864201545715
-0.33902621269226074
0.004540660884231329
0.29519444704055786
-0.02190300263464451
-0.06760505586862564
0.3340768814086914
-0.831503689289093
0.8042052388191223
-0.5814412236213684
0.4589810371398926
0.3997630178928375
-0.17175127565860748
0.29733583331108093
0.8364291191101074
0.21604470908641815
0.1652289181947708
-0.5595817565917969
0.26281195878982544
0.40130823850631714
-0.2540455460548401
-0.4886344373226166
0.5689259171485901
0.14492449164390564
-0.6024907827377319
0.19671308994293213
0.1308281570672989
0.0243623498827219
0.007894700393080711
0.6106648445129395
-0.03607150912284851
0.17271359264850616
0.06964190304279327
0.34841978549957275
-0.19030705094337463
-0.4241042733192444
-1.9526054859161377
2.274148464202881
0.3129156529903412
-3.5604515075683594
2.7161500453948975
-1.36454176902771
-0.5833358764648438
1.4313217401504517
-0.8520419001579285
0.6358526945114136
-0.821358323097229
-0.5501223206520081
1.0080026388168335
-0.21582002937793732
0.4468301832675934
-0.6217995882034302
-0.13530197739601135
0.6096194982528687
-0.2001163512468338
-0.6423488855361938
-0.09502830356359482
-0.03207869455218315
0.3611376881599426
-0.5321974158287048
0.1533736288547516
0.25213193893432617
-0.14288821816444397
-0.7492929697036743
0.2638870179653168
0.7922730445861816
-0.5169811844825745
-0.3353421092033386
1.385960578918457
-0.08683772385120392
-0.7140676379203796
0.6437937617301941
0.2572386860847473
-0.3604408800601959
-0.012302207760512829
0.026021147146821022
-0.016669463366270065
-0.21339479088783264
0.4957047402858734
-0.702141523361206
0.4218198359012604
-0.48277226090431213
0.47780299186706543
-0.06714339554309845
0.3185150623321533
-0.1516461819410324
-0.6896587610244751
0.9086729288101196
0.07941970974206924
-1.329896092414856
0.5966230630874634
-0.1485178917646408
0.18984654545783997
-0.07516708225011826
-0.37037891149520874
0.5391919016838074
-0.3786337971687317
-0.32845669984817505
-0.1925031691789627
-0.8122848272323608
-0.05831284448504448
0.8057438731193542
-0.15880036354064941
-0.18392899632453918
0.14561457931995392
-0.28906264901161194
-0.11853356659412384
-0.37373146414756775
-0.46059074997901917
0.2485397756099701
-0.31602683663368225
0.5270572900772095
-0.31435394287109375
-0.20968298614025116
-0.26447421312332153
0.0025568008422851562
-0.9690192937850952
-0.06095665693283081
-0.7043505907058716
0.3112965226173401
-0.4050159454345703
-0.1720857173204422
0.6920035481452942
0.5870243906974792
-0.6440811157226562
0.24513912200927734
-0.36923477053642273
0.21271558105945587
0.001682233763858676
-0.862862229347229
0.43313780426979065
0.03198206424713135
-0.6492052674293518
0.1777498424053192
-0.3300101161003113
-0.1349635124206543
-2.7639880180358887
0.7568710446357727
0.5442314147949219
-1.9977271556854248
-0.21449944376945496
1.1674450635910034
-1.4626764059066772
0.13935956358909607
0.5542996525764465
-0.6862503290176392
0.47012338042259216
-0.027824830263853073
-0.6377585530281067
0.1814158856868744
0.8148242831230164
0.1924545019865036
-0.5508997440338135
0.4084339141845703
-0.3917122483253479
0.1643817275762558
-0.18109659850597382
-0.20733019709587097
0.2479945719242096
-0.3864050507545471
-0.10179455578327179
0.005671215243637562
-1.0886203050613403
0.8218916058540344
-0.7155683636665344
-0.11872675269842148
0.17636246979236603
-0.7046276926994324
0.9842156171798706
0.5821807384490967
-1.2652896642684937
-0.7386463284492493
0.6294470429420471
-0.4708785116672516
-0.27069324254989624
0.08028552681207657
0.7171881198883057
-0.7860780954360962
-0.2745576500892639
0.3498435616493225
-0.08915064483880997
0.03870586305856705
0.4778524339199066
0.30351176857948303
-0.11733059585094452
-0.08135469257831573
0.33897724747657776
-0.3915742337703705
0.226558655500412
0.21014690399169922
-0.06169610098004341
0.22533440589904785
0.2580302655696869
0.42343688011169434
-0.1821790635585785
0.2771998941898346
0.1677393913269043
0.1260555386543274
-0.004528486635535955
-0.1611531525850296
0.27611321210861206
-0.035770483314991
-0.2216600626707077
0.2929883301258087
0.2042129933834076
-0.000877678394317627
0.45330238342285156
-0.18207071721553802
-0.15423160791397095
0.36539655923843384
0.5476342439651489
-0.44376349449157715
0.18507234752178192
0.7104297876358032
-0.5396751165390015
-0.38352760672569275
1.1451270580291748
0.4354659616947174
-0.66982501745224
0.1651410013437271
-0.2390504777431488
0.06956198066473007
0.04635077714920044
-0.45474615693092346
0.6603923439979553
-0.10528631508350372
-0.3268250524997711
0.12238718569278717
-0.4201968312263489
0.25534555315971375
0.635082483291626
-0.30034536123275757
0.3793709874153137
-0.1525566279888153
-0.6944157481193542
