-0.7355830669403076
-0.7355830669403076
-4.948366641998291
-0.606295645236969
-1.5574281215667725
-0.397129625082016
0.6252020597457886
-0.8478727340698242
-0.6882718205451965
0.26465949416160583
-0.6146293878555298
-0.9673827886581421
0.0842653289437294
-0.0776071548461914
-0.6080953478813171
0.0443451888859272
-0.5293116569519043
0.5696423649787903
-0.11976361274719238
-0.857020378112793
0.17684964835643768
0.07344408333301544
-0.09601525962352753
0.14600619673728943
-0.2576834559440613
0.5950093269348145
0.8816019296646118
-1.6852630376815796
-0.36840543150901794
0.8132586479187012
-1.1435624361038208
-0.7097071409225464
1.1562875509262085
-0.5600557327270508
0.18307295441627502
1.5513665676116943
-0.734501838684082
0.13129210472106934
0.31616508960723877
0.07125978171825409
0.7038909792900085
-0.47230997681617737
0.44006115198135376
-0.5049542784690857
-0.0016956806648522615
0.7657526731491089
0.04810671880841255
0.3793119490146637
-0.008620167151093483
-0.08420272171497345
2.162825584411621
1.401455283164978
-1.2382068634033203
0.8783224821090698
0.4481075406074524
-0.2810727655887604
-0.9382880330085754
0.8827374577522278
-0.013661670498549938
-0.8981599807739258
1.325408697128296
-0.1354333907365799
0.38763007521629333
0.7982274293899536
-0.14158892631530762
0.8229809999465942
0.476889431476593
0.7472056150436401
-0.177113339304924
0.11900629848241806
0.48194772005081177
0.14518150687217712
0.6774934530258179
0.002098941709846258
1.0582764148712158
0.27467983961105347
-0.530127763748169
0.7420609593391418
-0.26566648483276367
0.6463710069656372
-1.1424248218536377
0.5256356000900269
1.3546860218048096
0.07190494239330292
-0.1687355935573578
0.6982618570327759
-0.09235062450170517
-0.10617408901453018
0.6652976274490356
-0.19873514771461487
0.603203296661377
-0.07461376488208771
-0.4021182060241699
0.8679410815238953
-0.7184485197067261
0.49412211775779724
0.8858659863471985
-0.09606113284826279
0.3883167803287506
0.3881298005580902
-0.48304757475852966
3.2664756774902344
-5.405505657196045
0.8344873189926147
0.9073834419250488
-1.1078414916992188
0.05050473287701607
0.4177993834018707
-0.06031832844018936
0.40466299653053284
-0.011112594977021217
0.1626528799533844
0.5028551816940308
-0.17642684280872345
0.1242990493774414
0.22011986374855042
-0.1622813194990158
-0.12476301193237305
0.2988380491733551
-0.13394279778003693
-0.34657755494117737
0.31293076276779175
0.10607843101024628
-0.3478129506111145
-0.042827703058719635
0.09605550765991211
0.0643162727355957
-0.20655937492847443
0.2660587430000305
-0.27842387557029724
-0.2767329216003418
-0.20387497544288635
1.2764346599578857
0.46693381667137146
-0.749111533164978
-1.2249150276184082
1.378218173980713
0.011775588616728783
-0.5157368779182434
0.8730478286743164
-0.13643130660057068
-0.32263946533203125
-0.017432212829589844
0.04437255859375
0.13630351424217224
1.0037540197372437
-1.679979681968689
-0.729790985584259
0.4667648375034332
-0.7913015484809875
0.14867648482322693
0.4325784742832184
-0.4405311644077301
0.6758924722671509
-0.016298484057188034
-1.207716703414917
-1.6094928979873657
0.5699329376220703
-0.8814276456832886
0.501675009727478
-0.6558753848075867
-0.15985126793384552
0.5651537179946899
-0.08113288879394531
0.050287436693906784
0.1952461302280426
-0.15811996161937714
0.6598409414291382
-0.21613101661205292
-0.08742275089025497
0.3490089476108551
0.14942245185375214
0.3491355776786804
-0.3685491681098938
-1.0666195154190063
1.1845026016235352
-1.2686326503753662
-0.012277603149414062
-0.6699954867362976
-0.16327515244483948
1.2991143465042114
-0.4265872836112976
-0.5059323310852051
-0.01597747765481472
0.6526645421981812
0.4954657554626465
-0.32617053389549255
-0.4961278438568115
-0.6624394655227661
0.8852160573005676
-0.815424919128418
0.2571744918823242
-0.15844325721263885
-0.05786752700805664
-0.8565644025802612
0.5770720839500427
-0.023824119940400124
-1.0498366355895996
-0.42679882049560547
0.17372465133666992
-0.2415151596069336
-13.095479965209961
10.711181640625
-2.069103956222534
-8.441499710083008
5.249466896057129
-2.6962716579437256
-0.840602695941925
2.885929822921753
-1.4225099086761475
-0.32900285720825195
1.131724238395691
-1.268710732460022
0.009209156036376953
0.46525296568870544
-1.205722689628601
0.21379594504833221
-0.1786251962184906
-0.48827090859413147
0.15196342766284943
0.05654020234942436
-0.28251057863235474
-0.4993337094783783
0.16660547256469727
-0.4182002544403076
0.012947559356689453
0.15850624442100525
-0.7168875932693481
0.4152607023715973
0.989082932472229
-1.506493330001831
-0.25664621591567993
1.1060127019882202
0.12886545062065125
0.27031612396240234
-0.24544084072113037
-0.05123283714056015
0.36633434891700745
-0.3420463502407074
0.6502993702888489
0.9382137060165405
0.10269080102443695
-0.1067197173833847
0.15164564549922943
0.592160701751709
-0.42891740798950195
0.6984922289848328
0.8261162638664246
0.4382506310939789
-0.3919486105442047
0.6645709276199341
0.4108569025993347
-0.38984617590904236
0.7194056510925293
0.030534887686371803
0.4908791184425354
0.7513905763626099
0.38608139753341675
0.09623012691736221
0.9806903600692749
-0.31178784370422363
0.655500590801239
0.37375134229660034
-0.03248891979455948
0.2999275326728821
0.09593705832958221
0.7221394777297974
0.22659483551979065
0.5760816335678101
0.4768006205558777
0.17790727317333221
0.7486111521720886
0.6951139569282532
0.5807660222053528
0.3958037495613098
-0.07068605720996857
0.49537602066993713
0.37382060289382935
0.2056080847978592
0.7138513326644897
0.3233181834220886
0.4785679876804352
0.19259843230247498
0.3594832420349121
0.0400691032409668
0.1910737007856369
0.21662549674510956
0.5556808710098267
0.40195560455322266
-0.03626213222742081
0.25703877210617065
0.9609273672103882
-0.31762075424194336
-0.21010971069335938
1.1019375324249268
0.06979074329137802
0.46149834990501404
0.022230053320527077
0.1489136666059494
-1.030470371246338
-3.770019054412842
-17.812076568603516
6.700613498687744
10.49485969543457
-6.866368293762207
-6.996126651763916
5.025525093078613
-1.584058165550232
-1.5278892517089844
2.3189902305603027
-0.7436171770095825
-0.5289912223815918
1.107964277267456
-0.8730450868606567
0.24277229607105255
0.4244660437107086
-0.4097856879234314
0.42611855268478394
-0.15269804000854492
-0.4413694441318512
-0.19969740509986877
0.09818754345178604
-0.0016972541343420744
0.18160466849803925
0.1718701422214508
-0.15529699623584747
0.01348409615457058
-0.1913309097290039
0.007106208708137274
-0.7725374102592468
-0.1184728592634201
0.0957452803850174
0.5572954416275024
-0.6174957156181335
0.14605550467967987
-1.0004160404205322
-0.7116581201553345
1.4473848342895508
-0.6896918416023254
-1.3930366039276123
1.0804970264434814
0.29780063033103943
0.45070868730545044
-0.18333911895751953
0.19061145186424255
-0.5385099649429321
0.713714599609375
-0.11914119869470596
0.1432252824306488
0.5040063858032227
0.6785122156143188
-0.341378778219223
-0.7798599004745483
0.6621444821357727
-1.1446517705917358
0.2751968502998352
1.0103224515914917
-0.013426780700683594
0.38571205735206604
-0.049313925206661224
-0.5488815307617188
1.0183871984481812
-0.5598699450492859
0.095697782933712
0.7104963064193726
-1.5438934564590454
1.8484485149383545
-0.17544785141944885
-0.13103580474853516
-0.45063334703445435
-0.1698717176914215
1.4228410720825195
-1.2351505756378174
1.1024959087371826
-1.8432823419570923
0.9296900033950806
-1.4349250793457031
0.3354984223842621
-0.3112085461616516
-0.20239600539207458
-1.3249757289886475
0.2949574589729309
0.3961557447910309
0.20705318450927734
0.3542923033237457
-0.5426977276802063
-0.1038656234741211
0.17470674216747284
-0.6616478562355042
0.010354042053222656
0.8485885858535767
-0.26149311661720276
-0.547041118144989
1.1132018566131592
-0.5361447334289551
0.49794405698776245
-0.3856992721557617
-1.2002661228179932
0.7091339826583862
-1.2780734300613403
-0.9151638746261597
-13.009198188781738
10.387832641601562
-1.6649516820907593
-8.708820343017578
5.122082233428955
-2.293043613433838
-1.4050381183624268
2.8017897605895996
-1.3662923574447632
-0.607989490032196
0.7769877314567566
-0.7236654162406921
-0.13093213737010956
0.6741860508918762
-1.1614927053451538
0.026554012671113014
0.110687255859375
-0.9056310653686523
-0.1363566368818283
-0.24422088265419006
-0.3558585047721863
-0.1779109537601471
0.28404897451400757
-0.376566082239151
-0.2281988114118576
-0.195164293050766
-0.38834136724472046
0.23459115624427795
0.4205753803253174
-0.6889664530754089
-0.40869441628456116
0.6263286471366882
-0.3578985333442688
0.3090039789676666
0.4925941526889801
-0.2756500840187073
0.04131590202450752
-0.09813959151506424
0.08734266459941864
1.2404639720916748
0.3052203059196472
-0.12459884583950043
0.20119257271289825
0.777441143989563
-0.720852255821228
0.5218990445137024
0.10054099559783936
0.4561414122581482
0.18089672923088074
0.770907998085022
-0.027536535635590553
0.1838807314634323
0.4045923352241516
-0.0314054973423481
0.31083616614341736
0.7946106791496277
0.011838912963867188
0.3105502128601074
0.6409362554550171
0.32225123047828674
0.5194751024246216
0.12152490764856339
0.9148740768432617
0.24414511024951935
-0.025269603356719017
0.31398946046829224
-0.10369253158569336
0.6451838612556458
0.070543572306633
0.13892392814159393
1.156259298324585
0.26580628752708435
0.5350750684738159
-0.010830402374267578
0.38091954588890076
0.39137354493141174
0.06531801074743271
0.8502639532089233
0.22986336052417755
0.14085093140602112
0.644054114818573
0.2351149618625641
-0.13175325095653534
0.15112456679344177
0.78468257188797
-0.3117205500602722
0.38907432556152344
-0.010766792111098766
-0.011054039001464844
0.47989511489868164
0.175140380859375
0.608988881111145
0.07508783042430878
0.11133833229541779
0.5423465967178345
0.41664448380470276
0.4488527178764343
0.23821468651294708
-2.660120964050293
-4.257845878601074
-19.410099029541016
5.4619035720825195
9.196266174316406
-3.1472225189208984
-9.37254524230957
4.1768059730529785
-0.36397773027420044
-2.341367483139038
1.972283959388733
-0.31156986951828003
-0.8754116296768188
1.191196084022522
-0.4723111689090729
-0.6231905221939087
-0.20382317900657654
-0.07773952186107635
0.42979639768600464
0.1534343659877777
-0.35425567626953125
0.2213299721479416
0.0706934928894043
-0.20533227920532227
0.2960473895072937
0.12745170295238495
-0.43105363845825195
0.1923317015171051
-0.08169136196374893
-0.2399405539035797
1.1253851652145386
-0.19103260338306427
-0.4349285066127777
0.1797126829624176
-0.37280789017677307
-0.4078424572944641
0.09270896762609482
-1.2236064672470093
0.039748191833496094
-0.07949523627758026
-0.18554440140724182
0.27571049332618713
0.7825320959091187
-0.8680801391601562
-0.7447997331619263
0.8563680648803711
-0.3322080671787262
-0.43401965498924255
0.07773265987634659
1.4000351428985596
-0.7959966659545898
-0.3993190824985504
0.5528322458267212
-0.5286633372306824
0.828788161277771
-0.25319021940231323
-0.6151174306869507
0.18820782005786896
0.1757616102695465
-0.16382674872875214
0.06710834801197052
-0.4002262055873871
-0.9015177488327026
0.26776963472366333
0.8936586380004883
-0.72711181640625
0.1970502883195877
0.3280982971191406
0.4370186924934387
0.16642379760742188
-0.46710434556007385
1.263547658920288
-0.45444679260253906
1.1661988496780396
-0.9610767364501953
-0.26176005601882935
-0.26463526487350464
0.005259322933852673
0.2702285647392273
-1.5619456768035889
-0.23388203978538513
-1.0018030405044556
-0.21482543647289276
-0.005629539489746094
1.9441368579864502
0.6084187626838684
0.1469613015651703
-0.08529510349035263
-0.10449600219726562
-0.8384761810302734
0.2985451817512512
0.10082044452428818
-0.9822680354118347
0.6259274482727051
1.5478556156158447
-0.9113179445266724
-0.6317406892776489
0.4337121844291687
-0.4505190849304199
0.7117652893066406
-0.423132985830307
1.2496947050094604
-12.587736129760742
10.852010726928711
-1.8911619186401367
-8.357813835144043
4.999167442321777
-1.8572698831558228
-1.0550711154937744
3.136157512664795
-1.3052866458892822
-0.43595582246780396
1.0640696287155151
-0.6924378275871277
-0.10009574890136719
-0.05047030374407768
-0.302900493144989
-0.246571347117424
-0.04176817089319229
-0.36037302017211914
0.16328077018260956
-0.2795143723487854
-0.10348763316869736
0.005690383724868298
-0.2775491774082184
-0.13857212662696838
-0.35079678893089294
-0.13868674635887146
0.08313226699829102
0.3028887212276459
0.49104779958724976
-0.49936971068382263
-0.642257571220398
0.6536490321159363
-0.5308124423027039
0.32221049070358276
0.5053551197052002
-0.20386488735675812
0.16061213612556458
-0.636184811592102
0.338043749332428
1.2191517353057861
0.2693949341773987
-0.7220754623413086
0.2969995141029358
0.2972300946712494
0.09904506057500839
0.5503895282745361
0.25704893469810486
0.5350490808486938
0.18416070938110352
0.5805026292800903
0.12894780933856964
0.17055168747901917
0.7454315423965454
-0.2177169770002365
0.1825667917728424
1.1214791536331177
-0.2577391266822815
0.7982784509658813
0.5301557779312134
-0.289597749710083
0.5524846315383911
0.6186866164207458
-0.1286877691745758
0.11387185752391815
0.331437885761261
0.4171323776245117
0.14661912620067596
0.532029926776886
-0.1655416488647461
0.46801862120628357
0.16066503524780273
0.3617917001247406
0.26832038164138794
0.2833643853664398
0.7573866844177246
0.3014447093009949
-0.081495001912117
0.5388751029968262
-0.403748095035553
0.2950320243835449
0.19598141312599182
0.4883553385734558
-0.4608739912509918
0.438396155834198
0.6564986109733582
-0.061880968511104584
-0.2994755804538727
0.27915889024734497
0.43720752000808716
-0.008399486541748047
0.498598575592041
0.08980397880077362
-0.43760794401168823
0.16429480910301208
-0.07942695915699005
0.2315700501203537
0.13039903342723846
0.16744203865528107
-1.1581412553787231
-3.550558567047119
-18.028099060058594
7.5684099197387695
9.154863357543945
-3.2733867168426514
-11.512633323669434
6.228590965270996
-0.8723281621932983
-2.6609206199645996
2.3996284008026123
-0.20409908890724182
-1.1718814373016357
1.4701669216156006
-0.6865492463111877
-0.11146344989538193
0.5047677159309387
-0.5071965456008911
0.20499305427074432
0.13375882804393768
-0.43189024925231934
0.25390157103538513
-0.2216716706752777
-0.3995889723300934
0.5251611471176147
-0.14573097229003906
0.07770786434412003
-0.41471272706985474
-0.20479612052440643
0.18657264113426208
-0.17099332809448242
-0.7076267004013062
0.26239365339279175
0.36185893416404724
-0.25631123781204224
-0.5974799990653992
0.3352676331996918
-1.1838046312332153
0.7433732748031616
0.4274069666862488
0.011958122253417969
-1.2152774333953857
-0.32107600569725037
0.42489662766456604
-0.3941022753715515
0.28780803084373474
-0.2255123108625412
0.3330608308315277
0.0016133307944983244
1.2878644466400146
-2.1811139583587646
-0.054430484771728516
0.09030399471521378
-0.40005168318748474
-0.577441394329071
0.2225627899169922
-0.49945202469825745
-0.39849337935447693
0.3781720995903015
-0.8989686965942383
0.06283798068761826
0.5349580645561218
-0.4237597584724426
-0.14754514396190643
0.6777681112289429
-0.5287350416183472
-0.6440337300300598
0.7157804369926453
-0.05565624311566353
-1.0339950323104858
0.9241989254951477
-1.9490448236465454
2.027534008026123
-0.43403100967407227
-1.0040781497955322
1.030744194984436
-1.228075385093689
-0.8579939007759094
0.7639945149421692
0.5380536317825317
-0.5376526117324829
-0.262551486492157
0.4113619923591614
-1.1205294132232666
0.7527099847793579
-0.5398209691047668
1.1358894109725952
-0.9464680552482605
1.2838313579559326
-1.0785430669784546
-0.9032651782035828
0.6577882766723633
-1.7457271814346313
0.5787805318832397
-0.8425253033638
0.3713279664516449
-0.5393451452255249
0.25499850511550903
-0.7868723273277283
-0.9270075559616089
-1.572796106338501
-0.5220270156860352
-13.7223539352417
10.951543807983398
-2.04681658744812
-8.709568977355957
5.673813819885254
-3.038254499435425
-1.0396479368209839
3.0233073234558105
-1.7783329486846924
-0.5014966130256653
1.1572736501693726
-1.0826189517974854
-0.01799745485186577
0.026218796148896217
-0.9304277300834656
-0.022418688982725143
-0.2937210202217102
-0.39328718185424805
-0.11762747913599014
-0.041955091059207916
-0.7770639061927795
-0.060840606689453125
0.27575334906578064
-0.5996207594871521
-0.004023408982902765
-0.04994082450866699
-0.397904634475708
0.3329847455024719
0.09557585418224335
-0.06903743743896484
0.13168343901634216
0.1713254451751709
0.1654466688632965
0.74393230676651
-0.48678818345069885
-0.8094611167907715
0.9155101776123047
0.27154645323753357
0.062374651432037354
0.960004985332489
0.11381004005670547
0.340806782245636
0.5481427907943726
-0.3663729131221771
0.24470694363117218
-0.36231961846351624
0.4958907961845398
0.676919162273407
-0.8425353765487671
0.9675795435905457
0.7738867402076721
-0.5975196361541748
0.9286268949508667
0.21048402786254883
-0.2673187851905823
0.6985152363777161
0.492427259683609
0.5919533967971802
0.4530440866947174
-0.10542197525501251
0.7241250276565552
0.5731974840164185
0.3121616244316101
0.07957811653614044
0.9541012048721313
0.39016714692115784
0.3338775634765625
0.40599125623703003
0.31479644775390625
0.1648266762495041
0.49332696199417114
0.5112289190292358
0.6987354159355164
0.31177836656570435
0.08226613700389862
0.12134303897619247
-0.4569930136203766
0.7332442998886108
0.5343950390815735
-0.2835325300693512
0.5179654955863953
-0.10772065818309784
-0.326655775308609
0.5753141641616821
0.43377551436424255
0.282965749502182
0.33876293897628784
0.33162957429885864
0.13876333832740784
0.22479668259620667
0.24579934775829315
0.12921276688575745
-0.13374023139476776
-0.3034021854400635
0.4961681365966797
-0.07114286720752716
0.20843926072120667
0.4620843827724457
-1.42282235622406
-3.8364226818084717
-18.35555648803711
6.3270978927612305
10.405853271484375
-6.364975929260254
-8.965547561645508
6.026946544647217
-1.3594669103622437
-2.3785948753356934
2.6221110820770264
-0.8222728967666626
-0.6402050852775574
1.6201492547988892
-1.124399185180664
0.2154737412929535
0.4172898232936859
-0.15324430167675018
0.13639326393604279
-0.07322540134191513
-0.4499032497406006
0.1331099569797516
0.16336269676685333
-0.23370322585105896
-0.11446867138147354
0.11998195946216583
-0.0269304271787405
0.10748424381017685
0.00177173619158566
-0.032228659838438034
0.2841288447380066
-0.24331387877464294
-0.07060356438159943
0.18753433227539062
0.2372058928012848
0.20374508202075958
-0.4848855137825012
-1.1127506494522095
0.2639978528022766
-0.12994727492332458
-0.3605480194091797
1.445376992225647
-0.12329387664794922
-0.22749289870262146
0.2164405882358551
-0.5433855056762695
-1.1434962749481201
-0.10964508354663849
0.17442341148853302
-0.3635992109775543
0.10914383083581924
0.3361496031284332
-1.6700798273086548
-1.0655412673950195
1.2350571155548096
-1.8001810312271118
0.07938690483570099
-0.06367664039134979
0.6869050860404968
0.6162409782409668
-0.3869507908821106
-0.23715391755104065
0.9869516491889954
-1.7741256952285767
-0.853101372718811
0.0045982361771166325
0.011913681402802467
0.592481791973114
-1.733011245727539
1.113990068435669
0.18931999802589417
0.43720799684524536
-1.7843888998031616
0.811855137348175
-0.9861825704574585
1.2259109020233154
-0.044392965734004974
-0.7149702310562134
-0.1724013388156891
-0.23102807998657227
0.28669673204421997
-0.7955435514450073
-0.21010169386863708
0.16306857764720917
0.7305105924606323
-0.8821829557418823
-0.09955587238073349
0.022210408002138138
0.1885056495666504
-0.6500142216682434
-0.32626742124557495
0.849932849407196
-0.4134303033351898
-0.156254380941391
-1.7503284215927124
1.3593717813491821
-0.5236350297927856
-0.7109646797180176
-0.940102219581604
-1.5166571140289307
-0.11202788352966309
-1.0346245765686035
-13.366340637207031
10.316245079040527
-1.9538599252700806
-8.411783218383789
5.315619945526123
-2.9941658973693848
-0.7020002603530884
2.7348968982696533
-1.5122663974761963
-0.3412798047065735
0.6745952367782593
-1.4037153720855713
0.2827783524990082
-0.26720476150512695
-0.8506803512573242
0.3455752432346344
-0.27915945649147034
-0.37094682455062866
0.23601965606212616
-0.336744487285614
-0.32830342650413513
-0.007872676476836205
0.4996952414512634
-0.6252711415290833
0.04831185191869736
-0.2073771059513092
-0.436917245388031
0.03496517986059189
0.33450847864151
-0.336540549993515
-0.014801025390625
0.34593111276626587
0.1037963405251503
-0.05845942348241806
-0.4152085781097412
-0.37946876883506775
0.721956193447113
0.2611549198627472
-0.06337100267410278
1.1687192916870117
-0.6463501453399658
0.3843095600605011
0.45364221930503845
-0.30016058683395386
-0.1884346902370453
0.2674720287322998
0.1524573266506195
0.6104048490524292
-0.03392152860760689
0.5800184607505798
0.9052440524101257
-0.7992711067199707
0.3470153212547302
0.3407250940799713
0.4277710020542145
0.6153448820114136
-0.08995318412780762
0.004281234927475452
0.04301252216100693
0.23017939925193787
0.5196619033813477
-0.18269892036914825
-0.010532760992646217
0.5740197896957397
0.48303765058517456
0.2570018768310547
-0.02640209160745144
0.021655559539794922
0.3618563711643219
0.2940402925014496
0.30762070417404175
0.16424818336963654
0.1694169044494629
0.1536066085100174
0.7069240808486938
0.2861784100532532
0.11803312599658966
0.8871489763259888
-0.47892361879348755
0.2652273178100586
0.5326648950576782
0.04976635053753853
0.133215993642807
0.36315402388572693
-0.002023029373958707
0.3418017327785492
-0.12486247718334198
0.12594833970069885
0.23496150970458984
0.4093141555786133
0.423361212015152
-0.5620625615119934
0.318727970123291
0.2036895751953125
-0.25702619552612305
0.33237752318382263
0.06183929368853569
0.09075727313756943
-1.1214679479599
-3.7996420860290527
-17.577068328857422
7.202311038970947
9.632439613342285
-4.627000331878662
-9.724105834960938
4.749127388000488
-0.32475852966308594
-2.049365997314453
2.122471332550049
-0.530004620552063
-0.6894806027412415
1.3062593936920166
-0.7550066709518433
-0.16797742247581482
0.5874603986740112
-0.41957807540893555
0.1060081496834755
-0.4334786534309387
0.014775562100112438
0.23507900536060333
-0.2527396082878113
0.230072021484375
0.04446000978350639
-0.10361623764038086
-0.010687446221709251
-0.012078952975571156
-0.17169971764087677
-0.19403418898582458
0.018721390515565872
-0.38636112213134766
0.07292318344116211
0.23807640373706818
-1.0230895280838013
-0.11548471450805664
0.2058720588684082
-0.8822742700576782
0.05901317670941353
0.3889015316963196
0.04595241695642471
-0.7782461047172546
-0.9845083355903625
0.5110227465629578
0.42943382263183594
-0.3514888882637024
0.7195867300033569
-0.006917762570083141
-0.3714759945869446
0.6597026586532593
-0.9405115842819214
-0.4520955979824066
0.3180122375488281
-0.030829239636659622
-1.0485485792160034
1.6268672943115234
0.17022132873535156
-1.3967339992523193
-0.339857280254364
0.9189227819442749
-1.6937910318374634
-0.1627148687839508
0.3180326521396637
0.1924736052751541
0.06489124149084091
-0.5081157684326172
1.2057254314422607
-0.7194231152534485
1.1843655109405518
-0.5189312100410461
-0.11406783759593964
-1.0128428936004639
-0.20592908561229706
-0.0722934752702713
0.7037383913993835
0.014747237786650658
0.26610690355300903
-0.37774839997291565
-0.10917253792285919
-1.141190528869629
0.5140491724014282
0.15784844756126404
-1.2798819541931152
1.5135984420776367
-0.9961374402046204
-1.0162650346755981
0.9274462461471558
-0.2503415048122406
0.6148732900619507
-1.0171560049057007
1.0898768901824951
-2.176600694656372
-0.27895593643188477
-1.0503051280975342
1.4476251602172852
-1.5969511270523071
0.3794945776462555
0.6447156071662903
-0.891219437122345
-1.7029905319213867
-0.3409461975097656
-0.641349196434021
-12.725034713745117
10.573678970336914
-1.957481026649475
-8.610496520996094
5.704331874847412
-2.3437366485595703
-1.6635932922363281
3.3035666942596436
-1.2445261478424072
-0.7891767621040344
0.9528995752334595
-1.1222492456436157
-0.0311755184084177
0.22397509217262268
-0.6527497172355652
0.07673950493335724
-0.349165141582489
-0.8988550305366516
0.846529483795166
-0.43904584646224976
-0.35888752341270447
-0.007698726840317249
0.27646103501319885
-0.6402462124824524
-0.31233668327331543
0.35467591881752014
-0.8793113827705383
0.34034499526023865
0.14205145835876465
-0.13704518973827362
-0.392716646194458
0.4146653711795807
0.14593616127967834
0.4145542085170746
-0.6689367890357971
-0.33532875776290894
0.5119608640670776
-0.024100828915834427
0.37022584676742554
0.7760224938392639
-0.2585674822330475
0.5689984560012817
0.24688506126403809
-0.027922678738832474
0.12755128741264343
0.4656880497932434
0.15724018216133118
0.8316415548324585
-0.5034002065658569
0.5292426943778992
0.8683360815048218
-0.5737352967262268
0.7031019330024719
-0.01640791818499565
-0.2622053623199463
1.257821798324585
-0.3204619884490967
0.7886322736740112
0.21738290786743164
0.3276456892490387
0.6715937852859497
-0.377410888671875
0.18041972815990448
0.2079154998064041
0.6413605809211731
0.36592015624046326
0.7058132290840149
-0.0900757759809494
0.1372792273759842
-0.03278150409460068
0.6551022529602051
0.416445255279541
0.32288962602615356
-0.21381083130836487
0.3418612480163574
0.6087980270385742
-0.3044337332248688
0.7375081777572632
-0.2130100280046463
0.41335994005203247
0.21028518676757812
-0.08178815990686417
0.26934701204299927
0.0278948787599802
0.8857213258743286
-0.3638361096382141
-0.047933388501405716
-0.2132677137851715
0.27351292967796326
-0.013201236724853516
0.3536913990974426
-0.16131830215454102
0.3592368960380554
-0.04388151317834854
0.13385991752147675
0.4581581950187683
-0.11798878014087677
0.3185237944126129
-2.036428213119507
-4.025656223297119
-18.331050872802734
5.642035484313965
9.585447311401367
-2.713056802749634
-11.409638404846191
5.858657360076904
-0.702335000038147
-2.711190700531006
2.366760492324829
-0.827757716178894
-0.5827517509460449
1.307017207145691
-0.6274986863136292
-0.44315242767333984
0.8144047856330872
0.16138210892677307
-0.440183162689209
0.2015215903520584
-0.26865702867507935
-0.058243848383426666
0.4975493550300598
-0.6104552149772644
-0.10112600028514862
-0.0161927230656147
-0.10860176384449005
0.09006939083337784
-0.31873100996017456
-0.1610877960920334
0.038811683654785156
-0.619698166847229
-0.1666034758090973
-0.060193825513124466
0.4553496241569519
-0.655836284160614
0.022932052612304688
-1.1271324157714844
-0.6368366479873657
0.6329150199890137
-0.5938577651977539
0.5973354578018188
-0.7010437250137329
-0.2237422913312912
-0.8282368779182434
0.37201938033103943
-0.20317745208740234
-0.041083525866270065
0.8682898283004761
0.49291953444480896
-1.2372010946273804
-1.4387460947036743
1.2803678512573242
-0.360386461019516
-0.1381271332502365
0.580788254737854
-0.08573541790246964
-0.2602710723876953
0.6045324206352234
-0.8111482858657837
0.5353871583938599
-0.39249247312545776
-1.010791301727295
0.295980840921402
-0.4947547912597656
-0.14540405571460724
-0.9155920147895813
1.0949140787124634
-0.3417123854160309
0.5239632725715637
0.02346515655517578
-0.8894628286361694
0.9131761789321899
0.5897442102432251
-0.4543861448764801
-0.33366450667381287
1.679998755455017
-2.108473539352417
0.4647391438484192
-0.29805880784988403
-1.015118956565857
0.8359220623970032
-0.3534928262233734
-0.8467084169387817
-2.127650022506714
0.3495807647705078
-2.0338268280029297
0.7095084190368652
-0.0054988861083984375
0.4719858169555664
0.32509279251098633
-0.7987188696861267
0.26266032457351685
-0.167164608836174
-0.4983692169189453
-0.9908119440078735
0.15843811631202698
-0.23496946692466736
-0.6605619192123413
0.6117305755615234
-1.3422008752822876
-0.1867622435092926
-10.926063537597656
6.294216156005859
0.5507564544677734
-7.209458351135254
3.1842594146728516
-1.3940496444702148
-0.9421025514602661
1.9484180212020874
-0.3658204972743988
-0.5399568676948547
0.45002371072769165
-0.2596701979637146
-0.3326590061187744
-0.05232667922973633
-0.5702263116836548
0.05148882791399956
-0.40638023614883423
-0.2089485228061676
0.13118381798267365
-0.4807092547416687
-0.07348819077014923
-0.04414849355816841
-0.032883357256650925
-0.5283741354942322
0.12505321204662323
-0.027860116213560104
0.2908366620540619
0.03405342251062393
-0.1965375393629074
0.07608652114868164
0.4935663342475891
0.056275319308042526
0.35492950677871704
0.6548932194709778
-0.7116133570671082
-0.4282253384590149
0.726754367351532
-0.1462763249874115
0.09123406559228897
0.86273592710495
-0.11434360593557358
0.36853161454200745
-0.0883377343416214
0.4997159540653229
0.6033570766448975
0.04374732822179794
0.39621931314468384
0.5327095985412598
-0.04333629459142685
0.9901994466781616
-0.36612850427627563
0.1430644989013672
0.46797308325767517
-0.08777976036071777
0.4377806782722473
0.6443994641304016
0.014056253246963024
0.3031949996948242
0.2669854164123535
0.2354567050933838
0.1563362181186676
0.1922193020582199
0.6609206199645996
-0.13536854088306427
1.1544592380523682
-0.38151493668556213
0.4665817618370056
1.0748887062072754
-0.1516709327697754
0.6309478878974915
0.506872832775116
0.07167883217334747
-0.05128593370318413
0.6811735033988953
0.13096895813941956
-0.05914812162518501
0.4386783540248871
0.5520710945129395
-0.08236847072839737
-0.02224292792379856
-0.04128064960241318
0.7791982889175415
0.5873364210128784
-0.2678236961364746
-0.006313419435173273
0.3712093234062195
-0.14000025391578674
0.48228827118873596
-0.0600743293762207
-0.09476490318775177
0.28870266675949097
0.5318087339401245
0.05687398836016655
-0.22475966811180115
0.6619521975517273
-0.07419061660766602
0.19184474647045135
0.14096899330615997
-2.5293567180633545
-4.3538432121276855
-14.847027778625488
4.423117160797119
2.033024311065674
-3.064939260482788
-2.3475282192230225
0.4936898350715637
-0.9411748647689819
-0.6878041625022888
0.5023713111877441
-0.4561896324157715
-0.0016150474548339844
-0.0019566535484045744
-0.18689504265785217
-0.17467698454856873
0.43076571822166443
-0.4592991769313812
-0.16819334030151367
0.038367271423339844
-0.6432988047599792
0.21608486771583557
0.023400496691465378
-0.35456007719039917
0.1917916238307953
0.38057032227516174
-0.6596955060958862
0.01858491823077202
0.26450595259666443
-0.1689620018005371
-0.1638035774230957
0.41238975524902344
0.1260213851928711
0.0597444549202919
-0.6623910665512085
0.6694692373275757
0.5458758473396301
0.3822668194770813
-1.0060749053955078
-0.377894788980484
1.0284980535507202
-0.5965169072151184
-0.24264201521873474
0.9960195422172546
-0.07943554222583771
-0.7078567743301392
-0.769649863243103
0.17510223388671875
0.17914676666259766
-0.25847283005714417
0.37196484208106995
-0.18265590071678162
0.21933498978614807
1.1473270654678345
-2.560619831085205
-0.7861129641532898
0.8966566324234009
0.1271245926618576
-0.2492469847202301
-0.30936068296432495
1.184906244277954
0.31776028871536255
-0.5847605466842651
0.7337434887886047
-0.5723007917404175
-0.18675193190574646
-0.3879454731941223
0.6611648797988892
-0.007926749996840954
-0.6191762089729309
0.2303539216518402
-0.5299922823905945
-0.4441130757331848
-0.03144950792193413
-0.4265742301940918
0.09154872596263885
-1.1364253759384155
0.3664681315422058
-1.3124407529830933
0.9114006757736206
-1.5741804838180542
0.6347249746322632
0.02222881279885769
-1.0623964071273804
1.4624286890029907
-0.47524699568748474
-0.8013808131217957
-0.05829057842493057
1.6557667255401611
-1.5206152200698853
1.4996329545974731
-0.46908608078956604
0.21483688056468964
-1.0884077548980713
-0.5156896710395813
-0.4337043762207031
-0.653792679309845
-0.7411960363388062
-0.20594052970409393
0.20392894744873047
-1.0048434734344482
-1.2376052141189575
-12.86915111541748
9.876441955566406
-1.7570421695709229
-8.498403549194336
5.1336350440979
-2.765450954437256
-1.3110406398773193
2.8236680030822754
-1.44271719455719
-0.9777700304985046
1.0270253419876099
-1.0183851718902588
-0.1393882781267166
0.05011172220110893
-0.5468910932540894
-0.395162969827652
-0.616341769695282
-0.5371197462081909
-0.47368112206459045
-0.040677689015865326
0.13775482773780823
-0.5341960787773132
-0.24419736862182617
-0.04752912372350693
-0.10262546688318253
-0.21366433799266815
-0.6719409227371216
0.561881422996521
0.6728662252426147
-0.8574608564376831
-0.8903173208236694
0.5213648676872253
-0.07926531136035919
-0.16306443512439728
0.5332841873168945
0.26757508516311646
0.6752589344978333
-1.0706230401992798
0.5089708566665649
1.3170210123062134
-0.2772439420223236
-0.2412567436695099
0.23996424674987793
0.2623387277126312
0.04157707840204239
0.04383090138435364
0.8569203615188599
-0.0007762924069538713
0.2263987958431244
0.5356171131134033
0.590907096862793
-0.6087364554405212
0.3599221706390381
0.39678606390953064
0.37806883454322815
0.4395381510257721
-0.09452424198389053
0.43032997846603394
0.6535516977310181
0.23184871673583984
0.567248523235321
0.1876714676618576
0.22531095147132874
0.21176032721996307
0.10084047168493271
0.5124133825302124
0.07499227672815323
0.6027267575263977
0.1728227585554123
0.0874423012137413
0.5464606285095215
0.5278002023696899
0.3232809901237488
0.011844349093735218
0.12533283233642578
0.07447995990514755
0.41800031065940857
0.4934307038784027
0.10108213126659393
0.9472425580024719
-0.1556553840637207
0.5363808870315552
0.4829009175300598
-0.803174614906311
0.3485623300075531
0.18140831589698792
0.08733930438756943
0.2563111186027527
-0.01633424684405327
0.6282615661621094
-0.2873269021511078
0.3528461456298828
0.36443892121315
0.11639118194580078
-0.22057323157787323
0.26168718934059143
-0.01464300137013197
-0.028396988287568092
-0.8741915822029114
-4.0436811447143555
-17.58681869506836
6.754209041595459
9.766356468200684
-6.351631164550781
-7.179663181304932
4.629908084869385
-1.002149224281311
-2.267678737640381
2.3153107166290283
-0.6620171666145325
-0.7083544135093689
1.3689987659454346
-0.8246077299118042
-0.035599518567323685
0.4659121632575989
-0.5289052724838257
0.06504306942224503
0.13074025511741638
-0.6750165224075317
0.06395282596349716
0.12487001717090607
-0.3191660940647125
0.11842794716358185
0.0312688834965229
0.41355666518211365
-0.31480884552001953
-0.10018882900476456
-0.11153755336999893
0.590624213218689
-0.08366050571203232
-0.26997214555740356
-0.26786965131759644
-0.9816734194755554
-0.3706232011318207
1.604771375656128
0.041135024279356
-0.6542316675186157
-0.9456161260604858
0.1318691223859787
0.5841406583786011
0.25508078932762146
0.6429483294487
0.9973245859146118
-2.004608631134033
-0.7486985921859741
0.9249801635742188
-0.07007713615894318
0.6689273715019226
0.9356889724731445
-0.3408590257167816
-1.5148637294769287
-1.0073667764663696
0.625479519367218
-0.5979188084602356
1.3671252727508545
-0.5027790069580078
-1.0640819072723389
-0.07370223850011826
-0.31227150559425354
0.4020870327949524
0.14087772369384766
-0.9673713445663452
-0.7925983667373657
0.8995046615600586
-0.7109600901603699
0.5250323414802551
-0.8286981582641602
0.27109354734420776
-0.2292497605085373
-0.3628308176994324
-0.5621296763420105
0.1867506057024002
-1.684881567955017
-0.6931076049804688
0.9894397854804993
-1.3864967823028564
-0.032122232019901276
0.25970593094825745
-1.0289239883422852
-0.24860945343971252
-0.481545627117157
-0.1985797882080078
0.411146342754364
-0.06895370781421661
0.7374666333198547
-0.46215277910232544
0.04838543012738228
-1.4280319213867188
0.6641174554824829
0.3915334641933441
0.7813381552696228
0.0572357177734375
0.6219114661216736
-0.25483307242393494
-0.4899441599845886
-1.7434734106063843
-0.9478227496147156
-0.8142461776733398
-1.9729700088500977
-0.23561623692512512
-12.526506423950195
10.399500846862793
-1.6324656009674072
-8.853616714477539
5.297943115234375
-2.639698028564453
-1.1308149099349976
2.9049906730651855
-1.6598036289215088
-0.7343844175338745
1.0784473419189453
-1.4200220108032227
-0.11037101596593857
0.44048088788986206
-1.3190333843231201
-0.46134740114212036
0.15850205719470978
-0.41527047753334045
-0.20496836304664612
-0.02913637086749077
-0.23844113945960999
-0.4887119233608246
0.04983925819396973
-0.30325669050216675
-0.33161693811416626
-0.7156659364700317
0.19412927329540253
0.6746171712875366
-0.037694789469242096
-0.3315093219280243
0.03413381427526474
0.2312813699245453
-0.39809831976890564
0.03766446188092232
0.6625326871871948
0.42259112000465393
-0.3673005700111389
0.2929362654685974
0.26933300495147705
0.49407148361206055
-0.10075604915618896
0.15038348734378815
0.9911537170410156
-0.5986860990524292
-0.322843998670578
1.0709213018417358
0.36220091581344604
-0.06318650394678116
0.44025641679763794
0.5840401649475098
0.4093864858150482
-0.21899966895580292
0.323909193277359
0.4448409676551819
0.12014355510473251
0.7225189208984375
-0.06738738715648651
0.7033449411392212
0.3402104377746582
-0.48912468552589417
0.8528100252151489
0.2629213333129883
-0.09860582649707794
0.5329071283340454
0.055083464831113815
0.6086682081222534
0.15665502846240997
0.23407945036888123
0.19949226081371307
0.7014609575271606
0.18996591866016388
0.416346937417984
0.10028161853551865
0.24959716200828552
0.11129274219274521
0.3724702000617981
-0.024640560150146484
0.4338526725769043
0.3694917559623718
-0.04638872295618057
-0.058114148676395416
0.7821933031082153
0.49674949049949646
-0.18801574409008026
0.08524513244628906
0.21098050475120544
0.1394270956516266
0.2720552384853363
-0.07666178047657013
0.601067066192627
0.06249389797449112
0.1620650291442871
0.47676658630371094
-0.0555541031062603
0.010703086853027344
0.09498853981494904
-0.35170793533325195
0.653662383556366
-2.1680915355682373
-4.434250831604004
-19.20366859436035
6.267144203186035
9.317754745483398
-2.8509485721588135
-10.281482696533203
3.7322070598602295
-0.2403271198272705
-2.7192275524139404
2.074864149093628
-0.250955194234848
-1.0392067432403564
1.3206446170806885
-0.7097331285476685
-0.6447854042053223
0.7792059779167175
-0.031072426587343216
-0.18066291511058807
0.3751150965690613
-0.4790073335170746
-0.07951488345861435
-0.133714959025383
-0.41962748765945435
-0.4890863299369812
0.23489323258399963
-0.056694794446229935
-0.5201328992843628
0.37505531311035156
-0.13446740806102753
-0.31451359391212463
0.7724372744560242
-1.0217498540878296
0.5756286382675171
-0.27686309814453125
-1.179327130317688
0.7630216479301453
0.1739928275346756
0.02182951010763645
0.31052035093307495
0.2836242616176605
-0.4859793782234192
-0.04561462253332138
0.34121379256248474
0.11266879737377167
0.29590684175491333
0.5525188446044922
0.3436281085014343
0.6203256845474243
0.8073394894599915
-0.6360160708427429
-0.3138418197631836
0.09672927856445312
0.32046204805374146
0.36683958768844604
1.3472874164581299
0.05854682996869087
-0.6590967178344727
0.7346704602241516
-0.8416900634765625
-0.752805233001709
0.3004875183105469
-0.5466224551200867
-0.03934936597943306
0.005558204837143421
0.4661378860473633
-0.26292696595191956
-0.11838607490062714
-0.049916841089725494
-0.18488779664039612
-0.4660152494907379
1.2282439470291138
-0.8123906254768372
0.47816649079322815
-0.4340858459472656
0.6666682362556458
-0.21292361617088318
-2.0110549926757812
1.038618803024292
-0.5762147903442383
0.07029895484447479
0.054526232182979584
0.014493942260742188
1.4272397756576538
-0.895393967628479
0.30211886763572693
-1.6832115650177002
-0.23423680663108826
-1.9985660314559937
1.6443836688995361
-1.0121090412139893
0.40252551436424255
-0.48190221190452576
0.13147535920143127
-1.0196244716644287
0.037332724779844284
-0.1560116708278656
1.2632601261138916
-0.03262348100543022
-1.2250770330429077
0.690543532371521
-0.6756833791732788
-12.334007263183594
10.78497314453125
-1.925498604774475
-8.344064712524414
5.345568656921387
-2.9872114658355713
-1.2113758325576782
2.920936346054077
-1.3456838130950928
-0.7964191436767578
0.9591452479362488
-0.8628283739089966
-0.389866441488266
0.08042316138744354
-0.8898752331733704
-0.4486669600009918
-0.33733755350112915
-0.4502270221710205
-0.05855279043316841
-0.13828201591968536
-0.5473998785018921
0.21431231498718262
-0.1815614253282547
-0.3218967020511627
0.017732571810483932
-0.20707125961780548
-0.7293687462806702
0.37083983421325684
-0.05325732380151749
-0.3739408552646637
0.23478588461875916
-0.27141138911247253
0.32972726225852966
0.9617142677307129
-1.061948299407959
0.37495189905166626
0.8230282068252563
-0.874237060546875
0.18049602210521698
1.160474419593811
-0.16723844408988953
-0.09113969653844833
0.7547329068183899
-0.43249693512916565
0.04139246791601181
0.282130628824234
0.4402901530265808
0.6374630928039551
0.4168073236942291
0.8111292719841003
-0.4787767827510834
0.019255733117461205
1.0377967357635498
-0.24445030093193054
0.26680856943130493
0.46984586119651794
-0.0931863784790039
0.7001972794532776
0.04847726970911026
0.8979600071907043
0.4190177023410797
0.4514383375644684
0.3763001561164856
-0.30617794394493103
0.7765496969223022
0.1519814431667328
-0.028074931353330612
0.40412673354148865
0.9804890751838684
0.6392708420753479
0.13214349746704102
0.43093785643577576
0.5608744621276855
-0.053339578211307526
0.9469784498214722
0.08821697533130646
-0.15995797514915466
0.6176048517227173
0.27265986800193787
0.4371400773525238
0.23283319175243378
0.5652675628662109
-0.09747610241174698
-0.03506870195269585
0.3210963308811188
0.2126895934343338
0.11430158466100693
0.12222357094287872
0.042775917798280716
0.31057101488113403
0.07821273803710938
0.17846564948558807
0.2615327835083008
-0.13839921355247498
0.1742006242275238
0.1502794325351715
0.16955462098121643
-0.005052471067756414
-2.291220188140869
-4.266976356506348
-17.567615509033203
4.382530212402344
3.3678088188171387
-3.632321834564209
-1.702284574508667
0.19247350096702576
-1.2010643482208252
-0.5141312479972839
0.6675143241882324
-0.14855937659740448
-0.26050519943237305
-0.011199474334716797
0.01467886008322239
-0.02077331580221653
0.34545278549194336
-0.359281450510025
-0.17228364944458008
0.31386488676071167
-0.6554830074310303
0.18234042823314667
0.05018110200762749
-0.5622210502624512
0.2629155218601227
0.07083425670862198
-0.7810521125793457
0.8890693783760071
0.23942165076732635
-0.43103963136672974
0.5505579113960266
-0.10484008491039276
-1.0110660791397095
0.13854274153709412
-0.10638131946325302
-0.7690030336380005
0.7545526623725891
-0.6281120181083679
-0.46412715315818787
-0.5674236416816711
0.7773273587226868
-0.5494846105575562
0.19508571922779083
-1.0947115421295166
0.0063499449752271175
0.2767757475376129
-1.25399649143219
1.8807146549224854
0.10586871951818466
-1.219179391860962
0.19882316887378693
0.7203008532524109
-0.4302138388156891
-0.4695669114589691
0.742180347442627
0.22901096940040588
-0.4466390609741211
0.11136607825756073
-0.5363685488700867
0.11852626502513885
-0.7977234125137329
-0.40876179933547974
0.002735137939453125
-0.23047733306884766
-0.6996906399726868
-0.34193819761276245
-0.2080015242099762
1.0168083906173706
-1.4336605072021484
1.0256965160369873
-0.6724056005477905
-1.2774627208709717
-0.5277168154716492
0.40860623121261597
-1.2379355430603027
0.002110099885612726
-0.0788358673453331
-0.6761211156845093
0.039223670959472656
1.2051382064819336
-0.1294594705104828
0.010703802108764648
-0.7177774310112
0.1412208527326584
-0.15670223534107208
-0.24015827476978302
-0.8263394236564636
1.6666179895401
-1.1562591791152954
-0.08244514465332031
0.3412247598171234
0.4289385676383972
-0.17660780251026154
-2.030831813812256
1.7665989398956299
-0.15683870017528534
0.3467639088630676
-0.261951744556427
-0.4049825668334961
0.4348023533821106
-1.7852528095245361
0.9793237447738647
-12.768732070922852
10.182707786560059
-1.7162725925445557
-8.552312850952148
4.946211338043213
-2.241525650024414
-0.9188007116317749
2.845426082611084
-1.0456167459487915
-0.3942333161830902
0.8384090662002563
-1.119551658630371
-0.17914266884326935
0.3708277642726898
-1.026193380355835
0.2783122956752777
0.07895960658788681
-0.41084057092666626
0.09297370910644531
0.16590876877307892
-0.4747844338417053
0.07116484642028809
-0.3140774667263031
-0.3120477795600891
0.05135665088891983
-0.04665026813745499
-0.4326995015144348
0.2611467242240906
0.2430928647518158
-0.5126067399978638
-0.5792133212089539
0.6745073795318604
0.04415924474596977
0.08390207588672638
-0.2220851629972458
0.4927142262458801
0.15939481556415558
-0.28463539481163025
0.5442665815353394
0.7190442085266113
0.4313599169254303
-0.8953433036804199
0.06020928546786308
0.47386622428894043
-0.05550602823495865
-0.07993404567241669
0.4935222566127777
0.7119576334953308
-0.13512754440307617
0.6607928276062012
0.49978047609329224
-0.24555841088294983
0.6478611826896667
0.20429734885692596
0.5116399526596069
0.7910149693489075
-0.2947688698768616
0.6240061521530151
0.3223693370819092
0.2873355448246002
0.6163933873176575
0.08413376659154892
0.36305826902389526
0.2343175858259201
0.14480070769786835
0.7064955830574036
0.31088247895240784
0.4739076495170593
0.07472658157348633
-0.013692855834960938
0.349600225687027
0.6437937021255493
-0.1935313194990158
0.00024499892606399953
0.4277552664279938
-0.3455824851989746
0.4666585922241211
0.5034164190292358
0.1948080062866211
0.14832201600074768
-0.015716934576630592
0.2630472183227539
-0.10021056979894638
-0.1386425942182541
0.46481817960739136
0.5416173934936523
0.1697426736354828
0.17727871239185333
-0.05576963350176811
0.11021976172924042
0.39343366026878357
-0.03368034213781357
0.15556316077709198
0.9945906400680542
-0.6480511426925659
-0.02431497536599636
0.7007037401199341
0.06502552330493927
-2.6545608043670654
-3.8665740489959717
-18.890283584594727
6.453627586364746
8.91676139831543
-2.653151750564575
-10.294958114624023
3.9120211601257324
-0.21203288435935974
-2.5975966453552246
1.9105727672576904
-0.04998922348022461
-1.0214859247207642
0.9320360422134399
-0.8512657284736633
-0.29485660791397095
0.32392406463623047
-0.30726996064186096
0.10060872882604599
-0.008774662390351295
-0.20407342910766602
0.4393337368965149
0.05620212480425835
-0.07220220565795898
0.11340208351612091
0.5632597208023071
-0.13015928864479065
-0.1428491622209549
-0.041875459253787994
-0.05642127990722656
0.5572794675827026
-0.6156890988349915
0.3685983717441559
-0.24443331360816956
-0.9345209002494812
-0.7260726690292358
0.12940368056297302
-0.4357427656650543
-0.3342275619506836
1.764068603515625
-0.34966278076171875
-0.6452056765556335
-1.024060606956482
0.4079670011997223
-0.02952747419476509
-0.4805811047554016
1.1469863653182983
0.20761719346046448
-1.6047828197479248
0.0870945006608963
0.767992377281189
-0.6645746231079102
0.3887811601161957
0.10890503227710724
-0.13551731407642365
0.17884083092212677
0.8057565689086914
-1.0743491649627686
-0.043001364916563034
-0.015157127752900124
-1.2046353816986084
0.47404175996780396
-0.13230666518211365
0.18114566802978516
0.12767133116722107
-0.022176170721650124
-1.042384147644043
1.249237298965454
-1.4564135074615479
0.15509681403636932
1.2854015827178955
-1.2812525033950806
0.04258565977215767
-1.0422523021697998
0.5358362197875977
-0.8469077944755554
-0.06234569475054741
-0.02901763841509819
-0.590849757194519
-0.7669925689697266
0.9130775332450867
0.4912501275539398
-0.8254144787788391
0.3299313485622406
0.5309967994689941
0.14952078461647034
-0.5762704610824585
0.26185256242752075
-1.4190701246261597
-0.0770658478140831
-0.4155504107475281
0.7537886500358582
-0.7037099003791809
-0.5515603423118591
0.47952136397361755
-0.5844208002090454
-0.5278173685073853
-0.37672337889671326
-0.40221795439720154
1.039459466934204
-1.9546730518341064
-0.8906310796737671
-11.70428466796875
10.123234748840332
-1.7400271892547607
-8.252946853637695
5.0212554931640625
-2.6890273094177246
-0.8245673179626465
2.890925884246826
-1.9867805242538452
-0.25947245955467224
1.074424386024475
-0.9134582281112671
-0.3350871205329895
-0.011347437277436256
-0.8463384509086609
0.24893513321876526
-0.22761163115501404
-0.841612696647644
-0.08681831508874893
-0.36428961157798767
0.023630332201719284
-0.24692268669605255
0.16760754585266113
-0.6580613851547241
-0.2646843492984772
0.4518149495124817
-0.736767053604126
0.5874393582344055
-0.08523406833410263
-0.6642177104949951
0.33824533224105835
0.04761920124292374
-0.36831238865852356
0.8818334341049194
-0.13965001702308655
-0.9308220744132996
1.1409032344818115
-0.13152185082435608
-0.4796430468559265
1.3057018518447876
-0.35430461168289185
-0.07040546834468842
0.6083825826644897
0.24149289727210999
-0.07245668023824692
0.1917930543422699
0.7601450085639954
0.6794366240501404
-0.48055726289749146
0.1808369904756546
0.7536894083023071
-0.16177329421043396
0.3228191137313843
0.5587109327316284
0.274909645318985
0.672971248626709
-0.06625814735889435
0.22468166053295135
0.5399243235588074
-0.002241468522697687
0.49173593521118164
0.2646937370300293
-0.03985476493835449
0.9344550371170044
-0.04796600341796875
0.5402711033821106
0.20803841948509216
0.3103150427341461
0.4192122519016266
0.20574454963207245
0.309976190328598
0.3602326512336731
0.028045177459716797
0.11184263229370117
0.9743276834487915
-0.08650245517492294
0.3679145872592926
0.5920132398605347
-0.21932753920555115
0.5467513799667358
-0.06307172775268555
0.24142122268676758
0.1621685028076172
0.473691463470459
0.47079411149024963
-0.23305463790893555
0.4841404855251312
0.3424491882324219
0.7195900082588196
-0.06150398403406143
0.06304778903722763
0.3926924765110016
-0.13561344146728516
0.6805003881454468
-0.41203394532203674
-0.0561160072684288
0.32207077741622925
0.17421941459178925
-2.4230237007141113
-4.027719974517822
-15.895757675170898
3.628115177154541
2.528046131134033
-2.3763365745544434
-2.91607666015625
0.8994037508964539
-0.7451072931289673
-0.6451414823532104
0.9143020510673523
-0.2648826539516449
-0.1227288693189621
0.5428197979927063
-0.5855921506881714
0.26008501648902893
0.45740747451782227
-0.3158843517303467
-0.49917808175086975
0.37437134981155396
-0.4000215530395508
0.3367100656032562
0.32836419343948364
-1.0597740411758423
0.4422887861728668
0.3502245843410492
-0.825605571269989
-0.2404945343732834
0.18603229522705078
-0.42532938718795776
0.17011213302612305
0.20924825966358185
-0.37904301285743713
0.3407459259033203
-0.5076466798782349
0.5811437368392944
-0.8505232930183411
-0.7169457674026489
0.5619413256645203
0.41963711380958557
-1.5821759700775146
-1.1081411838531494
1.2917006015777588
-1.137531042098999
0.15055541694164276
0.7739019393920898
-0.07658614963293076
-1.6188554763793945
-0.8663202524185181
1.2074400186538696
-1.003560185432434
-0.14037665724754333
-0.2947191298007965
0.12404994666576385
-0.22083130478858948
0.32558077573776245
-0.6020339131355286
-0.20592479407787323
0.6712964773178101
-1.805332899093628
0.6571680307388306
0.7202829122543335
-0.8294929265975952
0.00919189490377903
0.13759689033031464
0.2621444761753082
0.3834209442138672
0.5472890734672546
0.43258458375930786
-0.5722677111625671
0.2657392621040344
0.06136264652013779
0.7272464632987976
-0.3510045111179352
-0.3618050515651703
0.23875761032104492
-1.3457711935043335
0.6498352289199829
-0.7065423727035522
0.12480411678552628
-0.4282449781894684
0.09191808849573135
-0.26633939146995544
0.12771567702293396
0.19847917556762695
-0.42423075437545776
-0.33579665422439575
-0.30687466263771057
0.3773878216743469
-0.6258131265640259
1.051720380783081
-1.5799293518066406
-0.06340503692626953
-1.0637404918670654
1.1728861331939697
-0.9072622060775757
0.9257529973983765
0.8797799944877625
-1.4923378229141235
0.06894693523645401
0.3774154782295227
-0.09207868576049805
-10.745153427124023
6.061066627502441
0.6027631759643555
-6.776583671569824
3.0243003368377686
-1.796726942062378
-0.9348983764648438
1.9842157363891602
-0.35191553831100464
-1.0784591436386108
0.5894192457199097
-0.07117953151464462
-0.10678334534168243
-0.2520042359828949
-0.8150293231010437
0.1131661906838417
-0.5925549864768982
-0.13549399375915527
0.33720239996910095
-0.7824795842170715
-0.005051994230598211
-0.2913587689399719
-0.38749605417251587
-0.3517121970653534
-0.2535736560821533
0.546854555606842
-0.1796870231628418
-0.8632458448410034
-0.28909510374069214
0.17949271202087402
-0.10364542156457901
-0.39729222655296326
0.38970208168029785
0.3117902874946594
-0.1680229902267456
-0.31998369097709656
0.7008055448532104
-0.5444453954696655
0.0335436575114727
0.7228285670280457
0.14942362904548645
-0.09132375568151474
0.33996936678886414
0.5836716890335083
0.2002073973417282
-0.1288476288318634
0.949093222618103
0.4601747393608093
-0.5033825635910034
0.4200543463230133
0.42015618085861206
-0.0027781962417066097
0.4297162592411041
0.2518516480922699
0.06574425846338272
0.5906788110733032
0.1321335732936859
0.039195917546749115
0.6634624600410461
-0.0800437480211258
0.34545907378196716
0.20493774116039276
0.07712507247924805
0.25178417563438416
0.20268802344799042
0.6229023933410645
0.48410528898239136
-0.021869372576475143
0.19122323393821716
0.551590085029602
0.3501165509223938
0.2656130790710449
0.037905119359493256
0.4956088960170746
0.30814868211746216
0.054277993738651276
0.3520960807800293
0.14428377151489258
0.7032750248908997
-0.04547729343175888
-0.2557794451713562
0.83293616771698
-0.0585179328918457
0.8017042875289917
0.10185994952917099
-0.137644961476326
0.4152165353298187
0.863610565662384
-0.31122341752052307
0.1977359801530838
-0.26862525939941406
0.3174477517604828
0.13149213790893555
0.5219283103942871
-0.42952680587768555
0.4483266770839691
0.27971020340919495
-0.23398728668689728
-2.0730671882629395
-4.150260925292969
-19.253890991210938
5.18019437789917
9.39219856262207
-0.8878110647201538
-12.686660766601562
5.932724475860596
-0.9091083407402039
-3.039736270904541
2.438255786895752
-0.35124048590660095
-0.9368546605110168
1.5104702711105347
-0.9123326539993286
-0.003196239471435547
0.7206331491470337
-0.2440197914838791
-0.10536003112792969
0.17123088240623474
-0.47693243622779846
-0.3433628976345062
0.03907718509435654
-0.12170934677124023
0.1396794319152832
-0.2903796136379242
0.6315644383430481
0.16431227326393127
-0.36272621154785156
0.001851844834163785
-0.2170180380344391
-0.17688599228858948
-0.2784414291381836
0.09419689327478409
0.08456239849328995
0.06153983995318413
-0.7694498300552368
-0.8625957369804382
0.287301242351532
0.8241639137268066
-1.116976261138916
0.015961457043886185
0.013012314215302467
-0.7398145794868469
-1.4919426441192627
1.275077223777771
-0.6536186933517456
-0.9559892416000366
0.34876689314842224
1.1808751821517944
-1.908026933670044
-0.13108301162719727
0.562670886516571
-0.43586960434913635
-0.8451732397079468
0.2620697021484375
-0.8768510818481445
0.15228405594825745
-0.5046671032905579
0.635677695274353
-0.4361490309238434
-1.192958950996399
-0.6477338671684265
-0.07073688507080078
-0.6533447504043579
-0.7888376116752625
0.005770301911979914
-0.20906582474708557
-0.2748662829399109
-0.5331804156303406
-0.02135925367474556
0.16829757392406464
-0.5783553719520569
-0.18853235244750977
-0.5555055737495422
-0.6858575940132141
0.21995611488819122
-0.03326416015625
-0.42329710721969604
0.11731509864330292
0.5727161169052124
-0.5185422897338867
-0.8224821090698242
-0.05877075344324112
-0.5974437594413757
-0.14443674683570862
0.021515464410185814
-1.2983205318450928
-0.10923786461353302
-1.8763271570205688
-0.05688352510333061
-0.5464035868644714
0.20225028693675995
0.016468429937958717
-0.427913099527359
0.3320252299308777
-0.35039108991622925
-0.7259038090705872
-0.8251134157180786
1.1740446090698242
-3.0593791007995605
0.1500869244337082
-14.028094291687012
10.839238166809082
-1.7495619058609009
-8.652887344360352
5.023588180541992
-2.0744285583496094
-1.2588993310928345
2.821650266647339
-1.3882766962051392
-0.8254629373550415
0.7703473567962646
-0.6076598167419434
-0.45368528366088867
0.1967761069536209
-0.818383514881134
-0.008324528113007545
-0.6361886262893677
-0.3607955873012543
-0.173685222864151
-0.3750985264778137
-0.04345741122961044
-0.15864495933055878
-0.22852101922035217
-0.33838605880737305
-0.33145833015441895
-0.05628333240747452
-0.48538440465927124
0.15142035484313965
0.0774446502327919
-0.18469829857349396
-0.5395855903625488
0.41644173860549927
0.3978974521160126
0.6627165079116821
-1.187827706336975
-0.3167355954647064
1.1739113330841064
-0.738411545753479
0.6484176516532898
0.24481332302093506
-0.10106122493743896
0.3925069570541382
-0.5756535530090332
0.8007245063781738
0.3099265694618225
-0.03570840507745743
0.8938741683959961
0.2544471323490143
-0.04064176231622696
0.6314985156059265
-0.08689723163843155
-0.003077220870181918
0.12524950504302979
0.8888909220695496
0.1355716735124588
-0.012968349270522594
0.642658531665802
0.3079591393470764
-0.06809854507446289
0.5398894548416138
0.11474838107824326
0.37046879529953003
0.8296527862548828
0.009148120880126953
0.12567558884620667
0.1723640412092209
-0.05325203016400337
0.5379160642623901
0.7666804790496826
0.26192140579223633
0.3801669180393219
0.7438510060310364
-0.1747499406337738
0.5160940289497375
0.5598376989364624
-0.17355585098266602
0.589464545249939
-0.15320539474487305
0.22037801146507263
0.19606533646583557
0.0985749214887619
0.2684357762336731
0.4584295153617859
0.42873087525367737
0.15541715919971466
-0.14252643287181854
-0.04327802732586861
0.7407919764518738
0.6643069982528687
0.08899154514074326
-0.2772904336452484
0.6490267515182495
-0.0880594253540039
0.11570148169994354
0.1599772423505783
0.5272151827812195
-0.04560880735516548
0.22134503722190857
-1.5043771266937256
-4.300920009613037
-18.37523651123047
7.1121931076049805
9.366782188415527
-3.4981613159179688
-11.511709213256836
6.486184120178223
-1.193969964981079
-2.763855457305908
2.7339041233062744
-0.3516481816768646
-1.2100553512573242
1.4102596044540405
-0.6811838746070862
-0.06715907901525497
0.5450875163078308
-0.024504566565155983
-0.31735295057296753
0.9246085286140442
-0.3421827256679535
-0.08786411583423615
0.06617812812328339
0.11346673965454102
0.11371812969446182
0.056394003331661224
0.036608219146728516
-0.027669811621308327
-0.5192702412605286
0.5721739530563354
-0.42035016417503357
-0.13665446639060974
-0.0003196716425009072
0.20254221558570862
-0.5489694476127625
-0.264737606048584
-0.05007152631878853
-0.8617246747016907
-0.7352619171142578
0.5701946020126343
0.11277008056640625
-1.2463836669921875
-1.3879468441009521
0.6229259371757507
-0.7668429613113403
-0.16693095862865448
0.8667188882827759
-0.3171655535697937
-1.1610147953033447
0.07446002960205078
-0.26758670806884766
-0.19733676314353943
0.5488251447677612
-0.4329071044921875
0.28224802017211914
1.061026930809021
-0.003742790315300226
-1.355848789215088
0.5584937930107117
0.43105563521385193
-0.34677886962890625
0.010129737667739391
0.13316956162452698
-0.034421540796756744
-0.28425246477127075
-0.049321554601192474
0.5552837252616882
-0.3267974853515625
-0.46284961700439453
-0.26609286665916443
1.0063350200653076
-0.2672392725944519
0.2764120101928711
-0.6479028463363647
1.0274183750152588
-0.6487868428230286
0.48408395051956177
-0.8483086824417114
0.794512152671814
0.4751588702201843
0.31158018112182617
0.15408439934253693
-0.4106972813606262
0.331294447183609
-0.4038257598876953
0.18570689857006073
-0.6912375688552856
-0.2871541976928711
-1.6878702640533447
0.16626854240894318
-0.10404147952795029
-0.4407334327697754
0.09974918514490128
-0.0025403022300451994
-0.8367881774902344
1.2751737833023071
-0.5205804705619812
0.4662947654724121
-0.44624024629592896
-1.283296823501587
0.10074672847986221
-1.0549896955490112
-12.879313468933105
10.312562942504883
-1.858260154724121
-8.342923164367676
5.466246604919434
-2.5555686950683594
-1.0495738983154297
2.8451898097991943
-1.0642821788787842
-0.5125303268432617
1.0226776599884033
-1.3043677806854248
0.23588132858276367
0.3277152478694916
-1.323909878730774
-0.04674520343542099
-0.023340463638305664
-0.5837727785110474
0.4137406349182129
-0.22703209519386292
-0.25779294967651367
-0.16953296959400177
-0.05906977504491806
-0.12279801070690155
-0.06832313537597656
-0.48079076409339905
-0.01799926720559597
0.21073146164417267
-0.05169930309057236
0.25255030393600464
-0.23554769158363342
-0.19054155051708221
0.4209998548030853
0.9954475164413452
-0.9629926681518555
-0.20246224105358124
0.73481285572052
-0.26182958483695984
0.1961868703365326
1.0582706928253174
-0.10661210864782333
0.24569185078144073
0.3194325864315033
0.09669353067874908
0.649241030216217
0.49021512269973755
0.3894766867160797
0.534989058971405
-0.023143434897065163
-0.10025717318058014
0.8385330438613892
-0.1457054615020752
0.5315157175064087
0.6541853547096252
0.03492431715130806
0.8995382189750671
0.21205568313598633
0.29390615224838257
0.48885518312454224
0.614043116569519
0.2258690893650055
0.36117619276046753
0.12843389809131622
0.25995177030563354
-0.17072978615760803
0.7639658451080322
0.34674137830734253
0.2564733624458313
0.736038327217102
0.30605268478393555
-0.25822335481643677
0.43392056226730347
1.0627233982086182
-0.04075775295495987
0.23211851716041565
0.19914408028125763
0.10825023800134659
0.6022693514823914
-0.29242563247680664
0.2704116702079773
0.8151014447212219
0.2754998207092285
-0.10109929740428925
0.09249391406774521
0.544472873210907
0.4579997956752777
0.16051311790943146
0.36363324522972107
0.45875293016433716
0.14721937477588654
0.17997455596923828
-0.06982259452342987
0.15360422432422638
0.4318879246711731
-0.3568980097770691
0.6833389401435852
0.27734851837158203
0.14932402968406677
-0.9531676173210144
-3.8325648307800293
-17.678356170654297
7.005393981933594
9.44888973236084
-5.445586681365967
-8.869813919067383
5.990635871887207
-1.4519058465957642
-2.293686866760254
2.922367572784424
-0.8961753845214844
-0.5741084814071655
1.4614253044128418
-0.7242644429206848
-0.01957254484295845
0.2202189415693283
-0.5261659026145935
0.3767426609992981
0.11764182895421982
-0.6436311602592468
0.3670206069946289
-0.48870664834976196
0.14847755432128906
-0.16918087005615234
-0.2623522877693176
-0.38407906889915466
0.229559987783432
-0.18235759437084198
0.15406589210033417
0.20274075865745544
-0.9984065890312195
0.785491943359375
-0.43588200211524963
0.05030994489789009
0.08272609859704971
0.2074144333600998
-1.1035643815994263
0.597705066204071
0.5300115346908569
-0.5194272994995117
1.1876287460327148
0.06035633012652397
0.18209056556224823
2.0613296031951904
-1.105459451675415
-1.2663488388061523
-0.1439155638217926
0.37085285782814026
-0.5307005047798157
1.5560493469238281
-0.37413597106933594
-1.9901599884033203
-0.2063867598772049
0.6709644198417664
-0.9872428178787231
0.6751762628555298
0.566516101360321
-0.8988814353942871
1.1583325862884521
-0.12248516082763672
-0.4495775103569031
0.6743992567062378
0.1193874329328537
0.2524951994419098
-0.36635512113571167
-0.4513584077358246
1.3675750494003296
-1.2146952152252197
-0.15488071739673615
-0.07824115455150604
-1.3387470245361328
0.5453500747680664
-1.441006064414978
1.4491803646087646
-1.0779536962509155
0.6044428944587708
0.2256191223859787
0.1739972084760666
-0.16055412590503693
-0.5778684616088867
-0.7873522043228149
1.1983286142349243
0.4252389967441559
0.5807076692581177
-0.326310396194458
-1.6167234182357788
0.7606207132339478
0.9768377542495728
-1.3521450757980347
1.2112088203430176
-1.1952877044677734
-0.430635929107666
0.8044010400772095
0.5419325232505798
-1.5017850399017334
0.11900129169225693
0.09031572192907333
-0.08322896808385849
0.47259408235549927
-1.1234705448150635
-0.6003885269165039
-12.758578300476074
10.22266960144043
-2.0641777515411377
-8.560572624206543
5.467150688171387
-2.641012668609619
-1.2319142818450928
2.9960663318634033
-1.4185806512832642
-0.5288311839103699
1.3617491722106934
-1.273263931274414
-0.27059680223464966
0.034856460988521576
-0.34417724609375
-0.3158905506134033
-1.1391427516937256
-0.3021554946899414
-0.0903313159942627
-0.524222731590271
-0.2613452970981598
-0.32140079140663147
0.573954701423645
-0.35327601432800293
-0.5458049178123474
0.17996644973754883
-0.6747368574142456
0.3878980576992035
0.5703185796737671
-0.8306109309196472
-0.6196120977401733
0.9783287048339844
-0.32585829496383667
0.035468053072690964
0.6183129549026489
-0.402590274810791
0.3404189646244049
0.08275917917490005
-0.1057901605963707
1.0521047115325928
0.37370139360427856
-0.32417115569114685
0.2669273614883423
-0.03981088474392891
-0.0489707812666893
0.61906898021698
0.1365915983915329
-0.24773664772510529
0.4215388894081116
0.6105149984359741
0.6564558744430542
-0.4765589237213135
0.19123812019824982
0.48191577196121216
0.14137211441993713
0.4057706296443939
0.14110198616981506
0.4045394957065582
1.0034151077270508
-0.09515714645385742
0.5162976384162903
0.6328131556510925
-0.06458830833435059
0.42153987288475037
0.12398166954517365
0.47125720977783203
0.3490518629550934
0.12522268295288086
0.1298711746931076
0.4118834435939789
0.7760416865348816
-0.0704246535897255
0.22517243027687073
0.3551425039768219
0.0339512825012207
0.08809880912303925
0.5577449798583984
0.39632970094680786
-0.045371245592832565
0.4899337887763977
0.536840558052063
0.31751546263694763
-0.1300695389509201
-0.17587986588478088
0.9572256207466125
-0.1647343635559082
0.46336251497268677
-0.08149166405200958
0.728265106678009
0.20169420540332794
-0.36734113097190857
0.6881647109985352
-0.11500167846679688
0.06713800132274628
0.6228271722793579
0.12730512022972107
-0.23843678832054138
0.6777545809745789
-1.7348270416259766
-3.484525680541992
-18.06466293334961
6.331364631652832
10.387483596801758
-7.019049167633057
-7.5024566650390625
5.222983360290527
-1.4604432582855225
-1.974647879600525
2.3427181243896484
-1.0195844173431396
-0.3628949820995331
1.307154893875122
-0.847012996673584
0.21487703919410706
0.7019494771957397
-0.9904203414916992
0.5060245394706726
-0.26522713899612427
0.018382836133241653
0.1367223709821701
0.004313278011977673
-0.2003251016139984
0.18941955268383026
-0.42385053634643555
0.17710304260253906
-0.02332162857055664
-0.4936089515686035
0.15502957999706268
-0.31059780716896057
0.5214966535568237
-0.2228877991437912
0.4979954659938812
0.016881560906767845
0.2167600691318512
-0.6252588033676147
-0.6496928930282593
1.2097105979919434
-0.5919147729873657
-0.7108365893363953
0.3177528381347656
-0.9338038563728333
0.22818775475025177
-0.16818389296531677
-1.3907997608184814
-0.3985084593296051
-0.3187021315097809
-0.5133243799209595
0.40711745619773865
0.6036443710327148
1.1701303720474243
-2.316955804824829
0.054808806627988815
1.2323863506317139
-1.3541338443756104
0.16141434013843536
1.1000950336456299
-1.3400689363479614
1.4989748001098633
0.4220867156982422
-0.8959934115409851
1.6332870721817017
-0.5831485986709595
0.3185838758945465
0.10066203773021698
-0.2880552411079407
0.37620583176612854
0.27955275774002075
-1.230078935623169
0.7515895962715149
-0.976123034954071
0.05875511094927788
1.1081602573394775
-0.1035308837890625
-0.02584533765912056
0.47532224655151367
0.021866798400878906
0.12447357177734375
-0.9617078900337219
-1.2779802083969116
-0.28931063413619995
0.24468688666820526
0.12838439643383026
-0.5504205822944641
0.005147361662238836
0.9762099981307983
0.06633558124303818
-1.0844876766204834
0.08485708385705948
-0.2869199216365814
-0.17814302444458008
-0.16467399895191193
-1.365923523902893
1.1428388357162476
-0.6467603445053101
-0.4673634469509125
0.09556152671575546
0.7974561452865601
-0.8068232536315918
-0.5056856274604797
0.2062755525112152
-13.116129875183105
10.7385835647583
-1.8476028442382812
-8.728517532348633
5.668922424316406
-2.800060749053955
-0.9289463758468628
3.084413766860962
-1.4783329963684082
-0.4765872061252594
0.7566978335380554
-1.1075057983398438
0.23761948943138123
0.4075009822845459
-1.002203345298767
-0.041930101811885834
-0.5283588767051697
-0.16148337721824646
0.11978693306446075
-0.3017026484012604
0.022821759805083275
-0.32353729009628296
-0.004400921054184437
-0.3569047451019287
0.2000044882297516
0.17879047989845276
-0.6563582420349121
0.024629592895507812
0.04126625135540962
0.16573062539100647
-0.018429327756166458
0.05751602724194527
0.11452384293079376
0.882405161857605
-0.5790015459060669
-1.2176932096481323
1.3320587873458862
-0.3018025755882263
-0.39355891942977905
0.8535870313644409
-0.001724672270938754
0.12394914776086807
0.09626559168100357
0.4962788224220276
0.34683865308761597
-0.06370673328638077
0.5204225778579712
0.3036886155605316
0.26083874702453613
0.39002102613449097
0.17633576691150665
0.1615515649318695
0.13905906677246094
0.8484042882919312
0.28992772102355957
0.43378686904907227
-0.005989504046738148
0.297113835811615
0.35086384415626526
0.026881122961640358
0.19009289145469666
0.45157861709594727
-0.5780269503593445
0.7002396583557129
0.3602961599826813
0.07489995658397675
0.7538673281669617
-0.23865938186645508
0.16232796013355255
0.6681618690490723
0.28924885392189026
-0.2019607573747635
0.6899948120117188
-0.6527434587478638
0.6560094952583313
0.2412952482700348
0.005692005157470703
0.047471046447753906
0.22400608658790588
0.11556253582239151
0.26614245772361755
-0.12132253497838974
0.4428410530090332
0.13306359946727753
0.24544791877269745
0.3494279980659485
-0.19302329421043396
0.71544349193573
-0.2149137556552887
-0.44455981254577637
0.44065341353416443
0.11731414496898651
0.24842433631420135
0.28733834624290466
0.34073954820632935
0.3684942126274109
0.020253753289580345
-0.153510183095932
-2.527839422225952
-3.8694350719451904
-19.46160888671875
6.362223148345947
9.054276466369629
-1.0492700338363647
-13.055066108703613
5.725319862365723
-0.2890590727329254
-3.201613664627075
1.9452472925186157
0.41973447799682617
-1.5023287534713745
0.9605332612991333
-0.18757542967796326
-0.6070466041564941
0.6126523017883301
-0.1272663176059723
-0.22498159110546112
0.2488655149936676
-0.40010374784469604
-0.27195748686790466
0.32821711897850037
-0.2954649031162262
-0.36109456419944763
-0.052451323717832565
0.6220868825912476
-0.30772989988327026
0.17157907783985138
0.0028646469581872225
-0.7956430315971375
0.4413529336452484
-0.5626546740531921
0.5716760754585266
-0.9357206225395203
0.00162334437482059
-0.4901851713657379
-0.7799276113510132
-0.34863176941871643
1.1416200399398804
-1.1182564496994019
0.4726699888706207
1.073327660560608
-1.7310031652450562
-0.9235996007919312
0.5799629092216492
-0.3092237412929535
-0.2374618500471115
0.8873361349105835
0.27511197328567505
-2.2296955585479736
-0.6334249377250671
0.6495807766914368
-0.7728122472763062
-0.1635490357875824
0.18259868025779724
-0.41310444474220276
-0.20797404646873474
-0.5644930601119995
-0.802223801612854
0.6386823654174805
-0.7306187748908997
-1.6121892929077148
0.6170883178710938
-1.058027982711792
-0.8239753842353821
-0.217206671833992
0.44257432222366333
0.30707693099975586
-0.2065959870815277
-0.49375104904174805
0.35499078035354614
-0.16412678360939026
0.9788902997970581
-1.6204044818878174
0.6163285970687866
0.6079958081245422
0.3175470232963562
-1.7890050411224365
-0.1343376189470291
-0.1378362625837326
-0.6777225732803345
1.3450735807418823
-1.6461807489395142
-0.09386434406042099
0.5653502345085144
-0.7635082006454468
0.718267560005188
-0.7424518465995789
-0.5469986200332642
-1.3592123985290527
-0.08370723575353622
0.6882634162902832
-1.3712806701660156
0.4241189956665039
-0.8756787180900574
-0.5501893162727356
0.5065330862998962
-0.6301350593566895
0.5582262277603149
0.8393162488937378
-1.7735027074813843
-11.471017837524414
7.914820671081543
1.1359480619430542
-9.377849578857422
4.921265602111816
-1.585895299911499
-1.8813196420669556
2.969336986541748
-0.5358277559280396
-0.9374286532402039
0.9590480923652649
-0.8348493576049805
-0.11633968353271484
-0.1251847743988037
-0.6458857655525208
0.2740837037563324
-0.5852153897285461
0.14777441322803497
0.2877364158630371
-0.680060625076294
0.2319164276123047
-0.31932520866394043
-0.020375395193696022
-0.05702996253967285
-0.6471990942955017
-0.24169406294822693
0.14237841963768005
0.05461706966161728
0.9462165832519531
-0.7912504076957703
-0.8152027130126953
1.0989208221435547
-0.21579042077064514
-0.1644425392150879
0.7084137201309204
-0.12372807413339615
0.4011255204677582
-0.3386342227458954
0.23162302374839783
1.1189883947372437
0.17739032208919525
-0.5172799825668335
0.3423544764518738
0.7119814157485962
0.06485437601804733
0.34251633286476135
0.6044058799743652
-0.1687515527009964
-0.05567021295428276
0.5713280439376831
0.5202089548110962
-0.09438123553991318
0.6127138733863831
-0.023377800360322
0.40904131531715393
0.870770275592804
-0.11910176277160645
1.0093095302581787
0.34046250581741333
0.24642214179039001
0.7767360806465149
-0.24808363616466522
0.6020929217338562
0.5568075180053711
0.05560045316815376
0.30960702896118164
0.4155421257019043
0.5826533436775208
0.7205798029899597
-0.10896024852991104
0.8665727376937866
0.3973291516304016
0.5992008447647095
-0.24401788413524628
0.10575857013463974
0.5674211382865906
0.3713153004646301
0.82379150390625
0.3383464813232422
0.012543583288788795
0.1954592764377594
0.2078438699245453
0.7102972865104675
-0.15242242813110352
0.7170650362968445
0.302385151386261
0.5167330503463745
0.021448230370879173
-0.14318934082984924
0.1353687345981598
-0.08205719292163849
-0.17237988114356995
0.4662151336669922
0.7605007290840149
-0.3501770496368408
0.5883453488349915
0.28764456510543823
-0.1985468864440918
-0.6602715253829956
-4.373973369598389
-16.553913116455078
6.223258972167969
2.943063497543335
-3.7040507793426514
-1.1146275997161865
0.43449845910072327
-0.9802042245864868
-0.27257785201072693
0.6843329668045044
-0.08500776439905167
-0.22405748069286346
0.2416996955871582
0.05197925493121147
0.11871814727783203
0.11927624046802521
-0.012514496222138405
-0.035622596740722656
0.14037466049194336
-0.4778648316860199
-0.08835592120885849
-0.1736464500427246
-0.211504265666008
0.11726713180541992
-0.041913509368896484
0.2400965690612793
0.30073919892311096
-0.32986336946487427
-0.08096647262573242
-0.17671556770801544
-0.47842398285865784
0.5988739132881165
0.41624727845191956
-0.6819489002227783
0.10689115524291992
-0.7756355404853821
-0.9365161061286926
1.308743953704834
0.5351716876029968
-0.707443356513977
-0.8979190587997437
0.5538126230239868
0.014620495028793812
-1.0110445022583008
0.9055058360099792
1.0728174448013306
-1.9603408575057983
-1.0684925317764282
0.9588672518730164
0.16007709503173828
-0.5186622738838196
1.371910572052002
-1.1982614994049072
-0.44450655579566956
0.8274087905883789
-0.2030479460954666
-0.053225327283144
0.7493898272514343
-0.8701397180557251
-0.3470277786254883
0.6373046636581421
0.600731372833252
-0.015883732587099075
-1.2202056646347046
0.3439710736274719
-0.4359225332736969
-1.2304160594940186
0.7154026031494141
-0.8477416038513184
0.03341274335980415
-0.22045859694480896
-0.5057889819145203
0.8849810361862183
-0.18798847496509552
-0.5672438740730286
1.003158688545227
-1.6778171062469482
0.9457138180732727
-0.47766828536987305
-0.9439492225646973
0.8162451982498169
-0.052463434636592865
-0.5983719229698181
0.4760017395019531
0.23669186234474182
-1.1120021343231201
-1.2578516006469727
0.5471104383468628
-0.2679823040962219
-0.5828312635421753
-0.8985918164253235
-1.1423099040985107
0.25416383147239685
-0.9941189885139465
0.4314863085746765
-0.7313188314437866
-0.19775724411010742
-0.8720108866691589
-0.5552909970283508
-0.8040501475334167
0.5261906385421753
-13.614794731140137
10.259193420410156
-2.0517337322235107
-9.006113052368164
5.508944034576416
-3.0658953189849854
-1.2462459802627563
2.8087639808654785
-1.864572525024414
-0.18273305892944336
1.0022952556610107
-1.5711904764175415
-0.10237284004688263
0.07581071555614471
-1.2761608362197876
-0.06917648017406464
-0.35458463430404663
-0.8466957211494446
0.20726080238819122
-0.24202728271484375
-0.1742682009935379
-0.37963876128196716
0.38942980766296387
-0.3267766535282135
-0.48438936471939087
-0.24076218903064728
-0.49904704093933105
0.724919855594635
0.3838675916194916
-0.4998580813407898
-0.6087376475334167
0.7552648186683655
-0.2944104075431824
-0.08139503002166748
0.3933652341365814
-0.043986570090055466
0.6549282670021057
-0.058986008167266846
0.13813276588916779
1.055986762046814
0.15590721368789673
-0.43796777725219727
0.4236936569213867
0.634535014629364
-0.4318990707397461
0.8012464642524719
0.1882481575012207
0.8333739042282104
-0.05651550367474556
0.24849610030651093
0.3769620358943939
0.062444306910037994
0.5747634172439575
0.09529252350330353
0.12493453174829483
0.7952369451522827
0.2623651623725891
0.12187852710485458
0.40079182386398315
0.3244878351688385
0.4288901686668396
0.33027029037475586
-0.002427339553833008
0.6438948512077332
0.3962174355983734
0.3610151410102844
0.6628826260566711
-0.14513997733592987
0.4019279479980469
0.5767329335212708
0.8339859247207642
-0.15859346091747284
0.490962415933609
0.6912088394165039
-0.05590953677892685
0.7392286062240601
-0.02882413938641548
0.03546705096960068
0.5811737775802612
0.533394992351532
-0.20351314544677734
0.017765235155820847
0.5595523118972778
-0.18380765616893768
0.5437248349189758
0.39880791306495667
0.3405122756958008
0.32645195722579956
-0.09132728725671768
-0.253141313791275
0.2189103066921234
-0.06432008743286133
0.1272592544555664
0.44966402649879456
-0.4709615707397461
0.11743469536304474
0.6115943193435669
0.25183162093162537
-2.8308944702148438
-4.547157287597656
-18.694522857666016
5.547920227050781
9.122547149658203
-1.3120691776275635
-12.568016052246094
5.877335071563721
-0.6207975149154663
-3.2563579082489014
2.489992618560791
-0.03479156643152237
-1.5988038778305054
1.3263607025146484
-0.21048641204833984
-0.47651252150535583
0.8392500877380371
0.08394336700439453
-0.4768909513950348
-0.14252996444702148
0.046840667724609375
-0.15903063118457794
0.3137040138244629
0.051714517176151276
0.02559347078204155
0.3627992570400238
-0.32868844270706177
0.17175254225730896
-0.13136577606201172
-0.04453563690185547
0.023915672674775124
-0.36097946763038635
-0.1683596670627594
0.22748222947120667
0.6546491384506226
-0.5877601504325867
-0.05317802354693413
-0.7922178506851196
-0.03277168422937393
0.38534146547317505
0.7930290102958679
-0.3826906085014343
-2.4133176803588867
1.1121364831924438
-0.2441236525774002
-0.9523075222969055
1.1729958057403564
0.1330711394548416
-0.9830219149589539
-0.46329039335250854
1.0617347955703735
-0.10128822177648544
-0.4064862132072449
-0.12669162452220917
-0.21344414353370667
0.5137766003608704
-0.25802651047706604
-0.3068012297153473
0.152622789144516
0.3573833405971527
0.08580417931079865
-0.5134099721908569
0.7569969296455383
-0.8294578790664673
0.8425534963607788
-0.5405594706535339
1.1729942560195923
0.10413818061351776
1.3521199226379395
-1.1138858795166016
0.9862022399902344
0.24863414466381073
-0.5201774835586548
-0.17289285361766815
-0.8761887550354004
-0.5739407539367676
0.23018626868724823
1.3403139114379883
-0.3170763850212097
-0.11989879608154297
1.8340275287628174
-1.3460674285888672
0.2940727174282074
-0.571664035320282
-0.1583143174648285
0.19121026992797852
0.6219741702079773
-1.6627143621444702
0.47350674867630005
0.5526742935180664
0.3606507182121277
-0.2750703692436218
0.19015197455883026
0.5550732612609863
-0.9923816919326782
0.35667285323143005
-0.35920605063438416
-0.25884026288986206
0.38931578397750854
-0.48454466462135315
-0.674954891204834
-0.9026836156845093
-12.029746055603027
10.634466171264648
-1.711768388748169
-8.727607727050781
5.864623069763184
-3.042279005050659
-0.8065336346626282
3.085233688354492
-1.5188039541244507
-0.1773628294467926
0.8829488754272461
-0.7989057302474976
0.03870372846722603
0.11283870041370392
-0.5393635034561157
-0.03994808346033096
-0.06935825198888779
-0.11064653098583221
-0.41970643401145935
-0.056191254407167435
-0.3941110074520111
0.08064637333154678
0.5567495226860046
-0.5683582425117493
-0.28592127561569214
0.159654900431633
-0.682918906211853
0.8899463415145874
-0.19054631888866425
-0.3263022005558014
-0.025061750784516335
0.5238545536994934
-0.3205769956111908
0.8200043439865112
-0.7772423624992371
-0.8139669299125671
0.8184418678283691
-0.019442236050963402
0.2279205620288849
0.7985144257545471
-0.48310190439224243
0.33879655599594116
0.12135446071624756
0.3471529185771942
0.309391051530838
0.2833229899406433
0.5264251828193665
0.5080808401107788
-0.1423526257276535
-0.1345822513103485
0.9017391204833984
-0.11691441386938095
0.2916456162929535
0.18453674018383026
0.1985839307308197
0.6742717027664185
-0.04562511295080185
0.3864506185054779
0.9175065755844116
-0.11466159671545029
-0.14586110413074493
0.6536369323730469
0.15399618446826935
0.11056461185216904
-0.08747787773609161
1.1763654947280884
-0.04095926135778427
0.4851444363594055
0.0664735808968544
0.19479875266551971
0.44615840911865234
-0.06852340698242188
0.5889154672622681
0.6733022928237915
0.14844302833080292
-0.21848392486572266
-0.005012226291000843
0.20402345061302185
0.3922894597053528
0.7673869132995605
0.1565876007080078
0.0815955176949501
0.5842928886413574
-0.4895150065422058
0.5189445614814758
-0.08302497863769531
0.5301006436347961
0.23433952033519745
0.39913883805274963
0.46736031770706177
0.4808999001979828
-0.13820533454418182
-0.02814493142068386
0.7316031455993652
0.4861520826816559
-0.14886407554149628
0.8695036768913269
-0.4730342924594879
-0.7810009717941284
