-0.1578606814146042
-0.1578606814146042
-5.462539196014404
0.36512795090675354
-1.6917333602905273
-0.37689924240112305
0.3886446952819824
-1.067077875137329
0.47491875290870667
-0.73179692029953
-1.31063711643219
0.6806539297103882
-0.4243217408657074
-0.8103574514389038
0.6552585363388062
0.0614834800362587
-0.03978238254785538
-0.6894365549087524
-0.12609586119651794
-0.21546515822410583
-2.3454627990722656
0.23868580162525177
0.6507354974746704
-1.1702007055282593
2.9768834114074707
-0.6667929291725159
-0.8943284749984741
1.315552830696106
-0.6072319746017456
-0.6988496780395508
0.16287212073802948
0.27018117904663086
-0.3643016815185547
0.199046328663826
0.6031492352485657
0.4384872317314148
-0.3994680345058441
0.7230367064476013
0.1597415953874588
0.04792361333966255
0.08215632289648056
0.27073603868484497
0.3907189965248108
-1.7319729328155518
0.59168940782547
0.7232568860054016
-0.8874076008796692
2.2381441593170166
-0.4478268027305603
-0.688121497631073
1.0982787609100342
-0.7220124006271362
0.9231206774711609
1.3172342777252197
-0.720106303691864
0.5078879594802856
0.23291592299938202
-0.39566174149513245
0.7457173466682434
0.13356132805347443
0.11171229183673859
0.7910636067390442
0.10504889488220215
0.5505930185317993
0.3582025468349457
0.15245918929576874
-0.5169326066970825
-1.749029517173767
2.025017261505127
0.07963094860315323
0.3971255421638489
3.2546849250793457
-0.2429005652666092
-0.23638474941253662
1.4356460571289062
-0.3040394186973572
0.5456793904304504
0.47029751539230347
-0.6901119947433472
0.5523865222930908
0.18321427702903748
0.3968197703361511
0.058976173400878906
-0.818067193031311
0.9147657155990601
0.4796809256076813
-0.42811545729637146
0.7051330208778381
-1.1746973991394043
-0.41527190804481506
2.303617477416992
-1.3202742338180542
1.3772507905960083
1.9685752391815186
-1.5589406490325928
1.2669075727462769
0.028931904584169388
-0.22448182106018066
0.6834918856620789
-1.1882903575897217
-1.828413724899292
-1.739362120628357
3.7048697471618652
4.9621453285217285
-6.696011543273926
-1.807643175125122
3.8729491233825684
-2.515092372894287
0.2066493034362793
1.7250595092773438
-1.0553849935531616
0.3133712410926819
0.5855221748352051
-0.4388626217842102
0.1970447599887848
0.18941621482372284
-0.05312490463256836
-0.133043572306633
-0.028630828484892845
-0.2638735771179199
0.35599279403686523
-0.11258077621459961
0.10128097236156464
-0.411479651927948
-0.03325166553258896
-0.3083718419075012
-0.02031106874346733
-0.437114417552948
0.015712548047304153
0.35824698209762573
-0.7314894795417786
0.72987300157547
0.3035394549369812
-1.123644232749939
0.9727562069892883
0.9351234436035156
0.20716075599193573
-0.5551373362541199
-0.30748462677001953
0.18825054168701172
0.1498933732509613
-0.8795156478881836
0.2552633285522461
-0.1468004286289215
0.4382810592651367
1.1493335962295532
-0.9389652013778687
-2.083026170730591
1.245478868484497
-0.15505161881446838
-0.46545886993408203
0.4089384078979492
-0.7239388227462769
-0.2635021209716797
0.3007587492465973
-0.8724504709243774
1.1669244766235352
-0.5767949819564819
-1.20650053024292
-0.7380954027175903
-0.7031456828117371
0.20765075087547302
0.4295782148838043
0.9075460433959961
-0.3822409510612488
-0.3359924256801605
-0.5255180597305298
0.16919966042041779
0.3474235534667969
-0.05199012905359268
0.2255392074584961
-0.21915264427661896
0.2753245234489441
-1.6106369495391846
-0.04171943664550781
0.13414879143238068
-0.10010804980993271
-0.30828505754470825
0.21744604408740997
-1.7396284341812134
0.5620625615119934
0.6138054728507996
-0.6208755373954773
0.011831474490463734
-0.29129475355148315
-0.17523899674415588
1.0325249433517456
-1.0534770488739014
-0.27317744493484497
1.807326316833496
-0.17790618538856506
0.8811056017875671
-0.8213631510734558
0.41450849175453186
-0.2760070860385895
0.46595850586891174
-0.7942835092544556
0.12043581157922745
0.0746990218758583
-0.3903762698173523
-0.06294727325439453
-12.462629318237305
10.156768798828125
-1.8049728870391846
-8.603229522705078
5.160336017608643
-2.3567912578582764
-1.1171551942825317
2.6713263988494873
-1.1364548206329346
-0.4410859942436218
0.6782160997390747
-1.0718929767608643
-0.1296219825744629
0.3273628354072571
-0.8053880929946899
0.09292278438806534
-0.9778116345405579
-0.07351217418909073
0.01777944527566433
-0.1528584510087967
0.2191951721906662
-0.11764311790466309
-0.28187403082847595
0.030306244269013405
-0.3020995557308197
0.30344048142433167
-0.556870698928833
-0.04191761091351509
0.7736598253250122
-0.4171231687068939
-0.16218896210193634
0.5242587924003601
0.2636798322200775
0.3043738305568695
-0.33249014616012573
-0.7572886347770691
0.5695141553878784
0.045988261699676514
0.19722135365009308
0.8514102697372437
0.184650719165802
0.07966629415750504
0.05803227424621582
0.18461079895496368
0.5441646575927734
0.1543956995010376
0.3537970781326294
1.007131814956665
-0.6711853742599487
0.3964399993419647
1.0373098850250244
-0.426852285861969
0.18091008067131042
0.7466806173324585
0.23959645628929138
0.573642373085022
0.7516838312149048
0.07877640426158905
0.3454623222351074
0.21731409430503845
-0.09675946086645126
0.8570736050605774
0.059372901916503906
0.3167971074581146
0.27147430181503296
0.40086668729782104
0.5281608700752258
-0.0034622191451489925
0.06209602206945419
0.6353448629379272
0.5058997273445129
0.2767403721809387
0.1893346756696701
0.008786296471953392
0.4472583830356598
0.26666727662086487
0.09576425701379776
0.8204143643379211
-0.38807860016822815
0.0333104133605957
0.38598233461380005
0.2123570442199707
-0.14842376112937927
0.10698843002319336
0.12148694694042206
-0.013993263244628906
0.029975224286317825
0.3265818655490875
0.8457201719284058
0.6809048652648926
-0.08493451774120331
0.049009133130311966
0.5802766680717468
-0.19203157722949982
0.1531974822282791
0.6950417757034302
0.16033200919628143
0.005182170774787664
-2.3426077365875244
-4.069840908050537
-18.91071891784668
5.586907863616943
9.2488374710083
-1.1517819166183472
-12.589600563049316
5.880223751068115
-0.6394235491752625
-3.1557469367980957
2.6452503204345703
-0.444620281457901
-1.1289855241775513
1.5823910236358643
-0.46486324071884155
-0.657582700252533
0.7354887127876282
-0.6464999914169312
0.24577026069164276
0.013735199347138405
0.06629085540771484
0.025605583563447
0.3135685920715332
-0.37233322858810425
0.20659980177879333
0.1561589241027832
0.20838776230812073
-0.22231435775756836
0.16340112686157227
-0.5246459245681763
0.4560849070549011
-0.46501263976097107
-0.7708911895751953
0.4989542067050934
-0.16024093329906464
-1.2950340509414673
0.6543384790420532
0.20310840010643005
-0.6989105939865112
0.878470778465271
0.38716983795166016
-0.00785980187356472
-1.2685632705688477
0.24622078239917755
-0.03496284410357475
-0.41784992814064026
1.2919921875
0.2692726254463196
-1.59132981300354
-0.9189735651016235
1.5437167882919312
-0.798621654510498
-0.2507091462612152
-0.2514762878417969
-0.6019684076309204
0.450540155172348
1.3226789236068726
-2.0868306159973145
-0.09457921981811523
1.1488912105560303
-1.8447433710098267
-0.25262126326560974
0.44988498091697693
0.08176765590906143
-0.10198517143726349
0.5061858892440796
-0.9566715359687805
-0.2764337658882141
-0.461392879486084
0.9878350496292114
0.027355194091796875
0.10356836020946503
-0.527849555015564
-1.2059516906738281
1.6346538066864014
-0.5052156448364258
1.2886343002319336
0.9021066427230835
-1.5308994054794312
0.33244046568870544
0.0032917975913733244
0.72553950548172
-2.3099465370178223
0.778150200843811
-0.030531693249940872
-0.6459625363349915
-0.9332728385925293
-0.1375400573015213
-0.5782731175422668
-0.5436246991157532
0.24734850227832794
-0.3296022415161133
0.5226528644561768
-0.9707013368606567
-1.0266236066818237
-0.08835668861865997
-0.5342388153076172
0.9469898343086243
0.4260730743408203
0.4843789041042328
-1.5530312061309814
-0.1204824447631836
-13.043455123901367
10.665863037109375
-2.5799121856689453
-8.253673553466797
5.878602027893066
-3.211949586868286
-1.0077195167541504
3.560830593109131
-2.0249903202056885
-0.4933794140815735
1.6536906957626343
-1.0549191236495972
-0.14720706641674042
0.5677310824394226
-0.8637630343437195
-0.45071810483932495
0.47535762190818787
-0.4982079565525055
-0.03227644041180611
0.1834246665239334
-0.5828591585159302
0.16033963859081268
0.018777798861265182
-0.16899943351745605
-0.19663485884666443
0.3282201886177063
-0.1402711421251297
-0.2891004979610443
-0.06472115218639374
0.04493575170636177
-0.24680408835411072
0.16769738495349884
0.1836373507976532
0.36509910225868225
0.17147023975849152
0.324689120054245
0.557725727558136
0.22108551859855652
-0.46401721239089966
0.8621595501899719
0.5040864944458008
-0.4984722137451172
0.3943331241607666
0.11207015812397003
-0.243211030960083
0.6557912826538086
0.35048627853393555
0.21214990317821503
0.21357417106628418
0.3522404730319977
0.5225154161453247
-0.11345867812633514
0.27559933066368103
0.1434590369462967
0.19713692367076874
1.2320539951324463
0.033235788345336914
-0.006028938107192516
0.4455062448978424
-0.08455252647399902
0.6227790117263794
0.4369167387485504
0.017817353829741478
0.4410666525363922
0.19168195128440857
0.25683870911598206
0.2490372657775879
0.25388461351394653
0.2609781324863434
-0.13872861862182617
0.5036247968673706
0.6442281007766724
0.22627849876880646
0.5968030691146851
0.15188732743263245
0.3862411379814148
-0.14242371916770935
0.19437961280345917
0.22236108779907227
1.064959168434143
-0.132171630859375
-0.3459397256374359
0.06096677854657173
0.5217472314834595
0.13045720756053925
-0.0823458656668663
0.6815999150276184
0.04018907621502876
0.21360912919044495
-0.4678225517272949
0.5554471015930176
0.2376420944929123
-0.19177083671092987
0.32163697481155396
-0.09225606918334961
-0.025651264935731888
0.6431376338005066
-0.38918337225914
-1.910482406616211
-4.10891056060791
-18.213441848754883
5.049154758453369
3.2759692668914795
-3.4564049243927
-1.3626948595046997
0.06611137092113495
-0.8825485110282898
-0.4368886947631836
0.5232545137405396
-0.43369966745376587
0.024231815710663795
0.29524192214012146
-0.6472353339195251
0.20859470963478088
0.322514146566391
-0.12196807563304901
0.0831110030412674
-0.11058511584997177
-0.2614629864692688
-0.28869229555130005
0.16517552733421326
-0.39073047041893005
-0.10407896339893341
-0.3199000358581543
-0.23355159163475037
0.18872222304344177
0.058069802820682526
-1.2091100215911865
0.6900707483291626
-0.07554741203784943
-0.17408648133277893
0.01659240759909153
-0.7485016584396362
-0.23620347678661346
0.2112439125776291
-0.15066757798194885
-1.2986398935317993
0.4031558930873871
-0.1573118269443512
0.30159664154052734
-0.19104652106761932
0.2179979383945465
-0.6551932096481323
0.921992301940918
-0.7046390771865845
0.5803694725036621
0.40132027864456177
-0.8434427380561829
-0.591788113117218
0.9521244168281555
0.09389553219079971
-0.11847992241382599
1.1110999584197998
0.23931236565113068
-0.7820922136306763
0.4429435729980469
0.5492386817932129
-0.06647396087646484
0.5695619583129883
-0.6769272089004517
0.5103960037231445
0.1851007491350174
-0.8126987218856812
-0.39653024077415466
0.017748545855283737
-0.7772136926651001
0.04125213623046875
0.1820741593837738
0.09307289123535156
0.21540899574756622
-1.2721984386444092
0.7292121648788452
-1.102256178855896
0.7304903268814087
0.2535093426704407
-1.9534056186676025
0.007483863737434149
0.9437757730484009
0.017598342150449753
-0.8855000734329224
1.8102962970733643
-1.2498584985733032
-0.30630627274513245
0.6424070596694946
-0.3424009382724762
0.2608810365200043
0.031371306627988815
0.22955255210399628
-0.969692051410675
0.6584717035293579
-1.27333664894104
1.1703249216079712
-0.4009886384010315
0.12629656493663788
-0.7743547558784485
-0.3807637095451355
-1.1951597929000854
1.2885066270828247
-1.8179435729980469
-0.4532787799835205
-12.844949722290039
10.029672622680664
-1.8410241603851318
-8.74132251739502
5.280361175537109
-2.833899974822998
-1.0944373607635498
2.6620864868164062
-1.500868558883667
-0.9015698432922363
0.8552422523498535
-1.2989904880523682
-0.007084941957145929
0.30268263816833496
-0.713166356086731
0.0556025505065918
-0.4145136773586273
-0.0018633365398272872
-0.06990418583154678
0.08683757483959198
-0.518588125705719
-0.12268910557031631
-0.16121426224708557
-0.32048019766807556
0.06302585452795029
0.06833533942699432
-0.6535102128982544
0.6981031894683838
0.05881762504577637
-0.6466647982597351
0.14995308220386505
0.6212154626846313
-0.20831267535686493
0.6434856653213501
-0.23847408592700958
-0.9135022163391113
0.7744211554527283
0.22681522369384766
0.3416907787322998
0.7419166564941406
-0.2757601737976074
-0.06546797603368759
0.0355876199901104
-0.2187034785747528
0.4016665518283844
0.42145204544067383
0.5599616765975952
0.8375325202941895
-0.017990637570619583
-0.2560332715511322
1.134010672569275
-0.30664342641830444
0.1887456476688385
0.674101710319519
-0.3307630121707916
0.6038207411766052
0.5549497008323669
0.4218587279319763
0.5580955743789673
0.024553965777158737
0.19984713196754456
0.0527585968375206
0.34527787566185
0.4017263352870941
0.004886913113296032
0.8458313941955566
0.06024646759033203
0.8082103729248047
0.3592115342617035
0.30848437547683716
0.6916371583938599
0.5810176730155945
-0.5272501111030579
0.25601235032081604
0.0636739730834961
-0.13178101181983948
0.42551326751708984
0.49582070112228394
0.4266192317008972
0.10393877327442169
0.09038038551807404
0.4672466218471527
-0.11707954108715057
-0.0017561912536621094
0.6742929220199585
0.5016032457351685
0.07135877758264542
0.38656312227249146
0.477367103099823
0.014353466220200062
0.2568812370300293
-0.46520155668258667
-0.057939816266298294
0.7671314477920532
0.0375765785574913
0.03741893917322159
0.5610091090202332
-0.3241589069366455
-2.2877895832061768
-4.0402045249938965
-19.004974365234375
6.298703193664551
8.963903427124023
-1.1256147623062134
-13.276875495910645
5.871446132659912
-0.09984540939331055
-3.367884397506714
2.1975231170654297
0.4428740441799164
-1.7640800476074219
1.4485158920288086
0.014294147491455078
-0.9315159916877747
0.5327981114387512
0.34153318405151367
-0.31771937012672424
-0.2053692787885666
-0.40035343170166016
-0.9293004870414734
0.7505620121955872
-0.4015628695487976
-0.5202265977859497
0.5656925439834595
-0.003816318465396762
-0.22645559906959534
-0.1054287925362587
0.2665351927280426
0.03892479091882706
0.3493677079677582
-0.0986817330121994
-0.3687518239021301
0.03060922585427761
0.07984733581542969
0.31464558839797974
-1.235899567604065
0.6936553120613098
1.0535194873809814
-0.0384637825191021
-0.30904167890548706
0.7943464517593384
-0.8720959424972534
-1.1495978832244873
1.0938373804092407
1.1128482818603516
-0.6342860460281372
1.0709679126739502
0.9421650171279907
-2.010715961456299
-0.47649604082107544
0.5025861859321594
-1.3266743421554565
0.7394827604293823
-0.6645075082778931
1.0978502035140991
-0.6588427424430847
-0.1335010528564453
-0.4944091737270355
1.0077922344207764
-0.00568046560510993
-0.656355082988739
0.196818545460701
-1.300129771232605
0.4786052703857422
0.001604270888492465
0.38723620772361755
0.3617399334907532
0.1342145949602127
-0.22737368941307068
-0.010797882452607155
-0.6581056714057922
-0.08957310020923615
0.5000351667404175
-0.1653989851474762
0.08473606407642365
-0.21933212876319885
-0.5918834805488586
1.3438434600830078
0.571363627910614
-0.6893776059150696
-1.3301842212677002
1.1735717058181763
0.05594787746667862
-0.40437784790992737
0.8934705853462219
-0.39171046018600464
-0.353341281414032
0.7386678457260132
-0.9193307161331177
0.6972730755805969
-0.10134248435497284
-0.6999104022979736
-0.3083442747592926
-0.14979752898216248
-1.1020489931106567
0.2056293487548828
0.21289697289466858
-1.236710786819458
-0.07505607604980469
-2.1134514808654785
-11.931391716003418
10.201679229736328
-1.7427927255630493
-8.653505325317383
5.115296840667725
-2.411008358001709
-1.9461071491241455
3.521289348602295
-1.5865470170974731
-1.2575256824493408
1.3588244915008545
-1.109618902206421
-0.21256951987743378
0.5441569089889526
-1.0557235479354858
0.07566089928150177
0.12788429856300354
-0.8077142834663391
0.17275209724903107
-0.48260244727134705
-0.3302242159843445
0.3201759457588196
-0.07103357464075089
-0.42217668890953064
0.14016786217689514
0.0006967544322833419
-0.009955358691513538
0.15658517181873322
0.6469322443008423
-1.1236534118652344
-0.44528740644454956
0.434609591960907
-0.048984430730342865
0.5048214197158813
0.12115800380706787
-0.13489334285259247
-0.14873480796813965
0.21120807528495789
0.017785802483558655
0.7915259599685669
0.20393717288970947
0.0831795334815979
0.33420151472091675
0.027961647137999535
0.16116704046726227
0.9725399017333984
-0.10504220426082611
0.4087999761104584
0.45695263147354126
0.1315806359052658
0.9173798561096191
0.09443306922912598
0.6440280675888062
0.1368514597415924
0.5325359106063843
0.9171730875968933
0.09462151676416397
0.5364586114883423
0.5399694442749023
-0.0475802905857563
0.3923954963684082
0.4369673728942871
0.12515048682689667
0.4504275321960449
0.03216113895177841
0.6058480143547058
0.49518972635269165
-0.0725833922624588
-0.04838676378130913
-0.22670221328735352
0.5829151272773743
0.4755428433418274
0.5047314763069153
-0.23968859016895294
0.45979395508766174
0.05300731584429741
0.06712789833545685
0.481726735830307
0.4078773558139801
0.5701297521591187
0.17521008849143982
0.23734283447265625
0.05003213882446289
0.2806147634983063
-0.021845245733857155
0.1929006576538086
0.6197565197944641
0.018113136291503906
0.33085203170776367
-0.13548240065574646
0.7187995910644531
-0.23467464745044708
0.07041654735803604
0.10868406295776367
0.5886207818984985
0.04831419140100479
0.07194270938634872
0.39443501830101013
-0.6770337224006653
-3.880387783050537
-17.931835174560547
6.302540302276611
10.37855339050293
-6.767887115478516
-7.322970390319824
5.011183261871338
-1.4365791082382202
-1.5566657781600952
2.3198933601379395
-0.8821626901626587
-0.29838842153549194
1.1889208555221558
-0.8914960622787476
-0.3745860457420349
0.5268259048461914
-0.19754648208618164
-0.017562389373779297
-0.08255510032176971
-0.27994680404663086
-0.17852601408958435
0.14805230498313904
-0.576143741607666
0.0848550796508789
0.13087138533592224
-0.39260873198509216
0.00304832449182868
-0.14049196243286133
-0.35294419527053833
-0.0017370224231854081
-0.2814365327358246
0.30709895491600037
0.8269944190979004
-1.1091289520263672
-1.054675817489624
0.7802091836929321
0.10706214606761932
-0.5340814590454102
-1.420957326889038
-0.3706897795200348
2.028748035430908
-0.6164714694023132
-0.2104473114013672
-0.7385244369506836
1.279376745223999
-1.0923984050750732
0.7399011850357056
-0.08511181175708771
0.43622779846191406
-0.6440610885620117
0.5002542734146118
-0.3623245358467102
-0.2941117286682129
-0.550606906414032
0.21906833350658417
0.21407899260520935
0.17692986130714417
-0.19165650010108948
-1.2450811862945557
0.23111018538475037
0.5628715753555298
-1.4679644107818604
0.4020896852016449
0.4190447926521301
-1.127105474472046
0.9959789514541626
-0.5364822149276733
-0.12495746463537216
1.2418619394302368
-0.41732725501060486
0.6408308148384094
-0.4182416796684265
0.06506051868200302
1.3264384269714355
-1.1703243255615234
0.259622186422348
-0.1459817886352539
-1.006151795387268
0.5924380421638489
-0.9198161959648132
0.18150940537452698
-0.5635086297988892
-0.2222258597612381
-0.8450732231140137
0.8801082372665405
0.6030648350715637
-0.13341064751148224
-0.2748367190361023
-1.197319507598877
0.3243439793586731
-1.4242613315582275
0.35150203108787537
0.2729789614677429
0.4030703604221344
-0.14655780792236328
-0.6344823837280273
0.15985164046287537
-0.6236168146133423
0.35019975900650024
-1.032909631729126
1.6495593786239624
-13.511932373046875
9.555318832397461
-1.0138334035873413
-8.781771659851074
4.803622722625732
-1.4921581745147705
-1.596603274345398
2.543675661087036
-1.3340837955474854
0.11995668709278107
0.5706102848052979
-1.0919538736343384
0.13900204002857208
0.26491278409957886
-0.801023006439209
-0.20458301901817322
-0.2663397192955017
-0.24910840392112732
0.33416152000427246
-0.758102297782898
0.36599403619766235
-0.1911878138780594
-0.16231846809387207
0.11669144779443741
-0.25901395082473755
-0.383443683385849
-0.46491655707359314
0.7465680241584778
0.23040957748889923
-0.6283795237541199
-0.1719129979610443
0.7206637263298035
-0.23943237960338593
-0.15239505469799042
0.6989995241165161
-0.2423570156097412
0.23772864043712616
-0.1965894252061844
0.3007186949253082
1.025292158126831
0.12392792850732803
-0.10656000673770905
0.349388986825943
0.19315195083618164
-0.35028547048568726
0.38536086678504944
0.5722514390945435
0.5950153470039368
0.011627459898591042
-0.0912938117980957
0.6995027661323547
-0.013613271526992321
0.5521742701530457
0.21309776604175568
-0.0108023164793849
1.445878267288208
0.061637260019779205
-0.1769055426120758
0.1859930455684662
0.302154541015625
0.7581364512443542
-0.0980982780456543
0.26700782775878906
0.5551044344902039
-0.20256252586841583
0.9265363812446594
-0.0979776382446289
0.3798137605190277
0.6273075938224792
0.16578063368797302
0.21792849898338318
0.6943397521972656
0.2154800444841385
-0.17241200804710388
0.30309000611305237
0.26938343048095703
0.03804168850183487
0.6300420761108398
0.1288721114397049
0.14433717727661133
0.13915395736694336
0.3680786192417145
0.6451451182365417
0.2850033640861511
-0.21747417747974396
0.5034365653991699
0.22018127143383026
0.08383969962596893
0.8935400247573853
0.21315021812915802
-0.21452179551124573
0.006179618649184704
0.490450382232666
-0.052503395825624466
0.2129669189453125
0.2907881736755371
0.16724872589111328
0.2045624703168869
-2.0573337078094482
-4.0221028327941895
-17.932449340820312
7.32561731338501
8.967440605163574
-3.1647841930389404
-11.861802101135254
6.487355709075928
-0.7527869343757629
-2.555084705352783
2.523253917694092
-0.34058475494384766
-1.1073278188705444
1.51353120803833
-0.7836133241653442
-0.394589900970459
0.9076576232910156
-0.984103798866272
0.15964660048484802
0.5882254838943481
-0.14048652350902557
0.01853208616375923
-0.1985590010881424
-0.06621990352869034
-0.07941026985645294
0.01665630377829075
-0.014927959069609642
0.17338362336158752
-0.5450574159622192
0.2918062210083008
-0.08731641620397568
0.005006694700568914
-0.48643428087234497
0.16358546912670135
0.6761772036552429
-0.49699944257736206
-0.7023038864135742
-0.4312947392463684
0.7288306355476379
-0.7637979388237
-0.5891326665878296
1.3163225650787354
0.2299634963274002
-0.7660808563232422
-0.6143044233322144
0.6512651443481445
-0.5031711459159851
-0.7475227117538452
0.5872650146484375
0.8618637323379517
-0.9687851071357727
-0.3875963091850281
1.683074951171875
-0.9116154909133911
0.08188343048095703
0.5214384198188782
-1.3036667108535767
0.20778369903564453
0.005468177609145641
-0.7933381199836731
0.015738677233457565
-0.36085957288742065
-0.18259850144386292
-0.4999176859855652
0.38006097078323364
-0.6485721468925476
0.7197982668876648
-2.0075135231018066
0.5500389933586121
-0.23583945631980896
-0.18639811873435974
0.28238600492477417
-0.10843763500452042
-0.505963921546936
-0.06586837768554688
-0.058917999267578125
-0.036749742925167084
-1.045508623123169
0.6965813636779785
-0.5373455286026001
0.5051038861274719
0.5051640272140503
-0.523530125617981
-1.0158309936523438
0.5007435083389282
0.6455892324447632
-0.5570676922798157
1.6970243453979492
-1.3015968799591064
0.30302754044532776
0.0762224942445755
-0.11713095009326935
-0.2663397789001465
-0.36754512786865234
0.9688419103622437
0.04866056516766548
-0.7990962266921997
-0.19668540358543396
-0.028252124786376953
-1.4382203817367554
0.3698311746120453
-0.8029000163078308
-13.588994026184082
10.922760009765625
-2.1556525230407715
-8.898343086242676
5.2669477462768555
-2.215038537979126
-1.3546284437179565
2.6723930835723877
-1.5406841039657593
-0.2254345864057541
1.0899628400802612
-1.0655397176742554
-0.4972667694091797
0.5173551440238953
-1.063528299331665
0.00560340890660882
-0.3575008809566498
-0.5416403412818909
0.24247565865516663
0.14465594291687012
-0.4434540271759033
0.24323692917823792
0.1365332156419754
-0.656509280204773
0.3769415318965912
0.06790566444396973
-1.1295968294143677
0.45824170112609863
0.42203599214553833
-0.7424808740615845
-0.0491182804107666
0.7558963298797607
0.05172376707196236
0.4862658977508545
-0.7791227698326111
-0.3033749461174011
0.47770586609840393
-0.07813061773777008
0.05096743255853653
0.4826364517211914
-0.21726517379283905
0.3956974744796753
0.25420358777046204
0.496493399143219
0.22656016051769257
-0.226938396692276
0.9764840006828308
0.669957160949707
-0.6916142702102661
0.09735600650310516
0.9752384424209595
-0.7542914152145386
0.9154396057128906
0.09293670952320099
-0.16705718636512756
1.0581538677215576
0.2822597026824951
0.19641327857971191
0.004482173826545477
0.6275485754013062
0.042928121984004974
0.6609929800033569
0.5921762585639954
-0.47123003005981445
0.44319647550582886
0.5024266242980957
0.05906696245074272
0.4590049684047699
0.4638752043247223
0.3585450053215027
0.3507935404777527
0.49699506163597107
0.08285979926586151
0.8538961410522461
0.2826612591743469
-0.10252990573644638
0.01324243564158678
0.2225327491760254
0.3380790650844574
0.7390168309211731
-0.42344731092453003
0.20255832374095917
0.9221711158752441
0.41712409257888794
-0.05496568605303764
0.4923597276210785
0.1889137327671051
-0.03224363178014755
0.5979883074760437
0.25056809186935425
0.07583227008581161
0.3169027268886566
0.7297362089157104
-0.3168484568595886
0.1824023276567459
0.41622990369796753
0.5469109416007996
0.05206699296832085
-1.9085407257080078
-3.6586685180664062
-18.095399856567383
6.599617958068848
10.391103744506836
-4.581772804260254
-10.13127326965332
4.939909934997559
-0.43066540360450745
-2.3595545291900635
2.243751049041748
-0.7757280468940735
-0.7036076784133911
1.308982491493225
-0.9146898984909058
0.06604985892772675
0.24720974266529083
-0.7801253199577332
0.3095704913139343
0.5952011346817017
-0.5460485816001892
0.06954574584960938
0.219172865152359
0.08421983569860458
0.04837522655725479
-0.0664878860116005
-0.5488139986991882
0.0696006789803505
-0.44647225737571716
0.3732073903083801
-0.1775965690612793
-0.862399697303772
-0.3063840866088867
0.16599483788013458
-1.3404009342193604
-0.5276885032653809
0.20417003333568573
-0.2563568949699402
-0.3041307330131531
0.9390568733215332
-0.29603224992752075
-0.8998228907585144
-0.43071022629737854
0.7785388827323914
-1.4034459590911865
-0.9286573529243469
1.0608665943145752
-0.4225943684577942
-0.45584163069725037
0.83844393491745
-0.41158658266067505
-0.12314796447753906
0.3287666440010071
0.1932893693447113
-0.44991931319236755
0.4612096846103668
0.031220817938447
-0.16596737504005432
-0.7434508204460144
0.11262855678796768
-0.33633288741111755
-0.15325775742530823
0.055848121643066406
-0.7363258600234985
0.526025652885437
-0.038842201232910156
-0.19714030623435974
0.5924980044364929
-0.740312397480011
1.1188995838165283
-0.8410249948501587
0.6815963983535767
-1.4885971546173096
-0.2723258137702942
0.3601094186306
-2.06858491897583
0.18779706954956055
-0.7511674761772156
-1.070957899093628
0.8019663691520691
-2.3243963718414307
0.891366183757782
-0.7536126375198364
0.17971153557300568
-0.7579991221427917
0.483668714761734
0.12740878760814667
0.028299331665039062
-0.4566076397895813
-0.1709747314453125
-1.5483272075653076
0.44572392106056213
1.2692269086837769
-0.9119586944580078
0.13899707794189453
0.26855725049972534
0.26694947481155396
0.43189558386802673
-0.9216348528862
0.8489225506782532
-1.498018503189087
-1.9073994159698486
-12.688770294189453
10.33909797668457
-1.9362905025482178
-8.568292617797852
5.406996250152588
-2.6039321422576904
-1.111889123916626
3.113008499145508
-1.5845435857772827
-0.6388257145881653
0.8775358200073242
-1.125576138496399
-0.2722695469856262
0.09210419654846191
-0.7810540199279785
-0.3388816714286804
-0.6080908179283142
-0.2574164867401123
0.3373080790042877
0.1390521079301834
-0.9672342538833618
0.22150234878063202
0.24883408844470978
-0.589349627494812
0.17248106002807617
-0.6570690870285034
-0.2793808579444885
1.2213999032974243
0.18643510341644287
-0.6722294688224792
-0.4568468928337097
0.8426831960678101
0.0966893658041954
-0.0459614023566246
-0.004526352975517511
0.37077847123146057
0.46392449736595154
-0.4490710198879242
0.7106317281723022
0.8965063095092773
0.12225289642810822
-0.3279065489768982
-0.14899151027202606
0.5095418691635132
-0.10748597234487534
0.9104188680648804
0.6149503588676453
0.11060819774866104
0.4304523468017578
0.764090895652771
-0.07480631023645401
0.21798506379127502
0.8555585741996765
0.05029454082250595
0.22258248925209045
0.7639153003692627
0.1398736983537674
0.050812624394893646
0.9892818331718445
0.1818385124206543
0.2541068196296692
0.3442310392856598
0.3735795021057129
0.21795253455638885
0.6816147565841675
0.4682157635688782
0.06944580376148224
0.7060586214065552
0.12528648972511292
0.28351467847824097
1.0742595195770264
-0.14869245886802673
0.5558319091796875
0.3249586224555969
0.27972888946533203
0.1623539924621582
0.09265975654125214
0.4645303785800934
0.0018356323707848787
0.17150326073169708
0.6722180247306824
0.30136221647262573
0.17712488770484924
0.3494226336479187
0.09010209888219833
0.3617183566093445
0.15818119049072266
-0.06345824897289276
0.5356481671333313
0.621304988861084
-0.4842575192451477
0.243279367685318
0.5711283683776855
0.13271617889404297
-0.11143703758716583
0.31727704405784607
-0.1655386984348297
0.33004170656204224
-2.7630486488342285
-4.105752944946289
-15.929181098937988
3.562739610671997
2.7061100006103516
-2.5711944103240967
-2.769780397415161
0.7503949999809265
-0.8174799680709839
-0.6361899375915527
0.7140035629272461
-0.19008998572826385
-0.1749401092529297
0.25562945008277893
-0.16661223769187927
-0.1493023931980133
0.21403999626636505
-0.49565133452415466
-0.10523299872875214
-0.13836058974266052
-0.89417964220047
0.533149242401123
0.1732783317565918
-0.5766696929931641
0.32234859466552734
0.1764659881591797
-0.48925989866256714
0.1687810868024826
0.1353415548801422
-0.9324032068252563
-0.30436211824417114
0.45326051115989685
-1.1486767530441284
0.29162758588790894
0.24883994460105896
-0.7925348281860352
0.051850318908691406
0.003936576656997204
0.30655184388160706
0.11261329799890518
-0.23105564713478088
-0.05090503767132759
-0.06531944125890732
0.7132871747016907
0.7045249938964844
-1.9074077606201172
0.19937458634376526
1.1190221309661865
-0.8174761533737183
0.37771931290626526
-0.9939096570014954
0.10763664543628693
0.7222914695739746
0.1408834457397461
-0.8537778854370117
-0.1956895887851715
0.845267653465271
0.132420152425766
-1.2802836894989014
0.7463597059249878
-0.0014910697937011719
-0.42803364992141724
0.02143115922808647
-0.7892629504203796
-0.16001072525978088
0.423919677734375
-0.9600251913070679
0.025920867919921875
-0.42367619276046753
0.04214878007769585
-0.7968206405639648
0.3975294232368469
0.051323987543582916
-0.881556510925293
0.2958804965019226
-0.35734692215919495
0.15327005088329315
-0.42679348587989807
-0.6508587002754211
-0.0894622802734375
-0.24856749176979065
0.6631596684455872
-0.01876373216509819
-0.9070871472358704
0.4375581741333008
-0.7077749967575073
1.141464352607727
-1.2635133266448975
0.9353982210159302
0.8674141764640808
-0.5521637201309204
0.2645581364631653
0.7597669363021851
-0.784701943397522
1.3327828645706177
-1.0970566272735596
0.49944430589675903
-0.78376704454422
0.2752378582954407
-0.5764911770820618
-1.9867751598358154
-1.329179286956787
-12.475682258605957
9.614751815795898
-2.0355324745178223
-8.781718254089355
5.2839508056640625
-2.508800983428955
-1.3848308324813843
2.5921294689178467
-0.9109839200973511
-1.1023221015930176
1.0668097734451294
-0.8247169256210327
-0.23017731308937073
-0.14955587685108185
-0.4693853259086609
-0.12841586768627167
-0.7156409025192261
0.038262080401182175
0.1494382917881012
-0.7035974860191345
0.3044889569282532
-0.19390639662742615
-0.09907994419336319
-0.12709197402000427
0.016329670324921608
-0.3573257029056549
0.15126542747020721
0.151579812169075
0.5235832333564758
-0.4915584623813629
-0.3694799542427063
0.8004557490348816
-0.39859074354171753
0.027534937486052513
0.48931050300598145
0.33700865507125854
0.1219877377152443
0.08817765861749649
0.178836852312088
0.5241817831993103
-0.2971285879611969
0.31954312324523926
0.5504376292228699
0.30781710147857666
-2.7513504392118193e-05
0.30568355321884155
-0.02156674861907959
-0.11708979308605194
0.5807163119316101
0.6425867080688477
-0.45663246512413025
0.08924975246191025
0.7426486015319824
-0.2756887972354889
0.6956042051315308
0.027594709768891335
0.39092499017715454
0.4451448321342468
0.4656148850917816
0.08985771983861923
0.55867600440979
0.24199071526527405
0.225270077586174
-0.11847887188196182
0.350599467754364
0.18283824622631073
0.21921834349632263
0.885648250579834
-0.07961788028478622
0.05575075000524521
0.5559335947036743
0.3152342736721039
0.12113313376903534
0.4245597720146179
0.02534179762005806
0.2886880040168762
0.5256561040878296
0.21697863936424255
0.31822794675827026
-0.2791260778903961
0.22803154587745667
0.45919322967529297
0.04960775375366211
0.5682100057601929
-0.6481537222862244
0.8034096956253052
-0.07874755561351776
0.037682343274354935
0.5483870506286621
-0.48846596479415894
0.6329873204231262
0.7862101793289185
-0.28645601868629456
0.39711007475852966
0.36101388931274414
-0.1769830733537674
0.29099100828170776
0.3366619944572449
-1.5478097200393677
-4.386188507080078
-17.742023468017578
7.370337009429932
9.183324813842773
-3.178290843963623
-11.811385154724121
5.924346446990967
-0.7325857877731323
-2.6176211833953857
2.5557363033294678
-0.5538374781608582
-0.6272729635238647
1.5335462093353271
-0.9578855633735657
0.3745831549167633
0.6789830327033997
-0.2041194885969162
0.0945659652352333
-0.08796405792236328
-0.2555786073207855
-0.08631820976734161
0.04260597378015518
-0.07949075847864151
-0.389519602060318
-0.22656813263893127
0.39379453659057617
-0.2842220366001129
0.3009074330329895
0.25449618697166443
0.19051265716552734
-0.3993287980556488
-0.4891258180141449
0.3356570303440094
-0.7077540159225464
-0.2460680902004242
-0.21571198105812073
0.17504672706127167
-0.002962779952213168
0.4730297029018402
0.134196475148201
-1.6362956762313843
0.36489754915237427
0.4714645445346832
0.0004497528134379536
1.1414105892181396
-0.8093255162239075
0.09303226321935654
-0.09147395938634872
1.6432853937149048
-1.1472079753875732
-1.0276515483856201
1.1387369632720947
-0.3841094970703125
-0.2761545181274414
1.3774054050445557
-0.5372044444084167
1.0342046022415161
-0.5212064981460571
0.744982123374939
-0.18188972771167755
-0.7677440643310547
-0.1875879317522049
-0.2194080352783203
0.7149171829223633
-0.3619205355644226
0.36633071303367615
-0.6492117643356323
-0.8766186833381653
0.16112203896045685
-0.5057119131088257
0.38466358184814453
0.7553626894950867
-0.3288630545139313
0.5200537443161011
-0.36710596084594727
-1.0662115812301636
-1.8163105249404907
-0.061850547790527344
-0.06713952869176865
-1.021017074584961
0.6242618560791016
-0.6744306087493896
-0.656729519367218
-1.0689302682876587
-0.1682899445295334
-1.5214427709579468
0.08569459617137909
-0.48434799909591675
-0.03738594055175781
-0.3296186327934265
-0.6015106439590454
-1.004751205444336
1.0378353595733643
-1.2696478366851807
-1.3257724046707153
0.5068273544311523
-1.4859914779663086
0.21821527183055878
0.5930942296981812
0.697842001914978
0.4172479510307312
-13.086886405944824
9.344673156738281
-0.9892061352729797
-9.042123794555664
4.6445536613464355
-1.6551119089126587
-1.8771896362304688
2.47902250289917
-1.1138616800308228
-0.5576311945915222
0.8432571291923523
-0.6616032719612122
0.010389613918960094
-0.21778850257396698
-0.5717405080795288
-0.21222572028636932
0.25268587470054626
-0.44379711151123047
0.02264118194580078
-0.141572043299675
-0.4113357663154602
0.1635793149471283
-0.6041368246078491
0.4339059293270111
0.005775260739028454
-0.4754915237426758
0.016788054257631302
0.6929529905319214
-0.11533844470977783
-0.3179148733615875
-0.06353120505809784
0.25062769651412964
-0.41676026582717896
0.249855637550354
0.3016861379146576
0.2569893002510071
0.06105443835258484
-0.4290447235107422
0.6591446995735168
0.004591047763824463
-0.13857734203338623
0.7155088186264038
0.35540270805358887
0.13158079981803894
0.23174801468849182
0.07241056859493256
0.04106318950653076
0.45294469594955444
0.5472267866134644
0.7482420206069946
-0.5653281211853027
0.18523076176643372
1.1571948528289795
-0.6809998750686646
0.6516589522361755
0.65069180727005
-0.31923818588256836
1.2869447469711304
0.42356234788894653
-0.23428134620189667
-0.08158640563488007
1.0417287349700928
0.48159798979759216
-0.09557180106639862
0.19210711121559143
0.48222512006759644
-0.3758316934108734
1.0343745946884155
0.08952836692333221
0.18100833892822266
0.36815205216407776
-0.02457590028643608
0.34610700607299805
0.8067269325256348
-0.2455969750881195
0.14118042588233948
0.4437006115913391
-0.023879051208496094
0.19401207566261292
0.1317775696516037
0.5254867672920227
0.8813128471374512
0.14823293685913086
0.0060214996337890625
0.29047060012817383
-0.15080824494361877
0.49901294708251953
-0.053279973566532135
0.339433491230011
0.2818891406059265
0.2222941368818283
0.6033473014831543
0.09626903384923935
0.2000184953212738
0.10715685039758682
-0.5271784663200378
0.6848783493041992
0.22086715698242188
-3.2446937561035156
-3.757657527923584
-19.176889419555664
6.588421821594238
8.982306480407715
-1.9987316131591797
-12.518633842468262
5.951602935791016
-0.7913205027580261
-2.9083094596862793
2.420677661895752
-0.06709222495555878
-1.3985573053359985
1.284946322441101
-0.4869883060455322
-0.1704542189836502
0.3293035626411438
-0.5296844244003296
-0.3290238380432129
0.3220944404602051
-0.3815547823905945
-0.21843986213207245
0.0033337592612951994
-0.405112087726593
-0.22978325188159943
0.2562710642814636
-0.5644668340682983
-0.07981433719396591
0.01796569861471653
-0.2177084982395172
0.1022302657365799
-0.02515716478228569
0.24255724251270294
0.052556611597537994
0.17365913093090057
-0.9686482548713684
1.0224413871765137
0.3023696839809418
-0.6033167839050293
1.0614312887191772
0.18715648353099823
-0.5892764925956726
-0.9886940717697144
-0.06225185468792915
0.28203409910202026
-1.006718397140503
2.3715076446533203
0.483651340007782
-1.5831060409545898
-0.4081222414970398
1.2426204681396484
-1.6954412460327148
0.9079294204711914
-0.13708209991455078
0.6447685360908508
0.15093421936035156
0.4134092330932617
-0.05214672163128853
-1.8139674663543701
0.034609220921993256
-0.4765625
-0.0749896988272667
0.455583393573761
-0.5985336303710938
-0.22579269111156464
-0.2674545347690582
-1.330332636833191
0.7469549179077148
-1.6347179412841797
1.0679675340652466
-0.7771849632263184
0.4290718138217926
-0.44236087799072266
0.2642151713371277
0.3672650456428528
-1.3583807945251465
0.535938560962677
1.0511900186538696
-0.8925054669380188
0.3798179626464844
-0.5943759679794312
-0.814067006111145
0.4691224992275238
-1.1633809804916382
0.11268138885498047
0.01143493689596653
-2.230379343032837
-0.809077262878418
-0.17438049614429474
-0.9154568910598755
0.8736523389816284
0.5579774975776672
-0.29524150490760803
-0.2922036051750183
0.8899334073066711
-1.1250841617584229
0.4526521563529968
-1.315887451171875
0.262810081243515
-0.511884868144989
-0.1315477341413498
-0.24865154922008514
-12.663427352905273
10.559903144836426
-1.6819489002227783
-8.574710845947266
5.447894096374512
-2.3160998821258545
-1.3235951662063599
3.3340415954589844
-1.407109022140503
-0.3604634404182434
1.107123613357544
-1.0761836767196655
-0.2191987931728363
0.1246219128370285
-1.0390937328338623
0.2733892500400543
-0.02166137658059597
-0.35879212617874146
0.3840143084526062
-0.18105849623680115
-0.11499691009521484
-0.31694379448890686
0.7789088487625122
-0.3572292923927307
-0.013233661651611328
-0.284132719039917
-0.38804587721824646
0.7146981954574585
0.36387547850608826
-0.2669650614261627
0.04839653894305229
0.19506263732910156
0.4108191132545471
0.7735621333122253
-0.7290560603141785
-0.30051615834236145
1.0058493614196777
0.011131202802062035
0.20900531113147736
0.8352600932121277
-0.2860356271266937
0.3133893609046936
-0.04572885483503342
0.679210364818573
0.48268428444862366
-0.22467482089996338
0.19916534423828125
1.0415385961532593
-0.539531946182251
0.4477924406528473
0.8468561172485352
-0.8277323842048645
1.6027090549468994
0.2775286138057709
0.26671212911605835
1.221493124961853
0.021622180938720703
0.49053454399108887
0.26748284697532654
0.286933958530426
0.7218652367591858
0.39726394414901733
-0.09283313900232315
0.9157492518424988
0.30829286575317383
0.22118082642555237
0.4887715280056
0.023320484906435013
0.5240367650985718
0.3978184759616852
0.6383715867996216
0.5830977559089661
0.4059835374355316
-0.08901309967041016
0.41963624954223633
0.549990177154541
0.006689834408462048
1.1721621751785278
-0.016203498467803
-0.3366418778896332
0.24847574532032013
0.20900145173072815
0.19480380415916443
0.19043321907520294
0.8452788591384888
-0.22121486067771912
0.2878246307373047
-0.12720051407814026
-0.16450099647045135
0.8694927096366882
-0.22301006317138672
0.04252805560827255
0.7303773164749146
0.2050066888332367
0.1524008810520172
-0.05969076231122017
-0.3873196542263031
0.3295563757419586
-1.175757646560669
-3.439377546310425
-18.003639221191406
6.675501823425293
9.853011131286621
-6.410325527191162
-6.995399475097656
4.725422382354736
-1.4103224277496338
-1.6618213653564453
2.0503652095794678
-1.2001159191131592
-0.05577535554766655
1.2444994449615479
-1.0389868021011353
0.4577306807041168
0.36990243196487427
-0.8774423599243164
0.33531123399734497
0.3910130560398102
-0.3243582844734192
-0.1438540518283844
-0.14122438430786133
0.014202785678207874
-0.06510315090417862
0.033425331115722656
0.018896007910370827
-0.2507498860359192
-0.2174440324306488
-0.24495334923267365
0.46317824721336365
0.06089668348431587
0.03180208057165146
0.45192575454711914
-0.18695811927318573
0.21797771751880646
-0.3791988492012024
-0.7831482887268066
0.4435954988002777
-0.6310021281242371
-0.44206762313842773
0.13032111525535583
-1.1386072635650635
-0.21696682274341583
0.29753798246383667
-0.9267598986625671
-0.9147699475288391
-0.06528129428625107
0.12173805385828018
0.2733791470527649
-0.11397361755371094
-0.12008152157068253
-0.5173892974853516
-1.681858777999878
0.5488826632499695
-0.5002115368843079
-0.11034317314624786
0.19363173842430115
-0.24840393662452698
0.674888014793396
0.5546942949295044
-0.02881450578570366
-0.6551224589347839
-1.267231822013855
0.7014711499214172
-0.14331845939159393
-0.644528865814209
1.1492507457733154
-0.6349261999130249
-0.05945777893066406
0.180073544383049
0.23257294297218323
-0.04556836932897568
-0.6310106515884399
-0.6201227903366089
0.312166303396225
-1.068816900253296
0.023964691907167435
0.3689449429512024
-0.2995893359184265
-0.14893761277198792
-0.8870061635971069
-0.06109361723065376
0.30251550674438477
0.38827866315841675
-0.5005676746368408
-0.46924489736557007
-0.020706748589873314
-0.364314466714859
0.22408895194530487
-1.2137608528137207
-0.5800202488899231
0.808414101600647
0.24881677329540253
-0.7073837518692017
-0.06400136649608612
0.006481647491455078
-0.6225460171699524
0.2661271095275879
-1.4574466943740845
-0.42855891585350037
-0.5613270998001099
-11.532232284545898
10.130937576293945
-2.1104848384857178
-8.229528427124023
5.027667045593262
-2.261406421661377
-1.669812798500061
2.8796074390411377
-1.321819543838501
-0.7360290288925171
1.4116989374160767
-0.9856805801391602
-0.3520751893520355
0.08508710563182831
-0.9146896600723267
0.2917521595954895
-0.22281989455223083
-0.5152177810668945
-0.14009957015514374
-0.3577457070350647
-0.06769704818725586
0.07168912887573242
-0.1773242950439453
-0.39957958459854126
-0.40412765741348267
0.2604110836982727
-0.25385528802871704
0.04613909870386124
0.008819770999252796
0.0199264045804739
-0.07485075294971466
0.308753103017807
0.6365395784378052
0.41445016860961914
-0.7202907800674438
0.003155946731567383
0.14506497979164124
0.2203969955444336
0.2966623306274414
0.7759228944778442
-0.35491514205932617
0.10983970016241074
0.5706266164779663
0.3377321660518646
0.21305713057518005
-0.4268456995487213
0.794153094291687
0.3202652335166931
-0.31344884634017944
0.7380309104919434
0.7853106260299683
-0.39729076623916626
0.985558807849884
0.08074808120727539
-0.07656493037939072
0.6226027607917786
-0.03257431834936142
0.3508017659187317
0.4169277250766754
-0.07429404556751251
0.5412583351135254
0.1674659699201584
0.16860342025756836
-0.10881815105676651
0.2501053810119629
0.490140438079834
0.2991609573364258
0.6472439765930176
0.3904275894165039
0.03591508790850639
1.027685284614563
0.2969745695590973
0.5734134912490845
-0.12149009853601456
0.5625485181808472
0.12168369442224503
0.631369948387146
0.42458972334861755
-0.4572499394416809
0.30279475450515747
0.17988233268260956
0.34800300002098083
0.3837088644504547
-0.05508165434002876
0.28172293305397034
-0.017815113067626953
0.5772859454154968
-0.014767932705581188
0.2129291594028473
0.055902957916259766
0.6214944124221802
0.005658245179802179
0.2852252125740051
0.09375343471765518
0.03503589704632759
-0.3250061869621277
0.276136577129364
0.1530800759792328
-2.1039652824401855
-4.243255615234375
-19.223743438720703
5.413917541503906
9.40751838684082
-2.3489668369293213
-11.796365737915039
5.881915092468262
-1.0202522277832031
-2.4793665409088135
2.348655939102173
-0.30704325437545776
-1.0801167488098145
1.3893792629241943
-1.1082617044448853
0.37027043104171753
0.398733913898468
-0.9273910522460938
0.3263724446296692
-0.24995727837085724
-0.2451702058315277
0.2880488336086273
-0.4089113175868988
-0.043581772595644
-0.10830650478601456
-0.02891378477215767
-0.05793152004480362
0.09651146084070206
-0.34386080503463745
-0.07848100364208221
0.7045286893844604
-0.9650037884712219
-0.13853617012500763
0.10123252868652344
-0.8975874185562134
0.7521133422851562
-0.3577180802822113
-0.5469393730163574
-0.2896943986415863
-0.6583009958267212
-0.16161461174488068
0.36484718322753906
0.5570703744888306
-1.3222846984863281
-0.5693003535270691
0.7294021844863892
0.5766085386276245
-0.8402454257011414
0.6643465161323547
0.3838626742362976
-0.5228713154792786
-1.1685771942138672
0.6798816919326782
-0.9184106588363647
-0.482034295797348
0.0044235228560864925
-0.8846502304077148
0.3192209303379059
-0.02001934126019478
-0.908478856086731
0.11044730991125107
-0.5961998105049133
-0.9756927490234375
-0.30131110548973083
-0.2683601379394531
-0.819139301776886
1.2453773021697998
-1.5987517833709717
0.6968267560005188
-0.7676035165786743
0.9392391443252563
0.5999696850776672
-0.13255977630615234
-0.8641254305839539
0.7047384977340698
-0.2684687674045563
-0.3299810290336609
-0.4520672857761383
-0.669590950012207
-0.06433506309986115
-1.394181728363037
1.0946375131607056
-0.06156492233276367
0.36979275941848755
-0.23934125900268555
-1.3093632459640503
0.7775566577911377
-1.1677427291870117
-0.2985652983188629
0.6040226221084595
-1.2940655946731567
-0.005158043000847101
-0.9413942098617554
-0.9596630334854126
0.901563286781311
-0.7900848388671875
-0.34683650732040405
-0.44748860597610474
0.11358337104320526
-0.8344022631645203
-0.5897008180618286
-0.6564784049987793
-12.433159828186035
10.947039604187012
-1.9620609283447266
-8.490950584411621
5.526480197906494
-2.996232509613037
-1.6122257709503174
3.239208936691284
-1.6120455265045166
-0.5209934115409851
1.3369230031967163
-1.3878719806671143
-0.04630236700177193
0.05659818649291992
-0.9149494171142578
-0.04020728915929794
-0.47342848777770996
-0.5322656035423279
0.0755063071846962
0.2088264524936676
-0.279572069644928
0.0737152099609375
0.2440224587917328
-0.5657137632369995
-0.1848917454481125
-0.11462412029504776
-0.5161691308021545
0.6089974045753479
0.36421456933021545
-0.20759057998657227
-0.11535434424877167
0.4097104072570801
0.42618903517723083
0.924401581287384
-0.7065765857696533
-0.435973584651947
0.8752687573432922
-0.11935774236917496
0.5888687372207642
0.9675168991088867
-0.5993354916572571
0.48244690895080566
0.2924763560295105
-0.3041812777519226
0.7536190748214722
-0.23076696693897247
0.591251015663147
1.1774990558624268
-0.6625037789344788
0.30659204721450806
0.4858521819114685
0.14234772324562073
0.6234070062637329
0.11906909942626953
-0.283138245344162
1.2390267848968506
0.2383894920349121
0.19898948073387146
0.4427703022956848
0.26347532868385315
0.38870924711227417
0.08810281753540039
0.5479446649551392
0.25747448205947876
0.5153594613075256
0.6653335690498352
-0.5805222392082214
0.38017576932907104
0.5700439214706421
0.04600944370031357
0.16830816864967346
0.8939398527145386
0.43318861722946167
0.20017985999584198
0.2964974343776703
0.11947174370288849
0.5417541265487671
-0.2093397080898285
0.06916551291942596
0.8179253339767456
-0.2660887837409973
0.6272259950637817
-0.34130343794822693
0.07102813571691513
0.3734855651855469
0.3214643597602844
0.32597845792770386
-0.12165403366088867
0.5282135009765625
0.10779132694005966
-0.09730319678783417
0.38805437088012695
0.4005405306816101
-0.11605310440063477
-0.3239256739616394
0.3237238824367523
0.11989355087280273
0.4580976366996765
-1.6520763635635376
-4.572240352630615
-18.166057586669922
6.978071689605713
9.058618545532227
-3.1608128547668457
-10.494813919067383
4.0804548263549805
-0.07737431675195694
-2.585085391998291
1.9302875995635986
-0.13215017318725586
-1.2566522359848022
0.9821079969406128
-0.16537733376026154
-0.26783913373947144
0.3326774537563324
-0.010260581970214844
-0.5428946614265442
0.40634554624557495
-0.267983615398407
-0.44601917266845703
0.6522970199584961
-0.20516911149024963
-0.4918452203273773
0.3158676028251648
0.1187838539481163
-0.48614922165870667
0.38751164078712463
0.5524154901504517
-0.40643310546875
-0.12956532835960388
0.19856958091259003
-1.067627191543579
-0.543899655342102
-0.5520440936088562
0.3291524052619934
-0.7001538276672363
-1.2525694370269775
1.8024364709854126
-0.2644137442111969
-0.6720954179763794
-0.20879201591014862
-0.0866672545671463
-0.07009410858154297
-0.2045166939496994
0.9968169927597046
-0.9317057728767395
0.6431759595870972
1.119638204574585
-1.4661989212036133
-0.7293149828910828
0.5939376950263977
-0.8280495405197144
0.9539545774459839
-0.36393165588378906
-0.2052604705095291
-0.47305965423583984
0.6434612274169922
-0.0316808708012104
0.6677228808403015
-0.10679416358470917
-0.46078434586524963
-0.21644477546215057
0.18294906616210938
0.9822696447372437
0.22531776130199432
0.5150260925292969
-0.20737037062644958
0.4591887593269348
0.07004718482494354
-1.171360731124878
1.3443081378936768
-1.900311827659607
0.0670408234000206
-0.7580198049545288
-1.0148792266845703
0.866955578327179
0.38569051027297974
-1.1317040920257568
0.7919929623603821
-0.7578851580619812
-0.6059077978134155
0.5262371301651001
-1.2421376705169678
0.41359347105026245
0.30792903900146484
0.014680290594696999
0.29921093583106995
0.4328888952732086
0.2500523626804352
-0.9264659881591797
-0.16611424088478088
-0.6012555956840515
0.4843221604824066
0.7331281900405884
-0.012317085638642311
-2.1623008251190186
1.6849701404571533
-2.0623435974121094
-1.0858943462371826
-0.16113463044166565
-13.331460952758789
10.627092361450195
-2.8820252418518066
-8.072417259216309
5.823944568634033
-2.9908478260040283
-1.0371453762054443
2.688199996948242
-1.7206569910049438
-0.4902060627937317
1.3262717723846436
-1.6523778438568115
-0.32774314284324646
0.5907408595085144
-0.7813447713851929
-0.28633299469947815
0.21420693397521973
-0.5386117100715637
0.09447889029979706
-0.24328327178955078
-0.3792007863521576
0.4182536005973816
0.11638431251049042
0.09273252636194229
-0.10176043212413788
0.1759578287601471
-0.18447113037109375
-0.22649912536144257
-0.19550418853759766
-0.18169613182544708
-0.012260198593139648
0.33799710869789124
0.4599539339542389
0.2101282775402069
0.3124806880950928
0.17048797011375427
0.09877331554889679
-0.27280721068382263
0.11507930606603622
0.8736006617546082
0.46180933713912964
-0.33069002628326416
0.17341667413711548
0.5063899755477905
0.07972262054681778
0.1984511762857437
0.40000399947166443
0.11247821152210236
0.16647949814796448
0.41964173316955566
0.14844560623168945
0.054566241800785065
0.7679611444473267
-0.11980905383825302
-0.15693926811218262
0.7337074279785156
-0.13361068069934845
0.5308533906936646
0.7657893896102905
0.04906520992517471
0.3533455729484558
0.6145466566085815
0.03142256662249565
0.4119967520236969
0.4367845952510834
0.4054652154445648
0.20521335303783417
0.861929714679718
-0.18272820115089417
0.4582446217536926
0.5055176019668579
0.3210005760192871
0.4561487138271332
0.1494005173444748
0.6891613006591797
0.31238240003585815
-0.07924576103687286
0.9010952115058899
0.6171303987503052
0.15473584830760956
0.5425242185592651
0.04629964753985405
0.48934975266456604
-0.001135158585384488
0.33807533979415894
0.36960896849632263
0.17319726943969727
0.48101407289505005
-0.13157376646995544
0.37342530488967896
0.04164924472570419
0.373258501291275
-0.045374106615781784
0.7075510025024414
-0.12809792160987854
0.10902366787195206
0.32544660568237305
0.11430978775024414
-0.9354543685913086
-3.9366118907928467
-18.16939926147461
6.553314208984375
10.437536239624023
-6.923248291015625
-6.997798919677734
4.952759742736816
-1.7100412845611572
-1.6641485691070557
2.3991012573242188
-0.9500511884689331
-0.35841307044029236
1.0932081937789917
-0.8495537042617798
0.020688915625214577
0.523928165435791
-0.6026884317398071
0.25065213441848755
0.05398597568273544
-0.4597856104373932
0.02054119110107422
0.23981237411499023
0.10601606220006943
0.09918594360351562
0.09363727271556854
0.10029401630163193
0.12561503052711487
0.10537347942590714
-0.02420196495950222
0.5128960609436035
-0.36467695236206055
0.08483199775218964
1.1624314785003662
-0.8452177047729492
0.023712158203125
-0.5286169052124023
-1.2995675802230835
0.5057870745658875
0.24702739715576172
-0.08430929481983185
0.6547731161117554
-0.10177536308765411
0.36040401458740234
0.8744409680366516
-0.3152580261230469
-0.8479835391044617
0.5758520364761353
-0.2265193909406662
0.3077579438686371
0.6211234927177429
0.24975013732910156
-1.3428981304168701
-0.4399181306362152
1.0299667119979858
-0.6330253481864929
0.1312086135149002
0.7650749087333679
0.17553424835205078
0.6130005121231079
0.6225578188896179
-0.503818690776825
0.4441886842250824
-0.2607402801513672
-0.22141733765602112
0.5019519925117493
-0.613202691078186
-0.19853496551513672
0.5007017850875854
-0.8574885129928589
-0.03966350480914116
-0.7849036455154419
0.9564728736877441
0.24471569061279297
-1.3373565673828125
0.7903093695640564
-1.5152424573898315
0.14512643218040466
-0.9167587161064148
1.5770143270492554
-0.5737025141716003
-0.8971660733222961
-0.0983029380440712
-0.8514113426208496
-0.4541621208190918
0.356912225484848
0.1525612771511078
-0.3593347668647766
-0.8633246421813965
-0.72826087474823
-0.7630895376205444
-0.22872772812843323
0.049683667719364166
0.1278161108493805
0.08349285274744034
-0.8702800869941711
-0.027365494519472122
-1.0977628231048584
0.8482662439346313
-0.7919777035713196
-0.04756288602948189
-1.1904821395874023
-13.0983304977417
10.687532424926758
-1.927268624305725
-8.520672798156738
5.333098411560059
-2.919586181640625
-1.0021048784255981
3.143810272216797
-1.3865482807159424
-0.49677151441574097
1.242531418800354
-1.1269137859344482
-0.0708438903093338
-0.0944703072309494
-0.7543644309043884
-0.14745673537254333
-0.2024584710597992
-0.3138016164302826
-0.23471799492835999
-0.25208187103271484
-0.10303554683923721
-0.5568320155143738
0.42328518629074097
0.041297148913145065
-0.4237428307533264
-0.2512068748474121
-0.10361842811107635
0.4395579695701599
0.2744925916194916
-0.9126367568969727
-0.7737518548965454
0.6839375495910645
-0.3270512819290161
0.0741213783621788
0.8566023111343384
-0.3639738857746124
0.11499188095331192
-0.20340533554553986
0.6648169755935669
0.8431874513626099
-0.5534493327140808
0.587990939617157
0.992842972278595
-0.2812875807285309
0.04779297113418579
0.546164333820343
0.2747686505317688
-0.10615720599889755
-0.1020481139421463
0.8396929502487183
0.11906647682189941
-0.13480690121650696
0.5057507753372192
-0.08627276122570038
0.21793261170387268
0.8626322746276855
-0.4206734597682953
0.505176305770874
0.34362897276878357
0.32382744550704956
0.3103899359703064
-0.051718614995479584
0.15969857573509216
0.5084559321403503
0.07326526939868927
0.5253278017044067
0.14693450927734375
0.9287521243095398
0.07405443489551544
0.031610775738954544
0.5632408261299133
0.6228203773498535
0.7007204294204712
-0.4725205898284912
0.19487714767456055
-0.08914003521203995
0.43484658002853394
0.41233158111572266
-0.12566909193992615
0.3825034201145172
0.14443130791187286
-0.24898672103881836
0.44814443588256836
0.30556631088256836
0.3776583671569824
0.01848764345049858
-0.036273956298828125
0.04038095474243164
0.652176558971405
0.04262123256921768
0.2574617266654968
0.5907709002494812
-0.19795866310596466
0.6726160049438477
0.059290122240781784
-0.1773497611284256
0.2861686646938324
0.3591407835483551
-1.328659176826477
-4.209715366363525
-18.545835494995117
7.464621543884277
8.8662691116333
-3.088848114013672
-11.6790771484375
6.40497350692749
-1.0930607318878174
-2.9053187370300293
2.7441742420196533
-0.4256601929664612
-1.1091935634613037
1.474648118019104
-0.42167940735816956
-0.47255343198776245
0.5440443754196167
-0.27326735854148865
-0.2653689980506897
0.4753097593784332
-0.08093567192554474
-0.19917897880077362
0.36158305406570435
0.07444019615650177
-0.09786872565746307
-0.16687670350074768
-0.11530361324548721
0.12455129623413086
-0.11064586788415909
0.03766822814941406
-0.27150994539260864
0.4730972349643707
0.031122207641601562
0.17356690764427185
0.6231834292411804
-0.31938380002975464
0.23380717635154724
-1.7630771398544312
1.2002180814743042
0.07029151916503906
-1.11171293258667
1.4222949743270874
0.36010628938674927
-1.438327670097351
-0.2758464813232422
0.7514499425888062
0.063329316675663
-0.2514566481113434
1.429827094078064
0.28509998321533203
-1.473785638809204
-1.0217276811599731
1.3267558813095093
-1.6387643814086914
-0.5807090997695923
-0.27172738313674927
-0.8602581024169922
0.031174849718809128
0.8270300030708313
-0.4705314636230469
0.9963455200195312
-0.4207230508327484
-1.106392502784729
0.034725286066532135
0.03902149200439453
-0.8478115200996399
-0.18169374763965607
-0.46155840158462524
-0.46631890535354614
-0.2510143220424652
0.7013165354728699
-0.19115743041038513
1.0087792873382568
-0.5067407488822937
-0.3516075015068054
0.3105950355529785
-0.3646133542060852
-0.30395108461380005
0.14206495881080627
0.5539840459823608
-1.2502914667129517
-0.4659033715724945
0.14768943190574646
-0.5178831815719604
0.24278926849365234
0.18627110123634338
-0.37279853224754333
-0.24958400428295135
-0.44391337037086487
-0.0006926536443643272
-0.6971241235733032
-0.4296649992465973
-0.17148923873901367
0.3143799901008606
-0.7595314979553223
-0.9719816446304321
-0.09728884696960449
1.4192111492156982
0.22964611649513245
-0.25355520844459534
-1.3584448099136353
-1.455111026763916
-11.938803672790527
10.438438415527344
-1.6838573217391968
-8.520552635192871
5.166230201721191
-2.319098949432373
-1.4479100704193115
2.738015651702881
-1.121850609779358
-0.7074971199035645
1.3331201076507568
-1.0849555730819702
0.0815739631652832
0.4703551232814789
-1.1122238636016846
-0.16061067581176758
0.05148448795080185
-0.1417558640241623
-0.026367615908384323
0.27784544229507446
-0.4659036695957184
-0.18925423920154572
0.8173421621322632
-0.475879043340683
-0.2266559600830078
-0.17229795455932617
-0.5869764089584351
0.44590631127357483
0.31457269191741943
-0.17446045577526093
-0.13424572348594666
0.2585945725440979
0.595561146736145
0.6426540613174438
-0.6878785490989685
-0.3302898406982422
0.8445337414741516
0.009095728397369385
-0.10230600833892822
0.8506976962089539
-0.12820282578468323
0.4208969175815582
0.1643170416355133
0.00986325740814209
0.35479259490966797
0.005151116754859686
0.6239757537841797
0.81572026014328
-0.46729063987731934
0.8104058504104614
0.8743135333061218
-0.7294282913208008
0.5485027432441711
0.5978571176528931
0.12900200486183167
0.746334433555603
0.009599447250366211
0.5489857792854309
0.5300623178482056
0.5182287096977234
0.6971494555473328
-0.2690345346927643
0.049994468688964844
1.0095081329345703
0.45835819840431213
0.4431459307670593
0.08384676277637482
0.08273925632238388
0.7778586149215698
0.5171893239021301
0.17736177146434784
0.597309410572052
0.8263732194900513
-0.12804841995239258
-0.3984876573085785
1.0807918310165405
-0.007869720458984375
0.25294095277786255
0.9179081916809082
-0.20181655883789062
0.21938705444335938
0.1164618507027626
-0.11416272819042206
0.8068877458572388
0.560194194316864
-0.10189609229564667
0.1148960143327713
0.22711829841136932
-0.27515220642089844
0.18165282905101776
-0.3577863574028015
0.22692327201366425
0.3876313269138336
0.165318101644516
0.2999299168586731
0.47844067215919495
-0.646589457988739
0.8490548133850098
-2.4108426570892334
-4.579623222351074
-18.844141006469727
5.363638877868652
9.810453414916992
-1.3944778442382812
-13.642193794250488
6.090710163116455
-0.2945355474948883
-3.5870201587677
2.5396621227264404
0.1640724241733551
-1.6929165124893188
1.8212177753448486
-0.8789548873901367
-0.48737311363220215
1.0228451490402222
-0.9618398547172546
0.11234913021326065
0.3456498980522156
0.05960102006793022
-0.5489908456802368
0.3343976140022278
-0.1070323958992958
-0.21337270736694336
0.01769390143454075
0.173902228474617
-0.35980290174484253
0.2584860920906067
-0.5244237184524536
-0.2926529049873352
0.38416823744773865
-0.7679780125617981
-0.005313682369887829
0.2745937407016754
-0.35043469071388245
-0.26842039823532104
-1.869968056678772
0.9824522137641907
0.6595739126205444
-0.8460935354232788
1.3114063739776611
0.770380973815918
-0.6539689898490906
-0.8747021555900574
0.4152940809726715
0.36018410325050354
-0.4822596609592438
1.022361159324646
0.08941154181957245
-2.1302027702331543
-1.0860637426376343
1.8820533752441406
-1.422775149345398
0.3397459089756012
-0.0034818649291992188
-1.5046974420547485
0.5901376605033875
0.34329795837402344
0.16458472609519958
-1.038191795349121
-0.16274090111255646
-0.06081104278564453
0.5163142085075378
0.026618575677275658
1.2024415731430054
-0.028196906670928
0.9384257197380066
-1.2440388202667236
0.19324226677417755
-1.556946039199829
0.6414216160774231
-0.42759647965431213
-0.18547973036766052
-0.3351457715034485
-0.25968751311302185
-0.12832669913768768
0.33607396483421326
-0.6943320035934448
0.6155992746353149
-1.1246205568313599
1.4788135290145874
-0.04873809963464737
1.1105009317398071
-1.5323277711868286
0.803580105304718
-0.792980968952179
0.7663298845291138
-1.269515037536621
0.5551279783248901
-0.43776077032089233
-0.3613021969795227
-0.1598309576511383
-1.30399489402771
2.0040576457977295
-0.5602717995643616
0.2597818970680237
-0.1556694060564041
0.8312622904777527
0.34689998626708984
-2.0686194896698
0.3474362790584564
-13.29810619354248
10.488086700439453
-1.6892995834350586
-9.245153427124023
5.480252265930176
-2.5611114501953125
-1.5660580396652222
3.3021812438964844
-1.8156263828277588
-0.28533831238746643
1.0720313787460327
-0.9490541219711304
-0.11151905357837677
-0.049932289868593216
-0.9181870222091675
-0.16282682120800018
-0.2410285472869873
-0.41550129652023315
0.1949574500322342
-0.014784097671508789
-0.2571437358856201
-0.06589231640100479
0.19036158919334412
-0.39744463562965393
-0.08482203632593155
-0.18314914405345917
-0.5998042821884155
0.9890958666801453
0.7324230670928955
-1.2272608280181885
-0.3767910897731781
0.5909695625305176
-0.008965849876403809
-0.2728025019168854
0.5895487666130066
0.10098515450954437
0.3160400092601776
-0.46237295866012573
0.3561520576477051
1.13681960105896
0.33307790756225586
-0.5555121302604675
0.5983359217643738
-0.03603283315896988
0.34408289194107056
-0.040035463869571686
0.8896258473396301
0.33624231815338135
0.3340795934200287
0.19795432686805725
0.16377763450145721
-0.28253817558288574
0.580957293510437
0.12229056656360626
0.21410036087036133
0.7035262584686279
0.035698652267456055
-0.2898866534233093
0.6188960671424866
0.2019258439540863
0.518896758556366
-0.191298246383667
0.4546326994895935
1.0425269603729248
-0.6501539349555969
0.5274966955184937
0.10639981925487518
0.6637300252914429
0.09607019275426865
-0.33118757605552673
0.20884552597999573
0.2612638473510742
0.27932634949684143
0.2976033091545105
-0.06011467054486275
0.506051242351532
-0.07690258324146271
-0.08507957309484482
0.6478613018989563
0.21147938072681427
-0.04220705106854439
0.08322735130786896
0.24616022408008575
0.2570461332798004
0.28230828046798706
-0.045752622187137604
-0.05481710284948349
0.8594378232955933
-0.5869849324226379
0.42133522033691406
-0.003281021025031805
-0.12525896728038788
0.43870535492897034
-0.14546766877174377
0.4153239130973816
0.3844815194606781
0.1639242172241211
-0.13022632896900177
-1.463367223739624
-4.133923053741455
-18.431529998779297
6.372098922729492
10.451624870300293
-7.3165388107299805
-7.616381645202637
5.243733882904053
-1.877497911453247
-1.665945053100586
2.585618495941162
-1.2352783679962158
-0.5273053050041199
1.3186314105987549
-1.2094453573226929
0.1172301322221756
0.3378579020500183
-0.6818884015083313
0.41787052154541016
-0.13087444007396698
-0.5500005483627319
1.0834341049194336
-0.3884773254394531
-0.2744816839694977
0.24606075882911682
-0.13587084412574768
-0.17379207909107208
0.33069849014282227
0.04300546646118164
-0.6993556618690491
0.7218721508979797
-0.9641952514648438
0.43987542390823364
-0.12236060947179794
-0.45030108094215393
0.8082765340805054
-0.540756344795227
-0.9909623265266418
0.8534502983093262
-0.688132643699646
0.40059033036231995
1.3389946222305298
-1.1172071695327759
-0.6178593635559082
0.5502235293388367
-0.3414677679538727
-1.1154853105545044
-0.4851730465888977
-0.8677037954330444
0.08080234378576279
0.7797821164131165
0.6465682983398438
-1.134030818939209
-1.1482977867126465
1.3573286533355713
-1.5631630420684814
0.7555564641952515
-0.5091511011123657
-0.12458972632884979
0.42412835359573364
-0.583422064781189
-0.4958108961582184
0.623064398765564
-1.0533708333969116
0.3555859625339508
0.5479986071586609
0.23576298356056213
-0.4528213441371918
0.30928802490234375
-0.9115217924118042
0.9643529653549194
-1.0432533025741577
-1.179530382156372
0.8472871780395508
-0.4458168148994446
-0.8701135516166687
0.9962846636772156
-0.798331618309021
-0.5415786504745483
-0.7398538589477539
0.4778216481208801
0.3380556106567383
-0.43695545196533203
-0.5285690426826477
-0.7975239753723145
0.4497789442539215
0.08191852271556854
-0.07487182319164276
0.006897640414535999
-0.966498851776123
0.773906409740448
-1.4275188446044922
1.2149021625518799
-0.17783132195472717
-0.19172295928001404
0.0177001953125
-0.48817890882492065
1.4337856769561768
0.6719766855239868
-0.06806671619415283
-1.7801392078399658
-0.4118901193141937
-13.698766708374023
10.722953796386719
-2.041882276535034
-8.476491928100586
5.546441555023193
-2.7847418785095215
-1.0573657751083374
2.9062857627868652
-1.4338958263397217
-0.5615522265434265
1.1826274394989014
-0.9846750497817993
0.12386856228113174
0.022626351565122604
-0.7448696494102478
-0.04232664033770561
0.024016570299863815
-0.3990771770477295
0.31101781129837036
0.38490763306617737
-0.2261323481798172
0.09247879683971405
-0.08198213577270508
0.04214634746313095
-0.5616675019264221
0.17017149925231934
-0.1540052890777588
0.103650763630867
0.6216506958007812
-0.7044658064842224
-0.6758964657783508
0.8768491744995117
-0.2196773737668991
0.08629598468542099
0.3122163712978363
-0.34882527589797974
0.9095643162727356
-0.8420257568359375
0.11035764217376709
0.8906052708625793
-0.41923457384109497
0.2140084207057953
0.569038450717926
-0.30985450744628906
0.5248359441757202
-0.1322115957736969
0.44132018089294434
0.5596669912338257
-0.2796001136302948
0.06695981323719025
0.3097843527793884
0.239410400390625
0.749487042427063
-0.3187163770198822
0.7225648164749146
0.4648105502128601
0.355581134557724
0.25479012727737427
0.3762589395046234
0.47502511739730835
0.20950117707252502
-0.18426112830638885
0.8028705716133118
-0.01790904998779297
0.34077054262161255
0.5760445594787598
-0.22222428023815155
0.7127436399459839
0.952710747718811
0.13600453734397888
-0.16310834884643555
0.6777287721633911
0.8477961421012878
0.277829647064209
0.29389381408691406
-0.22106342017650604
0.4784826338291168
0.6722038984298706
0.36689290404319763
-0.24931582808494568
0.2872158885002136
0.4310856759548187
0.05562248080968857
-0.34540337324142456
0.49817028641700745
-0.1029694527387619
0.43904629349708557
0.5786382555961609
-0.09613542258739471
0.20671586692333221
0.25868454575538635
-0.2464558631181717
0.25270843505859375
0.20934924483299255
0.21274852752685547
0.34314078092575073
-0.2201533317565918
0.1262255609035492
-0.9068129658699036
-3.730973720550537
-18.002975463867188
6.6972198486328125
9.870916366577148
-6.14321231842041
-7.408425331115723
4.80549955368042
-1.1699347496032715
-1.7557103633880615
2.071089506149292
-0.5747536420822144
-0.5498668551445007
1.0932838916778564
-0.7363630533218384
0.17295007407665253
0.16875895857810974
-0.543246865272522
-0.3374163508415222
0.43509015440940857
0.2482825219631195
-0.2973094880580902
-0.07113933563232422
0.06119079515337944
-0.1162751168012619
-0.1940689980983734
-0.20589008927345276
0.1846151351928711
0.08028688281774521
-0.08512821048498154
-0.11235694587230682
0.13397780060768127
-0.589438259601593
-0.09272976219654083
-0.6346536874771118
-0.2883400022983551
0.8084629774093628
0.4385868012905121
-0.6887040138244629
-1.1400775909423828
0.10602235794067383
0.7118879556655884
-1.6271030902862549
1.0062005519866943
0.2992454469203949
-1.0448116064071655
-1.1151119470596313
0.8132331967353821
-0.45367830991744995
0.4292142987251282
1.0722134113311768
-0.569953441619873
-1.935192346572876
-0.6538416743278503
-0.3333640992641449
-0.6981552839279175
-0.9348102807998657
-0.6976453065872192
0.41193142533302307
0.5437986254692078
-0.39321574568748474
0.3375459611415863
0.22651386260986328
0.6273536682128906
-0.1255943328142166
0.02500934526324272
-0.5136087536811829
-0.5052593350410461
-0.01204528845846653
0.09920940548181534
-0.3703289031982422
-0.4373653531074524
0.463982492685318
-0.8851326107978821
-0.21240434050559998
-0.2801300883293152
-0.6229707598686218
0.6125770807266235
-0.10663080215454102
-0.3639861047267914
0.059548377990722656
-0.2686138153076172
-1.275626540184021
-1.01808500289917
0.8806966543197632
-0.5433312654495239
0.4709705412387848
-0.26294320821762085
-1.299917221069336
0.32745161652565
1.6153132915496826
-1.4594581127166748
0.7334269285202026
-0.6649719476699829
0.978397011756897
-0.8272098302841187
0.6308676600456238
-0.24413928389549255
0.5876752734184265
-1.2673707008361816
-1.0187715291976929
-0.54761803150177
-12.531023979187012
7.706419467926025
1.0776666402816772
-8.994264602661133
4.77927303314209
-1.8497495651245117
-1.7192885875701904
2.9006195068359375
-1.2337232828140259
-0.718467116355896
1.3876475095748901
-0.797174334526062
-0.3402128219604492
-0.3301353454589844
-0.35416388511657715
0.21828603744506836
-0.734611451625824
-0.19804581999778748
0.6163509488105774
-0.6990640163421631
-0.24037933349609375
0.2091854065656662
0.22917751967906952
-0.35420507192611694
0.009252357296645641
0.044995974749326706
-0.45415106415748596
-0.025135088711977005
0.35941579937934875
0.0770205706357956
0.25012731552124023
0.38507354259490967
-0.09101531654596329
0.7362755537033081
-0.6748664975166321
-0.47186392545700073
0.8892447352409363
-0.3007884621620178
0.08489970862865448
1.0908496379852295
0.5005207657814026
0.06198431923985481
0.006642460823059082
0.46802982687950134
-0.06671466678380966
0.4557596743106842
0.13660509884357452
0.1168171614408493
0.4272295832633972
0.1867874711751938
0.6941553354263306
0.2627420723438263
0.3761579990386963
0.3782307505607605
0.06911082565784454
0.2610078454017639
0.38832950592041016
0.3611301779747009
0.09761981666088104
0.42411676049232483
0.7314375638961792
-0.12392449378967285
0.5270098447799683
0.3148528039455414
0.37659043073654175
0.12002906948328018
0.31545981764793396
0.04431476444005966
0.5732407569885254
0.8564653396606445
-0.09195242077112198
0.29967251420021057
0.5642260313034058
-0.18666057288646698
0.8035539388656616
0.8812353014945984
-0.4341405928134918
0.6755329370498657
0.17254933714866638
-0.008563613519072533
-0.024925613775849342
0.41986122727394104
0.46485090255737305
0.513644814491272
-0.21163301169872284
0.6260067224502563
-0.18959617614746094
-0.03244628757238388
0.17096957564353943
0.7376171350479126
-0.1259908676147461
0.384255975484848
-0.03679828718304634
-0.14708185195922852
0.17925825715065002
0.27413254976272583
0.015057563781738281
-2.346038854739163e-05
-2.2100062370300293
-3.813241481781006
-18.50619888305664
6.043323516845703
9.574705123901367
-3.859424114227295
-9.321812629699707
4.249039649963379
-0.5760476589202881
-2.6269969940185547
2.488023281097412
-0.45418691635131836
-1.0915307998657227
1.2365667819976807
-0.5407703518867493
-0.25288301706314087
0.1795385330915451
-0.47788819670677185
-0.19655676186084747
-0.12754639983177185
-0.24118594825267792
-0.5889536142349243
-0.21798773109912872
-0.16820326447486877
-0.5012918710708618
0.3506087362766266
-0.4063289761543274
0.05147828906774521
-0.048087023198604584
0.05336914211511612
0.12093677371740341
0.12056159973144531
-0.4849986135959625
0.23692169785499573
-0.22798661887645721
-0.02006359025835991
0.12282848358154297
-1.762067198753357
0.5320233106613159
-0.11057128757238388
-0.7711753845214844
1.0966774225234985
-0.4249346852302551
-1.1734955310821533
-0.6206760406494141
-0.04632510989904404
-0.11497707664966583
-0.3527478277683258
0.4378034472465515
0.961046576499939
-1.2430622577667236
-0.5288745760917664
1.0484695434570312
-1.139548659324646
0.9179589152336121
-0.9500206112861633
0.0072074891068041325
0.11234264075756073
0.6301026344299316
-0.9155794978141785
0.43723708391189575
-0.05207996442914009
-1.6646732091903687
1.1815650463104248
-0.11510829627513885
0.7785749435424805
-0.19486913084983826
-0.3571855425834656
-0.2570991516113281
0.11122608184814453
-0.42781028151512146
-0.13109560310840607
-0.044068049639463425
-0.9396146535873413
0.4819982647895813
0.205226331949234
0.2694101929664612
-1.0087779760360718
0.538881242275238
-1.5735881328582764
-0.2824018597602844
0.6550024151802063
-0.0876384750008583
-1.3483655452728271
0.5594253540039062
-0.06930150836706161
-0.403130441904068
-0.782496452331543
-0.4205615520477295
-0.7662369012832642
0.9650930166244507
-1.0319440364837646
0.8413782119750977
-0.9396539926528931
0.3545982241630554
-0.47732219099998474
0.4136347770690918
0.7482404708862305
-0.7941039800643921
-0.9227588772773743
-0.7267416715621948
-0.7215693593025208
-12.941488265991211
10.399898529052734
-1.8052631616592407
-8.795741081237793
5.3665595054626465
-2.920555353164673
-0.9122205972671509
2.9360899925231934
-1.2902532815933228
-0.8921059370040894
0.9812222719192505
-1.1762940883636475
0.14578595757484436
-0.15680499374866486
-1.0562089681625366
0.35085487365722656
-0.35475677251815796
-0.552777886390686
0.14089278876781464
0.10137972980737686
-0.43253064155578613
-0.09655819088220596
0.20293483138084412
-0.3559694290161133
0.10168671607971191
0.12704864144325256
-0.9687896966934204
0.561222493648529
0.24290522933006287
-0.18455763161182404
0.45584431290626526
-0.1787225753068924
0.5262669324874878
0.28393423557281494
0.26651301980018616
-1.4137287139892578
0.852241039276123
0.6324887871742249
0.09096966683864594
0.742401659488678
0.16967859864234924
-0.029581483453512192
0.3296939432621002
-0.10412220656871796
0.16814622282981873
0.6007899641990662
0.1315164417028427
0.8786967992782593
-0.23649105429649353
-0.11281295120716095
0.9018707275390625
-0.30861830711364746
0.17259645462036133
0.9074448347091675
0.6450772881507874
0.4863811433315277
-0.23086833953857422
-0.1053583174943924
0.8330524563789368
0.43364986777305603
0.17671766877174377
0.26793986558914185
0.16243962943553925
0.2348484992980957
0.5825099945068359
0.3410186767578125
0.44768181443214417
0.06989526748657227
0.22130922973155975
0.3476015031337738
-0.043267153203487396
1.0533841848373413
0.26663312315940857
0.20726212859153748
0.5087960958480835
0.12193603813648224
0.23930272459983826
0.4523368775844574
0.22632236778736115
-0.19111652672290802
0.4054947793483734
0.09657306969165802
0.2768692970275879
0.15984611213207245
-0.10897178947925568
0.5385977625846863
-0.38030654191970825
-0.13071365654468536
0.21167726814746857
-0.0353277213871479
-0.12865257263183594
0.5838717222213745
0.26194342970848083
0.28283604979515076
0.2015666961669922
-0.04670972749590874
0.03796644136309624
0.3216695785522461
-2.227128505706787
-4.485610008239746
-15.890073776245117
3.2411258220672607
2.9562230110168457
-2.6160075664520264
-2.7656137943267822
0.6744614839553833
-0.6929996609687805
-0.8987308740615845
0.6496230363845825
-0.3063661456108093
-0.2243613749742508
0.4821097254753113
-0.3117876648902893
-0.07697305828332901
0.6990853548049927
-0.17468881607055664
-0.2802545428276062
0.6666213274002075
-0.6720298528671265
0.1313193291425705
0.43135470151901245
-0.10902108997106552
0.04027671739459038
0.33394670486450195
-0.41472214460372925
-0.1685810089111328
0.5455023646354675
-0.7675616145133972
0.3224453926086426
0.1941368132829666
-0.10036468505859375
0.04707012325525284
-0.3037111163139343
0.1905086487531662
-1.0413570404052734
-0.07575969398021698
0.239013671875
-0.027207374572753906
-0.04452371597290039
-0.4257062077522278
0.39254388213157654
0.7412644624710083
0.43170469999313354
-1.3837683200836182
-0.1637897491455078
-0.0032079697120934725
-0.37125205993652344
-0.705825924873352
0.5231488943099976
-0.02997284010052681
0.24943199753761292
0.40295886993408203
-1.7767860889434814
-0.6226258277893066
0.7094894647598267
-1.3470022678375244
0.14565372467041016
0.5526083111763
-0.8996486663818359
-0.1304609328508377
1.0539743900299072
-0.7639635801315308
0.3637031614780426
-0.9394542574882507
-0.3934839367866516
1.4838441610336304
-0.5808752775192261
-0.2741527557373047
0.8960477709770203
-1.3294885158538818
0.7872095108032227
0.22213296592235565
0.8923627138137817
-0.6752996444702148
-1.3761919736862183
-0.06562824547290802
-0.14355334639549255
1.8745838403701782
-0.527255654335022
0.11902666091918945
-0.37663593888282776
-0.524295449256897
0.6594985723495483
0.29442358016967773
0.08689842373132706
-0.5380305051803589
1.317612648010254
-0.11188526451587677
-0.6424804925918579
-0.36855754256248474
0.46668362617492676
-0.5468851923942566
-0.8917778134346008
0.7547770738601685
-0.12680940330028534
-0.5548626184463501
0.47042885422706604
0.25852102041244507
-0.5067064166069031
-1.3360235691070557
-12.239760398864746
10.456552505493164
-1.878385305404663
-8.57300853729248
5.682819843292236
-2.6074576377868652
-1.3472248315811157
3.349977970123291
-1.3757762908935547
-0.44193488359451294
1.0124895572662354
-0.872689425945282
-0.1974465399980545
0.49966374039649963
-1.1990079879760742
0.4145963788032532
0.0071222782135009766
-0.18539008498191833
0.03419814258813858
-0.0012772560585290194
-0.13057613372802734
-0.1676388680934906
0.07044544070959091
0.09679575264453888
-0.30116182565689087
-0.6183708310127258
-0.11594362556934357
0.8079883456230164
0.4751753807067871
-1.432755947113037
-0.3175504207611084
0.8575418591499329
-0.3157065510749817
0.06491532176733017
0.3820090889930725
0.043803177773952484
-0.23230929672718048
-0.5471452474594116
0.4283287525177002
1.2391533851623535
-0.18143586814403534
-0.6868732571601868
0.05806612968444824
0.16336941719055176
-0.056241583079099655
0.286975234746933
0.7532407641410828
0.12294583022594452
0.38316601514816284
0.15712757408618927
0.2923213839530945
0.14455047249794006
0.5162436366081238
-0.5643084049224854
0.4527413249015808
0.7036115527153015
-0.2967694401741028
1.01658034324646
0.2891615033149719
-0.20139756798744202
0.8116170763969421
-0.022837543860077858
-0.14833955466747284
0.7263349294662476
0.181847482919693
0.18162402510643005
0.40147820115089417
0.37449145317077637
0.25153693556785583
0.10134420543909073
0.41024503111839294
-0.16513490676879883
0.17560243606567383
0.5187524557113647
0.09706258773803711
-0.0033521652221679688
0.7130026817321777
0.29530009627342224
0.44575604796409607
0.49405306577682495
-0.7687250375747681
0.3501409590244293
0.5927764177322388
-0.22299757599830627
0.6244531869888306
-0.3645990490913391
0.8130009770393372
-0.052634336054325104
-0.18673209846019745
0.8311516046524048
-0.03105945512652397
-0.23007115721702576
0.22112484276294708
0.2925974726676941
-0.005374908447265625
0.5759130716323853
-0.17783422768115997
0.4519513249397278
-1.2467046976089478
