-0.7002208828926086
-0.7002208828926086
0.5497150421142578
-0.8114060163497925
-2.2389700412750244
1.5090887546539307
-0.1957501620054245
-1.1236881017684937
0.5205489993095398
-0.022259538993239403
-0.04885532706975937
-0.0020606755279004574
-0.09618091583251953
-0.35369056463241577
-1.1607842445373535
-0.9617159962654114
1.4600695371627808
-1.0176745653152466
0.15126188099384308
1.1365292072296143
-0.2535412013530731
-0.4339631199836731
0.3814685344696045
-0.9037590026855469
0.1405489444732666
0.0788290947675705
0.19749751687049866
-0.19372433423995972
0.2768692076206207
0.06817811727523804
0.14558812975883484
-1.2024824619293213
-1.4002143144607544
1.1485350131988525
-0.1347886025905609
-0.647625207901001
1.8445584774017334
0.6014822721481323
-0.9862492680549622
0.20118388533592224
0.24976344406604767
-0.5361340641975403
0.4001864492893219
-0.21515218913555145
0.17119073867797852
-0.6727542877197266
0.014842760749161243
0.683745801448822
-1.9616773128509521
0.09084124863147736
-0.028939569368958473
0.3244097828865051
0.6074221730232239
1.6561009883880615
-1.4086453914642334
-0.009319948963820934
-0.22474753856658936
-0.3693901598453522
0.850746750831604
0.3559655547142029
-1.2814314365386963
0.5811673402786255
0.4644743502140045
-0.2319778949022293
-0.6202160716056824
-1.0029442310333252
0.9611920118331909
-0.3514956831932068
-0.36879512667655945
1.8758493661880493
0.6215686798095703
-2.228416919708252
0.6657101511955261
0.9509885907173157
-0.8782216906547546
0.8520083427429199
0.7224878072738647
-0.5974408388137817
0.8406106233596802
-0.1487496793270111
-0.3027085065841675
-0.5046664476394653
-0.8866540193557739
1.1070590019226074
-0.4883527159690857
-0.20489855110645294
2.046229362487793
0.9827007055282593
-1.1365923881530762
1.3979007005691528
-0.7317773103713989
0.22412046790122986
1.0707814693450928
-1.220652461051941
0.4341178834438324
0.48585519194602966
-1.4994990825653076
-1.5547621250152588
1.2602249383926392
-0.17408542335033417
1.2933337688446045
5.029298782348633
-2.930216073989868
1.3465955257415771
0.2441820651292801
-0.373456746339798
0.3118288516998291
0.08904943615198135
-0.08595092594623566
-0.34124255180358887
0.16593404114246368
0.12386951595544815
-0.17001453042030334
0.03613390773534775
0.14306597411632538
0.2991691529750824
-0.4880322515964508
0.06882476806640625
-0.8299792408943176
0.3194703161716461
1.0990606546401978
-1.20094895362854
0.008560657501220703
1.134560227394104
-1.242885947227478
-0.0033388137817382812
0.6785413026809692
-0.9523978233337402
1.1925914287567139
0.058547116816043854
-0.8563781976699829
0.7617294788360596
-0.029283666983246803
-0.7866181135177612
-0.1149652749300003
-0.2904052734375
-0.062088966369628906
-0.07980532944202423
-0.09248284995555878
-0.10809154808521271
0.3091537058353424
-0.1358073651790619
-0.7673706412315369
-0.012039756402373314
0.6323800086975098
-0.45938244462013245
-0.08052244037389755
-0.04553651809692383
0.4020664691925049
0.13354596495628357
-0.6668328046798706
0.09865088760852814
-0.33621707558631897
-0.6681682467460632
-0.16414889693260193
-0.30211392045021057
0.0930013656616211
-0.27831903100013733
-0.6154828071594238
0.3953624665737152
-0.6751041412353516
0.6592796444892883
-0.32954463362693787
-0.6681315898895264
0.4721657335758209
-0.4836650490760803
0.25953030586242676
-0.7104253172874451
0.21748223900794983
-0.11985471099615097
-0.4470847249031067
-0.1643265187740326
0.10283007472753525
-0.3469778895378113
0.28887173533439636
0.2794727683067322
0.5913332104682922
-0.0941578596830368
-0.10023250430822372
-0.5078156590461731
0.42576926946640015
-0.6523477435112
-0.40858620405197144
0.47170132398605347
0.3626719117164612
-1.0950927734375
-0.060195278376340866
-0.13162384927272797
0.4124721884727478
-0.46774420142173767
-0.37522566318511963
0.2501710057258606
-0.8289834260940552
-0.10384075343608856
0.2740761339664459
-0.6761226654052734
0.2572568356990814
-0.07595352083444595
-1.221991777420044
-0.09534456580877304
-0.590438961982727
-2.7652664184570312
0.3299674093723297
0.8632404208183289
-1.8530267477035522
-0.2128593921661377
1.0632915496826172
-1.6192035675048828
0.48111361265182495
-0.07321014255285263
-0.7948812246322632
0.47617730498313904
-0.4290127754211426
-0.12998327612876892
0.09992928802967072
-0.22866277396678925
0.24952585995197296
-0.06509604305028915
0.17135635018348694
-0.6822089552879333
0.323037326335907
0.22531399130821228
-0.9444500207901001
-0.19417917728424072
-0.17618069052696228
0.02171797677874565
-1.032935380935669
-0.2716924250125885
0.6119551658630371
-0.25119349360466003
-0.3102356493473053
-0.07626163959503174
-0.9976291656494141
1.1070128679275513
0.6427212357521057
-1.1113053560256958
-0.848432719707489
0.7682704329490662
-0.6206203699111938
0.1552366018295288
0.5269311666488647
-0.3285585939884186
-0.2402915507555008
-0.09724100679159164
0.49718204140663147
-0.4845861494541168
0.11019468307495117
0.5829136967658997
-0.5401821136474609
-0.3759617209434509
0.07926078140735626
0.00605728616937995
0.007374477572739124
-0.661801815032959
0.5027625560760498
0.10031445324420929
-0.11065163463354111
0.3649309277534485
-0.43931907415390015
-0.3906560242176056
0.47992315888404846
-0.1755317747592926
-0.2334589958190918
0.15545891225337982
-0.3819957673549652
0.36631354689598083
-0.18315677344799042
0.4625827670097351
-0.0800170972943306
0.10690271854400635
0.23685312271118164
0.22812870144844055
-0.39891964197158813
0.20052771270275116
0.0656864196062088
0.18456847965717316
-0.17025312781333923
0.15308451652526855
-0.0988137274980545
-0.2672419548034668
0.28093230724334717
-0.18497776985168457
0.24023787677288055
0.012919938191771507
0.1189163476228714
-0.14512918889522552
0.08887863159179688
-0.03701358288526535
0.3225281834602356
0.13126754760742188
0.034611284732818604
0.16686061024665833
-0.18859627842903137
0.05926259607076645
0.19448623061180115
-0.02309850975871086
-0.3564373850822449
0.1539863646030426
0.02283712662756443
-0.27703696489334106
-0.5684854984283447
-1.8457109928131104
2.2314651012420654
-0.06866474449634552
-2.921680450439453
2.7528390884399414
-1.8008387088775635
-0.08362898975610733
1.014103651046753
-0.6512808799743652
0.2737523019313812
-0.34278959035873413
-0.37203437089920044
0.11733794212341309
-0.6341808438301086
-0.18946531414985657
0.1553080528974533
0.17606616020202637
-0.7759149670600891
-0.028789186850190163
0.44540899991989136
-0.46022120118141174
-0.29735806584358215
0.2479901760816574
-0.5704525709152222
-0.32574281096458435
0.03485755994915962
-0.9484394192695618
0.06720928847789764
0.0019961833022534847
0.21116165816783905
-0.36733904480934143
0.45965346693992615
-0.18828897178173065
-0.34898871183395386
-0.16921862959861755
0.17822150886058807
-0.18944668769836426
-0.0016912936698645353
-1.0546486377716064
0.1344614028930664
0.2005675733089447
0.1486695259809494
0.5997198224067688
-0.5580295324325562
-0.21539434790611267
-0.23237720131874084
-0.2732485830783844
0.48195546865463257
-0.1412443220615387
-0.5224660634994507
0.2043263465166092
-0.4052535891532898
0.20252656936645508
0.0006009101634845138
-0.6803640127182007
0.043177224695682526
-0.7174908518791199
0.46488428115844727
0.026114558801054955
0.24086681008338928
-0.09521331638097763
0.3633994460105896
0.15685716271400452
-0.15225103497505188
-0.880165696144104
0.5131288766860962
-0.4010998606681824
0.536847710609436
0.03191227838397026
-0.1190681904554367
-0.11398093402385712
-0.8114687204360962
0.6373405456542969
0.714367687702179
-0.7801205515861511
-0.035469163209199905
0.046335507184267044
0.17866690456867218
-0.357611745595932
-0.14830997586250305
0.30914145708084106
-0.577057957649231
0.26233914494514465
-0.33994078636169434
-0.3255227208137512
0.08239565044641495
-0.512405276298523
-0.0010528325801715255
-0.2256230115890503
-0.4973614811897278
0.9047714471817017
-0.46474915742874146
-0.14426687359809875
-0.3065742254257202
0.19969820976257324
0.030457938089966774
0.0936945304274559
-0.20979435741901398
-0.7766639590263367
-0.4002215266227722
-2.96030855178833
0.5190278887748718
0.8113192319869995
-1.803704023361206
0.0010877609020099044
1.1524606943130493
-1.7372291088104248
0.322641521692276
0.5462386012077332
-1.061274528503418
0.5204126238822937
-0.24739941954612732
-0.19806261360645294
0.30995240807533264
0.13430288434028625
0.15566852688789368
-0.42359477281570435
0.13206270337104797
-0.010719800367951393
-0.29055389761924744
-0.2615892291069031
-0.24887847900390625
0.20414495468139648
-0.6191274523735046
0.01194298267364502
-0.31698185205459595
-0.9775068163871765
0.4341564178466797
-0.22218772768974304
0.2700510621070862
-1.1294265985488892
0.08820419013500214
0.7702678442001343
0.11974330246448517
-0.8642677068710327
-0.8556427955627441
0.7661547064781189
-0.3144230246543884
-0.2948637902736664
0.5922948122024536
0.02211160585284233
-0.9164505004882812
-0.14173920452594757
0.5240538716316223
-0.9500557780265808
-0.08778618276119232
0.396818071603775
-0.4434821605682373
0.45245617628097534
-0.21741452813148499
-0.14708907902240753
0.26772016286849976
-0.11459565162658691
-0.22259216010570526
-0.33192068338394165
0.22406944632530212
0.34903818368911743
-0.7305511236190796
0.13616564869880676
0.8399747014045715
-0.22066450119018555
0.17234838008880615
-0.017270421609282494
0.04428403452038765
0.25432389974594116
0.16578084230422974
-0.09784083068370819
0.3600855767726898
-0.0009332179906778038
0.5789047479629517
-0.5468398928642273
-0.39310938119888306
0.32839855551719666
0.43903452157974243
-0.48626479506492615
0.32124823331832886
-0.3539430797100067
0.40934067964553833
0.23545870184898376
-0.1337459832429886
0.26926612854003906
0.023280883207917213
0.012952971272170544
0.3098762631416321
0.1482013463973999
-0.06418963521718979
0.3709580898284912
-0.7487414479255676
-0.054595015943050385
0.2805277705192566
0.10155139118432999
0.03580738231539726
0.28399658203125
0.05457078665494919
0.4158170819282532
-0.11129207909107208
0.23287002742290497
-0.4763611853122711
-0.06402118504047394
-0.27224746346473694
-2.092695713043213
2.1231701374053955
-0.30133897066116333
-2.131579875946045
2.081618309020996
-1.5698789358139038
-1.0681259632110596
1.0698785781860352
-0.2644687592983246
0.7461691498756409
-0.7213162183761597
0.24840793013572693
-0.5176835060119629
0.2667209208011627
0.16959035396575928
-0.2354058027267456
-0.2527024745941162
0.8205434679985046
-0.29171499609947205
-0.592772901058197
-0.6252567768096924
0.8065007925033569
-0.14127345383167267
-0.9433177709579468
0.7857716679573059
-0.10694990307092667
-0.22964587807655334
0.5512391328811646
-0.48405343294143677
0.06867866218090057
0.24460725486278534
-0.7341193556785583
-0.10470247268676758
-0.030840206891298294
0.17115846276283264
0.17996612191200256
-0.0839540958404541
-0.5639976859092712
0.34511345624923706
0.2355518341064453
-1.2629073858261108
0.9678518176078796
-0.4803626537322998
-0.24816159904003143
0.3480862081050873
-0.19263115525245667
-0.6767357587814331
0.2832797169685364
-0.3339478373527527
-0.4587801992893219
-0.43535083532333374
0.630282461643219
-0.03037233278155327
-0.7067100405693054
0.5768285989761353
-0.6297333836555481
-0.09761764854192734
0.3442400097846985
-0.4762186110019684
0.17631883919239044
-0.01449134387075901
-0.8693863153457642
0.1643209010362625
-0.6160494685173035
0.39797335863113403
-0.01340703945606947
-0.11873917281627655
0.0693567767739296
-0.7400323152542114
0.1337544023990631
-0.12313685566186905
-0.6579335927963257
0.08029083907604218
0.16858980059623718
0.11975078284740448
-0.2838534712791443
-0.8022882342338562
0.32095056772232056
-0.13964369893074036
-0.284744530916214
0.30453115701675415
0.0725807249546051
-0.37574243545532227
0.3428264558315277
0.047330547124147415
0.48270344734191895
0.39697691798210144
-0.19143858551979065
-0.26241621375083923
0.33682745695114136
0.1988009214401245
0.23965254426002502
0.03106868267059326
0.1500878930091858
-0.32778438925743103
0.4307125210762024
-0.31705760955810547
0.2486654818058014
-0.1341601312160492
-0.36681705713272095
-3.8610615730285645
3.592237949371338
-0.2773102819919586
-2.243537425994873
0.9283441305160522
0.5851624608039856
-1.2206112146377563
0.11606995016336441
0.06512391567230225
-0.5684426426887512
-0.24636384844779968
-0.15282945334911346
0.003867280436679721
0.8276332020759583
-0.5240863561630249
-0.24982038140296936
0.5729939937591553
-0.4315805435180664
-0.5010694265365601
0.5900928974151611
-0.3064844608306885
-0.07431516796350479
0.22307129204273224
-0.0870262160897255
-0.3112028241157532
-0.4017490744590759
-0.08621127903461456
0.3858865797519684
0.22199437022209167
0.048780012875795364
-1.4776290655136108
0.06294506788253784
0.9860316514968872
-0.12550663948059082
-0.1945776790380478
-0.0990525484085083
-0.26037365198135376
0.39462628960609436
-0.020647693425416946
-0.03549893945455551
1.0585057735443115
-1.2474507093429565
-0.5097494125366211
0.6222906112670898
-0.9496129751205444
0.3538607060909271
0.4472981095314026
-0.7646044492721558
0.695637583732605
0.22550281882286072
-0.05148155614733696
-0.28980153799057007
0.31908366084098816
-0.12326836585998535
0.5623878240585327
-0.04008885473012924
-0.12603813409805298
0.31932711601257324
0.27867308259010315
-0.6348474621772766
0.033838771283626556
0.19640156626701355
-0.31386131048202515
0.08196689188480377
0.3425561785697937
0.33703023195266724
0.006401133723556995
-0.22709918022155762
0.175617516040802
0.33871880173683167
-0.23208191990852356
0.07255282253026962
0.033420074731111526
0.8320426940917969
-0.49546366930007935
0.5946820378303528
-0.01582033559679985
-0.10797121375799179
0.15266208350658417
-0.3872072994709015
0.37782758474349976
-0.04804413393139839
-0.09023872762918472
0.20479583740234375
0.18903383612632751
-0.2087547481060028
0.6963253021240234
-0.12609799206256866
-0.18862657248973846
-0.024407338351011276
-0.15225109457969666
0.5436205863952637
0.3737472891807556
-0.14523811638355255
0.14389345049858093
0.16988420486450195
0.339057058095932
-0.47757548093795776
-0.3079330325126648
-0.39310282468795776
-1.866550087928772
2.6968138217926025
-0.83294677734375
-1.453222393989563
1.6782881021499634
-1.1964412927627563
-0.6444954872131348
0.9059922099113464
-0.01454096008092165
-0.418832004070282
-0.17494158446788788
-0.0934978500008583
-0.7469655871391296
-0.3231506943702698
0.4729122221469879
-0.5912624597549438
-0.2765745520591736
1.099106788635254
-0.9035962224006653
0.006142330355942249
0.5630819201469421
-0.45503538846969604
0.34728652238845825
-0.20504550635814667
-0.037537433207035065
-0.4302899241447449
0.6276015043258667
-0.4094576835632324
-0.5153600573539734
-0.7415760159492493
0.3187496066093445
-0.31276506185531616
-0.17442984879016876
-0.06862445175647736
0.017973994836211205
0.25043559074401855
-0.41499385237693787
0.1622861921787262
0.017838478088378906
0.4466523230075836
-0.2602859139442444
0.09107127040624619
0.39871495962142944
-0.3882008492946625
-0.24764318764209747
0.03697009012103081
-0.197374626994133
0.21777686476707458
-0.4504969120025635
-0.3724159598350525
-0.22757644951343536
-0.47307032346725464
0.17629995942115784
-1.0389108657836914
0.13948097825050354
-0.38882744312286377
-0.2250756025314331
1.1363115310668945
-0.8220285177230835
-0.6581593751907349
0.21063771843910217
-0.2304334193468094
0.9626445770263672
-0.07524962723255157
-0.5463004112243652
-0.1728954315185547
-0.33738207817077637
-0.31936922669410706
0.3755738437175751
-0.49906864762306213
-0.6001228094100952
0.633627712726593
0.2586301863193512
-0.32255926728248596
-0.4118630290031433
0.24805226922035217
-0.34938672184944153
0.22002677619457245
0.3581938147544861
-0.22684414684772491
0.30906933546066284
-0.5648337602615356
0.17793315649032593
-0.08603520691394806
0.5085141658782959
0.07694892585277557
-0.1158118024468422
0.6343396902084351
-0.357042133808136
0.61095130443573
-0.4234408438205719
-1.2344484329223633
0.13320115208625793
-0.17649130523204803
-0.3125638961791992
-0.0026889233849942684
-0.326943576335907
-0.44401469826698303
0.40082067251205444
-0.23160333931446075
-3.442653179168701
0.9123200178146362
0.735183596611023
-2.2261710166931152
-0.1326952427625656
1.4931819438934326
-1.3008661270141602
-0.13277870416641235
0.26098042726516724
-0.8629867434501648
0.308734655380249
-0.07079179584980011
-0.3278685212135315
0.6374172568321228
-0.3912465572357178
-0.14480645954608917
0.5282695293426514
-0.07583165168762207
-0.03253559023141861
-0.10525567829608917
0.023413758724927902
-0.08008931577205658
0.05804397910833359
-0.1999858319759369
-0.24612748622894287
-0.7802679538726807
-0.4370679259300232
1.0147535800933838
0.20878024399280548
-0.5354059934616089
-1.0280766487121582
0.20152346789836884
-0.08190446346998215
0.07130153477191925
0.030472135171294212
0.4059616029262543
-0.393300861120224
-0.5828377604484558
0.46537208557128906
-0.5234284400939941
0.6868346929550171
0.171272873878479
-0.26001274585723877
-0.12239162623882294
-0.00800633430480957
-0.2116706371307373
-0.03280186653137207
-0.021852444857358932
0.6457247138023376
0.5264168977737427
-0.6855924725532532
-0.15655122697353363
0.3453984260559082
-0.005225873086601496
-0.2523133158683777
0.027600597590208054
-0.030971217900514603
0.13269534707069397
0.24486775696277618
-0.009767929092049599
-0.26687973737716675
0.2837592363357544
0.08846668899059296
0.2708881199359894
-0.004889559932053089
-0.17505569756031036
-0.1690012514591217
-0.0552610382437706
-0.18470576405525208
-0.16040845215320587
0.5348362326622009
0.07715455442667007
-0.1775214672088623
0.29469433426856995
0.44463324546813965
0.1913512647151947
-0.1919480264186859
-0.4602688252925873
-0.07881127297878265
0.6775735020637512
-0.4801967740058899
0.2039787769317627
0.3048953413963318
-0.03361811488866806
0.5631982684135437
-0.02433309517800808
-0.016414666548371315
0.09003208577632904
0.6499499082565308
-0.14655177295207977
0.3275771737098694
-0.23118841648101807
0.7209447622299194
-0.060082755982875824
-0.0751868262887001
0.044084738940000534
0.30197444558143616
-0.0004437208117451519
-0.10141845047473907
-0.832738995552063
-3.107205629348755
3.4016642570495605
0.34739604592323303
-2.8231632709503174
1.3411967754364014
-0.5113047361373901
-1.0590810775756836
1.5152136087417603
-0.3980003893375397
-0.9354222416877747
0.8209759593009949
-0.19395823776721954
-0.3842620849609375
0.6252502202987671
0.33664387464523315
-0.0215577594935894
-0.45517483353614807
-0.21014980971813202
-0.2574470043182373
-0.3851310610771179
0.3947358727455139
0.16609644889831543
-0.8277274370193481
0.4985526502132416
0.3478631377220154
-0.4865795075893402
0.6129385232925415
-0.7826024293899536
-0.5013917684555054
0.819826602935791
-0.9892410039901733
0.7520509958267212
-0.5677093267440796
-0.7577070593833923
0.7099835276603699
0.2740790843963623
-1.195984125137329
0.7402971982955933
-0.16422124207019806
-0.09434743225574493
0.12704288959503174
-0.06566343456506729
-0.4272643029689789
0.27311164140701294
-0.5082684755325317
-1.0200626850128174
1.194114327430725
-0.6755030751228333
0.0439184196293354
-0.6866394281387329
-0.19896917045116425
0.9124559164047241
-0.5473624467849731
0.5928632616996765
-0.14326372742652893
0.2981352210044861
-0.8164369463920593
-0.26068902015686035
0.023805666714906693
-0.2590547204017639
0.0871848613023758
0.4922264516353607
-0.0643330067396164
-0.6992032527923584
0.006422662641853094
-0.13983464241027832
-0.06498284637928009
-0.13572005927562714
0.23499755561351776
-0.29882192611694336
0.24685025215148926
0.14898152649402618
0.46296805143356323
-0.4587429165840149
0.39933791756629944
0.060569118708372116
-0.46159109473228455
0.4030316472053528
-0.1108865737915039
-0.23157629370689392
0.14689019322395325
-0.3996378779411316
-0.5207234621047974
0.476285457611084
0.6939374208450317
-0.6289020776748657
-0.10438051074743271
-0.6048104166984558
-0.22572509944438934
0.5602477788925171
-0.06567685306072235
-0.7758155465126038
-0.21918988227844238
-0.21239009499549866
-0.3923132121562958
-0.4717666506767273
-0.2896760404109955
0.30390673875808716
-0.4706264138221741
0.004178357310593128
-3.062479257583618
0.8814837336540222
0.7093977928161621
-1.979357361793518
0.16701555252075195
1.542243480682373
-1.5645840167999268
-0.08473646640777588
0.7533918619155884
-0.9852190017700195
-0.04639015346765518
0.6180373430252075
-1.0048503875732422
0.20569536089897156
0.7385765314102173
-0.5364104509353638
-0.0033647536765784025
0.10131373256444931
0.05958012491464615
-0.5505145192146301
-0.11292505264282227
0.17628899216651917
-0.3748624324798584
-0.29486939311027527
0.2215515673160553
-0.7836364507675171
-0.697830080986023
1.246579885482788
-0.04156642034649849
-0.5864559412002563
-1.1126868724822998
0.5292503237724304
0.10715053230524063
-0.34218329191207886
0.09401389211416245
0.010151004418730736
-0.27123215794563293
-0.07810838520526886
0.12673959136009216
0.3226984739303589
0.8522114753723145
-1.174337387084961
-0.5043728351593018
1.0578100681304932
-0.7019413113594055
0.09373724460601807
0.5960567593574524
-0.41408252716064453
0.08848483860492706
0.7313300371170044
-0.8054542541503906
-0.0909610390663147
0.07521934807300568
0.1772855520248413
0.2765623927116394
0.3450244069099426
-0.5300313234329224
0.6699111461639404
-0.18036291003227234
-0.1447412520647049
0.1978093385696411
-0.0031543492805212736
0.033421386033296585
-0.15278437733650208
0.4369252622127533
0.4579375386238098
-0.16273920238018036
0.29713907837867737
0.0730164498090744
0.2935035526752472
0.35430997610092163
0.07068774849176407
0.4211124777793884
-0.6756547093391418
0.24622562527656555
0.02524813450872898
0.248136967420578
0.008112216368317604
0.36222296953201294
0.12306733429431915
0.2009701281785965
-0.3917168974876404
0.23996718227863312
0.38817012310028076
-0.0016495675081387162
0.1426773965358734
0.13135305047035217
-0.4144572615623474
0.972436785697937
-0.3736683428287506
-0.2068791389465332
0.37062305212020874
-0.08905519545078278
-0.3281971514225006
0.15272408723831177
-0.046697575598955154
-0.05490534380078316
0.8141449093818665
-0.7720352411270142
-0.8628193736076355
-1.4029810428619385
2.845090389251709
-0.33691319823265076
-3.7698981761932373
3.1426169872283936
-1.2362816333770752
-0.9577678442001343
1.7433439493179321
0.08496741950511932
0.041168831288814545
-0.36092409491539
0.062306832522153854
-0.4223508834838867
-0.6369646191596985
0.4935851991176605
0.5654057264328003
-0.6878148317337036
0.814217746257782
0.025822829455137253
-0.9776622653007507
0.4612104296684265
0.35938772559165955
-0.06100592762231827
-0.9135254621505737
0.2655767500400543
0.2767992913722992
0.4082006514072418
0.30133742094039917
-0.5041184425354004
0.3618308901786804
-0.04255504533648491
-0.0430360808968544
0.7852777242660522
-0.5471111536026001
-0.20519991219043732
0.4527798593044281
0.11138524860143661
-0.9117418527603149
-0.17138437926769257
0.265230655670166
-0.31415900588035583
0.281436026096344
-0.22424712777137756
-1.1354970932006836
0.01209568977355957
0.10790028423070908
0.0008027076837606728
-0.32174333930015564
-0.6473480463027954
1.0176477432250977
-0.10617039352655411
-0.3477059006690979
-0.2146839201450348
-0.5754307508468628
0.2597695291042328
0.27751046419143677
-0.4855113923549652
0.03079967573285103
-0.19134454429149628
0.0032957077492028475
-0.044730234891176224
-0.5847142934799194
0.893363356590271
-0.4651033282279968
-0.6546480059623718
0.6258196830749512
-0.34140709042549133
0.27909716963768005
-0.6755591630935669
0.054672934114933014
0.6326014399528503
-0.9044259786605835
-1.1651808023452759
0.19998939335346222
-0.2963028848171234
-0.06711597740650177
-0.013144254684448242
-0.8701920509338379
-0.5947240591049194
0.11720166355371475
0.3916005790233612
-0.33550745248794556
0.04674062877893448
-0.35291045904159546
-0.5832605957984924
0.5794912576675415
-0.3616560995578766
-0.060997653752565384
-0.4794626235961914
-0.2878069281578064
0.6879636645317078
-0.2842532992362976
-0.05665940046310425
-0.4894495904445648
0.7112051248550415
0.02295442298054695
-1.0177408456802368
0.8785053491592407
-0.356659471988678
-0.28173065185546875
-2.57879638671875
0.6827694177627563
0.8918082118034363
-1.805154800415039
-0.30119019746780396
1.2219645977020264
-1.166847586631775
0.0906570702791214
0.20556151866912842
-0.5345319509506226
0.46619611978530884
-0.15559518337249756
-0.8889515995979309
0.2943591773509979
0.5965580940246582
0.05505871772766113
-0.14027734100818634
0.09988413006067276
0.0616702064871788
-0.32977280020713806
0.22979918122291565
0.6656426191329956
-0.30340224504470825
-0.3820635676383972
0.265207439661026
-0.05969295650720596
-0.45959463715553284
0.4362373948097229
-0.29673224687576294
-0.12726667523384094
-1.0587007999420166
0.4681902825832367
0.693832516670227
-0.15852585434913635
0.026993215084075928
0.18262140452861786
-0.055178653448820114
-0.5048941969871521
0.00061373709468171
0.5799458622932434
0.46942615509033203
-1.1840957403182983
-0.3646058440208435
0.9493575096130371
-0.795348048210144
0.2232058048248291
0.2062385380268097
-0.18163080513477325
0.6206198930740356
0.3211789131164551
-0.74871426820755
0.130339577794075
0.20816364884376526
-0.7393828630447388
0.32220545411109924
0.34552422165870667
-0.26638615131378174
0.6050113439559937
0.2692797780036926
0.019374608993530273
0.110495924949646
0.25815653800964355
-0.43768826127052307
0.14359556138515472
-0.5091437101364136
0.42215338349342346
0.3947634696960449
-0.10548989474773407
-0.2577097415924072
0.23523230850696564
0.09615452587604523
-0.12696318328380585
0.5596847534179688
0.006972617004066706
-0.09273369610309601
0.29120951890945435
-0.00019560455984901637
-0.12148594856262207
0.19803987443447113
-0.1410696655511856
0.4540027678012848
-0.2879253029823303
0.2062627375125885
-0.13904480636119843
-0.27714282274246216
0.0677427425980568
-0.13305024802684784
-0.27394819259643555
0.481850802898407
-0.014461818151175976
-0.0711081400513649
-0.5727773904800415
0.6171570420265198
-0.0344771184027195
-0.3363793194293976
0.1492435187101364
0.3526032567024231
0.15778712928295135
-0.4277687072753906
-0.5495584607124329
-1.5416139364242554
1.8880714178085327
0.1167096272110939
-2.5256946086883545
1.7962974309921265
-1.0889545679092407
-0.3768324553966522
1.3243920803070068
-0.7328513860702515
0.5100372433662415
-0.6287063360214233
-0.8045772314071655
0.6036748886108398
-0.7378339171409607
0.6610797643661499
-0.28175240755081177
-0.12604360282421112
0.29470187425613403
-0.5217812657356262
0.24660897254943848
-0.7980419993400574
0.2950366139411926
-0.3142409324645996
-0.46639156341552734
0.42018070816993713
-0.21107196807861328
-0.06247873231768608
0.6507896780967712
-0.4180847704410553
-0.17220334708690643
0.03936271741986275
-0.10727634280920029
0.13167314231395721
0.6997472643852234
-0.39571890234947205
0.24411578476428986
0.07494740188121796
-0.19584274291992188
0.035666514188051224
-0.2129501849412918
-0.4185841977596283
0.6303607225418091
0.040677595883607864
-0.03372249752283096
0.6361868381500244
-0.34015560150146484
-0.4236063063144684
0.04257664829492569
0.00746231060475111
-0.22624793648719788
0.1233031302690506
0.1423744261264801
0.08370175212621689
-0.10185637325048447
-0.3195011615753174
-1.0036920309066772
0.5521221160888672
-0.2849586606025696
-0.05149517208337784
0.012847900390625
-0.08613395690917969
-0.24163174629211426
0.19895943999290466
0.03211212158203125
-0.06431031227111816
-0.05377974361181259
-0.3011048436164856
0.022469807416200638
-0.2947040796279907
0.050736092031002045
-0.5743845105171204
0.3522626757621765
0.05171656608581543
-0.20616643130779266
-0.5290411710739136
-0.34058046340942383
0.17765764892101288
-0.17238664627075195
0.26767176389694214
-0.2637602686882019
0.5027028918266296
-0.24170251190662384
-0.2852487564086914
-0.022838199511170387
0.04550821706652641
0.123690664768219
0.5100783109664917
-0.4398735463619232
0.15210777521133423
0.26483383774757385
0.9459167718887329
-0.3034416139125824
-0.5041184425354004
-0.3203253149986267
0.5478616952896118
-0.5476735830307007
-0.22940409183502197
0.8383312225341797
-0.8591316342353821
-0.2899003028869629
-3.3165040016174316
0.66423499584198
1.3350319862365723
-2.4236392974853516
0.00882786512374878
1.0802823305130005
-1.251859426498413
-0.07335399091243744
0.8024882078170776
-1.6459850072860718
0.2873128056526184
0.26990288496017456
-0.4037109315395355
0.4114692211151123
0.23186412453651428
0.013606643304228783
0.030211353674530983
0.06404199451208115
-0.003503012703731656
0.2954275906085968
-0.18133869767189026
-0.4343591332435608
0.07012824714183807
0.29555192589759827
0.079110287129879
-0.46116694808006287
-0.1918102204799652
1.0920069217681885
-0.01865410804748535
-0.29232171177864075
-1.3981983661651611
0.6595423817634583
0.8358753323554993
-0.350078821182251
0.17859962582588196
0.08629584312438965
-0.1973375380039215
-0.39027392864227295
0.2621675133705139
-0.15620747208595276
0.9981152415275574
-0.7453209757804871
-0.5611506104469299
1.437100887298584
-0.9861294031143188
-0.31366777420043945
1.460736632347107
-0.900700569152832
0.06297562271356583
0.5040789842605591
-0.629839301109314
0.3208828866481781
-0.04114522784948349
0.035107821226119995
0.045537423342466354
0.18193721771240234
0.12264411151409149
0.4955601692199707
0.14074461162090302
-0.2609935700893402
0.2884095311164856
-0.369935005903244
-0.02997288666665554
0.2859751284122467
0.05289635807275772
-0.37200063467025757
-0.21282216906547546
0.515789806842804
0.03686349466443062
-0.1727449595928192
0.2752658724784851
-0.12155885994434357
0.1952996551990509
-0.015196109190583229
-0.22037950158119202
0.4237293601036072
0.19615860283374786
0.11082017421722412
0.15562045574188232
0.10043253749608994
0.34946396946907043
-0.49294453859329224
0.030254686251282692
0.059188175946474075
-0.182388037443161
0.4590456485748291
0.0385083444416523
-0.08167477697134018
-0.016418293118476868
-0.2863530218601227
0.02417963184416294
0.48262301087379456
0.16444149613380432
-0.37175166606903076
0.14087896049022675
-0.5299010276794434
0.5188137888908386
-0.11469157040119171
-0.19499370455741882
-0.9278244972229004
-1.5017683506011963
2.7081756591796875
-0.8288748860359192
-3.386223554611206
2.8651719093322754
-1.4160741567611694
-0.8385797739028931
1.375852346420288
0.44246500730514526
0.27959737181663513
-1.079006552696228
-0.33102700114250183
0.5116310715675354
-0.5390478372573853
0.1284322738647461
-0.006750679109245539
-0.5748773813247681
0.3243483901023865
-0.5074725151062012
0.13039688766002655
-0.11650657653808594
-1.2025352716445923
0.40506768226623535
-0.03708953782916069
-0.4884313642978668
-0.08936572074890137
0.0925941914319992
0.019252728670835495
-0.9399827718734741
0.15724797546863556
-0.12013550102710724
-0.6249879598617554
0.44009605050086975
-0.6131981015205383
-0.5789046883583069
0.3073745667934418
0.19634628295898438
-0.5133019685745239
0.1252090483903885
0.8238725662231445
0.025093698874115944
-0.4620506763458252
0.4153689444065094
-0.9284132122993469
0.31630975008010864
0.4740336537361145
-0.5752335786819458
0.3915427327156067
-0.14198298752307892
-0.0701509490609169
-0.35819506645202637
0.5228419303894043
-0.5710904598236084
0.1506369560956955
0.7978294491767883
-0.7679158449172974
-0.5320818424224854
0.225260928273201
-0.08363442122936249
0.06834683567285538
-0.16866908967494965
-0.6653836369514465
1.0147966146469116
-0.6006349325180054
-0.20626035332679749
-0.09213204681873322
-0.7593216300010681
-0.24567802250385284
0.5321608781814575
-0.6947214603424072
-0.15006205439567566
0.13363035023212433
-0.4189225137233734
-0.49226921796798706
0.18600234389305115
-0.5177786350250244
-0.41871556639671326
-0.05582099035382271
0.0945919007062912
0.06819546222686768
-0.8560090065002441
-0.3745139241218567
0.15949790179729462
-0.26249873638153076
0.2908194363117218
-0.05884990841150284
-0.8125362396240234
-0.526584267616272
-0.5485374331474304
0.034789346158504486
-0.25338611006736755
-0.29999908804893494
0.07081856578588486
-0.17794190347194672
-0.03316934034228325
0.09810619056224823
-0.2784629464149475
0.22001072764396667
0.11486241966485977
0.08625321090221405
-2.8452870845794678
0.4958285391330719
1.2152416706085205
-1.6454551219940186
-0.18565693497657776
1.485914945602417
-1.0213334560394287
0.45797261595726013
0.5070500373840332
-0.46872377395629883
-0.012638640590012074
0.22464804351329803
-0.34835052490234375
-0.3723183274269104
0.5486718416213989
0.5297723412513733
-0.9318081140518188
0.5137361288070679
-0.1775304228067398
-0.39714646339416504
0.18347367644309998
0.055501557886600494
0.046794794499874115
-0.2441655844449997
-0.09459130465984344
-0.9223142862319946
-0.2759110927581787
1.2505218982696533
-0.3126332461833954
-0.47248584032058716
-1.4127333164215088
-0.18615861237049103
1.6771240234375
-0.753658652305603
-0.5237374305725098
0.6004466414451599
-0.519847571849823
-0.4971908628940582
0.627151370048523
0.367582768201828
-0.16825023293495178
-0.323810875415802
-0.6447135210037231
1.5089455842971802
-0.66229647397995
-0.6659711599349976
0.18274350464344025
-0.10581238567829132
0.7509515285491943
0.14964847266674042
-0.02562100812792778
0.07180273532867432
0.2157868891954422
0.17650678753852844
-0.10481004416942596
-0.139779731631279
0.09603182971477509
0.11350633203983307
0.43695077300071716
-0.5766693949699402
0.14474493265151978
0.43383368849754333
-0.0789438858628273
0.030506253242492676
-0.25335055589675903
0.25512436032295227
-0.09326454252004623
-0.1996796876192093
0.35065898299217224
-0.25975319743156433
-0.04557234048843384
-0.07630038261413574
0.37303197383880615
-0.04110877588391304
-0.09880460798740387
-0.038006436079740524
0.21203307807445526
0.26053258776664734
-0.39008253812789917
-0.31935590505599976
0.20097093284130096
-0.12489341199398041
-0.3575924038887024
-0.4806655943393707
0.23306134343147278
-0.5284250974655151
0.10343216359615326
-0.11277725547552109
-0.06951460987329483
-0.6512767672538757
-0.08849699795246124
-0.22927427291870117
-0.652592658996582
0.06734345853328705
-0.2647029757499695
0.17704449594020844
-0.7330073714256287
0.1095944419503212
-0.4060739576816559
-0.986641526222229
-1.8491356372833252
2.8562731742858887
-1.3690860271453857
-3.5347397327423096
2.906228542327881
-1.2186086177825928
-1.6767429113388062
1.3092257976531982
-0.4933757781982422
0.6013714075088501
-1.2812387943267822
-0.21413640677928925
0.23373842239379883
-0.9400513768196106
0.9324859380722046
-0.028526926413178444
-1.1496965885162354
0.5318708419799805
0.3352266252040863
-0.2915937304496765
0.051499366760253906
-0.48036956787109375
0.07654666900634766
0.6309024691581726
-0.02950596809387207
-0.7761416435241699
0.9054461717605591
-0.5190584063529968
-0.8034344911575317
0.5585213303565979
-0.46883803606033325
0.0683649554848671
-0.5576635599136353
0.45532989501953125
-0.9530267715454102
-0.1143881306052208
0.7437323331832886
-0.915993332862854
0.06320247799158096
-0.13403430581092834
-0.3524102568626404
0.13576750457286835
0.5368789434432983
-0.6559303402900696
-0.28756698966026306
0.11901845782995224
0.19615335762500763
0.4195028841495514
0.035428572446107864
-0.24585887789726257
-0.41447585821151733
0.43508487939834595
-0.4254114627838135
0.12558746337890625
0.06273336708545685
-0.5492494702339172
0.4643332064151764
-0.11656501144170761
-0.5611764788627625
-0.10562105476856232
-0.08421821892261505
-0.1405210942029953
-0.06754779815673828
-0.0693756565451622
-0.45257097482681274
0.2339516133069992
-0.288739413022995
0.10603175312280655
-0.39369189739227295
0.02185993269085884
0.4449537396430969
-0.16172972321510315
-0.10421665012836456
-0.2569708228111267
0.2073829621076584
-0.32014012336730957
-0.3546294569969177
0.16789674758911133
0.0839783176779747
-0.3727644979953766
-0.24711290001869202
-0.2716350853443146
-1.3328402042388916
-0.30060017108917236
0.8845032453536987
-0.6922849416732788
-0.23595237731933594
-0.6701493859291077
-0.2230444848537445
0.24936668574810028
0.6211704611778259
-0.9072968363761902
0.27807697653770447
0.5540220141410828
-1.100253939628601
-0.1374271810054779
0.0024847746826708317
0.3242603540420532
0.0809653028845787
0.13063010573387146
-3.1297662258148193
0.8436988592147827
1.0141063928604126
-1.8765226602554321
0.3220463693141937
1.3996937274932861
-1.2484229803085327
0.2962374985218048
0.27202293276786804
-0.9817779660224915
1.052192211151123
-0.2919326424598694
-0.05522506311535835
0.2445334643125534
0.048399604856967926
0.23143696784973145
0.3457614481449127
-0.13864484429359436
-0.12495386600494385
0.11141011863946915
-0.15890535712242126
0.06626634299755096
-0.07796983420848846
-0.16654686629772186
0.1644376963376999
-0.1461813896894455
-0.3433075547218323
0.7636958360671997
-0.3038671314716339
-0.09196355193853378
-0.3531028628349304
-0.06372304260730743
0.773175060749054
0.3038293719291687
-1.1333096027374268
-0.618990421295166
0.5294488668441772
-0.0909603014588356
-0.6802381277084351
0.6090385317802429
0.08752501010894775
-0.07960877567529678
-0.3757225573062897
0.7242294549942017
0.17580488324165344
0.07293589413166046
0.13681118190288544
0.5280128121376038
-0.35521841049194336
0.1811225265264511
-0.5069602131843567
0.034560538828372955
-0.10915222018957138
0.47379693388938904
-0.006346702575683594
0.1331685483455658
0.2721809446811676
-0.3388524055480957
0.3542483448982239
0.1776505708694458
0.2107042819261551
-0.31288713216781616
0.17936491966247559
0.18976753950119019
0.17769286036491394
-0.24216751754283905
0.6706231832504272
0.08875992894172668
0.04039905220270157
0.5077420473098755
0.5298517346382141
0.021036481484770775
0.11079391092061996
0.19022974371910095
-0.45701417326927185
0.6422227621078491
0.10987205803394318
-0.31940507888793945
0.41477733850479126
0.012274670414626598
-0.16877827048301697
0.4008983075618744
-0.3044026494026184
0.5440076589584351
-0.01670457050204277
-0.40111035108566284
0.24806562066078186
-0.1824316680431366
0.21096310019493103
-0.1674756109714508
0.17325517535209656
-0.34070873260498047
-0.2570853531360626
-0.03181944414973259
0.11145629733800888
0.0065950872376561165
-0.3860093355178833
0.07575780898332596
-0.3487217426300049
-0.9244692921638489
-1.3855326175689697
2.486032009124756
-0.9835448265075684
-2.4906039237976074
2.5143141746520996
-1.3756577968597412
-1.3881398439407349
1.3657087087631226
-1.2456659078598022
0.8600212931632996
-0.4684232771396637
-1.477564811706543
0.2814651131629944
-0.08933477103710175
-0.16358885169029236
-0.12118992954492569
-0.3514273166656494
-0.374586284160614
0.6334154605865479
0.5496530532836914
-1.2456413507461548
0.44104379415512085
0.30303263664245605
-0.24515461921691895
-0.11449618637561798
0.17509551346302032
0.1313018798828125
-0.9525869488716125
-0.18004274368286133
-0.15740056335926056
-0.42233532667160034
-0.3385738730430603
0.8035853505134583
-0.8930990099906921
-0.15502385795116425
0.5643625259399414
0.4690823554992676
-0.354022353887558
-1.2550344467163086
0.5693814158439636
-0.07878027111291885
0.02254629135131836
-0.27711811661720276
-0.4752771258354187
0.5884872674942017
0.31260913610458374
-0.4752179682254791
-0.6717672348022461
0.797399640083313
0.8584873080253601
-0.9824655652046204
0.6590223908424377
0.15892748534679413
-0.6563791036605835
-0.05485730245709419
-0.6137104034423828
-0.22178301215171814
0.3637668192386627
-0.4123724400997162
-0.12685613334178925
-0.05306439474225044
-0.361844003200531
0.3778027594089508
-0.8464730381965637
0.5033672451972961
-0.3038056790828705
-0.56937575340271
0.03133201599121094
-0.8699655532836914
0.8175258636474609
-0.7206664085388184
0.32888931035995483
0.08302779495716095
-0.846392035484314
0.013210058212280273
0.04363245889544487
0.8685446977615356
-0.5515148043632507
-0.8525521159172058
-0.12323550879955292
0.13422589004039764
1.6795927286148071
-0.46393948793411255
-0.6660799384117126
0.19306035339832306
0.29077741503715515
-0.007685733027756214
0.30193716287612915
-0.6378008127212524
-0.007266289088875055
0.5496619343757629
0.36112791299819946
-0.9996954798698425
0.0696406215429306
0.030020225793123245
0.1626635491847992
0.08125367015600204
-0.11569681018590927
0.28307265043258667
-0.43487977981567383
-2.99139404296875
0.9446247816085815
0.19546405971050262
-1.6081199645996094
0.22056850790977478
0.8487867116928101
-1.8002058267593384
0.31067270040512085
0.6113594174385071
-0.9197345972061157
0.3489632308483124
-0.22018392384052277
-0.48042264580726624
0.5798284411430359
0.04313623905181885
-0.3640950620174408
-0.4127195477485657
0.5807508230209351
-0.5228247046470642
-0.16219070553779602
0.07232692092657089
-0.19631123542785645
-0.3862611651420593
-0.2704896032810211
0.8888407945632935
-1.0594733953475952
-0.6791776418685913
0.978819727897644
0.23753443360328674
-0.887553870677948
-0.8788909912109375
0.1054755225777626
0.5112798810005188
-0.2998524010181427
0.3306702971458435
-0.33605432510375977
-0.013593005947768688
0.25458618998527527
-0.10290642082691193
0.007043004035949707
0.23843535780906677
-0.6754637956619263
-0.20808038115501404
1.0617886781692505
-0.49094095826148987
-0.1614539921283722
0.7710339426994324
0.08144869655370712
-0.21852819621562958
-0.008875846862792969
0.3265014588832855
-0.4496553838253021
0.19649304449558258
0.6650694012641907
-0.6159355044364929
0.005096045322716236
0.6419539451599121
0.1374233216047287
0.3541550636291504
-0.4785495698451996
-0.14486880600452423
0.3133096396923065
-0.4613261818885803
-0.008393144235014915
0.12428370863199234
-0.4868079721927643
0.29464465379714966
-0.12452226877212524
-0.35828250646591187
-0.2601372301578522
0.48129263520240784
-0.29968124628067017
-0.15055766701698303
0.5690175890922546
-0.22130289673805237
0.39233168959617615
0.04965181276202202
-0.160020112991333
0.5117387175559998
-0.4918338656425476
-0.5182267427444458
0.45033007860183716
-0.11471624672412872
-0.4533742070198059
-0.060504116117954254
0.05904458835721016
0.1998101770877838
-0.1459132730960846
0.04833437129855156
-0.10437134653329849
-0.17175297439098358
-0.27018311619758606
0.3327997326850891
-0.5753108263015747
-0.07114186137914658
-0.009197724051773548
0.33516302704811096
-0.18352827429771423
-0.21656259894371033
-0.42160409688949585
-1.6981964111328125
2.060518980026245
-0.19397780299186707
-3.196052074432373
2.7245688438415527
-1.0642871856689453
-0.6944411993026733
1.39772629737854
-0.3480633497238159
1.128002405166626
-0.9605588912963867
-0.9575214385986328
0.8806906938552856
-0.1928865611553192
-0.01168680191040039
0.27911481261253357
-0.13268227875232697
0.03881120681762695
0.7547403573989868
-0.26676711440086365
-0.5385705232620239
-0.053568266332149506
0.4194772243499756
-0.17816957831382751
-0.3160560727119446
0.30461183190345764
-0.47218194603919983
0.1629020720720291
0.4068118631839752
-0.45312556624412537
0.48985403776168823
-0.4069755971431732
-0.17572030425071716
0.7562363743782043
-1.084960699081421
0.665446937084198
-0.11260004341602325
-0.7739479541778564
0.3287840485572815
0.3618377149105072
-0.43245893716812134
0.024626350030303
-0.3206254839897156
-0.28996458649635315
0.6007707715034485
-0.01407699566334486
-0.8583618402481079
0.44426852464675903
-0.10028505325317383
-0.19970059394836426
-0.756273090839386
0.6612935662269592
0.12983405590057373
-0.8937045931816101
-0.17495866119861603
-0.2604089677333832
-0.2566118836402893
0.27431267499923706
-0.3348579406738281
0.1685243546962738
-0.5713995695114136
-0.39730510115623474
1.4105020761489868
-0.9515866041183472
-0.5464457273483276
-0.5058302879333496
-0.08920647948980331
-0.3724701404571533
0.12243428081274033
-0.6084330677986145
0.08026270568370819
0.6811926364898682
-1.4096927642822266
0.25504690408706665
1.0216829776763916
-1.2283872365951538
-0.3583460748195648
0.20853233337402344
-1.4042541980743408
0.09188735485076904
0.8473793268203735
-0.45000743865966797
-0.7328847646713257
0.24092936515808105
0.05543022230267525
-0.4028269350528717
1.1430103778839111
-1.0250251293182373
-0.4225616455078125
0.5472050905227661
-0.5114749073982239
-0.19236990809440613
-0.4737218916416168
-0.521514892578125
0.2709980905056
0.5756735801696777
-0.4863516390323639
-0.3694338798522949
-0.27573344111442566
0.15643569827079773
-3.0468831062316895
1.6726462841033936
-0.38475996255874634
-1.327186942100525
-0.07672132551670074
0.7703394293785095
-1.4057819843292236
0.3837861716747284
0.19431141018867493
-0.914944052696228
0.32390689849853516
-0.20136263966560364
-0.2926105856895447
-0.04732625558972359
0.02802286110818386
0.3562685549259186
-0.2268269807100296
-0.24115164577960968
0.13586357235908508
-0.1983441561460495
0.03410310670733452
-0.6394139528274536
0.36408862471580505
-0.3836987316608429
0.25085416436195374
-1.0832771062850952
-0.1371016502380371
0.7821655869483948
0.5902040600776672
-0.5331184267997742
-1.2260761260986328
0.7901145219802856
0.16587984561920166
-0.43322983384132385
-0.026020491495728493
0.10197939723730087
-0.4850219786167145
0.18119028210639954
-0.380170613527298
0.8899555206298828
0.4414265751838684
-0.9013631939888
-0.9408220052719116
1.3001593351364136
-0.8296610116958618
-0.16290053725242615
0.7169595956802368
-0.35521477460861206
0.1692212074995041
0.640560507774353
-0.8023096323013306
0.13726791739463806
0.15033264458179474
-0.022377479821443558
0.004960370250046253
0.49005794525146484
0.13704439997673035
0.15442243218421936
0.45777827501296997
-0.25793784856796265
-0.5523427724838257
-0.13184432685375214
0.523391604423523
-0.17054596543312073
-0.01866970583796501
0.15282253921031952
-0.5316260457038879
0.41002368927001953
0.26425105333328247
-0.26619410514831543
-0.008292865939438343
-0.3180963397026062
0.5301844477653503
0.43310660123825073
-0.4688836932182312
0.8639524579048157
-0.35122981667518616
0.020435761660337448
0.35518354177474976
0.28147459030151367
0.23088188469409943
-0.14312388002872467
0.3600548505783081
0.42770862579345703
-0.3638885021209717
0.3161197900772095
0.13860519230365753
0.17500929534435272
0.4984826147556305
-0.32741445302963257
-0.23457130789756775
-0.012966576032340527
0.12169035524129868
-0.2742459774017334
-0.13211962580680847
0.09299691766500473
-0.13826754689216614
0.5383298993110657
-0.5756791830062866
-0.34302711486816406
-1.756372094154358
2.8790879249572754
-0.6461125612258911
-2.2581684589385986
1.8681142330169678
-1.330237627029419
-0.23017039895057678
1.1173372268676758
-0.8348894119262695
1.0033303499221802
-0.902596652507782
-0.516205906867981
0.05671949312090874
-0.5919554829597473
0.296642541885376
-0.4009636342525482
0.2671023905277252
-0.07235889136791229
0.41437864303588867
-0.2582532465457916
-0.29619115591049194
0.19703468680381775
-0.18689465522766113
0.5127125978469849
-0.004921579267829657
-0.6002081632614136
0.5068198442459106
-0.6988580226898193
-0.16865186393260956
0.5943997502326965
-0.8206226229667664
0.43459826707839966
-0.2567969262599945
-0.5498695373535156
0.33724474906921387
-0.047550249844789505
-1.1093565225601196
0.5507484674453735
-0.5262494683265686
0.5613800287246704
-0.03518524020910263
0.09176059067249298
-0.13698658347129822
-0.30815616250038147
-0.5561000108718872
-0.20812058448791504
0.38401851058006287
-0.18310078978538513
0.4696711599826813
0.23152923583984375
-0.1997634917497635
0.03840150684118271
-0.09534020721912384
0.21771860122680664
-0.014473771676421165
-0.08332443237304688
-0.21529455482959747
0.31754645705223083
-0.6459406018257141
0.7030372023582458
-1.1692417860031128
-0.46352118253707886
-0.024142837151885033
-0.7234772443771362
0.3931005597114563
-0.19739241898059845
-0.42542219161987305
-0.5076983571052551
-0.1959545612335205
-0.019985247403383255
0.5215277671813965
-0.5953842401504517
-0.5236784219741821
0.44357624650001526
0.5785317420959473
-0.2608967125415802
0.03037233278155327
-0.687496542930603
0.3045673370361328
-0.8504077792167664
-0.11160625517368317
0.02816009521484375
0.1346769630908966
0.40744638442993164
0.035253047943115234
-0.36787039041519165
-0.26465699076652527
0.7555227875709534
0.3016442358493805
-0.5683838129043579
-0.37620559334754944
-0.06040334701538086
-0.14489439129829407
0.19462856650352478
-0.599169135093689
0.2240903675556183
-0.7057839035987854
-0.6791106462478638
0.0577402226626873
0.001976406667381525
-3.157820224761963
0.4712483286857605
0.9311656951904297
-1.766672134399414
-0.34973350167274475
1.1117455959320068
-1.8809353113174438
0.4797714650630951
0.4220910966396332
-1.0254018306732178
0.5948501825332642
-0.46689295768737793
-0.028366852551698685
0.14861555397510529
0.04222219064831734
0.2575841546058655
0.09043478965759277
-0.12365850061178207
-0.42134588956832886
0.5901564359664917
-0.6844743490219116
0.04676499217748642
0.06627023965120316
-0.26084476709365845
0.2984340786933899
-0.556605875492096
-0.6942030787467957
0.9656152725219727
0.07489614188671112
-0.2888031601905823
-0.9192472696304321
0.3887476921081543
0.6961448192596436
-0.43658390641212463
0.1299728900194168
0.15997888147830963
-0.03613836690783501
0.3813230097293854
-0.48577967286109924
0.5091696977615356
0.9071239233016968
-1.1317522525787354
-0.6008351445198059
1.1275136470794678
-0.28299739956855774
-0.1521555632352829
0.6483080983161926
-0.194411039352417
0.10712411254644394
0.6141961812973022
-0.47711676359176636
0.14096438884735107
-0.4736699163913727
0.5730628371238708
-0.1525726020336151
-0.08340094238519669
0.318950355052948
0.015608573332428932
0.2746449112892151
0.011904239654541016
-0.3034901022911072
0.02519209310412407
0.3360321521759033
0.13176563382148743
-0.393941730260849
0.5250423550605774
0.21079866588115692
0.3159223198890686
-0.2153426706790924
0.5376626253128052
-0.2192104309797287
0.3673141300678253
-0.3962276577949524
-0.501711368560791
0.5381186008453369
-0.2826870083808899
-0.09316647052764893
0.051792241632938385
-0.18553473055362701
-0.45463037490844727
0.17096856236457825
0.16187253594398499
-0.05848075821995735
-0.006352663040161133
-0.3475014865398407
0.6287211179733276
-0.16784606873989105
-0.3994874358177185
0.5181857943534851
-0.2082800567150116
0.011634874157607555
0.07509490847587585
0.3925324082374573
0.040015727281570435
-0.034879423677921295
0.055951572954654694
-0.1015169620513916
-0.5622591376304626
-0.559443473815918
-1.0051156282424927
-1.6477960348129272
2.138605833053589
-1.0373255014419556
-3.3694469928741455
3.122756242752075
-1.2892112731933594
-1.5645263195037842
1.3873083591461182
-0.19517579674720764
0.24452266097068787
-0.10675430297851562
-1.1696531772613525
0.8321088552474976
-0.3865111172199249
0.6430684328079224
-0.6661764979362488
-0.6059824228286743
-0.18810296058654785
0.30323201417922974
-0.7184667587280273
-0.197858527302742
0.07787494361400604
-0.5403116345405579
0.4743015766143799
0.24903440475463867
-0.5452882051467896
-0.03258471563458443
-0.31675443053245544
-0.016627883538603783
-0.43130096793174744
-0.1974746286869049
-0.5843870639801025
0.07877931743860245
0.03710503503680229
-0.09607382118701935
0.18691615760326385
-0.9016507863998413
0.37542733550071716
-0.2205355167388916
-0.11080531775951385
0.1611340492963791
-0.8960559964179993
0.18687096238136292
0.3219461441040039
0.1249232292175293
-0.726812481880188
0.7017013430595398
-0.4278945028781891
-0.5591992139816284
1.1562061309814453
-0.8977460861206055
0.34141725301742554
0.33483320474624634
-0.28361576795578003
-0.21078643202781677
-0.26762229204177856
0.6055039167404175
1.1484698057174683
-0.8290818929672241
0.07412528991699219
0.5236996412277222
-0.44787994027137756
0.1622329205274582
-0.25939106941223145
0.05587129667401314
-0.3161662220954895
-0.31250473856925964
-0.11827566474676132
0.2714793086051941
0.02234778366982937
0.4839444160461426
-0.24914655089378357
-0.7770012617111206
1.0364234447479248
0.021326351910829544
-0.1885567158460617
0.22448153793811798
-0.0893426164984703
0.16372045874595642
-0.032739054411649704
-0.9093824625015259
0.42385610938072205
-0.05966605991125107
-0.31447532773017883
0.7370020747184753
-0.002272987272590399
-0.6542359590530396
0.16197319328784943
-0.4667251706123352
0.19280080497264862
-0.13548748195171356
-0.1256403625011444
-0.45899659395217896
-0.0976012796163559
-0.10711561143398285
0.4083990156650543
-0.36172980070114136
0.21467921137809753
-0.6674492955207825
0.12199896574020386
-4.359614849090576
3.6883273124694824
-0.3469927906990051
-1.74148690700531
0.22634315490722656
0.6587592363357544
-1.0092394351959229
0.12720930576324463
0.4661746025085449
-0.6576353907585144
0.1510719358921051
-0.27727633714675903
-0.17848411202430725
1.0064175128936768
-0.6568660736083984
-0.09572987258434296
0.6465681791305542
-0.6505240201950073
-0.08363914489746094
0.3331584334373474
-0.6057205200195312
0.14113859832286835
0.32006698846817017
-0.8401004076004028
0.5577334761619568
-0.5461216568946838
-0.239042729139328
1.2165025472640991
0.00247783656232059
-0.5465735197067261
-0.3794887065887451
-0.3910439610481262
0.547320544719696
-0.06480078399181366
-0.33169642090797424
-0.044718433171510696
-0.03183794021606445
0.4625755846500397
-0.5622348785400391
0.4242703914642334
0.9372989535331726
-1.6763492822647095
-0.4660974442958832
0.906895637512207
-0.9894558191299438
0.27795886993408203
0.5681780576705933
0.10147037357091904
0.21277610957622528
0.4264102876186371
-0.9045235514640808
0.42577609419822693
0.11211438477039337
-0.33167126774787903
-0.0890277624130249
0.1554115265607834
0.3619072437286377
-0.3992045223712921
0.2738787531852722
0.03374345228075981
-0.7150262594223022
0.25014451146125793
-0.39289385080337524
-0.21684913337230682
0.4850897192955017
-0.1908205896615982
-0.6245083808898926
0.37305012345314026
-0.3722761273384094
0.0026385069359093904
0.4050719738006592
0.2030952423810959
-0.28227633237838745
0.6215416193008423
-0.08270995318889618
0.17564509809017181
-0.21011805534362793
0.003429245902225375
0.120171919465065
-0.044264547526836395
0.41570043563842773
0.10349091142416
-0.8056829571723938
0.32873257994651794
0.24178870022296906
-0.3884165287017822
-0.35379189252853394
0.02462322637438774
0.18577487766742706
0.04053908586502075
-0.17162398993968964
0.07536830753087997
0.21427980065345764
0.2483709156513214
-0.02715744450688362
0.08126417547464371
-0.050929389894008636
-0.4700080454349518
0.11119882762432098
-0.5100955963134766
-1.8359848260879517
2.33139967918396
-0.9914090037345886
-2.0957586765289307
2.3274383544921875
-0.7743188142776489
-2.1302871704101562
1.6600124835968018
-0.7611119151115417
0.13776497542858124
0.4309995770454407
-0.3848804235458374
-0.3499307930469513
0.004361629486083984
-0.11028742790222168
-0.001422023749910295
-0.6071975827217102
0.08694572746753693
-0.023418474942445755
0.17328611016273499
-0.14329186081886292
-0.7568356990814209
0.293724924325943
-0.26363813877105713
-0.5014272928237915
-0.1607278287410736
-0.12948255240917206
0.2671266496181488
-0.7634178400039673
-0.2618328630924225
0.5489181280136108
-0.5242029428482056
-0.5789578557014465
-0.03440422937273979
0.4905098080635071
-0.016825009137392044
0.4177022874355316
0.053684137761592865
0.022688960656523705
-0.5355234742164612
0.5367525219917297
-0.002052783966064453
-0.17304106056690216
0.7927808165550232
-0.14070682227611542
-0.7921626567840576
0.49966660141944885
-0.43219462037086487
0.08436193317174911
0.18539157509803772
-0.3058762550354004
0.22883200645446777
0.0830998420715332
-0.47899818420410156
-0.734068751335144
0.6469237208366394
0.3447841703891754
0.3892599642276764
-0.03852047771215439
-0.5322363376617432
-0.31363797187805176
0.18995705246925354
-0.022159958258271217
0.09193544089794159
0.22013935446739197
-0.32590991258621216
-0.2751355767250061
0.5362199544906616
-0.4037531912326813
0.07573594897985458
-0.6850723028182983
-0.03723146766424179
-0.6655012369155884
-0.11349501460790634
-0.33331480622291565
-0.21562978625297546
0.7062059044837952
-1.1877777576446533
-0.3081541955471039
0.4180756211280823
0.5674619674682617
0.08353674411773682
-0.9674469828605652
0.3846172094345093
-0.4786803722381592
-0.720612108707428
0.19734010100364685
0.15991048514842987
-0.6671525239944458
-0.029407214373350143
-0.1038782149553299
0.01336680632084608
-0.4581936001777649
0.36327314376831055
-0.2333936244249344
-0.5244961977005005
0.3266725242137909
-0.10109187662601471
-0.8278497457504272
0.3767561912536621
-3.1570920944213867
0.5856960415840149
0.9430180788040161
-2.0893585681915283
0.0030780197121202946
1.302980661392212
-1.6629550457000732
0.09624038636684418
0.7171853184700012
-1.1399013996124268
0.09112212061882019
0.2639634907245636
-0.5309498906135559
-0.016894495114684105
0.4885328412055969
0.0068552494049072266
-0.3782411217689514
0.2110470086336136
0.12657169997692108
-0.0768815279006958
0.03457584232091904
0.10395245254039764
0.04375045374035835
-0.45989513397216797
0.13848885893821716
-0.944808840751648
-0.07259192317724228
0.938440203666687
0.1620779037475586
-0.5813514590263367
-1.2853751182556152
0.4569072127342224
-0.2862949073314667
-0.023334026336669922
-0.1836685836315155
0.3675324022769928
-0.13205543160438538
-0.6340914964675903
-0.2567351758480072
0.6280613541603088
0.8649792671203613
-0.964385986328125
-1.0733985900878906
1.0377954244613647
-0.6538138389587402
-0.1536932736635208
0.590936541557312
0.03704741969704628
-0.13019052147865295
0.04763643816113472
-0.41484618186950684
-0.025706280022859573
0.10729920864105225
-0.23898279666900635
0.08504071086645126
0.08125467598438263
0.0854669064283371
0.2203284204006195
0.47588911652565
-0.3226189911365509
-0.16212551295757294
0.2141861468553543
0.23199649155139923
0.1605006754398346
-0.240449458360672
0.07502956688404083
-0.0839734822511673
0.6128590106964111
-0.7811499834060669
0.4220241904258728
0.5934694409370422
-0.39521312713623047
0.3684300482273102
-0.135653555393219
-0.43514513969421387
1.0868674516677856
-0.1950593888759613
-0.4075053632259369
0.4623602032661438
-0.1527976244688034
-0.3768322169780731
0.1690875142812729
-0.03692818060517311
-0.31540727615356445
-0.13812296092510223
-0.11093493551015854
-0.792887806892395
0.8361732363700867
-0.38070783019065857
-0.12998001277446747
0.3687276244163513
0.18915991485118866
-0.7665972709655762
0.5220023393630981
0.17080864310264587
0.41041985154151917
-0.8410612344741821
-0.2279617041349411
-0.28512877225875854
-0.9444978833198547
-2.3474977016448975
2.831925630569458
0.24456532299518585
-2.6159281730651855
1.1952756643295288
-0.81983882188797
0.28228193521499634
0.7329440116882324
-0.7052386403083801
0.1911470890045166
-0.5675746202468872
0.4568597376346588
-0.4614260196685791
0.259684294462204
-0.38584280014038086
-0.8066660761833191
0.5450502634048462
-0.5672882795333862
-0.472445011138916
0.34063807129859924
-0.09890194237232208
-0.6250790357589722
0.5120378732681274
-0.11635856330394745
0.04829559475183487
-0.643589437007904
0.33777159452438354
0.26881104707717896
-0.3678911328315735
-0.012945937924087048
0.5364657640457153
-0.7375799417495728
0.5020588040351868
-0.15796446800231934
-0.22854694724082947
-0.02459115907549858
0.17747250199317932
-0.11120424419641495
0.10943565517663956
-0.654367208480835
-0.33760252594947815
0.4353211522102356
-0.34818434715270996
-0.845807671546936
0.4827910363674164
-0.13889598846435547
-0.7975034117698669
0.31389570236206055
-0.35828956961631775
-0.24064044654369354
0.07405433803796768
-0.16200809180736542
-0.16548308730125427
-0.17338204383850098
0.3775594234466553
-0.1561087667942047
-0.5821503400802612
0.7722997069358826
-0.9675887823104858
-0.28877681493759155
0.30740946531295776
-0.34258800745010376
0.47790366411209106
0.37607330083847046
-0.9594804644584656
0.4544096887111664
-0.22061197459697723
0.20986118912696838
0.022628355771303177
-0.06610460579395294
0.3819422125816345
-0.4483974874019623
-0.5960580110549927
-0.1387486457824707
0.24514682590961456
0.027750110253691673
0.19853751361370087
-0.7978639602661133
0.24005679786205292
-0.019295454025268555
-0.5065792798995972
-0.3232956528663635
-0.14898452162742615
0.16118738055229187
0.4981059432029724
0.10545098781585693
-1.1019335985183716
0.35316845774650574
-0.0037739514373242855
-0.7077104449272156
0.4010675847530365
0.40156012773513794
-0.40186887979507446
-0.4798482060432434
-0.10452673584222794
-0.574661910533905
-0.3382989764213562
-0.19558529555797577
-0.37750178575515747
-0.126803457736969
-3.104919910430908
0.8427857160568237
0.3244519829750061
-1.5883228778839111
-0.03186546638607979
0.8941461443901062
-1.3485478162765503
0.3704056143760681
-0.030655670911073685
-0.7280049324035645
0.16670075058937073
-0.017244935035705566
-0.41199809312820435
0.37582460045814514
0.11353075504302979
-0.5362769961357117
0.680966854095459
-0.0073463199660182
-0.4083063006401062
0.2301902025938034
-0.05440826341509819
0.04061391204595566
-0.36936378479003906
-0.2952120006084442
0.39770787954330444
-0.5604586601257324
-0.4172312617301941
0.85870760679245
0.0076413629576563835
-0.5570340156555176
-0.7810114622116089
0.7383971810340881
0.04105494171380997
0.005076742265373468
0.4439067840576172
-0.2976614832878113
-0.13016144931316376
-0.3630468547344208
0.19454610347747803
-0.028614163398742676
0.23313507437705994
0.3074905276298523
-0.05796992778778076
-0.19231009483337402
-0.16626453399658203
-0.08771912753582001
0.29084521532058716
-0.7246724963188171
0.9600474238395691
-0.09827621281147003
-0.4521176218986511
0.43760234117507935
-0.016184259206056595
-0.8214882016181946
0.5246175527572632
0.11893141269683838
-0.11179262399673462
0.17360450327396393
-0.1255558431148529
-0.6052941083908081
0.017240215092897415
0.5328191518783569
0.28903573751449585
-0.12025060504674911
-0.6322547197341919
-0.03571438789367676
-0.09643112123012543
0.10553469508886337
-0.11572416126728058
0.24802811443805695
0.654573917388916
-0.6194636225700378
0.5157429575920105
-0.05484800413250923
-0.08025296777486801
-0.03746412321925163
0.2077682763338089
0.07556208223104477
-0.1400379240512848
0.038309402763843536
0.07013069093227386
-0.07445526123046875
-0.43456658720970154
0.43397465348243713
-0.16067185997962952
-0.1508258581161499
0.25918126106262207
0.12116239219903946
-0.0803745910525322
-0.01729283295571804
0.338756263256073
-0.27372726798057556
0.7334417104721069
-0.28112509846687317
-0.2637931704521179
0.12652850151062012
0.32222047448158264
-0.660194993019104
-0.4370684027671814
-0.43283987045288086
-1.6166026592254639
2.6542844772338867
-0.5508820414543152
-2.278583288192749
1.7969143390655518
-0.9739688634872437
-0.8553683161735535
0.6076992154121399
0.3542869985103607
0.1595580130815506
-1.346435785293579
0.10846655070781708
-0.12888717651367188
-0.3703938126564026
0.8653154373168945
-0.17497754096984863
0.06903362274169922
-0.325918972492218
-0.05451173707842827
0.2813372015953064
-0.014796924777328968
-0.2377069890499115
0.5844067335128784
-0.44957399368286133
-0.37228041887283325
-0.1412602961063385
0.13965702056884766
0.518718957901001
-0.7625555992126465
1.0033676624298096
-0.429252952337265
-0.06950249522924423
-0.11621241271495819
-0.10721687972545624
0.5820505023002625
-0.16788415610790253
-0.42114219069480896
-0.23881296813488007
0.49841976165771484
-0.47836756706237793
0.2838839590549469
-0.12531757354736328
0.2717977464199066
0.8111553192138672
-0.7042863368988037
-0.6297433972358704
1.1077208518981934
-0.3527224659919739
-0.4584594666957855
0.2814549505710602
-0.12104825675487518
0.08863882720470428
-0.48149627447128296
-0.1214059367775917
-0.32452064752578735
-0.20126385986804962
-0.24562020599842072
-0.23621311783790588
-0.048973895609378815
-0.06417183578014374
-0.9251965284347534
0.12176074832677841
0.6266388297080994
-0.8124544024467468
0.2776168882846832
0.33644241094589233
-0.17521357536315918
-0.9433838129043579
0.668531596660614
0.5206953883171082
-0.7220121026039124
0.4908665120601654
-0.2104930430650711
-0.11575894057750702
-0.03955674171447754
-0.21192964911460876
-0.18145890533924103
0.16306069493293762
0.3727395534515381
-0.19179341197013855
-0.33026793599128723
-0.15191952884197235
0.506126880645752
-0.019065475091338158
-0.20310068130493164
0.0013188362354412675
0.7189627289772034
-0.3560710549354553
-0.5702874660491943
0.01882016286253929
-0.3065670132637024
-0.23281235992908478
-0.414829820394516
1.1962484121322632
-0.6863303184509277
0.8850646018981934
0.5696660876274109
-0.698017418384552
-0.513290286064148
0.8528854250907898
-3.7235703468322754
0.5718988180160522
1.00284743309021
-2.0425796508789062
0.19378924369812012
0.5471542477607727
-1.3306541442871094
0.3910847306251526
0.4152218699455261
-0.8362832069396973
0.5290802717208862
0.25833946466445923
-0.614237904548645
0.30970293283462524
0.2789785861968994
0.11443176120519638
0.1838293969631195
0.018953632563352585
-0.041325829923152924
-0.04623283073306084
0.20610299706459045
-0.12160012871026993
-0.060024309903383255
0.24324581027030945
-0.06682665646076202
-0.503541111946106
-0.08673395961523056
0.8382080793380737
0.12702150642871857
-0.5831083059310913
-0.6040068864822388
0.07389039546251297
0.7583091259002686
-0.35537534952163696
-0.5501173734664917
0.16499629616737366
-0.3368959426879883
0.22106394171714783
-0.38042640686035156
0.4601360857486725
1.0043219327926636
-0.9138083457946777
-0.934686005115509
1.0520055294036865
-0.3476174473762512
-0.2681415379047394
0.3466615080833435
0.269489586353302
-0.4825283885002136
0.35168418288230896
-0.10340236127376556
-0.43196478486061096
0.36130961775779724
-0.07362029701471329
-0.2449324131011963
0.2712708115577698
0.14965525269508362
-0.03502678871154785
0.5594388842582703
0.22977189719676971
-0.14188271760940552
-0.612907886505127
0.40842920541763306
-0.37747859954833984
0.0574813112616539
-0.11257592588663101
0.3025004267692566
0.26708218455314636
0.4100295901298523
-0.0480794683098793
0.00030884743318893015
-0.027798175811767578
0.20027665793895721
0.17828139662742615
-0.030741607770323753
-0.08020825684070587
-0.0988321527838707
0.19761736690998077
0.06803807616233826
-0.1526220589876175
0.3049252927303314
-0.3136846423149109
-0.24597422778606415
0.5023209452629089
-0.003523692488670349
0.2657889723777771
-0.3966977596282959
0.2884378135204315
0.014310682192444801
0.40763798356056213
-0.15357699990272522
0.31432145833969116
-0.15794971585273743
-0.22145763039588928
1.126668095588684
-0.5110605359077454
0.24639196693897247
-0.13998790085315704
-0.055109668523073196
-0.24355116486549377
-2.092465877532959
2.8412718772888184
-0.4552380442619324
-3.8019073009490967
3.1849660873413086
-1.753976821899414
-0.8415449261665344
1.6391270160675049
-1.174192190170288
0.8620108366012573
-0.9025341868400574
-0.1625485122203827
0.3463958203792572
-0.3719789385795593
0.6085208654403687
-0.3303179144859314
-0.16110534965991974
0.033527325838804245
0.12775054574012756
-0.7161976099014282
0.32602977752685547
0.19176320731639862
0.3377975821495056
0.11339841037988663
-0.6574066877365112
-0.20735788345336914
0.048471830785274506
-0.25965696573257446
-0.23268643021583557
-0.24052724242210388
0.42095956206321716
-0.5021654963493347
0.22825947403907776
0.2428356111049652
-0.35845947265625
-0.12827901542186737
0.2689831852912903
-0.43029171228408813
0.06718850135803223
-0.48418599367141724
0.09981875121593475
-0.4660862386226654
0.2131475955247879
-0.09501715004444122
0.6165573596954346
-0.46515482664108276
-0.22589750587940216
0.3963163495063782
-0.16065220534801483
-0.0827808827161789
0.08419351279735565
-0.039536189287900925
1.0089213848114014
-0.6471189260482788
-0.23508167266845703
-0.14288754761219025
-0.3842628002166748
0.9147661328315735
-0.050948429852724075
-0.3744104504585266
0.553075909614563
0.019519280642271042
0.04363083839416504
-1.0968255996704102
0.2644055485725403
0.6970981359481812
-0.4758155941963196
-0.08665065467357635
-0.5548171401023865
0.38123875856399536
-0.5050355195999146
-1.20918869972229
0.35549086332321167
-0.11665263026952744
-0.021396923810243607
-0.5150154232978821
-0.5263971090316772
0.2721967101097107
0.1236150711774826
0.07248228788375854
-0.27127987146377563
0.4234094023704529
-0.13593913614749908
-0.5004981756210327
-0.4729328155517578
0.0613827221095562
0.09491477161645889
-0.7103596329689026
-0.24319016933441162
0.2858089804649353
-0.16773180663585663
-0.4285305142402649
0.24036593735218048
0.0801701545715332
-0.49908751249313354
-0.3676023483276367
0.08986897766590118
0.2628340423107147
-0.7550182938575745
0.3709331154823303
-3.142984390258789
1.2966452836990356
0.5745394825935364
-2.074861764907837
0.12858763337135315
1.1166119575500488
-1.2699716091156006
0.1336921900510788
0.5511093139648438
-0.9335813522338867
0.2537879943847656
0.13321581482887268
-0.875359833240509
0.50932776927948
0.6280391812324524
0.27049028873443604
-0.5273467898368835
0.30796876549720764
0.02151627466082573
0.23827926814556122
-0.47826942801475525
0.074738048017025
0.09702722728252411
-0.4917701780796051
0.1880454123020172
-0.26013198494911194
-0.7429519891738892
0.4259048402309418
0.1364230215549469
-0.23800475895404816
-0.8404134511947632
-0.17494329810142517
0.3845606744289398
-0.4919474124908447
0.7906519770622253
-0.01714622974395752
-0.3991381525993347
0.28307998180389404
-0.12178683280944824
-0.2581103444099426
-0.11595229804515839
0.3414751887321472
0.19695082306861877
-0.6359710693359375
-0.7633911967277527
1.0198581218719482
-0.6243258714675903
0.05510764196515083
0.802521824836731
-0.6255560517311096
-0.05395311117172241
0.8162158131599426
-0.8970998525619507
-0.07593611627817154
0.8434514999389648
-0.24676600098609924
0.17057743668556213
0.7057787179946899
0.17473870515823364
-0.29371267557144165
0.5845310091972351
-0.31040099263191223
-0.4478437304496765
0.1442323923110962
0.4765237867832184
0.2342674434185028
-0.00458261976018548
-0.04439907148480415
0.0991758331656456
-0.07172369956970215
0.4737027585506439
0.11152894794940948
-0.2666760981082916
0.22479987144470215
-0.04203326627612114
0.2558949589729309
-0.11586008965969086
0.3380160331726074
-0.01685977540910244
-0.4945394992828369
0.411140114068985
-0.17143063247203827
-0.4865129888057709
0.8179057240486145
-0.3872910141944885
0.19881461560726166
0.1440180093050003
-0.3315996825695038
0.21210892498493195
0.5355377197265625
-0.3142043650150299
0.026725435629487038
-0.30792126059532166
-0.2510911226272583
-0.10668186843395233
0.12843655049800873
0.14507469534873962
0.12241514772176743
-0.23193144798278809
-1.085904598236084
-1.5889196395874023
2.596783399581909
-0.8581973314285278
-1.948831558227539
1.631360650062561
-1.5264756679534912
-0.26396289467811584
0.38371729850769043
-0.778629720211029
0.7096483111381531
-0.8251806497573853
-1.053354024887085
0.9651252031326294
-0.4707150459289551
-0.21256494522094727
-0.2648959159851074
0.5932972431182861
-0.26203498244285583
0.01806316338479519
0.3953762650489807
-1.116532325744629
0.32499760389328003
0.06724433600902557
-0.6716911196708679
0.2133185863494873
0.4936366081237793
-0.47632303833961487
-0.2525041997432709
-0.3915785253047943
0.4644850194454193
-0.6111278533935547
-0.87603360414505
0.27655887603759766
0.32509222626686096
-0.19627007842063904
0.3285638689994812
-0.45683878660202026
-0.3543420732021332
-0.7961112260818481
-0.31098803877830505
0.1295328140258789
0.3029709756374359
-0.58058762550354
0.12993764877319336
0.41114363074302673
-0.7729489207267761
0.0776081532239914
-0.09847287833690643
0.16166357696056366
-0.2242899388074875
-0.3215494751930237
0.8320636749267578
0.04142417758703232
-0.8609916567802429
0.5529157519340515
0.07294120639562607
-0.22408652305603027
0.086722232401371
-0.07475218921899796
-0.21298888325691223
0.5636425614356995
0.4026023745536804
-0.3321564793586731
-0.42981308698654175
0.29728543758392334
0.35471636056900024
-0.6913756728172302
0.29072263836860657
1.0374414920806885
-0.6754686236381531
-0.5160480737686157
0.5151579976081848
-0.46677151322364807
-0.5697214603424072
0.4312497079372406
-0.7079939246177673
-0.25750505924224854
0.3577459156513214
-0.8901585340499878
0.26883941888809204
-0.764143168926239
0.08813557773828506
-0.17620012164115906
0.354081928730011
-0.3444669544696808
-0.7633016705513
0.2068769484758377
-0.18110492825508118
-0.34041690826416016
0.5857892036437988
-0.6275564432144165
0.7463706731796265
-0.4588528275489807
-0.9214450716972351
0.11877986043691635
-0.7783747911453247
0.20785029232501984
0.2646748423576355
-0.8366274833679199
-0.23060381412506104
-3.117469310760498
0.7153936624526978
0.5869225859642029
-1.7799676656723022
0.19618269801139832
0.7796006202697754
-1.5703781843185425
0.38624072074890137
0.2366248369216919
-0.534427285194397
-0.1745373010635376
-0.3604523241519928
-0.30150607228279114
0.15785352885723114
0.008057301864027977
0.37393617630004883
-0.1888004094362259
-0.10929503291845322
-0.2183007001876831
-0.2549707293510437
0.42315787076950073
-0.04298830032348633
-0.227288156747818
0.004011821933090687
-0.10288749635219574
-0.38982322812080383
-0.5389057993888855
0.5001116991043091
-0.34172940254211426
0.10794898122549057
-0.34824514389038086
0.07183229923248291
0.5709896683692932
0.639684796333313
-1.006115198135376
-0.797083854675293
0.9111917614936829
-0.47336140275001526
-0.3860800266265869
0.5622249245643616
-0.04097182676196098
0.43137893080711365
0.2604312002658844
-0.4798559248447418
-0.06033764034509659
0.5362338423728943
-0.33435073494911194
-0.23643958568572998
0.6748853921890259
0.04284825176000595
-0.3038102090358734
-0.16372859477996826
-0.2194335162639618
0.16368821263313293
0.2128620147705078
0.032277606427669525
0.15223908424377441
0.49480804800987244
0.1255984604358673
-0.030936216935515404
-0.007520484738051891
0.03595464304089546
0.10292553901672363
-0.10856244713068008
0.12738268077373505
-0.02821807935833931
-0.10362720489501953
-0.34381821751594543
0.3235623240470886
0.1728736013174057
-0.32849547266960144
-0.12912830710411072
0.2234814167022705
0.09643612056970596
0.4324835240840912
-0.25198251008987427
0.04491683095693588
0.5803151726722717
-0.3738667368888855
0.5053712129592896
-0.1580558717250824
-0.2743721604347229
0.20184223353862762
0.04354875162243843
0.15833184123039246
-0.2825791835784912
0.8649627566337585
0.22756728529930115
0.1483512818813324
0.4827420115470886
-0.24130229651927948
0.0711330771446228
0.1736820638179779
0.6062458753585815
0.1432897299528122
0.34277021884918213
0.42877259850502014
-0.2602706253528595
-0.7314985394477844
-0.245390385389328
-1.7441847324371338
2.9103806018829346
-0.8962119221687317
-3.6783385276794434
3.2464382648468018
-1.1379374265670776
-1.4967145919799805
1.4623733758926392
-1.0514781475067139
0.6204612851142883
-0.8854506611824036
-0.18906331062316895
0.567085862159729
-0.5067676305770874
0.6707515716552734
-0.5433661341667175
0.6396064758300781
0.22852984070777893
-0.7865596413612366
0.2986466884613037
0.39967089891433716
-0.7821120023727417
1.3034555912017822
-0.27830538153648376
-0.25619539618492126
0.05653343349695206
-0.24543476104736328
0.07078675925731659
-0.6334689259529114
0.8576419949531555
-0.8169191479682922
-0.36816513538360596
1.2275199890136719
-0.1361263245344162
-0.5932713747024536
0.4148795008659363
-0.3295121192932129
-0.2095176726579666
-0.3960934281349182
0.0871770828962326
0.2698264718055725
-0.36267024278640747
0.354655921459198
-0.27077293395996094
0.13007430732250214
-0.22778621315956116
0.017489099875092506
-0.0810217410326004
-0.5074805021286011
0.7987879514694214
-0.4535493850708008
-0.6267815828323364
1.1434074640274048
0.15482883155345917
-0.3415302336215973
0.0731537789106369
-0.15698757767677307
0.05526876449584961
0.04671182483434677
-0.49223384261131287
0.25668779015541077
0.06967954337596893
-0.15069341659545898
-0.13061948120594025
-0.5828441381454468
0.275208055973053
-0.07987026870250702
-0.043594907969236374
0.35362547636032104
-1.2010208368301392
0.8101175427436829
-0.001969027565792203
-1.05217707157135
0.19864964485168457
0.3243541121482849
-0.12770183384418488
0.03497457504272461
-0.8989615440368652
-0.4598948061466217
0.4477427899837494
-0.9498249292373657
-0.20516958832740784
0.07485971599817276
0.4025343954563141
-0.5302013754844666
-0.315481036901474
-0.41228610277175903
-0.17297129333019257
-0.597085177898407
-0.5311397314071655
0.13892808556556702
-0.8419697880744934
-0.1696443408727646
0.24174530804157257
-0.4183429181575775
-0.10929504781961441
-0.14149215817451477
0.053290776908397675
-0.3591654896736145
-1.8694864511489868
-3.242377758026123
3.2115871906280518
0.06470956653356552
-3.320401668548584
1.7497131824493408
0.5108142495155334
-1.4211885929107666
0.6539620161056519
-0.19463098049163818
-0.31496480107307434
0.10385624319314957
-0.3682955503463745
-0.15941831469535828
0.18872512876987457
-0.401183545589447
-0.2642717957496643
0.9309375882148743
-0.5312620401382446
-0.8367732763290405
0.26445531845092773
-0.4196174144744873
0.16318491101264954
0.18176555633544922
-0.7679466605186462
0.3433588147163391
0.305858314037323
-0.5192697644233704
0.2896873354911804
-0.23212897777557373
-0.396386057138443
-1.0800354480743408
0.8287026286125183
0.08591058105230331
-1.024052381515503
0.2794616222381592
0.6011549830436707
-0.3125881552696228
-0.4166867136955261
-0.20396845042705536
0.6731091737747192
0.39102986454963684
-0.304410845041275
-0.6908873319625854
0.4344301223754883
-0.009001946076750755
-0.5604838132858276
0.285037100315094
-0.030980896204710007
0.7839179039001465
-0.05093052238225937
-0.1972036361694336
0.3535385727882385
-0.020905112847685814
-0.47559213638305664
0.07636859267950058
0.6728659868240356
-0.3346725106239319
-0.2091529369354248
0.01888868771493435
0.04207134246826172
0.2799144387245178
0.5127050280570984
-0.8714744448661804
0.9584170579910278
-0.27794748544692993
-0.3860890865325928
0.2010500729084015
-0.13022904098033905
-0.26173216104507446
0.14391380548477173
0.08740585297346115
-0.30529454350471497
-0.10096746683120728
0.27470043301582336
-0.5415434837341309
0.7380205988883972
0.01984086073935032
0.2234324961900711
0.004427039530128241
-0.3687521517276764
0.3786117732524872
0.1238662376999855
0.0429033488035202
0.4787951111793518
-0.7362343668937683
0.5038286447525024
0.18079037964344025
-0.44633740186691284
0.5083447098731995
-0.2348145693540573
-0.5102472305297852
0.6043305397033691
-0.012221908196806908
-0.3754081726074219
-0.18363778293132782
-0.2885933816432953
0.36193105578422546
0.2603030502796173
-0.4650982916355133
-1.341396450996399
-1.478708028793335
2.603414535522461
-0.4695225656032562
-3.71203351020813
2.929293394088745
-1.336097002029419
-0.4230819642543793
0.7858477234840393
-0.20732727646827698
0.919302761554718
-0.8100679516792297
-0.5437167286872864
0.23855885863304138
-0.06494078785181046
-0.5821289420127869
0.18305225670337677
-0.6282565593719482
0.423409640789032
-0.14030437171459198
0.0060329437255859375
-0.20650625228881836
0.12624821066856384
0.35054904222488403
-0.6928085684776306
0.6002993583679199
-0.2504473626613617
-0.6503732204437256
0.5126219987869263
0.0985497459769249
-0.7539318799972534
0.7567704319953918
-0.17077922821044922
-0.7283667922019958
0.4151079058647156
-0.4051629900932312
0.40515461564064026
-0.16405968368053436
-0.13710002601146698
0.013096523471176624
0.08796615898609161
-0.5622164011001587
0.8944715261459351
0.9062118530273438
-0.2797449231147766
-0.3313809037208557
-0.025707006454467773
0.06236128881573677
0.13580040633678436
0.23979315161705017
0.23142071068286896
-0.4899960160255432
0.25300008058547974
0.7361046671867371
-0.7870522141456604
0.43948689103126526
-0.1961640864610672
-0.3521807789802551
0.30730581283569336
-1.3269306421279907
-0.17387303709983826
0.397817462682724
-0.22549481689929962
0.7465339303016663
-0.3405248522758484
-0.34280070662498474
0.2820888161659241
-0.6053130626678467
0.9565896987915039
-0.13754987716674805
-0.34583738446235657
0.3632982671260834
-1.0491340160369873
-0.49641361832618713
1.2951090335845947
-0.0067552924156188965
0.17960362136363983
-0.1095695048570633
-0.41061562299728394
0.7701023817062378
-0.6632592082023621
0.1313142478466034
0.5757434368133545
-0.8505967855453491
-0.14722628891468048
0.6801600456237793
-0.3992535471916199
0.07385482639074326
-0.3900373876094818
-0.6492723226547241
0.17685437202453613
0.5318670272827148
-0.6954885125160217
0.6026331782341003
0.6030049324035645
-0.19795438647270203
-0.41283541917800903
0.5619485378265381
-0.17498885095119476
-0.5484808683395386
0.37823495268821716
-3.54994535446167
0.6434075236320496
0.7462392449378967
-1.9595324993133545
-0.027971994131803513
1.0551117658615112
-1.2455049753189087
-0.0642164945602417
0.12921938300132751
-0.7389683723449707
0.17012886703014374
-0.10524018108844757
-0.4507918357849121
0.1356155425310135
0.7124258279800415
0.2867942750453949
-0.4498189091682434
0.1887606382369995
0.08106281608343124
0.46829232573509216
-0.6165417432785034
-0.5225294828414917
-0.2065054178237915
-0.1510227471590042
-0.25509095191955566
-0.8128215670585632
-0.6097927093505859
1.0968377590179443
0.1941426545381546
-0.9848184585571289
-0.15002501010894775
-0.11518849432468414
0.4964003562927246
0.22087237238883972
-0.11713578552007675
0.45031148195266724
-0.41615819931030273
0.2067538946866989
-0.2357049435377121
-0.03065471723675728
1.1922353506088257
-1.1535093784332275
-0.9813899993896484
0.9803373217582703
-0.761106550693512
0.1777268946170807
0.591065526008606
-0.2741321921348572
0.8198509216308594
0.32735592126846313
-1.1647093296051025
-0.1625329703092575
0.12582135200500488
-0.1934777945280075
0.2178395539522171
-0.0918574184179306
1.0493123531341553
-0.04453480243682861
-0.39223864674568176
0.7021425366401672
0.2522488832473755
-0.3962600529193878
-0.35824552178382874
0.2455918788909912
0.0779021605849266
-0.7587957382202148
-0.03310652822256088
0.4916864335536957
-0.028406238183379173
0.05167112499475479
0.08308102190494537
-0.1047096997499466
0.2642536163330078
-0.16756907105445862
0.1174641102552414
-0.2915773391723633
0.02710723876953125
0.27775558829307556
-0.6560834646224976
0.6145467758178711
0.46645936369895935
-0.9806683659553528
0.017061371356248856
0.3149243891239166
0.09981939196586609
-0.15913869440555573
-0.08378975093364716
0.0821138322353363
-0.22672076523303986
-0.06418599933385849
0.2207140028476715
0.43200692534446716
-0.53986656665802
-0.17028848826885223
0.18811798095703125
-0.7284733057022095
0.25948256254196167
0.22035761177539825
-0.6488465070724487
