0.22850294411182404
0.22850294411182404
-5.095404148101807
-0.5225628614425659
-0.17631645500659943
-1.5653367042541504
0.35516053438186646
-0.6069927215576172
-1.1154029369354248
-0.17577743530273438
-0.1942436248064041
-0.4705711305141449
-0.217786505818367
-0.1124236136674881
-0.28444355726242065
-0.013563727959990501
-0.029301930218935013
-0.017119694501161575
0.706364631652832
-0.05633287504315376
-0.382734477519989
0.08897523581981659
-0.18192939460277557
0.18064384162425995
-0.5157569050788879
0.07833977043628693
-0.7241125702857971
0.15324954688549042
0.30019959807395935
-0.19253572821617126
-0.15479569137096405
0.6887409090995789
0.3754526674747467
-0.1684969961643219
0.20654383301734924
0.11331524699926376
0.26091402769088745
0.7947894334793091
-0.6012995839118958
0.3300367295742035
0.27016958594322205
0.2276233732700348
0.5216169953346252
0.17009463906288147
-0.4964868426322937
0.1788746565580368
0.6846325397491455
-0.052557121962308884
0.6362441778182983
0.1302153319120407
0.3886323571205139
-0.029243087396025658
-1.3353220224380493
0.4391440451145172
1.6325504779815674
0.5407068133354187
1.5909570455551147
-1.0336451530456543
0.5468470454216003
1.1912628412246704
-0.4665982127189636
-0.15662331879138947
-0.14413399994373322
0.4714478552341461
0.14218850433826447
0.2772104740142822
0.42812854051589966
-0.39635372161865234
0.5100667476654053
0.42683106660842896
0.7825600504875183
0.41828227043151855
0.21005654335021973
1.3248841762542725
0.06761646270751953
-0.30538272857666016
0.818178653717041
0.2429451048374176
0.6640347242355347
-0.020283032208681107
-0.17131009697914124
-0.38501888513565063
0.806742787361145
-0.26303964853286743
0.24604849517345428
0.2541158199310303
0.0071506500244140625
0.08513364940881729
0.11710882186889648
0.31852641701698303
0.23664350807666779
0.6109423041343689
0.1508287489414215
0.0688471794128418
0.5040922164916992
-0.12383460998535156
-0.34830570220947266
0.8061294555664062
-0.6341956257820129
-3.4906020164489746
1.0276248455047607
-4.869320869445801
3.5691962242126465
2.5883593559265137
-2.104599714279175
-0.0617917999625206
1.2741966247558594
-1.2060232162475586
0.4406231939792633
0.9151235818862915
-0.551321268081665
0.35971736907958984
-0.14189691841602325
0.16432256996631622
-0.03121318854391575
0.06576643139123917
-0.3440786302089691
0.3147757649421692
0.13637962937355042
-0.48647600412368774
0.016605854034423828
-0.023216629400849342
-0.10138730704784393
0.09870128333568573
0.04732322692871094
-0.0438963882625103
0.5262728929519653
-0.12821730971336365
-0.2779199481010437
0.48683661222457886
-0.10383033752441406
-0.056439973413944244
0.06884555518627167
0.06080017238855362
-0.09650067985057831
-0.43946343660354614
-0.8374239206314087
-0.29157179594039917
1.1368402242660522
-1.0467382669448853
1.171552300453186
0.8401309847831726
-0.2475244551897049
-1.84577214717865
0.29216060042381287
-0.329904168844223
-0.7837797999382019
0.7446621060371399
-0.006051063537597656
-1.784336805343628
-0.3548223376274109
0.32856789231300354
-0.4529975950717926
-0.893038272857666
0.13177719712257385
-0.021619224920868874
-0.9077385067939758
0.4492439329624176
0.05313539505004883
-0.923888087272644
0.46513843536376953
-0.6198433041572571
-0.3524854779243469
0.06652259826660156
0.43107548356056213
0.011405562981963158
-1.4518828392028809
-0.7449792623519897
0.27856501936912537
-0.9145584106445312
-0.27907484769821167
-0.6813758611679077
0.35978060960769653
0.04739513248205185
-0.6896539926528931
0.8370904922485352
0.014654731377959251
0.4967789649963379
-1.8538602590560913
1.5256553888320923
-0.5463190078735352
1.4591281414031982
0.44252872467041016
-0.37312087416648865
-0.15530261397361755
-0.5170482397079468
0.7510213851928711
0.23093166947364807
0.9363362193107605
-0.2989935874938965
0.3498214781284332
0.7043468356132507
-1.7499892711639404
-0.21613101661205292
-0.5564433932304382
1.0465632677078247
0.7388730049133301
-0.4812197685241699
1.6417690515518188
-1.300516128540039
-0.26858338713645935
-12.398781776428223
10.894012451171875
-2.067139148712158
-8.122700691223145
4.9170098304748535
-2.4840686321258545
-0.8651822209358215
3.2216286659240723
-1.201398253440857
-0.21928301453590393
0.9929457902908325
-1.3049397468566895
-0.024305248633027077
0.46669498085975647
-1.3356434106826782
0.15796346962451935
0.3758643567562103
-0.7349993586540222
-0.15648360550403595
0.5642080307006836
-0.21977391839027405
0.06357230991125107
0.2002980262041092
0.09658317267894745
-0.21489457786083221
-0.03407697752118111
-0.29232057929039
0.7922688722610474
0.4386292099952698
-0.9302142262458801
-0.27895718812942505
0.7409787178039551
-0.05842156335711479
0.3253231644630432
0.18034419417381287
-0.44674134254455566
0.8992603421211243
-0.036143600940704346
0.3389780521392822
0.40390563011169434
0.6870533227920532
-0.35688352584838867
-0.32829490303993225
0.7180125117301941
0.1723221391439438
0.5422698259353638
0.6337136030197144
0.1500178873538971
0.5893006920814514
0.26125192642211914
0.21610026061534882
-0.07690634578466415
0.8801947832107544
0.019836854189634323
0.31586337089538574
0.7635980844497681
-0.45293864607810974
0.5143085718154907
1.04402756690979
-0.3682299256324768
0.6529883146286011
-0.212977796792984
0.3730437159538269
0.9115216135978699
-0.03739194944500923
0.5661333799362183
-0.12142014503479004
0.27568140625953674
1.2251396179199219
-0.5748851299285889
0.7312520742416382
0.17959432303905487
0.04828166961669922
0.3031214773654938
-0.12522096931934357
0.3557591438293457
0.22714176774024963
0.30276602506637573
0.1048346534371376
0.47459059953689575
0.027353573590517044
0.4248717427253723
0.5176647901535034
-0.3871692717075348
0.4919019639492035
-0.10637311637401581
0.14743538200855255
-0.23793382942676544
0.25608378648757935
0.4331281781196594
0.3168965280056
-0.22262907028198242
0.26866549253463745
0.48855894804000854
0.12678270041942596
0.12851151823997498
0.39101582765579224
0.3530920147895813
-1.394463300704956
-4.412829399108887
-18.14872169494629
6.461533546447754
10.422235488891602
-4.628045082092285
-9.841802597045898
4.843558311462402
-0.473702609539032
-2.5847549438476562
2.5232908725738525
-0.8655697107315063
-0.642490565776825
1.249117374420166
-1.1080822944641113
-0.06026344373822212
0.34607353806495667
-0.26415395736694336
-0.3507687449455261
0.494825541973114
-0.37581929564476013
-0.09856100380420685
-0.13816042244434357
-0.343717098236084
0.057925034314394
-0.2236166000366211
0.16156978905200958
-0.21594791114330292
0.4350340962409973
-0.0990869551897049
0.17041654884815216
-0.26620787382125854
-0.4093380868434906
-0.13630160689353943
-0.3208671510219574
-0.026415538042783737
-0.24719972908496857
-0.3335077166557312
-0.8965500593185425
1.099785566329956
-0.029327010735869408
-0.48834362626075745
0.0356939323246479
-0.7300931811332703
-0.4741706848144531
0.9883087277412415
-0.32844600081443787
0.591976523399353
0.3120962083339691
0.8893892168998718
-1.436619520187378
-1.1295464038848877
1.299275279045105
-0.7811654806137085
-0.2555639147758484
0.7221096158027649
0.007135582156479359
0.02546672895550728
0.7002808451652527
-0.7798420786857605
0.0814371109008789
-0.41023558378219604
-0.24716071784496307
0.7739721536636353
0.6061088442802429
-1.18944251537323
-0.9733656048774719
-0.2893275320529938
-1.1865326166152954
0.09516258537769318
-1.7023597955703735
0.5384855270385742
0.39554062485694885
-0.9141626358032227
-0.5541847348213196
-0.1365940123796463
-1.1889522075653076
0.2538742125034332
0.8952028155326843
-0.342402845621109
0.295780748128891
-0.6013365983963013
-0.1452833116054535
-0.1660875380039215
-0.06970958411693573
-0.49168816208839417
-1.3363468647003174
1.3217953443527222
-1.1612756252288818
1.46356201171875
-0.6916379928588867
-1.2693192958831787
-0.02368307113647461
0.34068718552589417
-0.07951173931360245
1.3722202777862549
-0.16670170426368713
0.5077800750732422
-0.31554490327835083
-0.10995034873485565
-0.9419448971748352
0.45983171463012695
-11.57905101776123
8.36303997039795
-2.5548195838928223
-8.000785827636719
5.894565105438232
-2.5442938804626465
-1.3754069805145264
3.098379135131836
-1.8363075256347656
-0.2278926819562912
1.17995285987854
-1.5310511589050293
-0.05559883266687393
0.2132275551557541
-0.5728462934494019
-0.2152879685163498
-0.09508266299962997
-0.25389909744262695
0.060500480234622955
-0.14408835768699646
-0.015337658114731312
-0.598686695098877
0.07968916743993759
0.07544942200183868
0.05305509641766548
0.35508424043655396
-0.27123165130615234
-0.12106175720691681
-0.24726887047290802
-0.17291347682476044
0.3573519289493561
0.4269190728664398
-0.454963356256485
0.485530287027359
0.21232643723487854
-0.17420168220996857
0.048024751245975494
0.01805654726922512
0.3741045892238617
0.22870273888111115
0.05265387147665024
0.8976219892501831
0.44191113114356995
-0.6093260645866394
0.42261800169944763
0.15775640308856964
-0.6945229172706604
1.2283347845077515
-0.09136305004358292
-0.1375134438276291
1.3286908864974976
0.10067205131053925
-0.047565363347530365
0.549182116985321
0.7269612550735474
0.01357278786599636
0.5561492443084717
0.42816710472106934
0.02232818678021431
1.0019067525863647
0.3806836009025574
-0.05178499221801758
0.32467690110206604
0.05790720134973526
0.4170582890510559
1.1709401607513428
-0.34461459517478943
0.6793286204338074
0.20845766365528107
0.3641124665737152
0.25389042496681213
0.2788061201572418
0.5751395225524902
0.1109030693769455
-0.22913417220115662
0.6832404136657715
0.7737501859664917
-0.16984005272388458
0.5416072607040405
0.605475127696991
0.1435435265302658
-0.40692073106765747
0.7987056970596313
0.4227132797241211
0.20336084067821503
-0.13430309295654297
0.3050417900085449
0.4028572142124176
-0.12318439781665802
-0.34978389739990234
0.6100179553031921
0.08442449569702148
0.13320913910865784
0.7088335156440735
-0.24062642455101013
-0.314073383808136
0.5327496528625488
0.33851051330566406
-1.1741437911987305
-3.6681923866271973
-17.94232177734375
6.171792507171631
10.304641723632812
-6.209469318389893
-7.599240779876709
4.60952091217041
-1.084029197692871
-1.984924554824829
2.0637354850769043
-0.9455262422561646
-0.5796626210212708
1.3235070705413818
-0.7649964094161987
-0.2382328063249588
0.8326050639152527
-0.7734706401824951
-0.22051897644996643
0.23377637565135956
-0.20165900886058807
0.026468658819794655
-0.29115229845046997
-0.12269649654626846
-0.4229157567024231
-0.09061841666698456
-0.02114849165081978
0.32961615920066833
-0.41569527983665466
-0.19474849104881287
0.04597587510943413
-0.047540951520204544
-0.38183602690696716
0.38820400834083557
-1.42238187789917
-0.10145130008459091
1.0007350444793701
-0.5015056729316711
-0.993952751159668
-1.2687658071517944
1.1473301649093628
-0.6369426846504211
-0.31289511919021606
1.136946439743042
0.15945033729076385
-1.591955304145813
-0.33451253175735474
0.4143257141113281
-0.8431934118270874
-0.31841784715652466
0.6199520230293274
-0.8948410749435425
0.17077656090259552
0.25604429841041565
-0.2065753936767578
0.08689117431640625
0.3744541108608246
0.2259693145751953
-0.31941643357276917
0.8975909352302551
-0.5692596435546875
-0.1669568121433258
-0.6823035478591919
-0.2935534417629242
0.5521736145019531
-1.6236350536346436
0.9170829057693481
-0.23237676918506622
0.19194182753562927
-0.14446429908275604
-0.04141388088464737
0.4564479887485504
-0.1712205857038498
-0.2909318804740906
0.49298638105392456
-0.9715856313705444
-0.6269753575325012
0.30676689743995667
-1.0348914861679077
0.4075092375278473
-0.4206005036830902
0.02861652337014675
-1.7945760488510132
0.10817928612232208
-0.7093912363052368
-0.27346715331077576
0.4320535659790039
0.5201444625854492
-1.2141169309616089
-0.3245956301689148
0.5696173906326294
-0.08222761005163193
1.1281368732452393
-0.38921919465065
-0.5415835380554199
-0.06384725868701935
0.5106780529022217
-1.5668652057647705
-1.014854073524475
0.36628931760787964
-1.4553565979003906
-1.5096216201782227
-11.558743476867676
10.55427360534668
-1.7479311227798462
-8.576467514038086
5.319775581359863
-2.5116004943847656
-1.0496340990066528
3.2336928844451904
-1.4878818988800049
-0.19372224807739258
0.8882272839546204
-0.7653764486312866
-0.3185676038265228
0.5630154609680176
-0.9497904777526855
-0.16666321456432343
0.2513202130794525
-0.4395734369754791
0.08271422237157822
-0.0978994369506836
-0.23502688109874725
-0.10183258354663849
0.6140381097793579
-0.6072585582733154
-0.11126293987035751
0.11103496700525284
-0.9830144643783569
0.826722264289856
0.6221426129341125
-0.8465461730957031
0.10973682254552841
0.24440447986125946
0.5075420141220093
0.5957852602005005
-0.7171260714530945
-0.6715949177742004
1.1096774339675903
-0.13425008952617645
-0.17915849387645721
0.682752251625061
-0.02402493916451931
0.6262139081954956
0.38042038679122925
-0.036493171006441116
0.17913082242012024
0.455523818731308
0.7281802892684937
0.6381252408027649
-0.37608155608177185
-0.24599914252758026
0.9666563272476196
-0.14318609237670898
0.2584206163883209
0.5666095018386841
0.2975318431854248
0.5439740419387817
0.1719929277896881
0.2324250191450119
0.3673902153968811
0.44143325090408325
0.15549211204051971
-0.004645919892936945
0.44084158539772034
0.4461550712585449
0.5177257657051086
-0.05726618692278862
0.03782195970416069
0.3558151125907898
0.09160728752613068
0.002003574278205633
0.7909196615219116
-0.07073936611413956
0.8878439664840698
0.3960190713405609
-0.4349932074546814
0.313084214925766
0.41122207045555115
0.3430972099304199
0.4950454831123352
0.46126803755760193
-0.6433638334274292
0.7145444750785828
0.3353365957736969
0.09399165958166122
0.5539842844009399
0.14109459519386292
-0.1102200523018837
0.40424928069114685
-0.6045728921890259
0.5910676717758179
0.4532906413078308
-0.049181271344423294
-0.09555511176586151
-0.06898097693920135
0.44832277297973633
0.34081488847732544
-0.5359441637992859
0.5359857678413391
-0.9909324645996094
-3.8372886180877686
-18.529932022094727
6.8134050369262695
9.605466842651367
-6.3523993492126465
-6.888510704040527
4.843296051025391
-1.2840797901153564
-1.7551066875457764
2.1973531246185303
-0.7756404876708984
-0.7770105600357056
1.2753928899765015
-0.7080811262130737
0.011707019992172718
0.26760903000831604
-0.2997856140136719
-0.2226037085056305
0.30794399976730347
-0.003448390867561102
-0.1953815519809723
-0.07491922378540039
-0.0073531148955225945
-0.2771340310573578
0.3024768829345703
-0.25367575883865356
-0.39891594648361206
0.047677040100097656
0.1741683930158615
-0.5820992588996887
0.8405557870864868
-0.6727694272994995
0.3829479217529297
-0.5126043558120728
-0.7288228869438171
0.4187772870063782
0.5985012054443359
-0.8293108940124512
-1.5651671886444092
0.9852722883224487
0.2949396073818207
-0.010577678680419922
0.22689227759838104
-0.0708717331290245
-0.28696364164352417
-0.5451270937919617
0.31560268998146057
0.20937128365039825
-1.5254229307174683
1.861659049987793
-0.04664783552289009
-1.3147841691970825
-0.5656812787055969
0.9535940289497375
-0.7652511596679688
0.6377197504043579
0.4163230061531067
-0.3197603225708008
0.32490044832229614
-0.22360238432884216
-0.26121655106544495
0.19159813225269318
-0.6166248321533203
-0.15766659379005432
0.9337133169174194
-1.0359022617340088
-0.08109474182128906
-0.1549341231584549
-1.7887290716171265
-0.45453548431396484
1.8335129022598267
-0.4684002995491028
-0.3731165826320648
-0.39900436997413635
-1.1023036241531372
-0.020961761474609375
-0.5024099349975586
-0.8828004002571106
0.18094921112060547
0.20932503044605255
0.14263753592967987
-0.18312568962574005
0.3225763440132141
-0.10325069725513458
-1.1607129573822021
0.15953712165355682
-0.0998557060956955
-0.6006895303726196
0.10675344616174698
-1.2804584503173828
0.3617231249809265
0.2149215191602707
-0.846149742603302
-0.6411632299423218
0.22942686080932617
0.574844479560852
-0.06294679641723633
-0.9632660150527954
-0.14536075294017792
-1.6060199737548828
0.7075173258781433
-12.986773490905762
10.510358810424805
-1.8216447830200195
-8.941493034362793
5.424180030822754
-2.9591498374938965
-1.097602367401123
3.1799023151397705
-1.625665307044983
-0.5572136640548706
1.1991592645645142
-1.2076590061187744
-0.1737697571516037
-0.042021989822387695
-0.7432221174240112
0.21292781829833984
-0.00010666847083484754
-0.78272944688797
-0.021619845181703568
0.5040982365608215
-0.5978156924247742
0.22021298110485077
-0.0029108524322509766
-0.1985461711883545
0.11255059391260147
-0.5767201781272888
-0.3063502907752991
0.6271013021469116
0.21436500549316406
-0.7641250491142273
-0.4461541175842285
1.1027593612670898
0.015514087863266468
-0.0290786512196064
0.9035278558731079
-0.33592358231544495
-0.020374726504087448
0.5878373384475708
-0.4422847330570221
1.290195345878601
0.4010741114616394
-0.35309943556785583
-0.013093739748001099
0.35773974657058716
0.472838819026947
0.3484470546245575
-0.07546126842498779
0.6754773259162903
0.21827653050422668
0.2895128130912781
1.0459048748016357
-0.37388986349105835
-0.017487715929746628
0.059062909334897995
0.17449851334095
1.3136398792266846
-0.24975042045116425
0.3250347077846527
0.9005352258682251
-0.24657908082008362
1.0072247982025146
0.10100279003381729
0.3858877718448639
0.526119589805603
-0.05578174442052841
0.43385401368141174
0.30773696303367615
0.06325817108154297
0.4395967423915863
0.15565451979637146
0.7693890333175659
0.7476406097412109
0.2948954701423645
0.29778727889060974
0.05454301834106445
0.13712482154369354
0.2629753053188324
0.6949813961982727
-0.6063514947891235
0.7499932050704956
0.23275336623191833
0.10166625678539276
0.4804239273071289
-0.18364667892456055
0.45744848251342773
-0.16017016768455505
0.7781279683113098
0.16927604377269745
-0.2281539887189865
0.4598360061645508
-0.596924901008606
0.7558145523071289
0.046163368970155716
0.0890270248055458
0.1284807175397873
0.2995184063911438
0.22679147124290466
-0.31934213638305664
-1.5021212100982666
-3.842958927154541
-17.779422760009766
7.494246006011963
9.54235553741455
-3.6000523567199707
-11.223031997680664
5.891871929168701
-0.5974270701408386
-2.4030699729919434
2.3135037422180176
-0.36585894227027893
-0.9092208743095398
1.1062897443771362
-0.3442593514919281
-0.5517533421516418
0.2340172827243805
-0.14362068474292755
-0.31544047594070435
0.017237281426787376
0.2800496220588684
-0.6403149366378784
0.3647727966308594
-0.5206636190414429
0.2513561248779297
-0.23405495285987854
-0.019524287432432175
0.5876094102859497
0.2825431823730469
-0.26753300428390503
0.4228096008300781
0.003930950071662664
-0.7339957356452942
0.5585365295410156
-0.9884697198867798
-1.0692144632339478
0.8499759435653687
-0.3290979266166687
-0.18939514458179474
0.9347500801086426
-0.5438909530639648
-0.06278743594884872
-0.9040835499763489
0.8763858675956726
-0.11494626849889755
-1.0290552377700806
0.647991955280304
1.0274131298065186
-1.521571397781372
-0.2595647871494293
1.1878385543823242
-0.3671495318412781
0.22203616797924042
0.2143913209438324
0.301186740398407
-0.38146400451660156
1.021562933921814
-1.623552680015564
-0.4693598747253418
1.269562005996704
-1.102696418762207
1.270775556564331
0.6736694574356079
-0.6856975555419922
1.4467817544937134
-0.04277839511632919
0.05930805206298828
1.0653798580169678
0.4541187286376953
-0.09137573093175888
0.336294949054718
-0.23274783790111542
-0.23244723677635193
0.7825300097465515
-0.9782646298408508
-0.26976680755615234
-0.06228809431195259
-0.1213190108537674
0.38895684480667114
-0.1378919631242752
0.40467357635498047
-0.7877188920974731
0.3185092806816101
-0.7264688611030579
0.8483722805976868
0.03884849697351456
-0.9835729598999023
-0.33269864320755005
0.11367292702198029
-0.571058452129364
-0.25278836488723755
0.5256490707397461
0.16870765388011932
-0.49698400497436523
0.3552340865135193
-1.0777416229248047
-1.098081111907959
-0.3211776614189148
0.6445026397705078
-0.3122261166572571
0.18585872650146484
-0.43024152517318726
-12.362465858459473
9.384007453918457
-1.2531416416168213
-8.9520263671875
4.894219398498535
-2.072666883468628
-1.3881690502166748
2.634000301361084
-1.2008484601974487
-0.6094697117805481
1.3257073163986206
-0.846261203289032
-0.5037497282028198
0.4878014624118805
-0.9480426907539368
0.07049722969532013
-0.13596710562705994
-0.2976072430610657
0.3678103983402252
-0.5371299982070923
0.07979106903076172
0.10323753207921982
0.09062166512012482
-0.4006860852241516
0.1362573653459549
0.09451918303966522
-0.20244774222373962
0.3726101815700531
1.0663820505142212
-1.694854736328125
-0.2763839364051819
1.355379343032837
0.009732389822602272
-0.0942891389131546
0.2987855076789856
0.39273732900619507
0.22103412449359894
-0.009719664230942726
0.15967322885990143
0.6135420799255371
-0.08279122412204742
-0.13946621119976044
0.4134117662906647
0.40640172362327576
0.14033886790275574
0.09264209121465683
0.7838518023490906
0.7011219263076782
-0.09246721118688583
0.35258370637893677
0.6381674408912659
-0.11999092251062393
0.543786883354187
-0.17108984291553497
-0.014696359634399414
1.3760383129119873
-0.11834116280078888
0.01811809465289116
1.0922393798828125
0.1602780818939209
0.5623010396957397
0.5681419372558594
0.26674920320510864
0.2378990203142166
0.2415628433227539
0.9835769534111023
-0.16206136345863342
0.0779993087053299
0.6512469053268433
0.23495808243751526
0.4982503056526184
0.3452744483947754
0.45818090438842773
-0.01874523237347603
0.42877569794654846
0.5209983587265015
0.25705280900001526
0.27169331908226013
0.1612858772277832
0.16952314972877502
-0.2549715042114258
0.19326524436473846
-0.17210349440574646
-0.1667507141828537
0.8161827325820923
0.45728015899658203
-0.06917457282543182
-0.040613461285829544
0.5005725622177124
-0.32547083497047424
-0.1716802567243576
0.6071616411209106
-0.6730783581733704
0.749061107635498
0.3256908357143402
-0.4812326431274414
0.1515398919582367
0.2733627259731293
-1.50090754032135
-4.240606784820557
-17.943180084228516
7.227450370788574
9.250144004821777
-3.3222107887268066
-11.76887321472168
6.379438877105713
-1.2258336544036865
-2.823420286178589
2.93921160697937
-0.8375219106674194
-0.8066900968551636
1.7582190036773682
-1.0243592262268066
0.12137480080127716
0.4038093686103821
-0.5575565099716187
-0.10378275066614151
0.0708550438284874
-0.08002309501171112
-0.22596970200538635
0.1259019821882248
-0.37538623809814453
-0.12842559814453125
0.05396890640258789
-0.08683757483959198
-0.41245442628860474
0.12663336098194122
-0.18248900771141052
-0.05356759950518608
0.8830536603927612
-0.8158780336380005
-0.7302135229110718
-0.04003601148724556
-1.1142053604125977
0.391946405172348
-1.2977209091186523
0.6043850779533386
0.40687161684036255
-0.008096694946289062
0.4780498445034027
0.47024965286254883
-0.19759273529052734
0.2816604673862457
-0.82268887758255
1.065091848373413
-0.8096837997436523
0.9800101518630981
0.01865711249411106
-0.6527482867240906
-1.4759413003921509
1.48170006275177
-1.1688929796218872
0.53008633852005
-0.19743195176124573
-0.2941252589225769
0.3577814996242523
0.18220004439353943
-0.4715278744697571
-1.3310489654541016
0.018890380859375
-1.014583945274353
-0.17253951728343964
-0.6769033670425415
-0.14057788252830505
-0.6900426745414734
-1.2301948070526123
-1.0949084758758545
0.4280925691127777
-1.3539912700653076
0.45535793900489807
-0.47404518723487854
-0.2303057610988617
-0.43478718400001526
-0.33585023880004883
-0.8331421613693237
-0.31363192200660706
-0.7435678243637085
0.23152466118335724
0.3382839262485504
-0.8419370651245117
0.5123748779296875
-0.5682048797607422
0.33054953813552856
-0.8015257120132446
0.16763725876808167
-0.16362181305885315
-0.8122520446777344
1.7415783405303955
-1.8048131465911865
1.3901031017303467
-0.5706062912940979
0.9759899377822876
-0.030436228960752487
-0.12175293266773224
-0.30142346024513245
0.3662683367729187
-1.232506275177002
0.9912233352661133
-1.5872807502746582
1.139022707939148
-13.05668830871582
10.484169960021973
-1.8496965169906616
-8.966011047363281
5.291489601135254
-2.2698285579681396
-1.5122902393341064
3.1542372703552246
-1.477095365524292
-0.6802765130996704
0.8672636151313782
-0.9350795745849609
-0.1904793679714203
-0.07742862403392792
-0.6277279853820801
-0.047635745257139206
-0.18906430900096893
-0.5129278898239136
-0.044913340359926224
0.08999156951904297
-0.8212135434150696
0.11618165671825409
-0.2794458270072937
0.4091012477874756
0.09018850326538086
-0.3568936288356781
-0.21101751923561096
0.6543530225753784
0.3282955288887024
-0.8963686227798462
-0.13627080619335175
0.5328853130340576
-0.07942330837249756
0.2396276295185089
0.07744764536619186
0.10985946655273438
0.2552136182785034
-0.11381883919239044
0.48463696241378784
0.2135457992553711
-0.05691715329885483
-0.06568974256515503
-0.08498463779687881
0.5079747438430786
0.23467907309532166
0.278786838054657
0.44686946272850037
0.8657408952713013
-0.3340180814266205
0.44019731879234314
0.505155086517334
0.04299278184771538
0.9893196821212769
-0.2113441526889801
0.3420363962650299
0.9041239023208618
-0.14285588264465332
0.676702618598938
0.5012773275375366
0.4719201922416687
0.7240599393844604
-0.03119964525103569
0.629304051399231
0.09787531197071075
0.21090659499168396
0.4603095054626465
0.2798496186733246
0.38570815324783325
-0.0012022018199786544
0.5680713653564453
0.3147730827331543
0.4437430500984192
0.7485214471817017
-0.053513336926698685
0.051096249371767044
0.720923125743866
-0.0519346222281456
0.5279799699783325
0.1939186155796051
0.6472839117050171
0.15820464491844177
0.02303934097290039
0.17996081709861755
-0.161176398396492
-0.0714142769575119
0.34804409742355347
0.6249383091926575
-0.19557924568653107
0.3809792399406433
0.589378833770752
0.05392856523394585
0.4185253083705902
0.12079973518848419
0.011342811398208141
0.18004456162452698
0.5573199987411499
-0.20114688575267792
0.1328941285610199
-1.0225720405578613
-3.7556560039520264
-18.201190948486328
6.542354583740234
9.601432800292969
-5.2908196449279785
-8.33976936340332
5.6651716232299805
-1.3601568937301636
-2.1929550170898438
2.7167630195617676
-1.1301934719085693
-0.42236509919166565
1.1727384328842163
-1.0371748208999634
-0.2531117796897888
0.7433385848999023
-0.3181527256965637
0.41269493103027344
0.2108943909406662
-0.5853700041770935
0.3717800974845886
-0.45144596695899963
0.36887598037719727
0.26781636476516724
-0.2915380597114563
-0.25340166687965393
-0.07215309143066406
-0.3297421336174011
-0.12499599158763885
0.2997441291809082
-0.6357048749923706
-0.41110771894454956
0.9748134613037109
-1.517503023147583
-0.5314083099365234
1.2404870986938477
0.7252545356750488
-0.47808533906936646
-1.3594443798065186
0.5899057388305664
0.19479484856128693
-0.9321352243423462
0.5134092569351196
0.466513067483902
-1.220352292060852
-0.5410782098770142
0.7476803064346313
-0.412061870098114
-0.3315134048461914
1.3300377130508423
-0.15322475135326385
-1.5598644018173218
-0.014363479800522327
0.5838186144828796
-1.0044314861297607
-0.27841997146606445
-0.2475147247314453
0.813499927520752
0.2708774507045746
-0.6979798078536987
0.3166505694389343
0.3834775984287262
-1.5368772745132446
0.5952854156494141
-0.8766957521438599
-0.6457229852676392
0.3978763520717621
0.4608772397041321
-1.0092426538467407
0.5595813989639282
0.07987861335277557
0.6597344279289246
-2.3018569946289062
1.0039392709732056
-1.9559253454208374
-0.16500158607959747
0.19121751189231873
-0.6426798105239868
-0.9913949966430664
-0.2401621788740158
-0.4874219000339508
-1.3870172500610352
0.5869951248168945
-0.6267070770263672
1.4662189483642578
-0.743946373462677
-1.1759145259857178
0.7394331693649292
-0.08423957973718643
-0.8014286756515503
0.4041672646999359
-1.5429084300994873
0.1949104368686676
-0.9896014928817749
0.48955219984054565
-0.953152060508728
-0.3661743998527527
-0.31742286682128906
-0.757929801940918
-1.831096887588501
-0.5059827566146851
-13.348800659179688
10.314477920532227
-1.7832956314086914
-8.926795959472656
5.167738914489746
-2.7134790420532227
-1.0250107049942017
3.077197551727295
-2.086965322494507
-0.2821888029575348
0.9327477216720581
-0.8804146647453308
-0.1847877949476242
0.1430957317352295
-0.7414628267288208
-0.4314020276069641
-0.1784292757511139
-0.5155574083328247
-0.2636961340904236
-0.25595980882644653
-0.37004852294921875
0.15647678077220917
-0.34857648611068726
-0.029362916946411133
-0.11213240772485733
-0.4405547082424164
-0.1568029820919037
0.636504054069519
0.2397230863571167
-0.290162056684494
-0.038167618215084076
0.5197888016700745
0.13924391567707062
0.6171690225601196
-0.5637359619140625
-0.7996234893798828
1.126521348953247
-0.28370171785354614
0.1148475632071495
0.7832044959068298
0.24698248505592346
-0.19435253739356995
0.5703389048576355
0.20325040817260742
0.005571424961090088
0.16753730177879333
0.14586317539215088
1.1554856300354004
-0.4684336185455322
0.16681647300720215
0.7960532903671265
-0.29775071144104004
0.21848082542419434
0.8292371034622192
-0.2195066511631012
0.6821796298027039
-0.15004578232765198
0.32762283086776733
0.5589691400527954
0.07867427170276642
0.45278817415237427
0.4212140142917633
0.2811529040336609
0.4307176470756531
-0.008811664767563343
0.7925259470939636
0.4390893876552582
0.4637318551540375
-0.16466674208641052
-0.02223377302289009
0.5857607126235962
0.2747463285923004
0.6473323106765747
0.018726635724306107
0.5788496732711792
0.6507862210273743
0.04314298555254936
0.6249974370002747
0.47824782133102417
-0.2241039276123047
0.6352647542953491
0.31399601697921753
-0.06443919986486435
0.008929061703383923
0.43595561385154724
0.19009724259376526
0.3456142544746399
0.23636531829833984
-0.02250089682638645
0.24881991744041443
0.03081331215798855
0.45354756712913513
0.07968778908252716
0.3277060389518738
0.18415546417236328
0.7123610377311707
-0.16031447052955627
0.12111902236938477
-1.3983166217803955
-3.904892683029175
-17.975688934326172
6.6463823318481445
10.388154983520508
-7.40673303604126
-7.131211757659912
4.9258928298950195
-1.792681097984314
-1.622579574584961
2.2900242805480957
-1.0591751337051392
-0.10213551670312881
1.0477049350738525
-0.7799306511878967
0.0357297882437706
0.4868404269218445
-0.7211896181106567
0.22383928298950195
0.0426388755440712
-0.18154363334178925
0.22701844573020935
-0.2447832077741623
-0.40655773878097534
0.4228554666042328
-0.31135615706443787
-0.01033926010131836
-0.11184177547693253
0.04821653291583061
0.013093948364257812
0.09690532833337784
-0.4708496034145355
-0.11087904125452042
-0.028498077765107155
-0.24798612296581268
-0.21760272979736328
-0.06400909274816513
-0.8898584246635437
0.6499170064926147
-1.3334481716156006
-0.2864360809326172
0.8335334658622742
0.2016923874616623
0.2889478802680969
0.07308826595544815
-0.3972858488559723
0.015928078442811966
-0.7564977407455444
-0.197319895029068
-0.2877979278564453
0.617962658405304
0.7576528787612915
-0.8451656103134155
-1.1562914848327637
1.47995924949646
-1.027613878250122
0.6789518594741821
-0.3052261471748352
0.16351184248924255
-0.12472476810216904
0.11125755310058594
-0.5182231664657593
-0.062468718737363815
-0.4527531564235687
0.8506970405578613
0.6435362100601196
-1.42061448097229
1.6381757259368896
-0.613937258720398
0.8050739169120789
-0.40157681703567505
-0.8650823831558228
0.8813202977180481
-0.8172819018363953
0.5641859173774719
0.8837531805038452
-0.5152682065963745
-0.2905532717704773
-0.33817481994628906
-0.2655858099460602
-0.5582631826400757
-1.1350942850112915
-0.8738983869552612
0.7928122878074646
-0.9171772003173828
0.488488107919693
0.9438579678535461
-0.17864923179149628
1.0361568927764893
0.32771414518356323
1.0690962076187134
-0.9201517105102539
0.093419648706913
-0.19483527541160583
0.35330504179000854
-0.34788283705711365
-1.2682209014892578
0.8748050928115845
-0.0403285026550293
0.12717075645923615
-0.19883489608764648
-0.07107825577259064
-11.910482406616211
10.662618637084961
-1.7879467010498047
-8.400193214416504
4.883470058441162
-2.654336452484131
-0.9076064229011536
3.0964560508728027
-1.342336893081665
-0.527111828327179
1.3265000581741333
-0.9237543344497681
-0.3964928686618805
0.27190932631492615
-0.5496324300765991
-0.11398973315954208
0.16631022095680237
-0.21357278525829315
-0.2931199073791504
0.09234504401683807
0.03647003322839737
0.451869398355484
-0.1783759593963623
0.22343483567237854
-0.42099252343177795
-0.46075010299682617
0.194043830037117
0.7418187856674194
-0.17673781514167786
-0.859034538269043
-0.3824552893638611
1.3018348217010498
-0.30968236923217773
-0.09620030224323273
0.2091676890850067
0.6880217790603638
0.13532200455665588
-0.5737585425376892
0.4367338716983795
0.3021728992462158
0.06617043912410736
0.4236324429512024
0.5608030557632446
-0.416727215051651
0.39625251293182373
0.32096806168556213
-0.1978212296962738
0.061359453946352005
0.7293409109115601
0.4115995764732361
0.13327479362487793
0.47217267751693726
0.4001849293708801
-0.31546536087989807
0.6411588788032532
0.3607458174228668
-0.4193963408470154
1.2348573207855225
0.16436195373535156
0.14615754783153534
0.7188386917114258
-0.0295565128326416
0.5662163496017456
0.5445249676704407
0.07849244773387909
0.5366513133049011
-0.2523331642150879
1.0902454853057861
0.5859605669975281
-0.16530409455299377
0.3758527636528015
0.09764518588781357
-0.19194737076759338
0.5633037686347961
0.3673282563686371
0.032877348363399506
0.1628745049238205
0.7484623193740845
-0.1803889274597168
0.16368837654590607
0.612207293510437
-0.24720697104930878
0.20246724784374237
0.5781878232955933
0.10557975620031357
0.09864120185375214
0.2651647627353668
0.30762186646461487
0.27737122774124146
-0.12428922951221466
0.46910008788108826
0.1559825837612152
0.3588727116584778
0.6677827835083008
-0.5860346555709839
0.47258052229881287
0.04878539964556694
-0.29049378633499146
-0.7648768424987793
-3.8994345664978027
-16.735980987548828
6.423040866851807
3.1636178493499756
-4.066348075866699
-0.8656231164932251
0.8165912628173828
-1.4354746341705322
-0.09132079780101776
0.5322316288948059
-0.20680589973926544
-0.1159137710928917
0.5847091674804688
-0.3861437439918518
0.024861525744199753
0.10585927963256836
-0.37771740555763245
0.0844305008649826
-0.5049241185188293
0.1185055747628212
0.08504161983728409
-0.3252963125705719
-0.532609760761261
0.09563636779785156
0.1330726593732834
-0.3543543815612793
0.8690339922904968
-1.632022500038147
-0.06346301734447479
-0.10318203270435333
-0.3783382475376129
-0.3800962567329407
0.20075759291648865
-0.16348084807395935
0.0549074187874794
-0.016704559326171875
-0.6715583801269531
0.4079201817512512
0.9815543293952942
0.35706502199172974
-1.0412176847457886
0.19683751463890076
-0.006915092468261719
-0.06116142123937607
-1.2006323337554932
0.7840375900268555
-0.4277969300746918
-1.2590042352676392
0.8779012560844421
-0.9728639721870422
-0.5473524332046509
0.6882379651069641
-0.4560249447822571
0.5075584650039673
0.3370962142944336
0.9534763097763062
-1.9211517572402954
0.09407005459070206
1.0246328115463257
-0.1514623612165451
0.009919357486069202
-0.7173346281051636
-0.14509201049804688
0.9118154644966125
-0.7036871910095215
-0.3187446594238281
0.7161518335342407
-0.4198152422904968
0.20598506927490234
0.8751616477966309
-2.568000316619873
-0.500552773475647
0.33146438002586365
-0.6562178730964661
-0.23541374504566193
0.048470307141542435
0.3301706314086914
-0.1955045759677887
-0.772479236125946
0.07450179755687714
0.7824912071228027
0.6192632913589478
0.14695453643798828
-0.5968270301818848
1.333136796951294
-1.7832872867584229
-0.02940673753619194
0.4548824429512024
0.8441128730773926
-0.17867565155029297
-0.9233083724975586
-0.06753210723400116
-0.16895055770874023
0.8116661906242371
0.09689798206090927
0.7668552398681641
-1.2813000679016113
-0.6820535063743591
0.3832709789276123
-2.1623125076293945
-1.5884922742843628
-12.838371276855469
10.701347351074219
-1.9046558141708374
-8.457094192504883
5.297628402709961
-2.449615955352783
-0.7838603854179382
2.90470027923584
-1.5050344467163086
-0.25918036699295044
0.9538081884384155
-1.1505423784255981
0.15029534697532654
0.38967615365982056
-1.055185317993164
0.44204187393188477
-0.03237152099609375
-0.34215670824050903
-0.32657212018966675
-0.05125994607806206
-0.3485325872898102
0.08066968619823456
-0.39609599113464355
0.3403867781162262
-0.13133597373962402
-0.15317682921886444
-0.20409917831420898
0.6156209707260132
0.23730333149433136
-0.5148404836654663
-0.4324421286582947
0.8379868268966675
-0.17818017303943634
0.20177030563354492
0.38113656640052795
0.011905455961823463
0.24198928475379944
-0.13062933087348938
-0.08932485431432724
1.015836477279663
-0.10971583425998688
-0.14893878996372223
0.1862562596797943
0.41891294717788696
0.03191113471984863
-0.4179566502571106
0.9035503268241882
0.38388317823410034
-0.5989991426467896
0.9590015411376953
0.35262352228164673
-0.09035501629114151
0.6138949394226074
0.21799907088279724
-0.10429196059703827
0.9982056617736816
-0.48952633142471313
0.824577808380127
1.235589623451233
0.030800962820649147
0.9453560709953308
-0.1314951479434967
-0.2494499236345291
0.23355694115161896
0.0651366263628006
0.38396549224853516
-0.03796863555908203
0.3616248071193695
0.01121301669627428
-0.08534155040979385
0.8664819002151489
0.03929843753576279
0.6181706190109253
0.22842569649219513
-0.11067943274974823
0.37495309114456177
-0.29125508666038513
0.7161864042282104
-0.02035980299115181
-0.16077470779418945
-0.07011441886425018
0.3183242678642273
-0.05210580676794052
0.26176461577415466
0.5783472061157227
-0.3239573538303375
0.29711151123046875
0.5103222131729126
0.32888802886009216
-0.19860228896141052
-0.14030656218528748
0.5492228269577026
-0.08272600173950195
0.09605779498815536
0.5758880376815796
0.16372928023338318
-0.09535455703735352
0.08234844356775284
-0.8862360119819641
-3.705850601196289
-18.13273048400879
7.37527322769165
9.29045295715332
-3.262221574783325
-11.540339469909668
6.486752986907959
-1.3059781789779663
-2.457615375518799
2.8384108543395996
-0.6598215103149414
-0.5753502249717712
1.186311960220337
-0.6459870934486389
0.21175965666770935
0.5234977006912231
-0.5843297243118286
0.0904913917183876
-0.046246908605098724
-0.1019708663225174
0.28595733642578125
-0.4182182252407074
0.21140289306640625
0.07450342178344727
-0.3086623251438141
-0.20777234435081482
-0.22298698127269745
-0.20527438819408417
0.2639709413051605
0.26762208342552185
-0.2911411225795746
-0.6399828195571899
0.25699979066848755
-0.3756541311740875
-0.2055007964372635
-0.22479715943336487
-0.3765312135219574
-0.042074013501405716
0.3510761260986328
-1.2079737186431885
0.6977548599243164
1.0834306478500366
-0.8867179751396179
-0.5333598852157593
0.31031760573387146
-0.40912264585494995
-0.5056511759757996
-0.010870933532714844
1.085054636001587
-0.9580642580986023
0.08062038570642471
0.7478950619697571
-0.7154595255851746
0.20896415412425995
0.8468464016914368
-0.25790518522262573
0.32923221588134766
-0.5150741338729858
-0.23316287994384766
0.5034866333007812
-0.4804632067680359
0.04629116132855415
0.23689432442188263
-0.14597482979297638
0.5136709213256836
-0.29054298996925354
-0.13728198409080505
-0.7241278886795044
0.015898514539003372
0.4977172911167145
1.0781402587890625
-0.7351096868515015
0.4935052990913391
-0.9154058694839478
0.4675188958644867
-0.17550888657569885
-0.8390647768974304
-0.4989685118198395
-0.06650209426879883
-0.9580073356628418
0.3779594302177429
-0.06903648376464844
-1.2453079223632812
0.03662109375
0.14427919685840607
-0.6157544851303101
-0.9019047021865845
-0.32126158475875854
0.30053672194480896
-0.013943863101303577
-0.20184488594532013
0.26064032316207886
-0.1995278298854828
-1.9364162683486938
0.05247049406170845
-0.6959929466247559
0.042128801345825195
0.9345194101333618
-0.5447816848754883
-0.007635545916855335
-0.3649359345436096
-12.35745620727539
10.611288070678711
-1.7137565612792969
-8.695130348205566
5.095089912414551
-2.3840889930725098
-1.182935357093811
2.7680087089538574
-1.0993397235870361
-0.6195927858352661
1.070429801940918
-1.0065879821777344
-0.29937154054641724
0.3819023072719574
-0.650131106376648
-0.2185651808977127
-0.18805265426635742
-0.4111749231815338
-0.034205008298158646
-0.5485306978225708
-0.14701327681541443
0.1638806313276291
0.1613081991672516
-0.25311335921287537
-0.12455377727746964
-0.0893879383802414
-0.3844645023345947
0.32563766837120056
0.5025638341903687
-0.16485242545604706
-0.4638679027557373
0.7251699566841125
0.3436632752418518
-0.17470033466815948
-0.03966251760721207
-0.05029567331075668
0.7816922068595886
-0.3363787829875946
0.38149508833885193
0.9380098581314087
-0.30597177147865295
0.37339141964912415
0.8289159536361694
-0.4331029951572418
-0.16023406386375427
0.8064878582954407
0.16074517369270325
0.14860562980175018
0.20843414962291718
0.006610298063606024
0.5980591773986816
-0.06042952463030815
0.8965812921524048
0.06842126697301865
0.17995873093605042
0.5121822953224182
-0.22898054122924805
0.8158634305000305
0.7321261167526245
-0.12301664054393768
0.7568351626396179
-0.20059318840503693
0.4420351982116699
0.298398494720459
0.18172559142112732
0.6005366444587708
-0.3877245783805847
0.6701445579528809
0.1107424721121788
0.31709519028663635
0.8088272213935852
0.27145689725875854
0.25324440002441406
0.666703999042511
0.10390224307775497
0.567916750907898
0.1312723159790039
0.3315700590610504
-0.1821243315935135
0.08297224342823029
0.6328384280204773
-0.11716842651367188
0.6488431096076965
0.6041597127914429
-0.3691079020500183
-0.17561626434326172
0.20933961868286133
0.3946547508239746
0.1576942503452301
-0.06878252327442169
0.46759748458862305
0.1806984841823578
0.3647550642490387
0.5096615552902222
-0.1468159705400467
0.06370401382446289
0.42378759384155273
0.0607452392578125
-1.2081135511398315
-4.317210674285889
-18.000080108642578
6.916426658630371
9.259164810180664
-3.27427339553833
-11.877485275268555
6.151959419250488
-0.830951988697052
-2.95756196975708
2.7149012088775635
-0.6607421636581421
-1.352757453918457
1.8450534343719482
-0.8584871292114258
-0.2643977999687195
0.5345350503921509
-0.8765064477920532
0.133758544921875
0.2320633828639984
-0.35979995131492615
0.14969387650489807
0.3139920234680176
-0.5523321032524109
0.48119163513183594
-0.4509458541870117
-0.38222113251686096
0.11795349419116974
-0.35391464829444885
-0.4693175256252289
-0.21385058760643005
-0.05305605009198189
-0.6319796442985535
0.28134432435035706
-0.37852945923805237
-0.36262455582618713
0.23680123686790466
-0.8995892405509949
0.856120228767395
0.9907934069633484
-0.20263080298900604
-0.20913735032081604
-0.45024165511131287
0.3155075013637543
0.03548488765954971
-0.19151973724365234
0.3853452801704407
-0.19454936683177948
1.387955665588379
-0.14780578017234802
0.002167129423469305
-0.3495063781738281
-0.20607414841651917
-0.18279246985912323
0.20511703193187714
-0.8885812759399414
0.7096118927001953
-0.007603454403579235
0.9500423669815063
-0.3349471092224121
-0.5893409848213196
0.6681747436523438
0.08928699791431427
1.1725454330444336
0.2538925111293793
0.11017532646656036
-0.5750953555107117
-0.5843283534049988
0.029666900634765625
-1.0650813579559326
1.3271650075912476
-0.2767452299594879
-0.23574694991111755
-0.044156838208436966
0.7718008160591125
-0.13075360655784607
-0.9661720395088196
0.28908443450927734
0.22099342942237854
0.09568166732788086
-1.0424566268920898
0.5178571939468384
0.24082985520362854
0.18108110129833221
0.3849593997001648
0.7767596244812012
-1.8503433465957642
0.062490176409482956
0.3446733355522156
1.0178611278533936
-1.5859386920928955
-0.19007548689842224
-1.255133867263794
0.4939308166503906
-0.5305870175361633
0.541688084602356
0.4601384997367859
-0.7511502504348755
0.07152500003576279
-0.7739818096160889
-0.6960951089859009
-1.2395786046981812
-11.586918830871582
10.395883560180664
-3.1860320568084717
-8.012328147888184
6.259267807006836
-3.441382884979248
-0.8030270338058472
3.762814998626709
-2.544631242752075
-0.19484129548072815
1.3751468658447266
-1.0641690492630005
-0.01109170913696289
0.4136727452278137
-1.118802547454834
0.08671283721923828
0.11699261516332626
-0.7223813533782959
-0.0071961404755711555
0.24073061347007751
-0.40668797492980957
-0.2477017343044281
0.2929813265800476
-0.14493289589881897
-0.5999976396560669
0.3118321895599365
0.13951197266578674
-0.48421135544776917
0.5045101046562195
-0.6319754123687744
-0.47571802139282227
0.5338273644447327
0.14367620646953583
-0.34734994173049927
0.48215532302856445
-0.19753234088420868
-0.11124221980571747
0.2682991623878479
0.009251797571778297
0.07459181547164917
0.07823880761861801
-0.003515026066452265
0.4607892632484436
-0.19137711822986603
0.557030200958252
0.1487121731042862
0.24001610279083252
0.8495482206344604
0.19525575637817383
0.1203119307756424
0.5817192792892456
-0.03489093855023384
0.3351563811302185
0.12420158088207245
0.12922248244285583
0.8941775560379028
-0.5071529746055603
1.1681104898452759
0.7183377146720886
-0.5649585723876953
1.157031774520874
0.1771990805864334
0.1785232573747635
0.35403090715408325
0.4985087513923645
0.48686036467552185
0.2606843113899231
0.24414405226707458
0.3909134864807129
0.39208775758743286
0.4108920097351074
0.5876553654670715
0.3430245518684387
0.16331958770751953
0.4832285940647125
-0.45917901396751404
0.46206942200660706
1.1158320903778076
-0.43303805589675903
0.483365535736084
0.48321008682250977
0.3183829188346863
0.7438527941703796
0.07279815524816513
0.06622686237096786
0.2849927842617035
0.43692246079444885
0.1089925765991211
0.1387813538312912
0.05081434175372124
0.40947359800338745
-0.1976470947265625
0.2627517580986023
0.12827500700950623
0.12625741958618164
0.6092321276664734
0.21104058623313904
-0.12846994400024414
-1.4353445768356323
-4.138239860534668
-17.945117950439453
6.524273872375488
9.615949630737305
-6.518863677978516
-7.3769354820251465
4.874940395355225
-1.4574925899505615
-1.9535173177719116
2.0011608600616455
-0.6720842719078064
-0.4125874638557434
0.9877094030380249
-0.5470504760742188
-0.22469750046730042
0.29158639907836914
0.0285783763974905
-0.34239062666893005
0.08615722507238388
0.06455650180578232
-0.02923116646707058
-0.09241590648889542
-0.1279170960187912
-0.10396299511194229
-0.3528304994106293
0.07868270576000214
-0.41814184188842773
-0.004349899478256702
-0.3372289538383484
0.2795969843864441
-0.3546414375305176
-0.20131568610668182
0.5846092104911804
-0.712763786315918
-0.07439489662647247
-0.1915009468793869
0.2508115768432617
-0.3716607093811035
-0.9038630723953247
-0.4266679883003235
0.8746112585067749
-0.949828028678894
0.21749725937843323
1.1178079843521118
-1.6574699878692627
-1.6520030498504639
1.117596983909607
-0.7579679489135742
-0.7750347852706909
1.4726812839508057
-0.11724090576171875
-0.6928224563598633
-0.6870918273925781
1.2461540699005127
-0.9069487452507019
-0.45770198106765747
-0.024886321276426315
-1.0565321445465088
0.12024078518152237
0.4513576626777649
-0.6464706659317017
-0.26352977752685547
-0.3515528738498688
0.9494640231132507
-0.9215294718742371
-0.8658584356307983
0.5053812265396118
-0.9678236246109009
0.9743054509162903
-0.24132290482521057
-0.24927778542041779
0.9047952890396118
-0.8503596186637878
0.7205360531806946
-2.024679183959961
0.16951103508472443
-0.15518073737621307
-0.31154173612594604
-0.5066946744918823
-1.7388747930526733
-0.11442279815673828
0.3730655610561371
0.24847297370433807
0.5633953213691711
-1.1777809858322144
0.1944957673549652
0.7670590877532959
-1.1929304599761963
-0.7554787397384644
-0.7724395990371704
0.4178853929042816
-0.10243682563304901
-0.5897754430770874
0.610266387462616
-0.15881232917308807
0.8467399477958679
-0.604526162147522
-0.4613592028617859
-0.7738939523696899
-1.308894157409668
-0.31137052178382874
-10.710810661315918
5.658734321594238
0.6266371011734009
-7.198090553283691
2.977109909057617
-1.4774515628814697
-0.8323783874511719
1.5072680711746216
-0.3455587923526764
-0.6222001314163208
0.4075751304626465
-0.3900452256202698
0.0741734504699707
0.2229810208082199
-1.0214792490005493
-0.11108064651489258
-0.37508001923561096
-0.46341627836227417
-0.15431661903858185
0.2921013832092285
-0.6300493478775024
-0.23018713295459747
0.5093185305595398
-0.8074995279312134
0.17987899482250214
0.3683335781097412
0.12097401916980743
-0.3450809121131897
-0.1006094440817833
0.6386292576789856
-0.045632220804691315
-0.009710622020065784
0.37557247281074524
0.21800532937049866
-0.27650412917137146
-0.12125589698553085
0.8483259081840515
0.10653984546661377
-0.2330157309770584
0.9821809530258179
0.2593540549278259
0.510798990726471
-0.290354460477829
0.29859471321105957
0.22660639882087708
0.011700642295181751
0.6942127346992493
0.5889753699302673
-0.13484688103199005
-0.34728360176086426
0.9319196939468384
-0.004216623492538929
0.6950787305831909
0.3562707006931305
0.08113417774438858
0.8585401773452759
0.6516645550727844
-0.06638164818286896
0.03652219846844673
0.7729828357696533
-0.002991294953972101
0.22216196358203888
0.34788990020751953
-0.046525001525878906
0.3420746922492981
0.4257414937019348
0.31661558151245117
0.5312390327453613
0.0520293228328228
0.04418926313519478
0.07769890129566193
0.011875343509018421
0.6943093538284302
0.4287647306919098
-0.008844184689223766
0.3230054974555969
0.1255393922328949
0.5422658920288086
-0.08695173263549805
0.42573127150535583
0.08956651389598846
0.5904029011726379
0.32081538438796997
0.007217216305434704
0.3697999119758606
0.1341112107038498
0.16371269524097443
-0.05874834209680557
0.718422532081604
0.22985848784446716
0.1094643622636795
0.5118096470832825
0.23120155930519104
-0.1326042115688324
-0.2157900333404541
0.33970537781715393
0.375865638256073
0.18419809639453888
-1.844531774520874
-3.686751127243042
-17.872074127197266
7.348901271820068
9.107198715209961
-3.241487979888916
-11.569100379943848
5.934968948364258
-0.7092283368110657
-2.518084764480591
2.5652503967285156
-0.06671495735645294
-1.2812559604644775
1.1263391971588135
-0.527025580406189
0.0021869658958166838
0.4811221957206726
-0.35179415345191956
-0.09949979931116104
0.29660099744796753
-0.52838534116745
0.024242496117949486
0.03525257110595703
0.031247233971953392
-0.32747921347618103
0.1781279593706131
-0.21755829453468323
-0.08451251685619354
-0.2821270823478699
-0.5425851941108704
-0.5509015917778015
0.24282054603099823
-0.8482511639595032
0.2548527717590332
-0.9359478950500488
-0.4067808985710144
0.2305002212524414
-0.8652132153511047
0.6016415357589722
0.15741196274757385
0.011264419183135033
-1.4708291292190552
-0.038661956787109375
-0.406978040933609
-0.5715678334236145
-0.40715521574020386
0.9489139318466187
-0.7760011553764343
-0.53178471326828
0.8026779294013977
-0.5559701919555664
-0.9294434785842896
0.22145995497703552
-0.19892922043800354
-0.1486825942993164
0.2401374876499176
-0.006322097964584827
-0.7389860153198242
0.3012325167655945
-0.7886010408401489
0.4493021070957184
-0.20911216735839844
1.1795073747634888
-0.5014241933822632
-0.09209470450878143
-0.3627447187900543
-0.17981700599193573
-0.38845187425613403
-0.70655757188797
0.5500389933586121
-1.337111473083496
1.5667263269424438
-1.8073103427886963
-0.19777412712574005
-0.14409847557544708
-0.5743879079818726
-0.021757697686553
-0.22871264815330505
0.6035740971565247
-1.0900866985321045
0.9773666262626648
0.3844681680202484
-0.5176238417625427
-0.2826770842075348
0.040975190699100494
-0.027944374829530716
1.0915520191192627
-1.0470691919326782
-0.48187056183815
0.53532475233078
0.5988339185714722
-1.1076985597610474
-1.3640968799591064
-0.5773801803588867
0.8873293995857239
-0.6710904240608215
-1.5569589138031006
-0.7254749536514282
0.0816371887922287
-0.6741411089897156
-2.121250629425049
-0.8995649218559265
-11.996637344360352
10.580026626586914
-1.6391704082489014
-8.236865043640137
5.017393589019775
-2.22639799118042
-0.852154552936554
2.968775510787964
-1.1272770166397095
-0.8795706033706665
1.598346471786499
-1.0028823614120483
-0.46163851022720337
0.27254000306129456
-0.26035064458847046
-0.2978537082672119
-0.04590106010437012
-0.2984156012535095
0.3627961277961731
-0.2598315179347992
-0.03618969768285751
-0.6147582530975342
0.2694334387779236
-0.3851844370365143
-0.014476013369858265
-0.20727963745594025
-0.009946584701538086
0.42163532972335815
0.17927460372447968
-0.3088456988334656
-0.38808029890060425
0.5934970378875732
0.39742082357406616
0.6738039255142212
-0.6491644978523254
-0.49714869260787964
1.1566208600997925
-0.18892556428909302
0.24418754875659943
1.123984694480896
-0.602082371711731
0.21241004765033722
-0.009160113520920277
0.1639874279499054
0.19470785558223724
0.25003957748413086
0.5324925780296326
0.8860791921615601
-0.20507316291332245
0.00796132069081068
0.5291992425918579
-0.18753352761268616
0.10875453799962997
0.44973617792129517
-0.015793418511748314
1.2902438640594482
0.13373008370399475
-0.03814416006207466
0.08111133426427841
0.4452593922615051
0.5942495465278625
0.1623215675354004
0.3446163237094879
0.017902087420225143
0.312732070684433
1.0461289882659912
0.3530885577201843
0.882283091545105
-0.175835520029068
0.22232922911643982
0.5846806764602661
-0.02016611024737358
0.8026568293571472
0.19267615675926208
-0.18073587119579315
0.20145511627197266
0.07043389976024628
0.65471351146698
0.20115013420581818
1.1616740226745605
0.032026100903749466
-0.4724805951118469
0.3517485558986664
0.346843421459198
0.2248152792453766
0.16154327988624573
-0.02397127076983452
0.4411872923374176
-0.12158946692943573
0.08347263187170029
0.3206416964530945
-0.15182209014892578
-0.44741982221603394
0.7194088101387024
-0.850679874420166
0.21896705031394958
0.8631324768066406
-0.15351276099681854
-2.017965078353882
-4.240029335021973
-17.73090171813965
5.125974178314209
3.2317986488342285
-3.7382473945617676
-1.3107638359069824
0.20069341361522675
-1.0463792085647583
-0.4619322717189789
0.548673152923584
-0.41697177290916443
0.042417336255311966
-0.06768379360437393
-0.18329277634620667
0.2572416365146637
-0.4209180772304535
-0.42477303743362427
0.3159562945365906
0.05822791904211044
-0.2918155789375305
0.12087640911340714
0.09796781837940216
-0.5924617052078247
0.7231169939041138
0.1866271048784256
-0.2922958433628082
-0.15017719566822052
0.0566311851143837
-0.7544258832931519
0.27740344405174255
0.6958507299423218
-0.5595614314079285
-0.012148380279541016
-0.10684003680944443
-0.5783189535140991
0.05607280880212784
-0.047005463391542435
-1.265628457069397
-0.47819384932518005
1.0593607425689697
-0.1384410858154297
-0.44797030091285706
-0.4931028485298157
0.7173557281494141
-0.10506115108728409
0.2886897921562195
-2.0744032859802246
-0.48443832993507385
1.4590681791305542
-1.361523985862732
-0.20803013443946838
0.11386070400476456
0.12269077450037003
-0.3172077238559723
0.4122529923915863
-0.8813624382019043
0.7626474499702454
1.0772573947906494
-0.8103941679000854
1.1112760305404663
-1.0972514152526855
-0.5098667144775391
0.7967190742492676
-1.2072319984436035
0.3401918411254883
-0.37992629408836365
-1.4834444522857666
0.3005252778530121
-0.8431993722915649
0.2662696838378906
0.20068740844726562
0.04964504390954971
-0.3783753514289856
0.10567474365234375
0.02263317070901394
-0.16817550361156464
0.30340203642845154
0.1583845168352127
0.41193294525146484
-0.0010797500144690275
-0.4276626706123352
0.9033670425415039
-1.4260457754135132
0.12473277747631073
0.4343048930168152
-0.6834430694580078
-0.5303595662117004
-0.4626869559288025
-0.5258010625839233
-0.060469627380371094
1.3008671998977661
-0.7680719494819641
-0.49197107553482056
-0.25605306029319763
0.30539751052856445
-1.6344881057739258
0.31604328751564026
-0.07602386176586151
0.3437817692756653
-0.08299551159143448
-0.47070565819740295
-12.911031723022461
10.259507179260254
-1.3497817516326904
-8.545289039611816
5.382363319396973
-2.328484535217285
-1.3334290981292725
2.8537087440490723
-1.5165274143218994
-0.6296941637992859
1.5256197452545166
-1.1399818658828735
0.29681262373924255
0.12700805068016052
-1.0647433996200562
-0.24931840598583221
-0.2578059136867523
-0.13128356635570526
-0.11027097702026367
-0.4231310784816742
-0.46597591042518616
-0.1709250956773758
0.16579332947731018
-0.1547400951385498
-0.5401539206504822
0.44874539971351624
-0.8680079579353333
0.1634538173675537
0.27205124497413635
-0.6845053434371948
0.46581679582595825
0.1846162974834442
0.4564046263694763
0.29546934366226196
-0.7471334338188171
-0.3681894540786743
0.9122601747512817
0.1486067771911621
-0.2670304477214813
1.1182035207748413
-0.32559990882873535
-0.40405458211898804
0.7041900753974915
0.03386197239160538
-0.04532771185040474
0.5743674039840698
0.2774783968925476
0.37159889936447144
-0.23082442581653595
0.4312348961830139
0.14411914348602295
-0.4778342843055725
0.9425338506698608
-0.2700350880622864
0.31363582611083984
1.0254071950912476
0.38559699058532715
0.42412614822387695
0.4433726370334625
-0.22308321297168732
0.9087020754814148
0.5639784932136536
-0.3226795792579651
0.8832108378410339
0.46519938111305237
0.8024492263793945
0.28606635332107544
0.09135846793651581
-0.3014353811740875
0.27068623900413513
1.064568042755127
0.467354953289032
-0.2026991844177246
0.35433053970336914
0.09144115447998047
0.4563216269016266
0.1699833869934082
0.729389488697052
0.31075936555862427
0.47585707902908325
0.04630584642291069
-0.13271236419677734
0.6908732652664185
0.27849656343460083
0.4634176194667816
0.35811692476272583
0.18002566695213318
0.2691398561000824
0.23592767119407654
-0.03249368816614151
0.6491861343383789
0.01901264116168022
0.052157022058963776
0.3191004693508148
0.05395526811480522
-0.07843618094921112
0.4245781898498535
-0.18578490614891052
-2.10257625579834
-4.323301792144775
-19.147430419921875
6.160998344421387
9.339445114135742
-3.274240016937256
-10.086541175842285
3.9140846729278564
0.006169557571411133
-2.720069408416748
1.9343315362930298
0.11648865044116974
-1.258556604385376
0.7269493937492371
-0.10990361869335175
-0.8122848272323608
0.4897807240486145
-0.04135322570800781
-0.267652690410614
0.015169525519013405
0.03005685843527317
-0.7253214716911316
0.39588814973831177
0.14719876646995544
-0.5682560205459595
0.5089642405509949
-0.29660654067993164
-0.8602308034896851
0.36924153566360474
-0.3083271086215973
-0.2134709358215332
0.06356821209192276
0.5643430948257446
0.17401675879955292
-0.7934614419937134
-0.08134059607982635
-0.08681497722864151
-0.2731779217720032
-0.200535386800766
1.3480722904205322
0.9876659512519836
-1.554721474647522
-0.9981454610824585
1.1866790056228638
-2.1301050186157227
0.05720977857708931
0.38007545471191406
-1.009511947631836
0.19461555778980255
0.5598003268241882
-1.6561743021011353
-0.40003156661987305
0.4517885148525238
-0.22910098731517792
-0.3432444632053375
0.6442680358886719
0.12587718665599823
-0.7254482507705688
0.5787551999092102
-0.12130890041589737
0.06612034142017365
-0.16977271437644958
-1.2320644855499268
1.1358331441879272
-0.15687599778175354
-0.6018728017807007
-0.6622346639633179
-0.28178539872169495
0.2155754119157791
-0.23842211067676544
-0.38336649537086487
0.7203958630561829
-0.7044696807861328
-1.2089111804962158
-0.04292869567871094
-0.5457318425178528
-0.17655964195728302
-1.7950111627578735
1.578657865524292
0.2862340807914734
-1.3165572881698608
-0.2544247508049011
0.49055156111717224
-0.8713990449905396
-1.0216820240020752
0.22453346848487854
0.38761788606643677
-0.26803332567214966
0.5255907773971558
-0.33902445435523987
-1.104027509689331
-0.06162147596478462
-0.5498980283737183
0.0828438252210617
0.14422282576560974
-1.3446413278579712
-0.2053608000278473
-2.352440357208252
0.6433840990066528
-0.20112323760986328
-1.2594777345657349
0.33530205488204956
-13.117159843444824
10.078773498535156
-2.111036777496338
-8.206866264343262
5.318519592285156
-2.912738800048828
-1.0313479900360107
3.2605316638946533
-1.5957642793655396
-0.4924076199531555
1.197005271911621
-1.4820276498794556
-0.4023553431034088
0.4592255651950836
-1.037128210067749
-0.007458782289177179
-0.2636624872684479
-0.7816781997680664
0.08214350044727325
-0.3828801214694977
-0.4096256196498871
-0.3351460099220276
0.5112587213516235
-0.36099815368652344
-0.03499283641576767
-0.12625184655189514
-0.5495778322219849
0.2973071038722992
0.35957813262939453
-0.43576130270957947
0.1198110580444336
0.39485082030296326
0.09095122665166855
0.6125189661979675
-0.3408889174461365
-0.39493662118911743
0.4876379370689392
0.19227823615074158
0.10149884223937988
0.28034311532974243
0.19719386100769043
0.23848219215869904
0.2657245993614197
-0.046955663710832596
0.74730384349823
-0.31173276901245117
0.1321142017841339
0.9788880348205566
-0.23713965713977814
0.36280936002731323
0.6810857653617859
0.09933920204639435
0.5765526294708252
-0.03878979757428169
-0.02049241028726101
1.5881496667861938
0.03634314611554146
0.06760402023792267
0.5977498292922974
0.2164580374956131
-0.1133698970079422
0.717820942401886
0.15868434309959412
0.41097888350486755
0.5946019291877747
0.30322152376174927
0.19647923111915588
0.3055726885795593
-0.13629674911499023
0.038701437413692474
0.7934427261352539
0.28461503982543945
0.604234516620636
0.12679938971996307
-0.028878116980195045
0.20860186219215393
0.900673508644104
0.012958526611328125
-0.020859431475400925
0.5384824872016907
-0.41119223833084106
0.08801422268152237
0.08134927600622177
-0.26454344391822815
0.8567048907279968
0.1710326224565506
0.09491433948278427
0.2948969006538391
0.3211493492126465
-0.5399442911148071
0.1830430030822754
0.6502023935317993
-0.224537655711174
0.2841068208217621
0.27271777391433716
0.20288638770580292
-0.10542631149291992
-0.02336578443646431
-2.287755250930786
-4.223893165588379
-19.61223030090332
6.546653747558594
8.683797836303711
-1.4976810216903687
-12.685823440551758
5.685822486877441
-0.6533713340759277
-3.2325191497802734
2.4770729541778564
0.23659487068653107
-1.6324503421783447
1.1871833801269531
0.16085147857666016
-0.9034091234207153
0.2995317578315735
-0.02771291695535183
-0.37389612197875977
-0.09225273132324219
-0.1099947914481163
-0.09759960323572159
-0.14126595854759216
0.24934110045433044
-0.20380735397338867
-0.012735080905258656
-0.21550416946411133
0.11272897571325302
-0.5654503107070923
0.1858210563659668
0.12293815612792969
-0.8577867746353149
-0.5488592386245728
0.6194618940353394
-0.17602309584617615
-0.8348666429519653
1.0558090209960938
-0.09759044647216797
-0.25809556245803833
0.4542352557182312
1.2120392322540283
-0.6189522743225098
-1.332541823387146
0.41424760222435
-0.1263868361711502
-0.3258441984653473
1.6896642446517944
1.1084359884262085
-2.445729970932007
0.7932939529418945
0.10694141685962677
0.008420181460678577
-0.3641280233860016
0.491044819355011
-0.00683517474681139
-0.3019515872001648
0.030779266729950905
-0.4849019944667816
-0.5391603708267212
0.284633070230484
-1.0353740453720093
0.8128231167793274
0.11489792168140411
-1.061517357826233
0.6233118176460266
0.049614809453487396
-1.0822328329086304
1.0169726610183716
-1.6236549615859985
0.008442401885986328
-0.20817022025585175
-0.6918250918388367
0.1558946669101715
-0.18133382499217987
0.8770097494125366
-0.9173346757888794
0.46139782667160034
-1.023091435432434
-0.2492406815290451
-1.5550092458724976
0.0810735672712326
-0.4492405951023102
-0.626960277557373
0.7555979490280151
-0.10683183372020721
0.4621378779411316
-0.41326698660850525
0.8168414235115051
-0.5263692736625671
1.237137794494629
-1.3142961263656616
0.24420996010303497
0.5884071588516235
-0.6093723177909851
0.700190544128418
0.6916629672050476
-0.4819115996360779
0.2247573882341385
-1.166772484779358
-0.39206552505493164
-1.2109477519989014
1.084084391593933
-13.03474235534668
10.990530014038086
-1.6824769973754883
-8.823514938354492
5.280150413513184
-2.6772327423095703
-0.8869054913520813
2.8570027351379395
-1.3564567565917969
-0.7488428950309753
1.16415274143219
-1.1160409450531006
-0.13304099440574646
0.34196582436561584
-0.6859337091445923
-0.2990938723087311
-0.138774111866951
-0.24493369460105896
-0.12203607708215714
-0.34321126341819763
-0.2533160150051117
0.00944509543478489
0.029947757720947266
-0.3473741114139557
0.21354198455810547
-0.06037883833050728
-0.1383005678653717
0.04792528226971626
0.8660320043563843
-0.5401318073272705
-0.378762423992157
0.13240475952625275
-0.3040885627269745
0.6456416845321655
0.5687057375907898
-0.36764901876449585
-0.019119512289762497
0.17142213881015778
0.026358837261795998
1.0949171781539917
-0.10538723319768906
-0.4737134575843811
0.1330740749835968
0.196634441614151
-0.2772563099861145
0.7956940531730652
0.06395778805017471
0.597352147102356
-0.25405195355415344
0.8884878158569336
-0.03845538944005966
0.17387647926807404
0.7053834199905396
-0.43184566497802734
0.4297432005405426
0.7780774235725403
-0.2735515534877777
0.39113301038742065
0.6570145487785339
0.14499063789844513
0.7188194394111633
0.1554553061723709
0.3218558728694916
0.24234656989574432
-0.01716756820678711
0.9636029005050659
0.1955929696559906
0.2684994637966156
0.45153409242630005
0.3220316767692566
0.643829345703125
0.4787106513977051
0.22037562727928162
0.17734774947166443
0.2039898931980133
0.49997490644454956
0.022196579724550247
0.28779667615890503
0.28077489137649536
0.4431536793708801
-0.1884600669145584
0.36483240127563477
0.28747910261154175
0.019125748425722122
0.32770195603370667
0.5592753291130066
0.03187589719891548
0.3493199348449707
0.3793630599975586
0.17295809090137482
0.29520702362060547
-0.23715248703956604
0.5673069953918457
-0.08806438744068146
-0.06698007881641388
0.28957241773605347
-0.14230509102344513
0.14187145233154297
-1.5025221109390259
-3.532831907272339
-18.684703826904297
6.5603346824646
9.545619010925293
-6.18390417098999
-7.003368377685547
4.7662858963012695
-1.2727758884429932
-2.0609474182128906
2.2581167221069336
-0.4504569172859192
-1.0586016178131104
1.4686211347579956
-1.050480604171753
0.03136091306805611
0.2440962791442871
-0.28442105650901794
0.2527291178703308
0.059722043573856354
-0.06490268558263779
-0.35792359709739685
0.07456407696008682
-0.2514168620109558
0.20748309791088104
-0.08327379077672958
-0.29599103331565857
0.3222793638706207
-0.05587263032793999
-0.5229030847549438
-0.2723451554775238
0.07441721111536026
-0.46781834959983826
-0.20045003294944763
-0.0972711592912674
-0.6222326159477234
-0.43401259183883667
-0.1838539093732834
0.0643930435180664
-0.119140625
-0.04838848114013672
0.47434407472610474
0.35969123244285583
-1.1085554361343384
0.09359169006347656
-0.06801090389490128
-1.053577184677124
0.6954477429389954
-0.17850761115550995
0.38617077469825745
0.4192458987236023
0.9549474716186523
-1.2505431175231934
-0.7475065588951111
1.221727728843689
-0.9158459901809692
-0.45530834794044495
0.5290258526802063
-1.09879469871521
0.3344922959804535
-0.1381978988647461
-0.06784667819738388
0.10725746303796768
-0.7624636888504028
-0.26858386397361755
0.7845230102539062
-0.5915399789810181
-0.13944855332374573
0.6376622915267944
-0.0001125335693359375
-1.2944467067718506
-0.026645850390195847
-0.7496669888496399
0.8643573522567749
-0.7435159683227539
0.23113803565502167
0.5235550999641418
0.9250478744506836
-1.132542371749878
0.6980232000350952
-1.4934333562850952
-0.0467287078499794
-0.24828258156776428
-1.6005866527557373
-0.3162454664707184
-0.7330188751220703
2.1142592430114746
0.13944920897483826
-1.5420584678649902
0.668644905090332
-0.32276368141174316
0.5425127148628235
-0.5536578893661499
-0.01152048073709011
-1.1048195362091064
0.017792129889130592
-0.583330512046814
0.7465103268623352
-0.35154515504837036
0.08919372409582138
-2.108311891555786
-1.2592906951904297
-12.776604652404785
10.255702018737793
-2.1258959770202637
-8.534433364868164
5.204514503479004
-2.6534178256988525
-1.2579773664474487
2.7470288276672363
-1.3436558246612549
-0.8314564824104309
1.2073745727539062
-0.9575966000556946
-0.08495406806468964
-0.21274051070213318
-0.549084484577179
-0.05330200120806694
-0.015637874603271484
-0.19394950568675995
0.029146576300263405
-0.5797588229179382
-0.1041317954659462
0.28130096197128296
-0.034978486597537994
-0.4547335207462311
0.38396748900413513
-0.3562185764312744
-0.5669888257980347
0.5321232080459595
0.468355655670166
-0.7338725328445435
0.0031489848624914885
0.6191617250442505
0.3928070664405823
0.9412328600883484
-0.14771471917629242
-0.9172297716140747
0.7194138765335083
0.15619418025016785
0.14096413552761078
0.8257123827934265
0.08302253484725952
-0.11993775516748428
0.5827274322509766
-0.2512079179286957
0.4042212963104248
0.8729292154312134
0.10875429958105087
0.5138260722160339
-0.01519784890115261
-0.0029625059105455875
1.1070759296417236
-0.482912540435791
0.8460162878036499
0.32880720496177673
0.1329786330461502
1.1035937070846558
0.40626177191734314
-0.5807755589485168
0.5228991508483887
0.7969043850898743
0.23543791472911835
-0.0071083069778978825
0.451448917388916
0.21079644560813904
0.6210113763809204
0.4582260251045227
0.2948412001132965
0.4731789529323578
-0.20210270583629608
0.2587277293205261
0.49854955077171326
0.2681729197502136
0.44427689909935
-0.18266086280345917
-0.1596948653459549
0.7746222615242004
-0.055498410016298294
0.23061113059520721
0.19756479561328888
0.4374927580356598
0.2627817988395691
0.16983842849731445
0.1578022986650467
0.3345603048801422
0.22747859358787537
-0.2958844304084778
0.43515270948410034
0.05073747783899307
0.05972690507769585
0.4499439299106598
0.05893669277429581
-0.24770793318748474
0.5529215931892395
-0.051570795476436615
0.11433915793895721
0.40161895751953125
0.2826983332633972
0.24157314002513885
-0.9463198781013489
-4.052950859069824
-18.430660247802734
7.575646877288818
9.4035062789917
-3.3639419078826904
-11.764242172241211
6.5214433670043945
-1.3041250705718994
-2.5569324493408203
2.66387677192688
-0.4923365116119385
-0.9406675100326538
1.5538604259490967
-1.1390920877456665
0.0911407470703125
0.39848461747169495
-0.5632051825523376
0.11783818900585175
0.024023722857236862
-0.015170860104262829
-0.11024312674999237
0.13652296364307404
0.37541359663009644
-0.5872913599014282
0.08122234046459198
0.0458710677921772
-0.001286411308683455
0.0438685417175293
-0.33392611145973206
0.1036161407828331
-0.2979019284248352
0.2246183454990387
-0.03437957912683487
0.4022030830383301
-0.8920639753341675
-0.255103200674057
0.09933414310216904
-0.0804474800825119
1.265171766281128
-0.13656902313232422
-1.3427097797393799
-0.33262157440185547
0.8960477709770203
-0.7783157229423523
0.2622322142124176
-0.35721415281295776
-0.2930612564086914
-0.3933500349521637
0.587681770324707
-0.36991652846336365
-1.3505191802978516
0.36584606766700745
-0.5555208325386047
-0.816236674785614
-0.1897350251674652
-0.06118183210492134
-2.0786194801330566
-1.049062967300415
1.683332085609436
-0.2890012860298157
-0.659816563129425
-0.027375603094697
-0.9546960592269897
0.06908102333545685
-0.5201813578605652
-0.7520387768745422
0.009089278988540173
-1.0576198101043701
0.37803536653518677
-1.3174495697021484
-0.2761155962944031
0.38907375931739807
-1.9598509073257446
1.3565326929092407
-0.6908294558525085
-1.2681888341903687
-1.128826379776001
0.09859390556812286
-1.491572380065918
1.3636598587036133
-0.8146718740463257
0.9698019027709961
0.8081372380256653
-1.3392014503479004
-0.08693437278270721
0.8970577120780945
-0.1646004617214203
0.12306022644042969
0.09842205047607422
-0.03520364686846733
0.018996143713593483
0.20667648315429688
-1.3087444305419922
-0.43827247619628906
0.1743966042995453
0.38209038972854614
-1.1627967357635498
-0.6426599621772766
0.721284031867981
-0.2427745759487152
-0.48516732454299927
-11.892513275146484
10.184354782104492
-1.3802952766418457
-8.588037490844727
4.956584930419922
-2.430820941925049
-0.77027827501297
2.8307738304138184
-1.396186113357544
-0.9339669346809387
1.0482351779937744
-0.8652370572090149
-0.13549156486988068
0.06884255260229111
-0.648114800453186
0.09956789016723633
-0.5783424377441406
-0.49540624022483826
-0.28328937292099
-0.04389524459838867
0.02525200881063938
0.002089214278385043
0.024974297732114792
0.015656422823667526
-0.1811012327671051
-0.19727234542369843
-0.3787246644496918
0.1518438309431076
0.43274766206741333
-0.3182118833065033
0.044629622250795364
0.06882152706384659
0.3248722553253174
0.6338951587677002
-0.7425222396850586
-0.631230354309082
0.7506695985794067
0.022761940956115723
-0.15683014690876007
0.7408959269523621
0.13928116858005524
0.18298643827438354
0.20247025787830353
0.17411774396896362
0.4548826217651367
0.5713911652565002
0.3494604229927063
0.5948372483253479
-0.3067804276943207
0.0494251474738121
0.925698459148407
-0.12222723662853241
0.19968906044960022
0.6214793920516968
-0.1251981258392334
0.8274620771408081
0.21655592322349548
0.20939388871192932
0.09766721725463867
-0.15014433860778809
0.535521388053894
0.2520207464694977
0.27910226583480835
0.4942699372768402
-0.3434498906135559
0.788618266582489
0.1460409164428711
-0.5650094747543335
0.1172494888305664
1.0309350490570068
0.28445369005203247
0.13142403960227966
0.5690558552742004
-0.254218190908432
0.5953869819641113
0.28743019700050354
-0.11945819854736328
0.6624099016189575
0.375678151845932
0.10850115120410919
0.0842958465218544
-0.11403150856494904
0.15235348045825958
0.41593027114868164
0.2925265431404114
0.12772807478904724
-0.05901813507080078
0.3917571008205414
0.28097495436668396
-0.38225334882736206
0.21118764579296112
0.34035825729370117
-0.016507815569639206
0.004314708523452282
0.22520074248313904
0.2740083634853363
-0.017418289557099342
0.05014972761273384
-1.5812346935272217
-4.190433502197266
-18.378122329711914
7.074359893798828
9.558320045471191
-4.511967658996582
-9.633612632751465
4.278890609741211
-0.21207885444164276
-2.710677146911621
2.3558850288391113
-0.3180111050605774
-0.8752076029777527
0.9899722337722778
-0.7931301593780518
-0.08115367591381073
0.27912360429763794
-0.2833137512207031
-0.17743730545043945
0.20477533340454102
-0.20699366927146912
0.08549146354198456
0.1996585875749588
-0.3034326434135437
0.1414005309343338
0.5102753639221191
-0.14854316413402557
0.061827849596738815
-0.9376710653305054
0.6945933103561401
-0.8382735252380371
0.4452957212924957
0.1575760841369629
-0.535055935382843
-0.11144275963306427
-0.2406051605939865
0.02509317360818386
-0.5140074491500854
-0.5474715232849121
1.3112025260925293
-0.13346996903419495
-0.308238685131073
-0.48958665132522583
-0.15012112259864807
-0.1701282560825348
-0.6668307185173035
-0.028295326977968216
-0.5445393323898315
0.6290416717529297
0.31043320894241333
-1.4829556941986084
0.030632400885224342
-0.3234081268310547
-0.25021496415138245
-0.42464715242385864
0.6147975921630859
-1.3830775022506714
0.3889196515083313
0.7774202227592468
-0.8238135576248169
0.4152940809726715
-0.4584236145019531
-0.4090299606323242
0.36611002683639526
-0.13130512833595276
-0.5679134130477905
0.15396881103515625
-0.21485404670238495
-0.7146156430244446
-0.3245822787284851
0.21329346299171448
0.5425857305526733
0.5179592967033386
-0.6313846707344055
0.6941946148872375
-0.676429271697998
-0.05291042476892471
-0.3606749475002289
0.11929969489574432
-0.04381294175982475
-0.6367356181144714
-0.652491569519043
1.1652085781097412
-0.6987305879592896
-0.04293098300695419
-0.27106142044067383
-0.12347564846277237
0.22144785523414612
0.8281863927841187
-0.8506259918212891
0.09281768649816513
0.9579143524169922
-0.9805740118026733
-0.20696429908275604
-1.1432840824127197
0.4947728216648102
-0.4027586877346039
1.041474461555481
-1.6009708642959595
-0.0026159286499023438
-1.029820203781128
-0.8504875302314758
-12.280540466308594
10.29826545715332
-1.4570133686065674
-8.616255760192871
5.492344379425049
-2.580003261566162
-1.2061145305633545
3.0958914756774902
-1.1698896884918213
-0.3399365544319153
0.8975074887275696
-1.3074629306793213
0.6308727264404297
0.3843781054019928
-1.1591761112213135
0.06164846569299698
0.025214051827788353
-0.31587156653404236
-0.0994877815246582
-0.021834421902894974
-0.16309385001659393
-0.16344590485095978
0.12972111999988556
-0.1650780737400055
-0.280963659286499
-0.17083577811717987
-0.10070910304784775
0.46612033247947693
0.18123140931129456
-0.37422698736190796
-0.22630815207958221
0.05537702888250351
0.590899646282196
0.09027405083179474
0.3335872292518616
0.39599379897117615
-0.14585202932357788
-0.35358282923698425
0.4634806513786316
0.8393025398254395
0.656457781791687
-0.8082321286201477
0.1968587338924408
0.5054962038993835
0.2444402426481247
0.11016132682561874
0.7070073485374451
0.5515433549880981
-0.43206900358200073
0.5475761890411377
0.6620653867721558
-0.44930499792099
0.9237610101699829
0.4046199917793274
0.4675876498222351
0.5030211806297302
0.5139174461364746
0.5036958456039429
-0.2582918107509613
-0.061205290257930756
1.3599697351455688
0.12667226791381836
-0.15502223372459412
0.38543930649757385
0.07668189704418182
0.5951493978500366
0.2842216491699219
0.37224262952804565
0.5847793817520142
-0.089856818318367
0.26532918214797974
0.34927815198898315
0.3735225796699524
-0.02763986587524414
0.19104909896850586
0.4397391378879547
0.29467830061912537
0.49342232942581177
0.0557682029902935
0.11240081489086151
0.5640704035758972
0.1467311829328537
-0.049868393689394
0.6413348317146301
0.18929652869701385
-0.09260044246912003
0.4419025480747223
0.0914270430803299
0.017180632799863815
-0.3182806074619293
0.29130905866622925
0.45264941453933716
-0.597115159034729
0.37856245040893555
-0.06586332619190216
0.18315382301807404
0.4441215395927429
0.19165372848510742
-2.0695273876190186
-4.0878167152404785
-18.85324478149414
6.682547092437744
9.15369987487793
-3.101524829864502
-9.960598945617676
3.60001802444458
0.4089486002922058
-3.1346821784973145
2.5276577472686768
-0.36060476303100586
-1.2297701835632324
1.3746477365493774
-0.5547279119491577
-0.16859331727027893
0.6798000335693359
-0.5070247054100037
-0.1568775177001953
0.6036046147346497
-0.12719134986400604
0.06460561603307724
-0.08679427951574326
-0.14134712517261505
-0.37824517488479614
-0.2650783658027649
-0.0006567955133505166
-0.002750873565673828
0.45413875579833984
-0.6917799711227417
0.33849993348121643
0.08997468650341034
0.13814620673656464
0.09590987861156464
0.04232330247759819
-1.258346676826477
-0.24076175689697266
0.8496391177177429
-0.294985294342041
-0.9503682851791382
0.6401718258857727
0.19354839622974396
-2.6699819564819336
1.1800501346588135
0.20920857787132263
-1.4139702320098877
1.3741931915283203
1.3990497589111328
-1.330132246017456
-1.0212419033050537
-0.1367151290178299
0.27578678727149963
-0.1909772902727127
0.28239479660987854
-0.1127552017569542
-1.176108479499817
-0.7016710042953491
0.48397961258888245
-0.6205037832260132
0.40255746245384216
-1.1435706615447998
-0.07159795612096786
0.45952606201171875
-0.4535451829433441
0.22931328415870667
0.8320978879928589
-1.9226276874542236
0.0854770690202713
0.7966337203979492
-0.6784254312515259
0.603000283241272
-0.7389541864395142
-0.8095883131027222
-0.4584835171699524
-0.28745460510253906
0.18151454627513885
-0.05140037462115288
-0.26220694184303284
-1.5941450595855713
0.7624887228012085
-1.371018409729004
0.0617944709956646
0.3499436378479004
0.22886648774147034
0.11716175079345703
-0.5865488052368164
-0.08760537952184677
0.1788347214460373
0.8698177337646484
0.37937015295028687
0.5812005996704102
-0.36758002638816833
0.13360270857810974
-0.6291906237602234
-0.46650880575180054
-0.8793067932128906
0.04134559631347656
-0.48054471611976624
-0.5147870779037476
-0.6124302744865417
-1.8683258295059204
0.8071144223213196
-13.88994312286377
10.914701461791992
-2.297905921936035
-8.360068321228027
5.574147701263428
-2.693647861480713
-1.3488240242004395
3.272996187210083
-2.0258090496063232
-0.5982869863510132
0.8307021856307983
-0.7102111577987671
-0.12924928963184357
0.0035505294799804688
-0.5967459082603455
0.07966108620166779
-0.6125549077987671
-0.13842014968395233
0.10479917377233505
-0.329024076461792
-0.34418535232543945
-0.31658321619033813
0.5902022123336792
-0.39648064970970154
-0.07501287758350372
-0.009090137667953968
-0.5349770188331604
0.5155047178268433
0.3574391305446625
-0.49090370535850525
-0.8183397054672241
1.0239942073822021
0.21315455436706543
-0.4187970757484436
0.1854773312807083
0.4349212646484375
0.5061631202697754
-0.6279290914535522
0.45360812544822693
1.3434650897979736
0.24975232779979706
-0.16726617515087128
-0.013567459769546986
0.43519821763038635
0.5018238425254822
-0.07472731918096542
0.3202071487903595
0.4866756498813629
0.11310684680938721
0.4347423017024994
0.8800073862075806
-0.11157882213592529
0.24921993911266327
0.25298452377319336
0.3319193422794342
0.952838122844696
-0.1836794912815094
0.44902777671813965
0.11908426135778427
0.47729721665382385
0.49312981963157654
-0.2955924868583679
0.6759864091873169
0.31830301880836487
-0.42196208238601685
0.7916156649589539
0.1970348358154297
0.37522226572036743
0.578579306602478
0.21332702040672302
0.6947160959243774
-0.1264723241329193
0.49725228548049927
0.5649825930595398
-0.3210049569606781
0.10713978111743927
0.2346043586730957
-0.13476648926734924
0.08995761722326279
0.5978498458862305
0.3313046395778656
0.2516710162162781
-0.2962426245212555
0.6113823056221008
-0.09384441375732422
0.47885599732398987
-0.12212314456701279
-0.08017845451831818
0.8097416162490845
-0.11506223678588867
0.08230018615722656
0.005721854977309704
-0.17805394530296326
0.48586931824684143
0.2308887541294098
0.0732731819152832
0.2875744700431824
0.5819404721260071
-2.080169439315796
