-1.1004077196121216
-1.1004077196121216
-5.587855339050293
0.6603058576583862
-1.3145265579223633
-0.6453498601913452
-0.1130361557006836
-0.39758405089378357
-0.36935845017433167
-0.22146940231323242
0.7868081331253052
0.7185417413711548
-1.5809439420700073
0.5688554644584656
-0.19532832503318787
-0.9019247889518738
-0.9431039690971375
-0.4385172724723816
0.307797908782959
-0.939084529876709
0.26609688997268677
-0.22764024138450623
-0.6103600263595581
0.38599222898483276
0.6105753779411316
-0.12949791550636292
-0.30503353476524353
0.09419536590576172
-0.8214300274848938
-0.5945049524307251
1.0904929637908936
0.47941717505455017
-0.9575565457344055
0.9641717672348022
0.04356641694903374
-0.40643230080604553
-1.4430770874023438
0.655362069606781
0.2554338574409485
-0.2070516049861908
0.614167332649231
-0.6726651787757874
0.10585274547338486
0.6101421117782593
0.20785804092884064
0.3533748686313629
0.5823056101799011
0.188685342669487
-0.28426098823547363
1.090618371963501
1.1793643236160278
-1.485744595527649
0.9614894986152649
0.7073057889938354
-1.2709896564483643
-0.6362082958221436
1.4731298685073853
0.0442311055958271
-0.34546712040901184
0.6598049402236938
0.34693512320518494
0.39867091178894043
0.2938172221183777
0.3730132579803467
0.8940635919570923
0.8479334712028503
-0.25910326838493347
0.3559418320655823
0.6752685308456421
0.7958720922470093
-0.4645199775695801
0.6969977021217346
0.41424161195755005
-0.7542521357536316
-1.0401451587677002
1.3633464574813843
0.06793393939733505
0.014326000586152077
0.6053146123886108
0.08642272651195526
0.36171847581863403
0.17043094336986542
-0.024918461218476295
0.4192906320095062
-0.045777320861816406
0.8291131854057312
0.15545769035816193
0.6447793245315552
1.0832021236419678
0.21927127242088318
1.111631989479065
-0.7659405469894409
0.39793357253074646
-0.6359249949455261
-0.9397991299629211
1.001263976097107
-0.1443292647600174
-0.4728949964046478
0.62701416015625
-0.06792354583740234
-0.9273471832275391
1.7293974161148071
-2.675698757171631
3.299320936203003
-2.373183488845825
-0.06894040107727051
1.0450737476348877
-0.9976542592048645
0.7608633637428284
0.32813531160354614
-0.09167499840259552
0.44975319504737854
-0.43043050169944763
0.15771332383155823
0.02016906812787056
0.11034898459911346
0.10610799491405487
-0.3230134844779968
0.521388828754425
-0.5324121713638306
-0.008711147122085094
-0.005605125334113836
0.3730623126029968
-0.3450718820095062
-0.20498771965503693
0.20798607170581818
-0.17012310028076172
-0.3596246838569641
-0.2903216481208801
0.8188745379447937
-0.3712471127510071
-0.05729513242840767
-0.30746641755104065
-0.3144388198852539
-1.0960866212844849
0.9295293688774109
-0.3112596571445465
-0.6075538396835327
0.8645622134208679
0.6450833082199097
-1.2337863445281982
-0.5883731842041016
0.8889316320419312
0.03135490417480469
-0.5023293495178223
1.4262834787368774
0.0838155746459961
-0.4225950241088867
-0.2591686248779297
1.0046876668930054
-0.3237581253051758
-0.14881619811058044
0.07360076904296875
0.0031417845748364925
0.2545740008354187
-0.16085299849510193
-0.0736289992928505
0.646314799785614
-0.2709030210971832
-0.1989378035068512
-0.38146287202835083
-0.22663697600364685
0.1415952742099762
0.02654724195599556
-0.5079749822616577
-0.028178881853818893
0.8884077072143555
-0.2664785385131836
0.39134901762008667
-0.7549885511398315
-0.8445069193840027
-0.19703789055347443
0.2840862274169922
-0.5072798132896423
-0.3290911614894867
1.1888266801834106
-0.9712203145027161
0.23497743904590607
-0.9444577097892761
-0.02467498742043972
0.39240607619285583
0.20041294395923615
-0.8126642107963562
0.37153130769729614
-0.3469843864440918
-0.10024900734424591
-0.20587749779224396
0.39404726028442383
0.9038742184638977
0.17795367538928986
-1.2956092357635498
1.1375705003738403
-1.1363641023635864
-0.786504864692688
-0.6789813041687012
1.2575616836547852
1.7412211894989014
-0.6016994714736938
0.8486116528511047
-0.24971184134483337
-0.6712498664855957
-12.580728530883789
10.436988830566406
-3.254922866821289
-7.817220211029053
6.495563507080078
-3.574599027633667
-0.8116822242736816
3.587601900100708
-2.4901962280273438
-0.5839914083480835
1.4123505353927612
-1.472095251083374
0.38646984100341797
0.32789134979248047
-1.312457799911499
0.0856383815407753
0.1149168461561203
-0.8711917996406555
0.46932917833328247
-0.20133724808692932
-0.39944568276405334
-0.19791880249977112
-0.14847302436828613
-0.942939281463623
-0.03894543647766113
0.2786795496940613
-0.29228973388671875
-0.1936967819929123
0.1711597442626953
-0.38540592789649963
-0.7558408975601196
0.4698917269706726
-0.0864228755235672
-0.235931396484375
0.32516491413116455
0.022868776693940163
0.14631111919879913
-0.20056991279125214
0.17506134510040283
-0.39163845777511597
0.4849923253059387
0.5769094228744507
0.5388487577438354
-0.27904579043388367
-0.29279518127441406
0.6274306774139404
-0.0350448377430439
-0.10990498214960098
0.9544963836669922
0.2526126503944397
0.12641286849975586
-0.5339740514755249
0.5336050987243652
0.678769052028656
0.0015853882068768144
0.7959526181221008
0.1983858048915863
0.6640636324882507
0.14248089492321014
-0.2554006576538086
0.40936699509620667
0.1440550833940506
0.34716811776161194
0.5826176404953003
-0.03927917405962944
0.1621996909379959
-0.41417035460472107
0.5698716640472412
0.5124028921127319
0.2456166297197342
0.3084011971950531
0.05847282335162163
0.18046513199806213
0.6969696879386902
0.45157021284103394
0.31329402327537537
0.21203795075416565
0.12206049263477325
0.275946706533432
0.14572496712207794
0.30844002962112427
-0.39267316460609436
0.785416305065155
0.08570289611816406
-0.1056598648428917
0.6601935625076294
0.36028164625167847
-0.30348673462867737
-0.006052494049072266
0.4099758267402649
0.10375938564538956
0.25431594252586365
0.23179110884666443
-0.07345457375049591
0.4686007499694824
0.3366280496120453
-0.09595765918493271
-0.048180483281612396
-0.9077167510986328
-4.136748313903809
-17.82821273803711
7.0124030113220215
9.635111808776855
-3.6690526008605957
-11.380719184875488
5.808325290679932
-0.6452275514602661
-2.7225966453552246
2.549222230911255
-0.47348421812057495
-0.9812018275260925
1.4158796072006226
-0.6449350714683533
-0.14231738448143005
0.018845558166503906
-0.5547069311141968
-0.07031001895666122
0.0933765396475792
0.054250240325927734
-0.29472047090530396
0.3317561149597168
-0.24934348464012146
-0.43862953782081604
0.3905215263366699
0.005743980407714844
-0.36955851316452026
0.16170482337474823
-0.39552202820777893
-0.053795527666807175
-0.24981804192066193
-0.24177208542823792
0.021585654467344284
-0.4070917069911957
-0.48250675201416016
0.34908217191696167
-0.12224578857421875
-0.1935405731201172
0.5714872479438782
0.2931714951992035
-0.687348484992981
-0.8791614770889282
0.26572418212890625
-0.6657530069351196
0.009647941216826439
-0.028677750378847122
-0.009091949090361595
-0.7278478741645813
1.6691871881484985
-0.7977398633956909
-0.6945329904556274
1.2433048486709595
-0.5002375841140747
0.4346601366996765
0.30937880277633667
-0.5657917261123657
0.5393685102462769
-0.9972519874572754
1.0673681497573853
-0.5013715624809265
-0.2982162535190582
-0.47381019592285156
0.20206508040428162
-0.7748326063156128
-0.3250543475151062
0.6113073229789734
-0.5271909832954407
-0.0633230209350586
-0.5673797726631165
-0.6937454342842102
0.8735148310661316
-1.017643690109253
-0.6691843867301941
-0.8687068819999695
-0.2556230425834656
0.20573940873146057
-0.5400218963623047
-0.11882124096155167
-0.35159292817115784
1.0130702257156372
-1.755375862121582
0.3074115812778473
0.4254331588745117
-0.164164736866951
-0.16772231459617615
0.8614150285720825
0.2302379608154297
-1.4432309865951538
-0.10741309821605682
0.9931454658508301
-0.3914283812046051
-0.8431202173233032
-0.5284842252731323
-0.9018647074699402
0.4093903601169586
0.5769301652908325
0.4011659622192383
-1.2108293771743774
-1.62618088722229
0.5006192326545715
-0.12033043056726456
-11.421743392944336
5.951305389404297
0.3902490735054016
-6.847128391265869
2.8312392234802246
-1.487306833267212
-0.7543877363204956
1.8152034282684326
-0.6666408181190491
-0.5650228261947632
0.6120043992996216
-0.5782914757728577
-0.48223716020584106
0.18750396370887756
-0.7015268206596375
-0.278006374835968
-0.12379822880029678
-0.28964653611183167
-0.5273839235305786
-0.46694818139076233
-0.02388153038918972
0.19267058372497559
-0.27711883187294006
-0.9768097996711731
-0.4529508054256439
0.8557209968566895
-0.3205232620239258
-0.8053646087646484
-0.5079205632209778
0.320229709148407
-0.30518701672554016
0.015968918800354004
0.31772008538246155
0.4899340271949768
-0.1085381731390953
-0.11714782565832138
0.2882061004638672
-0.282068133354187
0.275875985622406
1.1012855768203735
-0.9267696142196655
0.3335837423801422
0.8387854695320129
0.11501357704401016
0.32017356157302856
0.15220551192760468
0.21725881099700928
0.44403234124183655
0.12151923030614853
-0.2441575527191162
0.8128772974014282
-0.5982222557067871
0.5606125593185425
0.4446474015712738
-0.03567051887512207
0.6243229508399963
0.16099724173545837
0.505512535572052
0.7466756105422974
-0.13127970695495605
0.1172969788312912
0.4978909492492676
0.3626571595668793
0.3534788191318512
0.36883077025413513
0.08139648288488388
0.03524522855877876
0.4844967722892761
0.06508912891149521
0.21925172209739685
0.2069065123796463
0.7126744985580444
0.2809942364692688
-0.04943256452679634
0.5215676426887512
0.319115549325943
0.07112550735473633
0.4170933663845062
0.0624815933406353
0.23302821815013885
0.0008090019109658897
0.305620014667511
0.6310852766036987
-0.2387031614780426
0.26979655027389526
0.17292794585227966
0.3904910981655121
-0.18776293098926544
0.32716161012649536
0.022629261016845703
0.11827297508716583
0.46494752168655396
-0.6321168541908264
0.31487521529197693
0.6445838212966919
-0.15808363258838654
-0.07741031795740128
0.22515305876731873
-1.2735861539840698
-4.379965305328369
-18.12778663635254
6.006298542022705
9.819913864135742
-6.5979323387146
-6.884188175201416
4.661087512969971
-1.2913187742233276
-1.8081910610198975
2.4319612979888916
-0.9594815969467163
-0.5959054827690125
1.5546348094940186
-0.7398155927658081
-0.10288581997156143
0.4375254511833191
-0.6779457330703735
-0.057797908782958984
0.08890418708324432
-0.8420014381408691
0.19481925666332245
0.2134203016757965
-0.08932266384363174
-0.09600629657506943
0.2784489691257477
-0.2807745039463043
0.35657796263694763
-0.15568847954273224
-0.5354561805725098
-0.23149318993091583
-0.5226781964302063
-0.1555439978837967
-0.06355838477611542
-0.343972384929657
-0.09414424747228622
0.2634788453578949
-0.9427242279052734
0.8375929594039917
-0.6284978985786438
-0.7041357159614563
1.048055648803711
-0.8862926363945007
0.0685352310538292
-0.32517433166503906
0.40870437026023865
-0.5397974252700806
-0.7343121767044067
-0.4568031430244446
-0.08534069359302521
0.38077908754348755
0.1823488175868988
-1.3927085399627686
-0.6102917790412903
1.0566890239715576
-0.4719821810722351
0.230320543050766
0.9680212140083313
-1.0154683589935303
0.2758970260620117
-0.37765464186668396
-0.5588920712471008
0.41501808166503906
-0.301107794046402
-0.47407418489456177
0.7176717519760132
-0.5131568908691406
0.7407854199409485
-1.1081467866897583
0.26447850465774536
-0.6708898544311523
-0.31868401169776917
-0.6724144816398621
0.7150772213935852
-0.2771204113960266
-0.2314412146806717
-1.2066339254379272
0.6582019925117493
-0.4619928300380707
0.6980857849121094
-0.5759498476982117
-0.2112293243408203
1.1798884868621826
-0.13689222931861877
-1.5473995208740234
-0.1594134271144867
-0.4469732344150543
-0.7732523083686829
-0.9486422538757324
0.23569965362548828
-0.37975406646728516
0.2667744755744934
-0.4135476052761078
0.9691632986068726
-0.3683568835258484
0.023982524871826172
-0.5095392465591431
1.3304874897003174
1.3468235731124878
-0.5536813139915466
-2.2453439235687256
-1.1821634769439697
-11.811843872070312
9.937877655029297
-1.6333736181259155
-8.752287864685059
5.662286281585693
-2.838090658187866
-0.8645200729370117
2.9850146770477295
-1.6621453762054443
-0.31483060121536255
1.0171126127243042
-1.1306560039520264
-0.6125255823135376
0.37076646089553833
-0.6266043782234192
0.06775188446044922
-0.42185038328170776
-0.7908220887184143
0.11605115234851837
0.009318160824477673
-0.4156735837459564
-0.13372835516929626
-0.030347060412168503
-0.2498878538608551
-0.1818983554840088
-0.16328778862953186
-0.7201999425888062
0.6466697454452515
0.4038982391357422
-0.5206828117370605
-0.020855093374848366
0.12192054092884064
0.29337334632873535
0.8075760006904602
-0.4152491092681885
-0.7260180115699768
1.1316043138504028
-0.311748206615448
-0.05830657482147217
0.8636177182197571
-0.5964212417602539
-0.24201707541942596
0.659406840801239
-0.4931868612766266
0.35958218574523926
0.1929953247308731
0.5642377734184265
0.6693580746650696
-0.6721771359443665
-0.08138541877269745
1.2190616130828857
-0.39867711067199707
-0.030335521325469017
0.4714686870574951
0.4203545153141022
0.5443705320358276
0.020549964159727097
-0.06443071365356445
1.085907220840454
-0.10876502841711044
0.6326937079429626
0.048287440091371536
0.3411300778388977
0.40445461869239807
0.2299288809299469
0.8776813745498657
0.3034239709377289
-0.2889378070831299
0.3598461151123047
-0.03734951093792915
0.5057075023651123
0.48627710342407227
0.39435750246047974
0.5557636022567749
-0.1753719300031662
0.15703916549682617
0.5007318258285522
0.6055653691291809
-0.2766689360141754
0.4116325378417969
0.15728473663330078
0.06935004889965057
0.06985902786254883
0.2892283499240875
0.1628355085849762
0.49714916944503784
0.37736693024635315
0.15965738892555237
-0.09852275997400284
0.5222352743148804
0.14134368300437927
0.22436180710792542
-0.02685851976275444
0.12817230820655823
0.0949648842215538
-0.01972808875143528
0.5913810729980469
0.35869675874710083
-1.429069995880127
-3.6323037147521973
-17.5967960357666
7.346052646636963
9.5408935546875
-4.563706398010254
-9.556098937988281
4.303986549377441
-0.03204526752233505
-2.2563209533691406
2.0146377086639404
-0.3094557225704193
-0.7542346119880676
1.2640032768249512
-0.5914856791496277
-0.026346873492002487
0.41800403594970703
-0.4514334201812744
-0.09840068966150284
0.04065341874957085
-0.12755393981933594
0.0682961493730545
0.47057294845581055
-0.37050914764404297
-0.21836242079734802
0.7552751302719116
-0.745834469795227
0.025030802935361862
0.02515716478228569
-0.7255135774612427
-0.05097617954015732
-0.02361145056784153
0.051343727856874466
0.21509762108325958
-0.1748783141374588
-1.4603018760681152
0.5149334073066711
0.12166347354650497
-0.1314535140991211
1.2302687168121338
-0.33904018998146057
-1.8445007801055908
0.13031426072120667
-0.34335440397262573
-0.20096054673194885
-0.13986071944236755
0.05287666246294975
-0.9851001501083374
0.16603031754493713
1.2101895809173584
-1.2998449802398682
-0.41665592789649963
0.6378017663955688
-0.5076783895492554
0.13536301255226135
0.022264862433075905
-0.6749719381332397
0.27349987626075745
0.44263821840286255
-0.7159554362297058
-0.10529766231775284
-0.012749100103974342
-1.6342384815216064
0.5280908346176147
0.0486360564827919
-0.04372291639447212
0.19523867964744568
0.06769447028636932
-0.44798222184181213
-0.47357654571533203
1.2663153409957886
-0.9066692590713501
-0.31075039505958557
-0.24322080612182617
-0.0042175292037427425
1.0700652599334717
-0.6212388873100281
-0.08637829124927521
0.45131930708885193
-0.24046535789966583
-0.03035602532327175
-0.30692920088768005
0.30704203248023987
-0.3283645510673523
-0.17942523956298828
-0.17535027861595154
-0.028374290093779564
0.7765989303588867
-0.8987040519714355
0.34208640456199646
-1.7187153100967407
0.9008558392524719
0.03301124647259712
-1.208046555519104
0.4927179217338562
0.21778354048728943
0.7454932928085327
-0.16165713965892792
-1.3009122610092163
1.3678961992263794
-1.8714745044708252
-0.19619610905647278
-10.987934112548828
6.277226448059082
0.2859719395637512
-7.064591407775879
2.964970827102661
-1.3043091297149658
-1.0561844110488892
1.6370422840118408
-0.4855421185493469
-0.7138946652412415
0.6666736602783203
-0.39224594831466675
-0.5130226016044617
-0.09203410148620605
-0.6033003926277161
-0.4104141592979431
-0.5851528644561768
-0.1089405044913292
-0.188347727060318
-0.26529455184936523
-0.3286343514919281
-0.30617302656173706
-0.1553674191236496
-0.9928175806999207
0.08799590915441513
0.39135295152664185
-0.01567373238503933
-0.49168166518211365
-0.41465243697166443
-0.06540600955486298
-0.1340155303478241
0.04024519771337509
0.17645373940467834
-0.037950217723846436
-0.18095853924751282
-0.4889829754829407
0.6657971143722534
-0.7392855882644653
0.3611978590488434
0.17528054118156433
-0.07211549580097198
0.16788382828235626
0.2623225748538971
-0.19469782710075378
-0.26498356461524963
0.294951856136322
0.7773190140724182
0.5538186430931091
-0.724742591381073
0.5640161633491516
0.8760754466056824
-0.7085204720497131
0.7264464497566223
0.26795029640197754
0.6516712307929993
0.4575824737548828
-0.4290943741798401
0.3690308630466461
0.3557907044887543
0.23082037270069122
0.9058842658996582
-0.2723678648471832
0.021728133782744408
0.7641645073890686
0.0408356674015522
0.8241411447525024
0.6550877690315247
-0.6059257388114929
0.19443193078041077
0.5697900056838989
0.3145531713962555
0.3987906575202942
0.30395811796188354
0.7571260333061218
-0.47805270552635193
-0.28485220670700073
0.582446277141571
0.8645579218864441
-0.015842724591493607
0.014629745855927467
0.5098404884338379
0.34884947538375854
0.697745144367218
0.20670565962791443
-0.37914854288101196
0.6835468411445618
0.2603731155395508
0.120854951441288
0.4353472590446472
0.06562843173742294
0.0922846794128418
0.0047171590849757195
0.5922602415084839
-0.26485881209373474
0.29001158475875854
0.6930508613586426
0.18756131827831268
-0.07459068298339844
-2.8773701190948486
-3.7689146995544434
-19.50189781188965
5.668546199798584
9.274953842163086
-2.29506778717041
-11.71605110168457
5.820191860198975
-0.8989740610122681
-2.731680393218994
2.615356922149658
-0.1336791068315506
-1.3038527965545654
1.256538987159729
-0.16866540908813477
-0.46239662170410156
0.6749634742736816
-0.33389443159103394
-0.41761475801467896
0.24089984595775604
0.04732026904821396
-0.1992417275905609
0.012066841125488281
-0.24585704505443573
0.2867003381252289
0.01733550988137722
0.029596615582704544
-0.3411117494106293
-0.03075580671429634
-0.0963960662484169
0.031995296478271484
-0.41600924730300903
-0.11089792102575302
0.20025081932544708
-0.09770965576171875
1.2462263107299805
0.14291802048683167
-1.5701395273208618
0.660852313041687
0.1030057892203331
-0.07563724368810654
0.8018041849136353
1.024065375328064
-1.9515430927276611
-0.8635385632514954
0.6750890612602234
-0.11850452423095703
-1.1607558727264404
1.6687438488006592
0.4269241392612457
-2.3185296058654785
-0.2992885708808899
0.8565438985824585
-1.2203212976455688
0.20176200568675995
0.9479268789291382
-0.6729992628097534
0.642861008644104
0.4484441876411438
-0.47390812635421753
0.3602539002895355
-0.32762765884399414
-1.2801533937454224
0.8632532358169556
-0.12969665229320526
-0.23809337615966797
-0.5679507255554199
-0.7332779169082642
-0.26395073533058167
-1.0216480493545532
0.8497203588485718
-1.679162621498108
0.6210769414901733
-1.414021372795105
0.020262528210878372
-0.18753986060619354
1.2567511796951294
-0.669582188129425
0.5883033871650696
0.13693924248218536
-0.09426708519458771
1.0037623643875122
-0.6509925723075867
-1.040844202041626
1.173339605331421
-0.5197387933731079
0.6054091453552246
0.7677828073501587
-0.030628491193056107
0.31658735871315
-0.6607077717781067
-0.026865577325224876
0.4458853602409363
-0.9221625328063965
0.9767564535140991
0.02610306814312935
-0.5280759930610657
-0.24883536994457245
0.8621347546577454
-1.1835038661956787
-1.2371575832366943
0.8395898938179016
-13.365968704223633
11.002969741821289
-2.331167697906494
-8.707771301269531
5.328290939331055
-2.5676748752593994
-1.2370221614837646
2.7615466117858887
-1.582995057106018
-0.3004169464111328
0.7193012833595276
-1.4451045989990234
0.42915552854537964
-0.4692606031894684
-0.5823221206665039
-0.14731717109680176
-0.23674984276294708
-0.594210147857666
-0.08531560748815536
0.5008658170700073
-0.6779909133911133
-0.49506229162216187
0.5570321679115295
-0.7314860224723816
-0.36517348885536194
0.286729097366333
-0.6724181175231934
0.5489645004272461
0.1615920513868332
-0.6545242071151733
0.2319929599761963
0.4180936813354492
-0.13494622707366943
0.37532898783683777
-0.7519174814224243
-0.6129899024963379
0.6886842846870422
0.1887330263853073
0.24718204140663147
0.42108362913131714
-0.47865423560142517
0.16510719060897827
-0.04000856727361679
-0.2250029295682907
0.3960542678833008
0.3591093122959137
-0.09624173492193222
0.5748878121376038
-0.2821510434150696
-0.12902703881263733
0.675993025302887
-0.19179368019104004
0.35224905610084534
0.3816871643066406
-0.29673489928245544
0.6664383411407471
0.5824667811393738
0.5124956965446472
-0.21122130751609802
0.31609320640563965
0.4919147491455078
-0.535671591758728
0.33446675539016724
-0.09592504799365997
0.5464699864387512
0.5252454876899719
-0.02141246758401394
0.2981697916984558
0.4363059103488922
0.025145530700683594
0.4180982708930969
0.1398632973432541
0.4044269621372223
-0.08231973648071289
-0.16605663299560547
0.3676108419895172
0.5240818858146667
-0.28971338272094727
0.454927533864975
0.2800818383693695
-0.005825138185173273
0.23911580443382263
0.32335931062698364
-0.08444595336914062
0.77558833360672
0.19168511033058167
0.4182804226875305
-0.09161291271448135
0.2410901039838791
0.22837400436401367
-0.3759404122829437
0.27430859208106995
0.10117129981517792
0.20508041977882385
0.2455492913722992
0.28714609146118164
0.08010206371545792
-0.16252422332763672
-2.0491340160369873
-4.076838493347168
-18.6737060546875
6.552475929260254
8.68293285369873
-1.5169684886932373
-12.687334060668945
5.779572486877441
-0.7035084962844849
-3.0619583129882812
2.4193179607391357
-0.07538966834545135
-1.4801691770553589
1.4443557262420654
-0.204731747508049
-0.46649083495140076
0.6245065927505493
-0.17434701323509216
-0.39994683861732483
0.44362688064575195
-0.23759785294532776
0.10303306579589844
0.20237389206886292
-0.5687444806098938
0.11432504653930664
-0.2103392630815506
-0.38226422667503357
0.16033773124217987
-0.5108993649482727
0.1069910079240799
0.22617244720458984
-0.23096437752246857
-0.03182487562298775
0.42898568511009216
-0.3327100872993469
0.34439581632614136
-0.0009490966913290322
-1.166097640991211
-0.05207033082842827
0.8119004964828491
0.3503097593784332
-0.8811407089233398
-0.3748760223388672
0.704960823059082
-0.004026603884994984
-1.3262050151824951
0.9752750396728516
-1.0795056819915771
0.1419139802455902
1.4065206050872803
-0.7055516242980957
-2.0317623615264893
1.6421149969100952
-0.728615403175354
-0.1172405257821083
0.34319573640823364
-0.2351243942975998
-1.057213306427002
0.24805012345314026
-0.25836896896362305
0.7445398569107056
-0.942237377166748
-0.0038984299171715975
0.37729063630104065
-0.36713725328445435
-0.007939529605209827
-0.34931907057762146
0.3795230984687805
-0.16907557845115662
-0.32100313901901245
0.27927225828170776
0.09042110294103622
0.6696727871894836
0.4190339148044586
0.4677797257900238
-0.28086376190185547
-0.2730117738246918
-0.6511322855949402
-0.3450244963169098
1.315091848373413
-0.5501354932785034
0.6252461671829224
-0.4487132132053375
1.5232303142547607
-0.9870737195014954
0.7129718661308289
-0.5784147381782532
0.006991100497543812
0.7552001476287842
-0.39787426590919495
-0.46182718873023987
0.3487124443054199
0.560981273651123
-1.0848348140716553
1.1803085803985596
-1.091996431350708
0.057707786560058594
1.0525553226470947
-0.6247569918632507
1.2954823970794678
-2.155819892883301
2.314389944076538
-14.573827743530273
11.304112434387207
-2.7357983589172363
-7.872754096984863
6.493895053863525
-3.0545408725738525
-0.8890878558158875
3.1542205810546875
-1.5100303888320923
-0.5932587385177612
1.3782069683074951
-1.423309087753296
-0.10787401348352432
0.016278553754091263
-0.5108360648155212
0.3534294068813324
0.17955513298511505
-0.5729280114173889
0.38373222947120667
-0.381490558385849
-0.2504865527153015
0.15079326927661896
0.2088693082332611
-0.5801414847373962
0.16433897614479065
0.5906605124473572
-0.8796998262405396
0.13353829085826874
0.10220925509929657
-0.393726110458374
-0.027074337005615234
0.45057883858680725
-0.6219240427017212
0.5281019806861877
0.2810305953025818
-0.21055862307548523
0.1548166424036026
-0.4910053610801697
0.4302294850349426
0.4438759684562683
0.10160712897777557
0.4793109893798828
0.9382295608520508
-0.217570498585701
-0.08067651093006134
0.7987179756164551
-0.1008424311876297
0.6588570475578308
0.4443727433681488
0.5120736360549927
0.48466116189956665
-0.23979464173316956
0.4076451361179352
-0.18726864457130432
0.48121246695518494
0.9634796380996704
-0.22317853569984436
0.4104185700416565
0.7114462852478027
-0.15114255249500275
0.15757469832897186
0.34900397062301636
0.4216157793998718
-0.3150978982448578
0.04359712451696396
0.947557806968689
-0.1363331824541092
0.04972352832555771
0.12690028548240662
0.40108832716941833
0.31661635637283325
0.14490489661693573
0.17463941872119904
0.5894014239311218
-0.10329627990722656
0.306779682636261
-0.023952102288603783
0.4049037992954254
0.3564745783805847
-0.05759105831384659
0.5179442167282104
-0.06545696407556534
0.14289875328540802
0.19012288749217987
0.33672571182250977
0.5693039894104004
0.06048870086669922
0.19736318290233612
0.22734622657299042
0.28417301177978516
-0.2742849290370941
0.4471145570278168
0.49402207136154175
-0.282174676656723
0.349315345287323
0.3849707543849945
0.004249858669936657
-0.10234670341014862
-2.0222671031951904
-3.5709853172302246
-18.537006378173828
6.602478981018066
9.169288635253906
-1.7169673442840576
-12.804672241210938
6.03169584274292
-0.7427400350570679
-2.865736484527588
2.4648566246032715
-0.35235005617141724
-1.2297697067260742
1.4591212272644043
-0.8788908123970032
-0.4597187936306
0.9334784746170044
-0.5910345911979675
-0.012625789269804955
0.3065977096557617
-0.5372028350830078
0.6535539627075195
-0.45591849088668823
0.02581930160522461
0.014559363946318626
0.18739528954029083
-0.11194515228271484
-0.20054693520069122
-0.13911160826683044
0.45664358139038086
0.23023614287376404
-0.35221871733665466
-0.05470771715044975
0.6653128862380981
-0.3998403549194336
-0.63523930311203
-0.04700050503015518
-0.2641821801662445
-0.5926507711410522
0.2446485459804535
-0.18665409088134766
0.6235219836235046
-1.1225863695144653
-0.26765212416648865
-0.0036403655540198088
-0.3100382685661316
0.6709364056587219
-0.32039642333984375
-0.13749714195728302
-0.8227777481079102
0.6127927899360657
-1.0799446105957031
0.3955848813056946
-0.5708406567573547
-0.19099541008472443
-0.26938095688819885
1.5805028676986694
-1.6627914905548096
-0.6483624577522278
0.4107457995414734
-1.2967113256454468
-0.6597720384597778
0.09099884331226349
-0.02392578125
-0.5623266100883484
0.28918418288230896
0.6311143040657043
-0.8744629621505737
-0.6821974515914917
-0.40055903792381287
-0.0490875244140625
0.08846855163574219
-1.0676369667053223
-0.6161671876907349
-0.11357879638671875
0.18339109420776367
0.05543184280395508
0.8641316294670105
-0.39982089400291443
-0.2514963150024414
-1.1050584316253662
0.7161188125610352
-0.2968454360961914
0.5855231285095215
-1.0623712539672852
1.149288296699524
-1.1923973560333252
0.45317333936691284
0.25364628434181213
-0.38315171003341675
-0.12800216674804688
-1.9121335744857788
0.5530890226364136
-0.17518988251686096
0.2895564138889313
0.068018339574337
0.360079824924469
-1.3076303005218506
1.4279241561889648
-1.0381654500961304
-0.4216064512729645
-0.25325679779052734
-12.98565673828125
10.629958152770996
-1.3920419216156006
-9.112109184265137
5.490828037261963
-2.6466212272644043
-1.019806146621704
2.792905807495117
-1.3926610946655273
-0.4751322865486145
0.9265352487564087
-1.1418344974517822
0.17137451469898224
0.027980614453554153
-0.9469184875488281
-0.3801078200340271
0.02433905564248562
-0.7208488583564758
0.24701280891895294
-0.6280761957168579
-0.28499636054039
-0.07917332649230957
-0.23841342329978943
-0.20419101417064667
0.14492973685264587
-0.5193600654602051
-0.06901288032531738
0.6595943570137024
0.0044166324660182
-0.4274986684322357
-0.36740055680274963
0.5846883654594421
-0.36642777919769287
-0.0008321285131387413
0.5549534559249878
0.10838178545236588
-0.252903550863266
-1.1155399084091187
1.1123374700546265
0.38765448331832886
-0.5045903325080872
0.44561758637428284
0.6662758588790894
-0.26715123653411865
0.3900403082370758
0.11170370876789093
0.2661750316619873
0.18903370201587677
0.7177015542984009
0.030463647097349167
0.3447520136833191
0.382168710231781
0.6050335764884949
-0.38000115752220154
0.8230811953544617
0.3231855034828186
0.013950347900390625
1.1766424179077148
-0.17051109671592712
0.2695332467556
0.31156080961227417
0.2751082479953766
0.7202154397964478
0.4421693682670593
0.021343613043427467
0.8123794794082642
-0.4775993227958679
0.5030078887939453
0.6540088653564453
-0.10136327892541885
0.2458338737487793
0.32357463240623474
0.2129051238298416
0.3959522247314453
0.3886089324951172
-0.30605611205101013
0.33595284819602966
-0.05751170963048935
0.3480622172355652
0.2753503918647766
-0.013739299960434437
0.6789000630378723
-0.05579853057861328
-0.08665714412927628
0.38126975297927856
-0.05877656862139702
0.09001979976892471
0.12558574974536896
-0.0439332015812397
0.8161773681640625
-0.3334912359714508
-0.10400934517383575
0.5097838640213013
-0.3633359968662262
0.21370916068553925
0.7623537182807922
-0.16700057685375214
0.08117713779211044
-1.2396811246871948
-4.120687484741211
-17.258159637451172
5.722833156585693
3.2342281341552734
-3.695310592651367
-1.1538995504379272
0.5404540300369263
-1.1661491394042969
-0.47548356652259827
0.8607099652290344
-0.418936550617218
-0.31929317116737366
0.27151793241500854
-0.046910665929317474
-0.17073726654052734
0.17502307891845703
-0.4017821252346039
-0.25707894563674927
0.29596298933029175
-0.21254834532737732
-0.13437747955322266
0.12717008590698242
-0.2946033477783203
0.3062284588813782
-0.09685411304235458
0.052254676818847656
-0.22036361694335938
0.5489222407341003
-0.914328932762146
0.2577194273471832
-0.12389564514160156
-0.46606722474098206
0.5696521997451782
0.2665765881538391
-0.4619104266166687
-0.4781964421272278
0.40423375368118286
0.39419060945510864
0.4839218258857727
-1.015454649925232
-0.5725011825561523
0.7786887884140015
-0.007730293087661266
-0.5021570324897766
0.7786585092544556
-0.00546684255823493
-0.46006736159324646
-0.8330656290054321
-1.0703877210617065
-0.07816257327795029
-0.955038845539093
-0.5185278058052063
-0.8617121577262878
0.1821405440568924
0.3043150007724762
-1.4850043058395386
-0.8219353556632996
-0.1073429137468338
-0.660918116569519
0.10956592857837677
-1.4354431629180908
-0.9746697545051575
0.07099952548742294
-0.7790197134017944
0.3273591995239258
-0.5968118906021118
0.34855204820632935
0.2865446209907532
-0.09070587158203125
-1.4915244579315186
0.8926140666007996
-1.1376888751983643
0.6984453201293945
-1.7880977392196655
0.6298410296440125
-0.4365881085395813
-0.48144006729125977
0.039586830884218216
-0.10168199241161346
-0.09161929786205292
0.8522440195083618
-0.45996037125587463
-0.08477754890918732
-0.8646551370620728
1.000903844833374
-0.3984062075614929
-0.14701899886131287
0.9840337038040161
-0.30373477935791016
0.2687905728816986
-1.0444949865341187
-0.17082710564136505
-0.5210800170898438
0.009462738409638405
0.18326130509376526
-0.8045922517776489
-0.4652543067932129
-0.11697673797607422
0.26494961977005005
-2.317591428756714
0.4084193706512451
-12.708170890808105
9.167905807495117
-1.099318027496338
-8.654322624206543
4.783782958984375
-2.0247292518615723
-1.5204218626022339
2.4404044151306152
-1.3457472324371338
-0.532738983631134
1.1158467531204224
-0.5283602476119995
-0.37577611207962036
0.3565271496772766
-0.7997099161148071
-0.2024095505475998
-0.2947509288787842
-0.1475716531276703
-0.10692773014307022
-0.5398463010787964
-0.0560612678527832
-0.06157498434185982
-0.5165652632713318
0.03855719417333603
-0.25873082876205444
-0.5608943104743958
-0.3064976632595062
0.7755311727523804
-0.1644141674041748
-0.5565720796585083
-1.0324617624282837
0.7581332921981812
-0.16915933787822723
0.2094673365354538
-0.33245372772216797
0.2958260476589203
0.2611059546470642
-0.1325179487466812
0.17229919135570526
1.0945245027542114
-0.20511694252490997
-0.38510721921920776
-0.08032266795635223
0.09668846428394318
-0.3093875050544739
0.32980841398239136
0.17212076485157013
0.17977730929851532
0.08104898780584335
0.07264856994152069
0.7233149409294128
-0.08617107570171356
0.5669732689857483
-0.2767617702484131
0.22032637894153595
1.1245133876800537
-0.31693774461746216
-0.1275254786014557
1.011745572090149
-0.2737191319465637
0.06370954215526581
0.5910164713859558
0.050753213465213776
0.15909747779369354
0.4769950807094574
0.5345185399055481
0.16715745627880096
0.08093662559986115
0.2493906021118164
0.3848055899143219
0.3956674635410309
0.20013952255249023
0.005417823791503906
0.2621052861213684
0.7243391871452332
0.2382737100124359
0.24008235335350037
0.6301681399345398
-0.03956956788897514
0.34592896699905396
0.06653223186731339
0.2696269154548645
0.2529268264770508
-0.053516387939453125
0.9081947207450867
0.6117156147956848
0.39444035291671753
0.3111138343811035
-0.25831881165504456
0.34469613432884216
0.4392690658569336
0.20288267731666565
-0.1365005522966385
0.9362493753433228
-0.09297142177820206
-0.01467142067849636
0.3474906086921692
0.36029061675071716
-1.1253819465637207
-3.5391311645507812
-17.823999404907227
7.355879306793213
9.486221313476562
-4.328336238861084
-9.39948844909668
4.484668254852295
-0.3107658922672272
-2.2918896675109863
2.2846837043762207
-0.5454980731010437
-0.798435389995575
1.4227436780929565
-0.7210022211074829
-0.3190739154815674
0.7061578631401062
-0.6269124150276184
0.24855375289916992
0.635331928730011
-0.5848429203033447
-0.3126785159111023
0.353498637676239
0.45933598279953003
-0.6433655023574829
0.3111843168735504
-0.2764577865600586
-0.6017013788223267
0.019578933715820312
0.20820340514183044
-0.5073234438896179
-0.5799797177314758
0.11247958987951279
0.2849810719490051
-0.1655624359846115
-1.2208243608474731
-0.09742546081542969
0.00022792816162109375
-0.006332778837531805
0.24386978149414062
0.3369958996772766
-0.28192996978759766
-0.9095351099967957
0.4801879823207855
-0.648670494556427
-0.23891429603099823
0.14895419776439667
-0.7296720743179321
0.3608108460903168
0.6050340533256531
-1.2223694324493408
-0.5315963625907898
0.44822463393211365
-0.38571566343307495
0.3821853697299957
0.8058996200561523
-0.6254854202270508
-0.9911853671073914
0.23031100630760193
0.38679027557373047
-0.5921594500541687
-0.6601983308792114
-0.06301307678222656
-1.120757818222046
1.4607036113739014
-0.4704928398132324
1.0087382793426514
-0.5315341949462891
0.1866230070590973
0.12246723473072052
-1.155622124671936
0.8396981954574585
-0.018318843096494675
-1.0962785482406616
-0.1388535499572754
-0.9041563868522644
0.794569194316864
-0.3245229721069336
0.17749671638011932
0.23600168526172638
0.02229757234454155
-0.5320154428482056
1.0220139026641846
-0.6156551837921143
-0.7070306539535522
1.33719003200531
-1.0580226182937622
0.3178791105747223
-0.3528715968132019
0.29276102781295776
-0.4331572651863098
-0.8408660888671875
-0.32206201553344727
-0.40919122099876404
0.38808387517929077
-1.0199720859527588
-0.20086164772510529
-0.3881605267524719
-0.5607156753540039
-0.6895684003829956
-0.4163089692592621
-1.1211336851119995
-12.80676555633545
10.91606616973877
-1.969597578048706
-8.367067337036133
5.337357521057129
-2.7664408683776855
-1.36934494972229
3.034377336502075
-1.5449292659759521
-0.7527158856391907
1.0320936441421509
-1.3683415651321411
0.2505483627319336
-0.027440834790468216
-0.8250139951705933
0.18196025490760803
-0.2049024999141693
-0.6158758401870728
0.4640812873840332
-0.2790793776512146
-0.6909639239311218
0.24939613044261932
0.11036338657140732
-0.3162921369075775
0.15253134071826935
-0.5305476188659668
-0.19725170731544495
0.8048526644706726
0.26446738839149475
-1.3349870443344116
-0.24431872367858887
0.7462958097457886
-0.16102859377861023
0.001773786498233676
0.11282715946435928
0.3118212819099426
0.780319094657898
-0.5871368646621704
0.3752811551094055
0.4966126084327698
-0.04575521871447563
-0.31314152479171753
0.3864525854587555
0.0459732823073864
-0.10141599178314209
0.8288370966911316
0.29553020000457764
0.17459812760353088
0.2619493305683136
0.42916709184646606
0.09126853942871094
-0.7354856729507446
0.7637430429458618
-0.3926476538181305
0.18577513098716736
0.6792227625846863
0.23075580596923828
0.21216030418872833
0.8744964599609375
0.010799264535307884
0.31966155767440796
0.6773308515548706
-0.06256842613220215
0.1968069076538086
-0.04780321195721626
0.9290598034858704
0.6006836891174316
-0.2875691056251526
0.6231440305709839
0.0400233268737793
0.642642617225647
0.43744343519210815
0.48563843965530396
0.12371835857629776
0.47145432233810425
-0.6211791634559631
0.3132442533969879
-0.21595115959644318
0.360419362783432
0.5585664510726929
-0.44558197259902954
0.49831897020339966
0.13563966751098633
0.18003587424755096
0.09585056453943253
0.2765325605869293
0.4516589045524597
0.11497316509485245
-0.15559034049510956
0.12877550721168518
0.23287983238697052
-0.21442337334156036
0.39235275983810425
-0.2999691367149353
0.06249551847577095
0.27912989258766174
0.24313488602638245
0.7307682037353516
-2.0406548976898193
-4.214585781097412
-18.556631088256836
6.928980350494385
9.18634033203125
-3.3687758445739746
-9.912789344787598
3.625274181365967
0.1575051248073578
-2.627375364303589
1.6543548107147217
0.3534456193447113
-1.654325246810913
1.2089654207229614
-0.15596437454223633
-0.7565778493881226
0.33886927366256714
0.2513514459133148
-0.6755505204200745
0.7704175710678101
-0.34881773591041565
-0.4652530550956726
0.3724420666694641
-0.03407726436853409
-0.38083934783935547
0.2271733283996582
-0.4157326817512512
-0.5831205248832703
0.23245830833911896
-0.17594890296459198
0.3223017752170563
0.006640434265136719
0.13365069031715393
0.07823753356933594
-0.42692652344703674
-0.838485598564148
0.1360626220703125
0.20838546752929688
-0.9087933301925659
1.1820404529571533
0.5364654660224915
-1.0976303815841675
-1.1667531728744507
0.4872148633003235
-0.30360907316207886
-0.004238319583237171
1.1092469692230225
0.8305818438529968
-1.4963356256484985
-0.6762191653251648
0.5602397918701172
0.0395444855093956
-0.481090247631073
0.8433732986450195
0.9410156011581421
-1.7069629430770874
-0.43728581070899963
1.0790483951568604
-0.595227837562561
-0.7866066694259644
0.19067534804344177
-0.6794677972793579
0.14712314307689667
-0.9893991351127625
0.21562424302101135
1.1604835987091064
-0.07052107155323029
-0.3968051075935364
0.5463516116142273
0.1229085922241211
-0.3510421812534332
0.11991405487060547
-0.4488127827644348
-0.578591525554657
-0.811306357383728
0.7202216386795044
-0.5894491076469421
-0.21764011681079865
0.22668132185935974
1.0353364944458008
-0.392192542552948
-0.3926157057285309
1.1121879816055298
-0.10493078082799911
-0.7052288055419922
-0.6674911379814148
-0.1815020591020584
-0.5926154851913452
-0.19819898903369904
-0.2019617110490799
0.11901436001062393
0.7984355688095093
0.4015648365020752
-0.5171297788619995
-0.08939771354198456
0.7360408902168274
-0.5787519216537476
0.7514764070510864
-1.2616488933563232
-0.576860785484314
-1.8641071319580078
0.3972388803958893
-13.708035469055176
10.877592086791992
-2.239384174346924
-8.61755084991455
5.361939907073975
-2.4730026721954346
-1.1967846155166626
2.9475059509277344
-1.7531852722167969
-0.2096092253923416
0.970912754535675
-1.1016483306884766
-0.41485127806663513
0.05558175966143608
-0.867313027381897
0.15104646980762482
-0.6950961351394653
-0.3029780983924866
-0.03657235950231552
-0.32639655470848083
-0.20140962302684784
-0.13077250123023987
-0.11901817470788956
0.03860440105199814
-0.5923134088516235
0.21651224792003632
-0.11163859069347382
0.39163893461227417
-0.04051075130701065
-0.9323405027389526
-0.04307832568883896
0.5574449300765991
-0.8042003512382507
0.22688107192516327
0.45147085189819336
-0.38045716285705566
0.2745738625526428
-0.14222167432308197
0.3540109395980835
0.2548556923866272
-0.32039541006088257
0.23096755146980286
-0.29351192712783813
-0.21849806606769562
0.6661376953125
0.24088077247142792
0.025542711839079857
0.11824846267700195
-0.49097371101379395
0.8028651475906372
0.6773558855056763
-0.5234749913215637
1.0944180488586426
0.09183993190526962
0.3871280550956726
0.4072054922580719
0.034617044031620026
0.11776895821094513
0.882550060749054
-0.23121432960033417
0.3700075149536133
0.7281266450881958
-0.01397485751658678
0.49581632018089294
-0.3327414393424988
0.3849952816963196
-0.0598292350769043
-0.12747935950756073
1.0123257637023926
-0.6910190582275391
0.5358471870422363
0.7541521191596985
0.07457999885082245
0.568219006061554
-0.05440530925989151
0.5300987362861633
0.022352028638124466
0.427457720041275
0.33004292845726013
-0.13800334930419922
0.2444678246974945
0.40520715713500977
0.24276427924633026
0.17571516335010529
0.30952197313308716
0.00994119606912136
0.2238347977399826
0.3065412640571594
0.21827860176563263
0.01715383492410183
0.33098897337913513
0.13822193443775177
0.4969637989997864
-0.30653268098831177
0.23035383224487305
0.8860023617744446
-0.25164490938186646
-0.0937495231628418
-1.088794469833374
-3.655719757080078
-17.71196746826172
5.951651573181152
3.7336673736572266
-4.057328224182129
-1.0956331491470337
0.4565032422542572
-1.1194860935211182
-0.3574231266975403
0.34308281540870667
-0.3181213438510895
0.1072140708565712
-0.08911065757274628
-0.3531665802001953
0.25537195801734924
-0.10490493476390839
-0.21579313278198242
0.20466890931129456
0.647101879119873
-0.5897408723831177
-0.31653308868408203
0.3956882357597351
-0.2587311863899231
0.2926892340183258
-0.42944544553756714
0.026935577392578125
0.08725204318761826
0.33512869477272034
-0.33286580443382263
0.05378913879394531
0.2886602282524109
0.35904064774513245
-0.15523767471313477
0.3835115432739258
0.052320100367069244
-0.7816097140312195
0.19565296173095703
1.3443958759307861
0.5102800130844116
-0.9507781267166138
-0.07859554141759872
-0.23829765617847443
0.6236820220947266
-0.5567180514335632
0.8955371975898743
0.34573039412498474
-0.7375884056091309
-0.8394867777824402
1.3648267984390259
-1.2014005184173584
-0.020367812365293503
-0.2943180203437805
-0.7542054057121277
1.0978450775146484
0.9575956463813782
-1.3563225269317627
-0.7697315216064453
1.2264455556869507
-0.11559601128101349
-0.03357868269085884
0.061467934399843216
-0.17602595686912537
0.29085367918014526
-0.08197059482336044
0.4150524139404297
-0.08144016563892365
-0.38301602005958557
-0.6437550783157349
0.4015200734138489
-0.08923511207103729
0.9170881509780884
0.06196193769574165
0.08946409076452255
-1.3506991863250732
-0.5080659985542297
-0.36838340759277344
0.9028798341751099
-0.08359108120203018
-1.714887022972107
1.349920630455017
-0.650051474571228
0.17400188744068146
-0.9175838232040405
0.2592438757419586
-0.02121582068502903
0.3192939758300781
0.07472191005945206
-0.9857696294784546
-1.0539090633392334
0.09067430347204208
0.33443960547447205
-0.7863786220550537
-0.055097199976444244
-0.4082663655281067
0.8618841171264648
-0.6919227838516235
-0.5038205981254578
-0.17167167365550995
-1.1489269733428955
-0.1481161117553711
-0.817074179649353
-12.827543258666992
10.503751754760742
-2.129805088043213
-8.581636428833008
5.408327579498291
-3.1655123233795166
-0.8149707913398743
2.7123093605041504
-1.3275272846221924
-0.6847478747367859
0.9097753763198853
-1.3256628513336182
-0.19139833748340607
0.3315989375114441
-0.9168859720230103
0.047908782958984375
-0.46069997549057007
-0.8743788003921509
-0.05730938911437988
-0.19773229956626892
-0.4056885838508606
0.2314167022705078
-0.10385604202747345
-0.22706222534179688
-0.31136298179626465
-0.2569628655910492
-0.5439680814743042
0.25676965713500977
0.5565346479415894
-1.0224277973175049
-0.4784676432609558
0.3151337206363678
0.12967661023139954
-0.24476151168346405
0.21683359146118164
0.2326330691576004
0.34998565912246704
0.022454503923654556
0.09648626297712326
0.42633557319641113
-0.23013539612293243
0.5108568072319031
0.6295039057731628
-0.40878191590309143
0.22068917751312256
0.522184431552887
-0.10702979564666748
0.6690959334373474
0.14021754264831543
0.5059720873832703
-0.2034526765346527
-0.42589816451072693
1.2415478229522705
-0.32296448945999146
0.6576831340789795
1.0697942972183228
-0.9026759266853333
0.8865682482719421
0.4419723451137543
0.20896224677562714
0.6009396910667419
-0.21257643401622772
0.474562406539917
-0.056156110018491745
0.20237493515014648
0.7756021618843079
-0.11005187034606934
0.3705593943595886
-0.008517837151885033
0.8403913378715515
0.5377469062805176
0.10245142132043839
-0.017506789416074753
0.6922131776809692
0.09990549087524414
0.3355769217014313
-0.05655870586633682
0.6380431056022644
-0.2808689475059509
0.7553855180740356
0.7709463238716125
-0.2524636387825012
-0.2518450617790222
1.0205862522125244
0.4766690135002136
-0.5100876092910767
0.5925210118293762
0.3218476176261902
0.017185306176543236
-0.06440258026123047
0.19972972571849823
0.17684869468212128
-0.023051738739013672
0.1906110793352127
0.6992380023002625
0.2448776215314865
0.04660539701581001
0.06134357303380966
-1.0385783910751343
-3.6781742572784424
-17.962997436523438
6.3709211349487305
9.693957328796387
-5.1477155685424805
-8.517110824584961
5.759770393371582
-1.4468533992767334
-2.043398380279541
2.8763229846954346
-0.8612302541732788
-0.7976516485214233
1.6402218341827393
-1.0037435293197632
0.010883236303925514
0.23122616112232208
-0.23441895842552185
-0.2113570272922516
-0.04800882190465927
0.0015435218811035156
-0.3907330632209778
0.5297448039054871
-0.26833516359329224
0.07359256595373154
-0.3536953926086426
0.31485939025878906
-0.24952812492847443
0.09874077141284943
-0.5376889109611511
0.07143783569335938
0.3411007821559906
-0.34998980164527893
0.3200608193874359
-0.269688218832016
-0.31287631392478943
-0.8076316118240356
-1.1046183109283447
-0.42103147506713867
-0.13649797439575195
-0.3819023072719574
0.8589910268783569
0.6436921954154968
-0.8940519094467163
0.8545799255371094
-1.3085448741912842
0.09930839389562607
0.026226425543427467
0.35900574922561646
-0.285317987203598
0.018221091479063034
-0.07233772426843643
-0.21519336104393005
-0.7311598658561707
1.654306411743164
0.04657287523150444
-0.8677465319633484
1.713153600692749
-0.8869470357894897
1.238470196723938
-0.09217643737792969
-0.16284923255443573
0.09584007412195206
-0.05145683139562607
0.19114533066749573
-0.06986083835363388
-0.11409129947423935
-0.7938655614852905
1.0030912160873413
0.42776498198509216
-0.39278802275657654
0.2698698043823242
-0.2969819903373718
1.3073089122772217
-1.2670185565948486
0.5096273422241211
0.12657681107521057
-0.3625245988368988
0.18437500298023224
0.3312063217163086
0.4536205232143402
0.2990991473197937
-1.3516414165496826
0.5817476511001587
-0.49838370084762573
-0.4195672869682312
0.43290454149246216
-0.6030147671699524
-0.17126813530921936
-0.7734577059745789
0.3782631754875183
-0.8852012753486633
0.6004239916801453
1.4237477779388428
-0.5515974760055542
0.579239010810852
0.6222379803657532
-0.46827420592308044
0.0014840841758996248
-0.6099869012832642
-1.287156343460083
0.09466733783483505
-12.015419960021973
10.223074913024902
-2.077714204788208
-8.583045959472656
5.371879577636719
-2.8160250186920166
-1.165553331375122
2.913119077682495
-1.496793508529663
-0.6007078289985657
0.8519092798233032
-0.7659359574317932
0.34765106439590454
-0.14502152800559998
-0.5144199132919312
-0.40832823514938354
-0.21987338364124298
-0.24437031149864197
-0.17907710373401642
-0.126736119389534
-0.31476131081581116
0.09724149852991104
-0.14000125229358673
-0.07576775550842285
-0.10819735378026962
-0.3166655898094177
-0.27234405279159546
0.5442410707473755
0.2822507917881012
-0.6002176403999329
-0.7464075088500977
0.6792887449264526
-0.22369126975536346
0.02541358396410942
0.14871640503406525
-0.1221042051911354
0.4173915386199951
0.03148479387164116
-0.157271146774292
1.2289763689041138
0.45275259017944336
-0.5622901320457458
0.07589517533779144
0.14049312472343445
-0.522513210773468
0.4856993556022644
0.3637637794017792
0.28070229291915894
0.07035563141107559
0.03061041794717312
0.221967414021492
0.1389799565076828
0.34990349411964417
0.3152506351470947
0.05307741090655327
0.12326846271753311
0.04723410680890083
0.13054266571998596
0.2136077880859375
-0.4020126760005951
0.998426079750061
0.1347355842590332
-0.380105197429657
0.6260936856269836
-0.008112430572509766
0.4874815046787262
0.12156343460083008
0.22264719009399414
0.16868790984153748
0.2150430679321289
0.8017410039901733
0.18228892982006073
0.32944536209106445
0.15903501212596893
-0.3800562024116516
0.37585029006004333
0.4368470311164856
-0.17757292091846466
0.5874438285827637
0.5633306503295898
-0.4850272238254547
0.6225660443305969
0.08391332626342773
-0.5105708241462708
0.3910110592842102
0.30248919129371643
-0.14024610817432404
-0.08541011810302734
0.5465906858444214
0.02088603936135769
0.5165243148803711
-0.5352572202682495
0.2887495160102844
0.276153564453125
-0.1451423615217209
0.5514680743217468
-0.02925863303244114
0.3237197995185852
-2.3417861461639404
-4.541618347167969
-19.419565200805664
6.565281867980957
8.715255737304688
-1.5907247066497803
-12.813616752624512
6.089524269104004
-0.9059680700302124
-3.1433849334716797
2.7218880653381348
0.16297006607055664
-1.384364128112793
1.2735545635223389
-0.3247731328010559
-0.4885788857936859
0.9030264616012573
0.004884528927505016
-0.14878836274147034
0.1607307493686676
-0.3087672293186188
-0.01587200164794922
0.14912042021751404
0.265836238861084
0.3945249617099762
-0.7386735677719116
-0.3308259844779968
0.31621304154396057
0.397923082113266
-0.2972160279750824
0.19389982521533966
-0.44059544801712036
-0.4446609616279602
-0.3280816972255707
-0.7267481088638306
-0.28521785140037537
-0.0922057181596756
-0.06327752768993378
-0.36153754591941833
0.8562225103378296
0.5302270650863647
-0.0849447250366211
-1.109918236732483
0.7174371480941772
0.08843021094799042
-0.3066936433315277
0.8203708529472351
-0.2225172072649002
-2.371436595916748
0.4988727569580078
-0.6507526636123657
-0.7898927927017212
0.45770207047462463
0.15910129249095917
-0.1986003816127777
0.3009658753871918
-0.0038057328201830387
-1.0412214994430542
-0.02735462225973606
0.24062290787696838
-0.12747402489185333
-0.5996759533882141
0.0363885872066021
-1.3408844470977783
0.5433073043823242
0.5236862301826477
-0.4215635359287262
0.7391177415847778
-0.3213598132133484
1.0024604797363281
0.3441454768180847
-1.172804355621338
0.14709968864917755
-0.07897873222827911
0.21666565537452698
-0.853252112865448
0.44910088181495667
-0.7365401387214661
0.7834680676460266
-0.48448771238327026
0.5441930890083313
-0.7111326456069946
-0.5565983057022095
-0.9011947512626648
1.4111888408660889
-1.2644603252410889
0.2645844519138336
-0.08789558708667755
0.40854787826538086
0.8776916265487671
0.29753750562667847
-0.3779422640800476
-1.0924711227416992
0.7689852714538574
-0.7547715902328491
0.03693113476037979
-1.893731713294983
0.03932447358965874
1.0446832180023193
-1.1578423976898193
-0.7028876543045044
0.0942378044128418
-12.997517585754395
10.861628532409668
-1.5415080785751343
-9.261828422546387
5.370992183685303
-2.400933265686035
-1.4780248403549194
2.839362621307373
-1.9013378620147705
-0.12221679836511612
0.48748406767845154
-1.3321902751922607
0.2033836394548416
-0.3167397379875183
-0.8546854257583618
0.02496161498129368
-0.4550171494483948
-0.6174837946891785
0.056198738515377045
-0.2681538164615631
-0.3744563162326813
0.19438877701759338
-0.46909961104393005
-0.3416820466518402
0.1521643102169037
-0.3299025893211365
-0.35809001326560974
0.3017236292362213
0.0053875683806836605
-0.4278743863105774
-0.4131048619747162
0.5327470302581787
-0.29867610335350037
1.049534797668457
-0.5046380758285522
-0.8545982241630554
0.8402755856513977
-0.05905221775174141
0.0008841812377795577
0.8767339587211609
-0.6804225444793701
0.3260082006454468
0.20625965297222137
-0.04191991686820984
0.5901144742965698
0.35137712955474854
0.004048180766403675
0.5699578523635864
-0.06341104209423065
0.13852469623088837
0.4278891682624817
-0.12527909874916077
0.1954260766506195
0.34399810433387756
0.513420820236206
0.22894135117530823
-0.03146524354815483
-0.061243485659360886
0.4926718771457672
0.19147992134094238
0.5677241086959839
0.5554665327072144
-0.13945774734020233
0.38909977674484253
0.5129928588867188
0.2215747833251953
0.23056058585643768
0.2340599000453949
0.024542521685361862
0.39040011167526245
0.4429206848144531
0.03564310073852539
0.6845375895500183
0.12932005524635315
0.48477211594581604
-0.17330388724803925
0.17112550139427185
0.2880026698112488
0.1148366928100586
0.03350486606359482
0.315074622631073
0.374856561422348
0.035214804112911224
-0.17038249969482422
0.662026584148407
0.30918559432029724
0.18193912506103516
0.10431184619665146
0.45613041520118713
-0.17968463897705078
0.22777433693408966
0.3386155068874359
-0.10141410678625107
0.15262365341186523
-0.014231204986572266
0.07848481833934784
0.1687290221452713
0.5954340696334839
-2.0099613666534424
-3.750448703765869
-18.722164154052734
6.421885013580322
9.448877334594727
-2.798414707183838
-11.68681812286377
6.4845123291015625
-1.055574655532837
-3.032407760620117
3.0697455406188965
-0.7224653363227844
-0.6167211532592773
1.2783958911895752
-0.8534202575683594
0.17858333885669708
0.38625842332839966
-0.5089164972305298
0.5239928364753723
0.13082246482372284
-0.3730454444885254
0.08622894436120987
0.06456346809864044
-0.48459872603416443
0.35634860396385193
-0.45997342467308044
0.17631959915161133
-0.033429812639951706
0.1864510476589203
0.11929015815258026
0.10097827762365341
-0.19780683517456055
-0.683905303478241
0.5382845997810364
-0.8849113583564758
-0.3075588345527649
0.34359702467918396
-1.2867658138275146
0.8993219137191772
1.083937644958496
-0.3300609588623047
0.0661853775382042
-0.6936222314834595
-0.4342168867588043
0.6484962701797485
-0.04040823131799698
0.5474065542221069
-0.07726192474365234
-0.18043403327465057
0.35722216963768005
-0.34613361954689026
-0.2835458815097809
0.9911559820175171
0.028084564954042435
-1.527146577835083
0.4513013958930969
0.6485126614570618
0.016945267096161842
-0.04552097246050835
0.3510521948337555
-0.7253977656364441
-0.6614540219306946
-1.3309013843536377
0.38116034865379333
-0.05344104766845703
0.8862346410751343
-0.16606464982032776
-0.7984766960144043
0.8248724937438965
-1.5508248805999756
0.8064255714416504
-0.7234085202217102
0.5442992448806763
-0.8840904235839844
0.468222439289093
-0.3246691823005676
0.08561134338378906
-1.2443926334381104
0.3048533499240875
0.3829249441623688
-1.4706733226776123
0.756975531578064
0.941757321357727
0.22553309798240662
-1.026380181312561
0.7468217611312866
0.8581245541572571
-0.1565137803554535
-0.4397648870944977
-0.26973095536231995
-1.3374528884887695
0.4889095425605774
0.2901926040649414
-0.6726561784744263
0.3572612702846527
-0.6712309122085571
-0.783318042755127
1.163530707359314
-0.5704049468040466
-0.14137478172779083
-0.8313629031181335
-1.1407272815704346
-9.408201217651367
2.9395861625671387
3.3194243907928467
-7.723043918609619
2.3550167083740234
-0.35095828771591187
-1.2848585844039917
1.621495246887207
0.05659642070531845
-1.1924124956130981
0.8411057591438293
-0.12277784198522568
-0.9545999765396118
0.06472444534301758
-0.3346126079559326
0.05761408805847168
-0.37590283155441284
0.0416899211704731
0.42950135469436646
-0.732487678527832
0.18352580070495605
-0.3701466917991638
-0.21802100539207458
-0.7416830062866211
-0.043177176266908646
0.5658804774284363
-0.2688402831554413
-0.6041402816772461
-0.14402613043785095
0.015469670295715332
-0.06307311356067657
-0.023920297622680664
0.613752543926239
0.39058127999305725
-0.8848808407783508
0.10304026305675507
0.9498163461685181
-0.028898095712065697
0.13134105503559113
0.2557080090045929
0.01133699994534254
0.13360793888568878
-0.04242236539721489
0.6844976544380188
0.24923166632652283
-0.5695935487747192
1.1459007263183594
0.43840712308883667
-0.4558945298194885
0.8316470980644226
0.547501266002655
-0.10172543674707413
0.46337777376174927
0.5072628259658813
0.43234556913375854
0.41823863983154297
-0.12877802550792694
0.4853722155094147
0.3033113479614258
0.01807866059243679
0.7771273851394653
-0.24945983290672302
0.2750091552734375
0.5310745239257812
-0.23779559135437012
0.5991141200065613
-0.13466596603393555
0.7789334654808044
0.6365740299224854
0.1602334976196289
0.590679943561554
0.005713844206184149
0.005202865693718195
0.5668574571609497
0.3517775535583496
0.2145955115556717
0.058106519281864166
0.8705388903617859
-0.23377247154712677
0.17375746369361877
0.5047568082809448
0.3256071209907532
0.10962505638599396
0.3599325120449066
-0.3353242874145508
0.029037952423095703
0.7080603837966919
0.060974884778261185
0.4439771771430969
0.16938714683055878
0.1248757392168045
0.438276469707489
-0.09908714145421982
0.130150705575943
-0.28648242354393005
0.40938568115234375
-0.053232669830322266
0.28647440671920776
-1.2337501049041748
-3.9933972358703613
-18.34164047241211
7.441568851470947
9.112939834594727
-3.2751128673553467
-11.528806686401367
5.727087497711182
-0.4429681897163391
-2.8517162799835205
2.61769437789917
-0.44660815596580505
-1.0259685516357422
1.6690021753311157
-0.8079956769943237
-0.17399588227272034
0.6180521249771118
-0.7806368470191956
0.6349528431892395
0.015217113308608532
-0.34782153367996216
0.6479407548904419
0.2518097758293152
-0.16964216530323029
0.3575582504272461
0.35530251264572144
-0.4135459065437317
-0.03945903852581978
0.2011609971523285
-0.652423083782196
0.393040269613266
-0.24856624007225037
-0.4073426127433777
-0.4003402590751648
-0.49167242646217346
-0.4494282603263855
0.5617401003837585
0.1894509345293045
0.15832224488258362
0.3576536178588867
-0.46526089310646057
0.1362457275390625
-0.08074112236499786
-0.40050840377807617
0.04633750766515732
-0.11315669864416122
-0.4239230155944824
-0.7246853113174438
0.16506633162498474
1.7607942819595337
-1.4281291961669922
-1.1296876668930054
1.0236599445343018
-0.6575340032577515
-1.0885242223739624
0.6328029632568359
-0.7395178079605103
0.14349937438964844
1.169734239578247
-0.8770036697387695
-0.747090220451355
1.1035115718841553
-0.4408033490180969
0.9175859689712524
-0.07309551537036896
1.3927853107452393
-0.5678650736808777
-0.25516071915626526
-0.6833456158638
-0.14937439560890198
-1.8704124689102173
0.399226576089859
-0.988143801689148
-0.5117801427841187
0.6109216809272766
0.2442639321088791
-0.02749023400247097
-0.1302763968706131
0.004438591189682484
-0.0462799072265625
0.8732448816299438
-0.14813002943992615
-2.121758222579956
0.16280794143676758
-0.898511528968811
-0.9429576992988586
0.49436530470848083
-1.2177295684814453
-0.24238792061805725
-0.5060018301010132
-1.4395043849945068
1.2009583711624146
-0.9596199989318848
-0.25017815828323364
0.06113467365503311
0.027131175622344017
-0.9317054748535156
1.5621833801269531
-1.0467232465744019
0.4443744719028473
-1.3088480234146118
-1.1421738862991333
-12.556081771850586
10.509105682373047
-1.699314832687378
-8.810257911682129
5.3128662109375
-2.8821022510528564
-1.1045472621917725
2.8878352642059326
-1.626652717590332
-0.8442022204399109
1.549992322921753
-1.517944574356079
-0.05274820327758789
0.2558894157409668
-1.3109705448150635
0.3174773156642914
-0.2691071033477783
-0.9457390904426575
-0.07214641571044922
-0.09273481369018555
-0.3045429289340973
-0.2233082354068756
-0.49089479446411133
-0.21746745705604553
-0.3003639280796051
-0.15158000588417053
-0.5036401152610779
0.09656596183776855
0.9304733276367188
-0.7664238214492798
-1.17085862159729
0.6572277545928955
0.05736808851361275
0.2581462264060974
-0.5048782229423523
0.4013320803642273
0.36639082431793213
-1.0655022859573364
0.8488844633102417
1.3217531442642212
-0.4319227635860443
-0.13493596017360687
0.339175283908844
-0.11846189200878143
0.0989372730255127
0.17983058094978333
0.6105396151542664
0.1319790780544281
-0.04898886755108833
-0.3321940004825592
1.0236036777496338
-0.231767937541008
0.26531586050987244
0.20133233070373535
0.5751606225967407
0.4743550717830658
-0.2823599874973297
0.4380197525024414
0.5345392823219299
0.023889970034360886
0.4189935326576233
0.5150614976882935
-0.2080521583557129
0.07994556427001953
0.11111030727624893
0.29406556487083435
-0.10207672417163849
0.2894689440727234
0.4307834506034851
0.05614471435546875
1.0495691299438477
-0.13573017716407776
0.5708133578300476
0.6756488084793091
-0.08381376415491104
0.09170760959386826
0.43788233399391174
0.3657660484313965
-0.167622372508049
0.6293271780014038
0.017413998022675514
0.5421884655952454
0.1273791342973709
-0.13588924705982208
0.6214684247970581
0.5223402976989746
0.11224021762609482
0.28380537033081055
-0.07703647762537003
0.055022429674863815
-0.02882232703268528
1.0295604467391968
-0.12235470116138458
0.24768571555614471
0.5030711889266968
0.1960911750793457
-0.43632158637046814
0.47744256258010864
-2.1225037574768066
-4.1036553382873535
-18.814939498901367
6.723907470703125
9.21949577331543
-1.7826439142227173
-12.733598709106445
5.803648948669434
-0.6376065015792847
-2.813930034637451
2.1982383728027344
-0.1571640968322754
-1.3889318704605103
1.5894931554794312
-0.7474288940429688
-0.03894843906164169
0.4933550953865051
-0.4239521622657776
-0.08015070110559464
-0.04245176166296005
-0.10020370781421661
-0.19515666365623474
0.13871268928050995
-0.3359922468662262
-0.44776812195777893
0.2922002673149109
0.07092294842004776
-0.30861014127731323
0.14732103049755096
0.1378626823425293
0.012152480892837048
0.3773229718208313
-0.6161333918571472
0.5264172554016113
-0.686095118522644
-0.4903257489204407
0.19681206345558167
-0.28761863708496094
-0.7646411657333374
0.5400684475898743
0.24627551436424255
-1.396730661392212
-0.6034358739852905
0.3760341703891754
-0.20038223266601562
-0.8796426057815552
-0.46646517515182495
-0.7691254615783691
-0.16014118492603302
1.6627016067504883
-0.330466091632843
-1.3420650959014893
1.097499132156372
0.023048019036650658
-0.8837859034538269
0.6297397613525391
-0.18912562727928162
-0.8994089961051941
0.29573383927345276
0.2604953646659851
-0.14263801276683807
-0.3547612130641937
-0.3383636474609375
0.6128266453742981
-0.31805649399757385
0.09550933539867401
0.36551016569137573
-0.08639220893383026
0.4944151043891907
-0.3223356306552887
0.6401206254959106
-0.43372803926467896
-0.4348180890083313
-0.13386420905590057
-0.13875198364257812
-0.8208926916122437
0.4540756344795227
0.8434650301933289
0.1207818016409874
0.6685687303543091
-0.8248833417892456
1.0253931283950806
0.6508967280387878
-0.24708957970142365
-0.801986813545227
0.05418720096349716
0.09918041527271271
-0.03109445609152317
0.3873072564601898
0.33130043745040894
-0.49300870299339294
-0.08439407497644424
-1.0939253568649292
-0.504928708076477
-0.009684180840849876
1.451665997505188
-0.9707695841789246
-0.13966092467308044
0.14345082640647888
-1.1282292604446411
-0.8114436268806458
-1.2471232414245605
-12.798334121704102
10.469480514526367
-1.9785003662109375
-8.995283126831055
5.478419303894043
-2.60520601272583
-1.6113059520721436
2.8861422538757324
-1.897339105606079
-0.48462074995040894
1.0955657958984375
-1.2833216190338135
-0.1595960557460785
0.0738518238067627
-0.7764598727226257
-0.11390819400548935
-0.1926463544368744
-0.815778911113739
-0.030945872887969017
0.009648370556533337
-0.7748361229896545
-0.26780399680137634
0.3223731517791748
-0.32439756393432617
-0.012118339538574219
-0.1989624947309494
-0.4429148733615875
0.5396000742912292
0.29634618759155273
-0.71617591381073
-0.7632759809494019
0.17875823378562927
0.0759522095322609
-0.2294348031282425
0.37355583906173706
-0.06985537707805634
0.24809353053569794
0.003383803414180875
-0.0874895304441452
0.7063482999801636
-0.4980543255805969
-0.25580283999443054
0.5087980031967163
0.023967992514371872
-0.24481907486915588
0.3902134299278259
0.46974363923072815
0.43557411432266235
0.09568145126104355
0.16181473433971405
0.028686095029115677
-0.32444190979003906
0.6231166124343872
0.11542443931102753
0.2127372771501541
0.9896477460861206
-0.39290696382522583
0.16776566207408905
0.2576718330383301
0.26049327850341797
0.19921331107616425
0.44890299439430237
-0.16774936020374298
0.036464594304561615
0.6492274403572083
0.2247789353132248
-0.033269692212343216
0.5512990355491638
0.45539388060569763
0.10884733498096466
0.5661603808403015
0.07578639686107635
0.31263381242752075
0.571330726146698
-0.07619819790124893
0.6732071042060852
0.08430977165699005
0.09290619194507599
0.15021124482154846
0.6483696699142456
-0.5705467462539673
0.43571385741233826
0.2630741000175476
0.11752529442310333
-0.2077864706516266
0.6532584428787231
0.24828720092773438
0.03509712219238281
0.10910110175609589
0.32316312193870544
0.248070627450943
-0.28552037477493286
0.12325964123010635
0.3115636706352234
-0.4017961025238037
0.5154345631599426
0.01648683473467827
0.1354541778564453
-2.4613471031188965
-3.6663527488708496
-19.107248306274414
6.342825412750244
8.952670097351074
-1.728818655014038
-12.849100112915039
5.807690620422363
-0.786681056022644
-2.9558870792388916
2.4683241844177246
0.06290111690759659
-1.6833703517913818
1.145542860031128
-0.1133754700422287
-0.5204435586929321
0.6782137155532837
-0.3980310559272766
-0.04338207095861435
0.19520607590675354
-0.14027433097362518
-0.3090609610080719
0.09177331626415253
-0.07107019424438477
-0.08777227252721786
-0.3877500593662262
-0.09680423885583878
0.4368462562561035
-0.41659316420555115
-0.3013935089111328
0.04823131486773491
0.43083715438842773
0.2632848620414734
0.0671306625008583
0.005961609072983265
-0.45363131165504456
-0.3004875183105469
0.14993056654930115
0.02500019036233425
0.27563172578811646
0.29257258772850037
-0.5592395663261414
-0.833906352519989
0.686847984790802
-0.30214548110961914
-0.11026249080896378
1.477927803993225
-0.21582069993019104
-2.5250163078308105
-0.07165336608886719
0.10447482764720917
-0.3254534602165222
-0.15780678391456604
0.7493188977241516
-0.978549599647522
0.5301010012626648
0.41095638275146484
-0.49705418944358826
0.22456665337085724
0.20620889961719513
-0.3619529604911804
0.5054224133491516
-0.13595199584960938
-1.337536096572876
1.639539361000061
-1.087137222290039
-0.7890893816947937
0.8565683364868164
-0.42721444368362427
0.6918614506721497
-0.9865667223930359
-0.34413090348243713
-0.3159245550632477
-0.22854003310203552
-0.5937725901603699
-0.10502662509679794
0.5839633941650391
0.6992923617362976
-1.19078528881073
1.0670949220657349
-1.3719868659973145
0.06796608120203018
0.4239291250705719
-1.1432760953903198
1.1434179544448853
-0.32855814695358276
-0.9891434907913208
1.279396653175354
0.41096144914627075
-1.6290076971054077
0.046245478093624115
-0.6384777426719666
2.398505687713623
-0.19560575485229492
1.1267765760421753
-1.2646310329437256
0.12248287349939346
-0.18340329825878143
-0.21183709800243378
0.46783581376075745
-0.307594358921051
-0.7969860434532166
-11.534363746643066
10.815330505371094
-1.6633784770965576
-8.448287963867188
5.700142860412598
-2.4716479778289795
-0.8934335708618164
3.1589560508728027
-1.369109869003296
-0.5488255620002747
1.5023715496063232
-1.2487825155258179
-0.12506961822509766
0.7910760641098022
-1.0953878164291382
-0.20868515968322754
-0.44878023862838745
-0.2279789000749588
0.006435489747673273
-0.2777978479862213
-0.12864819169044495
-0.601590633392334
0.22420606017112732
-0.3853757977485657
-0.6953801512718201
0.0728028267621994
-0.47056666016578674
0.4466428756713867
0.12264879047870636
-0.6945211887359619
-0.6275023818016052
0.37363532185554504
0.15385210514068604
-0.2834601104259491
0.5541879534721375
0.3735300898551941
0.14663906395435333
-0.2160937786102295
0.046999573707580566
0.619385838508606
-0.17529582977294922
0.28759145736694336
0.15576660633087158
-0.02830871380865574
0.34916797280311584
0.03501725196838379
-0.10627977550029755
0.28220975399017334
0.544857382774353
0.13985371589660645
0.4461379051208496
-0.017914891242980957
0.5692816376686096
0.026111697778105736
0.01746239699423313
0.8940099477767944
-0.17775125801563263
0.4862537980079651
1.208470106124878
-1.1202281713485718
0.6718665361404419
0.6548851132392883
-0.2831222414970398
1.2363755702972412
-0.22809982299804688
-0.22501349449157715
0.22208671271800995
-0.09110250324010849
0.2875575125217438
0.5333210229873657
0.21440362930297852
0.14499035477638245
-0.20114803314208984
0.26171666383743286
0.5112725496292114
0.17125645279884338
0.390847384929657
-0.0014119148254394531
0.3409362733364105
0.22167091071605682
0.18969421088695526
-0.41114741563796997
0.5939347147941589
0.1694425642490387
0.14819955825805664
0.400205135345459
-0.16869783401489258
0.09478531032800674
0.10738907009363174
0.1318131387233734
0.16825132071971893
0.40151986479759216
0.2889663577079773
0.17074498534202576
0.06023912504315376
0.07882537692785263
0.1061284989118576
0.4343717694282532
-2.8585081100463867
-4.229597091674805
-18.776552200317383
5.553218841552734
10.026159286499023
-3.959496259689331
-9.774589538574219
4.364530563354492
-0.5751901865005493
-2.3305840492248535
2.0050084590911865
-0.4804965853691101
-0.9172126650810242
0.7550608515739441
-0.5155516862869263
-0.2533288896083832
0.2873382568359375
-0.3025040626525879
-0.13790225982666016
0.07187958061695099
-0.22876349091529846
-0.3527979850769043
0.17422619462013245
0.15017223358154297
-0.6071085929870605
0.11329040676355362
-0.1980850249528885
-0.1363355666399002
-0.21451063454151154
0.13673105835914612
0.4173368513584137
-0.2674090266227722
-0.6740610003471375
-0.5633251070976257
0.2942284643650055
0.2940541207790375
-1.207542061805725
-0.78766268491745
-0.07987499237060547
0.005271339323371649
-1.003517746925354
0.5801385641098022
0.17455348372459412
0.04879932478070259
1.132720947265625
-1.3443816900253296
-1.3484158515930176
-0.18740062415599823
0.31094685196876526
-0.36694735288619995
0.8064948916435242
0.09092998504638672
-1.063109040260315
-0.46970024704933167
0.6641616821289062
-1.17531156539917
-0.013277816586196423
0.29450398683547974
-0.21976785361766815
0.5719918012619019
-0.5255041122436523
-0.11269702762365341
0.9439363479614258
-1.113455057144165
0.124211885035038
0.3537429869174957
-0.11926975101232529
-0.04577789455652237
-1.0716521739959717
0.5022573471069336
-0.17762795090675354
-0.1970350295305252
-0.34406089782714844
-0.9598032832145691
0.7947646975517273
-1.630510687828064
-0.38204067945480347
0.985632598400116
-0.6994638442993164
-0.9108033180236816
0.2369479238986969
-1.0360169410705566
1.195174217224121
-1.3293975591659546
0.6390010714530945
1.3590748310089111
-1.2484241724014282
0.14000873267650604
-0.3681774139404297
-0.29484042525291443
0.9914606213569641
-0.1844463348388672
-2.568781614303589
-0.327381432056427
0.14664669334888458
0.17984113097190857
-0.5235148668289185
0.9089943170547485
-0.3879355490207672
0.666532039642334
-2.040207862854004
0.4615468978881836
-12.613250732421875
10.489601135253906
-1.9738181829452515
-8.512797355651855
5.531268119812012
-2.833534002304077
-0.9540626406669617
2.825484037399292
-1.5939857959747314
-0.3487977981567383
1.009177803993225
-0.8686019778251648
-0.5604684948921204
0.22551269829273224
-0.9426420331001282
0.13739857077598572
-0.35143524408340454
-0.6340275406837463
-0.31663769483566284
0.01608266867697239
-0.33127933740615845
0.0203825943171978
-0.009390306659042835
-0.5771329402923584
-0.327310711145401
-0.05756564065814018
-0.8217729330062866
0.039212942123413086
0.41848286986351013
-0.4570927619934082
-0.3097633123397827
0.16193406283855438
-0.2226138561964035
0.29211753606796265
-0.49199849367141724
-0.8367913365364075
0.478914350271225
0.24897150695323944
0.05372428894042969
0.2444065511226654
0.04428250715136528
0.10911470651626587
0.3726158142089844
0.20572109520435333
0.16518040001392365
0.1968810260295868
0.39917781949043274
0.9120054244995117
-0.43815088272094727
-0.41937413811683655
1.2086284160614014
-0.23955102264881134
0.5127428770065308
-0.13416294753551483
-0.10982432216405869
0.48289552330970764
1.0050618648529053
-0.44631582498550415
0.6024028062820435
0.1852249652147293
0.4647088944911957
0.6910606026649475
0.11441850662231445
0.15986795723438263
0.2043125182390213
0.8178776502609253
0.2960732579231262
0.2836468815803528
-0.01428375206887722
0.3215998709201813
0.6727844476699829
-0.2339305877685547
0.5286028981208801
-0.2520279884338379
0.7139145731925964
0.2798728942871094
0.028274059295654297
0.2658383250236511
0.5653870701789856
-0.14551964402198792
-0.13511113822460175
0.3908107876777649
0.3792153298854828
0.06017761304974556
0.34686383605003357
-0.2621994912624359
0.40309590101242065
-0.1546846330165863
0.5877231359481812
0.2728353440761566
-0.07294216006994247
-0.3483535647392273
0.6240732073783875
0.14545802772045135
-0.06693258136510849
0.3957722783088684
0.12202367931604385
-0.21254101395606995
-0.6789040565490723
-3.777916669845581
-17.918996810913086
6.933126926422119
9.84886360168457
-4.945014953613281
-9.430826187133789
4.603251934051514
-0.5377818942070007
-2.1546428203582764
2.2204582691192627
-0.505089282989502
-0.8864067196846008
1.1745529174804688
-0.5599106550216675
-0.5297425389289856
0.43188542127609253
-0.6055168509483337
0.12515631318092346
-0.2620986998081207
0.051529694348573685
0.1315295249223709
-0.22884206473827362
0.07159022986888885
0.1070062667131424
0.0926218032836914
0.12134094536304474
0.21798762679100037
-0.20371484756469727
-0.1717206984758377
-0.06732635200023651
-0.22736796736717224
-1.0554640293121338
0.8032533526420593
-0.7481271028518677
-0.6602995991706848
0.1132265105843544
-0.060455989092588425
-0.4394683837890625
1.1890347003936768
-0.6707842946052551
-0.8837223052978516
-0.9491870999336243
1.366542100906372
-0.4511032998561859
0.09743309020996094
0.23346538841724396
-0.2865177094936371
-0.06052570417523384
0.376199334859848
-1.609871506690979
-0.6500900983810425
0.22635574638843536
-1.1286402940750122
1.3564656972885132
-0.45667019486427307
0.14170341193675995
-0.05172424390912056
-0.20898285508155823
-0.19116362929344177
-0.8039175868034363
-0.33793944120407104
-0.15654802322387695
-0.43719539046287537
-0.21423320472240448
0.8414298892021179
-0.9270111918449402
-0.673977255821228
0.6020240783691406
-0.04142780229449272
0.6741573214530945
0.998399555683136
-0.13441237807273865
0.18538932502269745
0.4579790234565735
-1.3650240898132324
-0.06707124412059784
0.19551296532154083
0.013534927740693092
-0.7933193445205688
0.6569814682006836
-0.7058497667312622
-0.1956496238708496
0.7050921320915222
-0.5008373260498047
1.1768577098846436
-0.7217491269111633
-1.1724234819412231
0.5069343447685242
-0.40023326873779297
0.406167596578598
-0.03087005577981472
-0.3247707486152649
-0.5604879856109619
1.4593582153320312
-0.7007573843002319
-0.04436025768518448
-1.3868223428726196
0.4867820739746094
0.28330373764038086
-1.171330213546753
0.0771455317735672
-12.070213317871094
10.539113998413086
-1.8735272884368896
-8.696136474609375
5.460611820220947
-2.1586782932281494
-0.7138490676879883
2.6060714721679688
-1.79751455783844
-0.23386487364768982
1.4714946746826172
-1.293796181678772
0.05304527282714844
0.4589785039424896
-1.0244237184524536
0.3543281555175781
-0.09567093849182129
-0.41418248414993286
0.03054208680987358
-0.18258953094482422
0.04141378402709961
-0.43534770607948303
-0.08737754821777344
-0.23083968460559845
-0.3132973611354828
-0.1218036636710167
-0.20869192481040955
0.12778186798095703
0.4936065077781677
-0.6034347414970398
0.058828067034482956
-0.015874886885285378
0.2870211601257324
0.41010838747024536
-0.39441004395484924
-0.19556967914104462
0.09484907239675522
0.42386770248413086
0.14781489968299866
0.8586610555648804
-0.655336856842041
0.24646763503551483
0.6611381769180298
0.008946860209107399
-0.11323895305395126
0.6791393160820007
0.7115070223808289
0.19468465447425842
-0.2193032056093216
0.05750074237585068
0.818263828754425
-0.06341209262609482
-0.09859108924865723
-0.22195854783058167
0.7048304677009583
0.7667213678359985
-0.1852962076663971
0.3463039994239807
0.4220573306083679
0.04639167711138725
0.45355305075645447
0.35201674699783325
-0.2429320365190506
0.056063078343868256
0.217041015625
0.6143243908882141
0.06313028186559677
0.07297869026660919
0.4521591067314148
-0.0436580665409565
0.802483856678009
0.5518476366996765
-0.22040176391601562
0.47759923338890076
0.5809494853019714
-0.10204677283763885
0.6270782351493835
0.7706349492073059
-0.7513572573661804
0.7560383677482605
0.23294572532176971
-0.1926448792219162
0.5088807940483093
0.09214582294225693
0.276301771402359
0.5284191370010376
-0.026201535016298294
0.3342311978340149
0.27566203474998474
0.20515784621238708
0.31680983304977417
0.08599404990673065
0.11680574715137482
-0.0565154068171978
0.16412353515625
0.5341537594795227
-0.08960828930139542
0.10875578224658966
-0.5607194900512695
-4.1227126121521
-17.850278854370117
7.43001651763916
9.443875312805176
-3.4769492149353027
-11.365350723266602
6.793663024902344
-1.730383276939392
-2.4198575019836426
2.9601614475250244
-0.7026331424713135
-0.7092394232749939
1.3939323425292969
-0.6118395924568176
-0.4477807879447937
0.6819794774055481
-0.6374818086624146
0.03379020839929581
0.04896373674273491
-0.5626853108406067
0.16713571548461914
-0.2754742503166199
-0.011638069525361061
-0.06858082115650177
-0.02366809919476509
-0.2454846352338791
0.449430376291275
-0.5930811166763306
-0.4136204719543457
0.03683147579431534
-0.7424957156181335
-0.5540792346000671
0.46244630217552185
-1.0996127128601074
-0.6055647134780884
0.03252983093261719
-0.0010856628650799394
-0.26502713561058044
0.5801353454589844
0.018453408032655716
-1.1434816122055054
-0.5106263160705566
0.708621621131897
0.07646999508142471
0.2973112165927887
0.08563575893640518
-0.11163387447595596
-0.07928123325109482
0.42136573791503906
-0.1991308182477951
-0.7733626365661621
0.4505554139614105
-0.8064743876457214
-0.6605908274650574
0.7741276025772095
-0.5850757360458374
-1.6700550317764282
0.972456157207489
1.385758638381958
-0.4833909869194031
1.256837248802185
0.36153286695480347
-0.44919338822364807
0.5623413324356079
0.9773117303848267
-0.1366874724626541
-0.5701649785041809
0.30405712127685547
-1.0665076971054077
1.05105459690094
-1.0761616230010986
0.011297416873276234
-0.6617813110351562
-0.17041826248168945
-0.40268412232398987
0.12133808434009552
-0.8765619993209839
0.05825863033533096
-0.02227020263671875
1.1841808557510376
1.2627227306365967
-0.7022758722305298
-0.5609874725341797
0.9937978982925415
-0.6955977082252502
0.12895259261131287
0.026867294684052467
-0.46778565645217896
-0.5382809042930603
0.04300336912274361
-0.2571554183959961
0.49000367522239685
-0.6223775148391724
-0.35131263732910156
-0.08173541724681854
0.534708559513092
-0.30011266469955444
-1.1691852807998657
0.2999799847602844
-0.9544243812561035
-0.5839114189147949
-10.724973678588867
6.233090400695801
0.8343830108642578
-6.923858642578125
3.144150495529175
-1.2808589935302734
-0.7468969225883484
1.3860352039337158
-0.06143670156598091
-1.348456621170044
0.9300568699836731
-0.3331928253173828
-0.5603340864181519
0.6072875261306763
-0.71938556432724
-0.1507859230041504
-0.5451571345329285
-0.3727937638759613
-0.15168079733848572
-0.1235421672463417
-0.3680552840232849
0.1508122980594635
-0.0740625411272049
-0.9258496165275574
-0.11011199653148651
0.7362725138664246
0.16192035377025604
-1.0832933187484741
-0.16465488076210022
0.576824963092804
-0.2923547625541687
-0.6916963458061218
0.5038992762565613
0.2619510889053345
-0.591213583946228
-0.11550228297710419
0.7285520434379578
-0.34557318687438965
0.22228829562664032
0.2711487412452698
0.37359005212783813
-0.41941818594932556
-0.06452247500419617
0.47319260239601135
0.24232642352581024
-0.6771432757377625
0.785372793674469
0.7764939069747925
-0.3964973986148834
0.2703934609889984
0.5992901921272278
-0.12012255191802979
0.239909365773201
-0.026011228561401367
0.5335811972618103
0.5726894736289978
0.12374558299779892
0.7023172378540039
-0.17482157051563263
0.2023974359035492
0.144169420003891
0.25588828325271606
0.09635734558105469
0.7103431820869446
-0.028603743761777878
-0.01612377166748047
0.2324766218662262
0.6140461564064026
0.23963603377342224
0.5629280805587769
0.378884881734848
-0.024403762072324753
0.8017299771308899
0.17549200356006622
0.320561021566391
-0.09878654778003693
0.9886163473129272
-0.015270138159394264
0.006393718533217907
0.7039974331855774
0.29718607664108276
0.3709670901298523
0.18826456367969513
0.37555932998657227
0.12404622882604599
0.3423512578010559
0.06290340423583984
-0.031215572729706764
0.2736731469631195
0.4057738184928894
0.9510854482650757
-0.09398631751537323
0.27930793166160583
0.22623738646507263
0.05782299116253853
0.5720529556274414
-0.3377630114555359
0.3010588586330414
-2.137220859527588
