-1.2570096254348755
-1.2570096254348755
2.4312214851379395
-5.911125183105469
2.3643746376037598
-0.3352522850036621
0.15185973048210144
1.3281432390213013
-1.4157793521881104
0.30157211422920227
-0.5590338706970215
-1.8054279088974
1.2506967782974243
-0.3470437824726105
-0.2675231397151947
-0.005331993103027344
-0.5586216449737549
1.8033660650253296
-0.5352796316146851
-0.44228610396385193
0.021350789815187454
0.09074509143829346
0.03561903163790703
-0.3102969527244568
-0.7886947393417358
0.4192313253879547
0.35643821954727173
-0.1006070151925087
-0.27492812275886536
-0.5556648969650269
-1.3204289674758911
0.8379777669906616
-0.21306996047496796
-0.12942729890346527
0.21518173813819885
0.37243857979774475
1.3054213523864746
-0.8718510866165161
-0.12307609617710114
0.2502240836620331
-0.8712962865829468
0.17156238853931427
-0.009702414274215698
-0.22961656749248505
0.5106782913208008
-0.6481815576553345
-0.0400359146296978
-0.4872604310512543
-1.2767044305801392
0.10789996385574341
-0.04035601764917374
-0.46115627884864807
0.35728132724761963
-0.7055439949035645
1.023140788078308
0.1065279021859169
-0.288239061832428
0.6861620545387268
0.09551328420639038
-0.5924638509750366
0.7439958453178406
-0.30580008029937744
-0.1509113311767578
0.08273681253194809
0.5574029684066772
0.2558845579624176
-0.4319254755973816
-0.2149939090013504
0.03143066540360451
-1.003077507019043
0.4103360176086426
0.5695028305053711
-0.21681389212608337
0.8408728837966919
0.23433801531791687
0.8364564776420593
-0.15905284881591797
0.13346776366233826
0.10217156261205673
-0.46904993057250977
0.5159732699394226
0.40807920694351196
-0.1955302357673645
0.16995489597320557
0.040058434009552
0.06010844558477402
0.1865706741809845
0.4390663206577301
0.1951751410961151
-0.33433955907821655
-1.49440598487854
0.7380693554878235
0.6781550645828247
-0.9553205370903015
0.06812293827533722
0.44326990842819214
0.903937041759491
0.33880001306533813
-0.39957141876220703
0.49921315908432007
-3.1994128227233887
-1.0403305292129517
14.267545700073242
-8.741209030151367
0.17083096504211426
3.035388469696045
-3.492093563079834
2.8543357849121094
0.10727987438440323
-0.6518147587776184
1.0198078155517578
-0.6906629204750061
0.031214619055390358
-0.46543464064598083
0.04907789081335068
-0.04639570787549019
-0.2471838891506195
0.7858439683914185
-0.675979733467102
0.044225119054317474
0.5526448488235474
-0.3997848927974701
0.16416683793067932
-0.10310836136341095
0.5145511031150818
-0.2115797996520996
-0.879734218120575
0.2927488684654236
0.0022552490700036287
0.08328323066234589
-0.7217044830322266
0.4034704267978668
-0.2122262418270111
-0.5758941769599915
0.9106607437133789
0.4556639790534973
-0.7298547625541687
0.40947994589805603
0.8393357992172241
-0.6310725212097168
0.004853725433349609
-0.3364291191101074
0.5687427520751953
0.0890650749206543
0.051799871027469635
-0.298480749130249
-0.17763762176036835
0.3934699594974518
-0.69629967212677
-0.5914090275764465
0.4865868091583252
0.5547904372215271
-0.5798773169517517
0.2556690275669098
-0.00038399695768021047
0.22083577513694763
0.4468492865562439
-0.27405673265457153
-0.9649845957756042
0.2962074875831604
0.551476776599884
0.49686843156814575
-0.8476150631904602
-0.45766791701316833
0.9295089840888977
-0.2320193350315094
-0.6601570248603821
0.4053231179714203
-1.1031458377838135
0.6432250142097473
0.6658172607421875
-1.3251454830169678
0.46453580260276794
0.44278162717819214
-0.09935522079467773
-0.4850997030735016
0.3283211588859558
-0.2998441457748413
0.4333879053592682
-0.061638593673706055
1.1907265186309814
-0.13601645827293396
-0.4090880751609802
-0.6853609085083008
0.4666089415550232
-0.1382063329219818
-0.15550482273101807
-0.6786746978759766
0.2230059653520584
0.1287965029478073
-0.18574315309524536
0.3348788321018219
0.24249772727489471
-0.2980656921863556
-0.3090745806694031
-0.5981631278991699
-0.28628748655319214
-0.028476428240537643
-0.0396716482937336
-0.8260591626167297
-0.1769164800643921
-3.04756760597229
0.8169654011726379
0.4798051714897156
-1.6874669790267944
0.05294531583786011
0.77728271484375
-1.6570122241973877
0.588438093662262
0.15323686599731445
-0.73909592628479
0.008992159739136696
0.14462527632713318
-0.46291017532348633
0.19903898239135742
0.36733299493789673
0.30038920044898987
-0.47383397817611694
0.45544496178627014
-0.31549572944641113
0.18638326227664948
0.12337163835763931
0.13275675475597382
-0.27607476711273193
0.010987425222992897
-0.09400186687707901
-1.1864583492279053
-0.06104464456439018
0.9793068170547485
-0.3537258207798004
-0.1819106787443161
-1.1425304412841797
-0.13587705790996552
0.718255341053009
-0.01825862005352974
-0.2677839696407318
-0.3085296154022217
-0.4851457476615906
0.00966646708548069
-0.47152233123779297
0.5419192314147949
0.32929763197898865
-0.21181781589984894
-0.2569708526134491
0.18870031833648682
-0.8631730079650879
0.3960082530975342
-0.17854395508766174
-0.011999273672699928
0.43934592604637146
0.06368954479694366
-0.6386014223098755
0.46303826570510864
-0.1258627474308014
-0.15754567086696625
0.21245138347148895
-0.43299198150634766
0.1793123036623001
-0.06624200195074081
-0.35924404859542847
0.2039470374584198
-0.13877031207084656
-0.15623584389686584
-0.032721709460020065
-0.7544713020324707
0.5730118751525879
-0.23029813170433044
-0.14040377736091614
0.3189381957054138
0.2403312623500824
0.29498621821403503
-0.23582680523395538
-0.03365013748407364
0.5285376906394958
-0.2282315045595169
-0.3782702386379242
-0.0841633751988411
0.15683989226818085
-0.3514402508735657
0.8238620758056641
0.34623709321022034
-0.17490623891353607
-0.6254609823226929
0.17255480587482452
0.23142313957214355
-0.020706940442323685
-0.16020508110523224
0.7188425660133362
-0.1879890263080597
-0.2102324217557907
0.02172539010643959
0.3164338171482086
-0.5301687717437744
-0.0829879641532898
0.4614919126033783
0.2654825747013092
0.47549980878829956
-0.28387320041656494
0.029633546248078346
0.07876977324485779
-0.4021824300289154
-1.5118634700775146
2.5119235515594482
-0.2242809534072876
-3.3434910774230957
3.2983651161193848
-1.2591378688812256
-1.0952482223510742
1.1733570098876953
0.04271705076098442
0.0974540263414383
-0.7859610319137573
-0.40959078073501587
1.0281703472137451
-0.40760087966918945
-0.5903338193893433
0.326138436794281
-0.31653839349746704
0.15608644485473633
-0.11393938213586807
-0.4500824511051178
-0.2928820252418518
0.08896803855895996
-0.5399338006973267
-0.40462571382522583
0.4560307562351227
-0.09305043518543243
-1.053084135055542
0.21755775809288025
-0.2554675340652466
0.19455714523792267
-0.06696214526891708
-0.595626175403595
0.05003867298364639
0.771871030330658
-0.7284644842147827
0.028107881546020508
-0.1712716519832611
0.259843111038208
0.18270568549633026
-0.8871985673904419
0.6838827133178711
-0.17869296669960022
-0.4596797823905945
-0.22144336998462677
-0.7903647422790527
0.2355029135942459
0.44698962569236755
-0.21317501366138458
0.08762641251087189
0.10789189487695694
-0.6637106537818909
0.15155534446239471
-0.6312745213508606
-0.4907890260219574
0.20159539580345154
-0.5457998514175415
-0.5510272979736328
-0.32496151328086853
-0.8794705271720886
-0.08883829414844513
0.7964928150177002
-1.3588244915008545
0.892352283000946
0.2234521359205246
-0.8107305765151978
-0.027187108993530273
-0.3540060520172119
0.0004662036953959614
-0.1437358409166336
-0.03437013551592827
0.10393305122852325
-0.7301222085952759
0.6724857091903687
-0.3812761902809143
0.023218262940645218
0.7900282740592957
-0.6254163980484009
-0.9698778390884399
0.5240126848220825
-1.3461437225341797
0.572860836982727
-0.09106309711933136
0.4202863276004791
-0.03299682214856148
-0.6438118815422058
-0.16354677081108093
0.4286966323852539
-0.9143590927124023
0.6431280374526978
-0.7063338756561279
-0.28922218084335327
-0.06626103818416595
-0.4546186923980713
0.6894972920417786
0.01133409608155489
0.07487456500530243
0.006604039575904608
-0.36185988783836365
-0.8957484364509583
0.3437928557395935
-2.8642354011535645
0.7899798154830933
0.3136711120605469
-1.6952778100967407
0.01768990233540535
1.056792974472046
-1.1597673892974854
0.09588143974542618
-0.0979214683175087
-0.5015677213668823
-0.318167507648468
0.030212949961423874
-0.11434046924114227
-0.0990859717130661
0.15526056289672852
0.16914863884449005
-0.3268439769744873
0.10915195941925049
-0.07198293507099152
-0.40608030557632446
-0.061858464032411575
0.37164047360420227
0.061817266047000885
-0.46049046516418457
0.33283424377441406
-1.1184042692184448
-0.37257546186447144
1.2406456470489502
-0.25514641404151917
-0.6854993104934692
-0.3559679090976715
0.22338123619556427
0.4218173027038574
-0.4930073618888855
-0.3497507572174072
0.6749645471572876
-0.307400107383728
-0.04424373060464859
-0.1262638121843338
0.3080034852027893
0.30660247802734375
-1.327768087387085
-0.1147882491350174
0.10907290875911713
0.00036487579927779734
-0.012706279754638672
0.27374503016471863
-0.6329054236412048
0.17103691399097443
0.6745702028274536
-0.6130853891372681
-0.1358262598514557
-0.07823102176189423
0.5428448915481567
-0.43923431634902954
-0.3594059348106384
0.8121936917304993
-0.17241184413433075
-0.5328320860862732
0.6911783218383789
-0.6007267236709595
0.1577538251876831
0.400640070438385
-0.38451051712036133
0.137818843126297
-0.22915449738502502
-0.1153925284743309
0.2740403711795807
-0.003695464227348566
0.1512158215045929
-0.044020913541316986
-0.3797222673892975
0.0054225921630859375
0.7553573250770569
-0.20454922318458557
0.19641625881195068
0.13538552820682526
0.19578884541988373
-0.049641918390989304
-0.21012668311595917
0.09062695503234863
-0.497429221868515
0.6185369491577148
-0.09029673039913177
-0.47261732816696167
-0.20640882849693298
0.05646103620529175
0.15410146117210388
0.13208964467048645
-0.19595766067504883
-0.15038910508155823
0.2683584988117218
0.6417371034622192
-0.1992516964673996
0.5766067504882812
0.1091117411851883
-0.28656402230262756
-0.27987951040267944
-0.45710307359695435
-0.7235844731330872
-1.712916612625122
3.2212791442871094
-1.4490538835525513
-2.216137409210205
2.0469791889190674
0.12016978114843369
-1.6675002574920654
0.8566368818283081
0.31661924719810486
-0.2854158282279968
-0.9298847317695618
-0.671680748462677
0.17080163955688477
-0.31080883741378784
0.12898631393909454
-0.625900387763977
-0.13667520880699158
-0.11535988003015518
-0.3944030702114105
0.2222146987915039
-0.1290508210659027
-0.7451281547546387
0.7049182653427124
-0.08861327171325684
0.056571006774902344
0.23790264129638672
0.122350312769413
-0.10090160369873047
-0.7896486520767212
0.41134339570999146
0.2986737787723541
-0.5093694925308228
0.603541374206543
-0.25768357515335083
0.39952364563941956
-0.4499456286430359
-0.03433976322412491
-0.6399846076965332
0.30650606751441956
0.4952957034111023
-0.2466745376586914
0.17763037979602814
0.0729590430855751
-0.7691847681999207
0.05112018436193466
-0.012296962551772594
-0.0943903923034668
-0.09938023239374161
0.6541680097579956
0.31472140550613403
-0.8163183331489563
-0.6164557933807373
0.5247000455856323
-0.5177110433578491
0.5710328817367554
-0.4066081941127777
-0.024759531021118164
-0.3820965886116028
-0.1309618055820465
0.9324746131896973
-1.037992000579834
0.6516836881637573
-0.0211823470890522
-0.5541099309921265
0.24611058831214905
-0.137142613530159
-0.7485890984535217
0.10946867614984512
-0.10144677013158798
-0.09774935245513916
-0.24013952910900116
-0.1279197633266449
0.24509172141551971
-0.21119995415210724
-0.038086891174316406
0.7564162015914917
0.20967988669872284
-0.7226195335388184
0.0061090318486094475
0.14905157685279846
0.17372898757457733
-0.17055444419384003
0.394487202167511
0.005859184078872204
-1.0725104808807373
-0.04981381818652153
-0.4253903925418854
0.7606285810470581
-0.8206151723861694
-0.03509737178683281
-0.1269049346446991
0.2963773012161255
-0.05630521848797798
-0.5414782762527466
0.4763415455818176
-0.3081016540527344
-1.0172312259674072
0.8165186047554016
-0.31913304328918457
-0.021344399079680443
-2.4854304790496826
1.386232614517212
-0.13128352165222168
-1.1598358154296875
0.20737190544605255
0.5791708827018738
-1.182498574256897
0.4270307123661041
0.36138081550598145
-0.6282839775085449
-0.07864849269390106
-0.06508870422840118
-0.15971305966377258
0.3938755393028259
0.31278538703918457
-0.08619670569896698
-0.18939995765686035
0.30448421835899353
-1.053040623664856
0.26717767119407654
-0.03969397395849228
-0.4551642835140228
-0.004006505012512207
-0.11920459568500519
-0.06117091327905655
-1.2739429473876953
-0.40916043519973755
1.0282089710235596
-0.18725402653217316
-0.4759783148765564
-0.2604639232158661
-0.5492748618125916
0.9379011392593384
0.37584471702575684
-1.1068761348724365
-0.3843512535095215
0.7187249064445496
-0.6852422952651978
0.014151215553283691
0.5008773803710938
0.3080408573150635
-0.47722023725509644
-0.0913533940911293
0.002746152924373746
-0.509853720664978
-0.0015940427547320724
0.6289944052696228
0.308793306350708
-0.5632778406143188
-0.16332048177719116
0.3375093936920166
-0.5819501280784607
-0.22764453291893005
0.7143455743789673
0.3138062059879303
0.061301421374082565
0.39887145161628723
-0.6253343820571899
0.35641199350357056
0.3709999918937683
-0.1588369905948639
0.28659528493881226
-0.26270830631256104
-0.24695876240730286
0.05699484422802925
0.1892540156841278
-0.44897785782814026
0.1865171492099762
-0.017480622977018356
-0.005690800957381725
0.6693564653396606
-0.46339350938796997
0.3339662551879883
0.5103775262832642
-0.5606845021247864
0.3528665602207184
0.11564688384532928
-0.9602071642875671
-0.007740378379821777
0.5780604481697083
-0.40246981382369995
-0.34267035126686096
0.42617106437683105
0.19553284347057343
-0.11289151757955551
0.424732506275177
0.03696722537279129
0.10424234718084335
-0.6171895265579224
0.21206612884998322
-0.2145545482635498
-0.11181821674108505
-0.06637115031480789
-0.2900998890399933
0.1355878710746765
-0.45447883009910583
0.14119882881641388
0.5284746885299683
-0.49501681327819824
-1.2311269044876099
-1.5083656311035156
2.491121768951416
-1.2240371704101562
-2.511219024658203
2.654007911682129
-1.5944525003433228
-1.7350784540176392
1.7766354084014893
-0.1537926197052002
0.6774559020996094
-0.33304446935653687
-1.1502727270126343
0.291537344455719
-0.11797585338354111
0.09107794612646103
-0.27776822447776794
-0.14166025817394257
-0.01864461973309517
0.12345943599939346
0.596386194229126
-0.9246575236320496
0.23811951279640198
-0.20791487395763397
-0.5424153208732605
-0.11246738582849503
0.04407463222742081
-0.43967992067337036
0.2662588953971863
-0.27593356370925903
0.3171432614326477
-0.2483491450548172
0.07697949558496475
0.4063057005405426
-0.20779304206371307
-0.04501209408044815
0.9817953109741211
0.24692144989967346
-0.579798698425293
-0.523486316204071
-0.2546885013580322
-0.26940470933914185
0.13128414750099182
-0.36257404088974
0.008240843191742897
-0.19833645224571228
-0.007697963621467352
0.06855721771717072
-0.0941951721906662
-1.3402942419052124
0.8016090393066406
-0.3900516927242279
-0.24858951568603516
0.8955971002578735
-0.6673040390014648
-0.5957036018371582
0.2328323870897293
0.15010833740234375
0.4915265440940857
-0.17545299232006073
-0.6779540181159973
0.11584730446338654
-0.7153090238571167
0.3873192369937897
-0.7748626470565796
0.14307551085948944
0.23666837811470032
-0.15642495453357697
-0.38037723302841187
0.5197116732597351
-0.04201521724462509
-0.31224003434181213
0.34512507915496826
-0.2855326533317566
-0.31287842988967896
0.5708319544792175
-0.06304526329040527
-0.015625953674316406
0.13344575464725494
0.6668366193771362
-0.06452412903308868
-0.4002871513366699
-0.3556549847126007
0.2906000018119812
-0.17264938354492188
-0.8113312721252441
-0.3708416819572449
0.46628427505493164
-0.6406375169754028
0.34947389364242554
0.023195981979370117
-0.7197400331497192
0.06049538776278496
0.6067010760307312
-0.4162660241127014
-0.15990833938121796
-0.47511371970176697
-0.4476493000984192
-0.1047099381685257
0.5368499159812927
-0.307053804397583
-3.0711445808410645
0.4813808500766754
0.930120587348938
-2.1747167110443115
0.07561133056879044
1.3124706745147705
-1.5788847208023071
0.18798545002937317
0.37522825598716736
-0.663759171962738
0.033902358263731
-0.1576535403728485
-0.499786376953125
0.4247233271598816
-0.03439939022064209
-0.10961439460515976
0.23647494614124298
-0.043126799166202545
-0.03581354767084122
0.0021332979667931795
-0.5010024309158325
-0.16453376412391663
0.6075142025947571
-0.49978357553482056
-0.1788891851902008
-0.08956603705883026
-0.416924387216568
0.6983316540718079
0.16441921889781952
-0.3330762982368469
-1.278815507888794
0.7248948812484741
0.451387494802475
-0.38336023688316345
-0.4734412133693695
0.5464986562728882
-0.6471264958381653
0.11782671511173248
-0.10002200305461884
0.29197627305984497
1.2149195671081543
-1.1408880949020386
-0.8806015253067017
1.0461586713790894
-0.26248136162757874
0.034737683832645416
-0.11573324352502823
0.026309773325920105
0.3132888376712799
-0.033943962305784225
-0.6033926010131836
-0.1813003122806549
0.37814420461654663
-0.4368172585964203
-0.4394800066947937
-0.07380004227161407
0.07177436351776123
-0.09564028680324554
0.0794026106595993
-0.05467807129025459
0.012998598627746105
-0.14662249386310577
-0.19034035503864288
-0.22146010398864746
-0.28420373797416687
0.4416429102420807
-0.26114463806152344
-0.16452457010746002
-0.15300332009792328
0.029672449454665184
0.22220686078071594
0.010932361707091331
-0.09660875797271729
0.461824506521225
-0.3776029050350189
0.1407575011253357
0.2269616574048996
0.2624526023864746
0.03149009868502617
-0.2809586822986603
0.26982125639915466
0.3154502511024475
0.059908412396907806
0.19188788533210754
-0.026685576885938644
-0.7033699154853821
0.2989916205406189
-0.1368132084608078
0.09295010566711426
0.2630529999732971
-0.21296778321266174
0.23220789432525635
-0.10450728982686996
0.4505074620246887
-0.1724638044834137
-0.36903470754623413
0.5693030953407288
0.4319201111793518
-0.9784215092658997
-0.9339736700057983
-1.2783992290496826
2.7466225624084473
-0.9362331628799438
-1.6652193069458008
1.8253705501556396
-0.9261032342910767
-1.0095492601394653
1.0633708238601685
-0.4366021156311035
0.6918315887451172
-1.0838260650634766
-0.7653098702430725
0.6115186810493469
-1.2449455261230469
0.5338935256004333
0.006908225826919079
-1.0791561603546143
-0.3338043689727783
0.0635717362165451
0.5703119039535522
-0.8970508575439453
-0.4258860945701599
1.0629839897155762
0.07101969420909882
0.4013112187385559
0.047879863530397415
-0.6127264499664307
-0.39839133620262146
-0.060230206698179245
-0.53990638256073
-0.04875364154577255
0.1378154754638672
0.07394327968358994
0.1202172264456749
-0.46728330850601196
0.38846731185913086
-0.3244507312774658
-0.6605685949325562
-0.026706982403993607
-0.3711460530757904
-0.8444002866744995
-0.055541086941957474
0.10578040778636932
-0.5932753682136536
-0.15153193473815918
0.012597990222275257
-0.6552589535713196
0.18960896134376526
-0.33207106590270996
0.5778600573539734
-0.24010014533996582
0.2343076765537262
-0.29267993569374084
0.2599990963935852
-0.18778471648693085
-0.1140114814043045
0.23040398955345154
-0.051779985427856445
-0.20984387397766113
0.30522656440734863
-0.30942535400390625
-0.3366871774196625
0.20881478488445282
-0.2674577236175537
0.07099094241857529
0.10447029769420624
-0.20327267050743103
0.015690088272094727
0.7256433367729187
-0.6119647026062012
0.2030855119228363
-0.4726354479789734
-0.16988813877105713
0.20790433883666992
0.6556524634361267
-0.9190901517868042
0.12364788353443146
-0.44428062438964844
-1.2072904109954834
0.4532422125339508
-0.5914773941040039
0.5725733637809753
-0.4696274399757385
0.07766975462436676
-0.5688813328742981
0.14101281762123108
-0.33407682180404663
0.01627713441848755
0.29546114802360535
-0.7997690439224243
-0.4013081192970276
0.37698882818222046
0.05727498605847359
-1.2612491846084595
0.1726779192686081
0.7916803956031799
-1.1308705806732178
-0.15908685326576233
0.050177909433841705
-0.5689946413040161
-3.0090548992156982
0.517469048500061
0.8436525464057922
-1.7752853631973267
0.05717748403549194
0.9413833618164062
-1.372220516204834
0.21963170170783997
0.42769941687583923
-0.5273236036300659
-0.1861036717891693
0.29069972038269043
-0.8810272216796875
0.2195177525281906
0.22062437236309052
0.34628984332084656
0.17778389155864716
-0.28390175104141235
-0.3156236410140991
0.42772960662841797
0.09328138828277588
-0.5879814028739929
-0.21842452883720398
0.19226500391960144
-0.34714263677597046
-0.893152117729187
-0.1320265233516693
0.49490422010421753
-0.2789666950702667
0.12837378680706024
-0.2074696123600006
-0.017226791009306908
0.5009536743164062
0.3290650248527527
-1.0046889781951904
-0.8824222683906555
0.9113327860832214
-0.21015501022338867
-0.3800985813140869
0.3724636733531952
0.14201076328754425
0.24817518889904022
-0.6408790349960327
0.4455428719520569
-0.26929807662963867
0.7186722755432129
0.14426009356975555
-0.5414689779281616
0.444509893655777
-0.09606298804283142
-0.09093847125768661
0.09365864843130112
-0.10395624488592148
-0.18488332629203796
-0.016353750601410866
0.2672103941440582
0.40532103180885315
-0.469486802816391
-0.222361758351326
0.7474852800369263
-0.7403675317764282
0.33424726128578186
0.11574406921863556
-0.5347869992256165
0.8792999982833862
0.3064679503440857
-0.15895035862922668
0.3222576677799225
0.39239007234573364
0.021690059453248978
-0.07124101370573044
-0.13973841071128845
0.21587662398815155
-0.13949966430664062
0.1751084327697754
0.3584871292114258
-0.4348241686820984
-0.27166593074798584
0.6604655981063843
-0.4450123906135559
0.47605133056640625
0.3200262188911438
0.24366340041160583
0.11165845394134521
0.026981592178344727
-0.11190775781869888
0.0008643030887469649
0.027950525283813477
0.3663616478443146
0.1344263255596161
0.01952493190765381
-0.17610326409339905
0.022889932617545128
-0.17137974500656128
0.2669655680656433
-0.20516104996204376
0.43910637497901917
0.16759657859802246
-0.954269528388977
-0.8070645332336426
-1.807447075843811
2.7982349395751953
-0.8945697546005249
-2.2601523399353027
2.5204179286956787
-1.2254966497421265
-1.6435333490371704
1.8382724523544312
-0.2254393994808197
-0.13523173332214355
-0.08431406319141388
0.27343279123306274
-0.043640948832035065
-0.43204212188720703
-0.16558733582496643
0.38312166929244995
-0.3642582297325134
-0.4418342709541321
0.2065439671278
-0.16929121315479279
-0.3343433737754822
-0.3275131583213806
-0.21763619780540466
0.504311203956604
-0.20849843323230743
-0.20941361784934998
-0.7873152494430542
0.9507734179496765
-0.4318026900291443
-0.35629725456237793
0.32911592721939087
0.19012503325939178
0.550307035446167
-0.115688756108284
-0.374859094619751
0.5741973519325256
-1.3065887689590454
0.3456191122531891
0.7304047346115112
-0.32419338822364807
0.0025321959983557463
0.24298997223377228
-0.02278618887066841
0.41224271059036255
-0.7193483114242554
-0.3303073048591614
0.5787995457649231
-0.5768538117408752
-0.4497855603694916
0.329684317111969
-0.6011751294136047
-0.412428081035614
0.4108811914920807
-0.0889502540230751
-0.41682514548301697
0.46409112215042114
-0.31900328397750854
-0.5510565042495728
0.5237980484962463
0.05111496523022652
0.0340845100581646
0.2575758397579193
-0.8632169961929321
-0.6126101613044739
0.5944309830665588
0.5183314085006714
-0.921730637550354
1.0139265060424805
0.8239938616752625
-1.2673208713531494
-0.46778279542922974
1.0600366592407227
-0.04415573924779892
0.151217982172966
0.07444063574075699
-0.04831070825457573
-0.08415055274963379
-0.3752884268760681
-0.06684394925832748
0.4955669343471527
-0.2743403911590576
-0.09375154972076416
0.5936639308929443
0.19713516533374786
1.126543402671814
-0.7535862922668457
0.3549671173095703
0.39472436904907227
-0.33995863795280457
-0.649055004119873
0.014903366565704346
-0.10216128826141357
-0.06569872051477432
-0.6911100149154663
0.7174931764602661
0.01718546822667122
-0.36228030920028687
-0.2913612723350525
-0.12046027183532715
0.052781473845243454
-2.873944044113159
0.6746155023574829
0.17620126903057098
-1.6352386474609375
0.13891983032226562
0.7068769335746765
-1.2524704933166504
-0.00906913261860609
0.08044543117284775
-0.8823114633560181
0.9018527269363403
-0.1714121550321579
-1.011845588684082
0.3648222088813782
0.1516367644071579
0.41673412919044495
-0.3936523497104645
0.40442341566085815
-0.5171545743942261
-0.04433095455169678
-0.3498857021331787
0.11093597114086151
-0.16695189476013184
-0.08719749748706818
0.01605536974966526
-0.5033894777297974
-0.3969917595386505
0.3814491927623749
-0.5095337629318237
0.2516699731349945
-0.08462806046009064
-0.6394978761672974
0.9159300923347473
0.37695789337158203
-1.0962508916854858
-0.6127523183822632
0.346814900636673
0.06194012239575386
-0.3593479096889496
-0.03009236976504326
0.7675951719284058
-0.6955747604370117
-0.3235262930393219
0.6646703481674194
-0.42732158303260803
0.23215658962726593
-0.16109485924243927
0.33972591161727905
0.020428787916898727
-0.24360744655132294
-0.28374597430229187
0.3550947308540344
-0.3223665654659271
0.029149413108825684
-0.44951802492141724
0.15837569534778595
0.27285218238830566
-0.06069042533636093
-0.4817328453063965
-0.002497053239494562
0.4742113947868347
-0.3200634717941284
-0.0010513544548302889
-0.2167617529630661
0.10956144332885742
0.15601274371147156
-0.06737486273050308
-0.19751891493797302
0.07602188736200333
0.6348478198051453
-0.07663672417402267
-0.30497246980667114
0.17075344920158386
-0.404426246881485
0.31692957878112793
-0.12996110320091248
-0.1245248094201088
0.05142517015337944
0.33666935563087463
-0.19008846580982208
0.014560890384018421
0.10252688080072403
-0.29450851678848267
0.4942447245121002
-0.1271391212940216
0.10763683170080185
0.22752690315246582
-0.1262858361005783
0.2607887387275696
-0.17242345213890076
0.13965864479541779
0.03884277492761612
0.24428808689117432
0.09813457727432251
-0.03257222846150398
0.1181662529706955
0.4029768109321594
-0.7811110019683838
-0.06724772602319717
-0.4743254780769348
-1.3889412879943848
2.609236478805542
-0.40315550565719604
-2.9979991912841797
2.7067670822143555
-1.8387749195098877
-0.6095343828201294
1.5495084524154663
-0.15804100036621094
0.3589407503604889
-0.6109002232551575
0.06717276573181152
0.5619459748268127
-0.814465343952179
0.5790313482284546
-0.36814793944358826
-0.2977716624736786
0.3424432873725891
-0.3979409337043762
-0.10541372001171112
-0.09354224056005478
-0.12942072749137878
-0.583173394203186
-0.019682694226503372
-0.09055323898792267
-0.10067911446094513
0.09317903220653534
-0.1712169647216797
-0.5496669411659241
0.30256757140159607
0.28064680099487305
-0.7996447682380676
0.4470338821411133
0.18847569823265076
-0.4226458668708801
0.12138328701257706
0.05668602138757706
-0.12743358314037323
-0.2904547154903412
-0.19267544150352478
-0.016510725021362305
0.14703913033008575
-0.5107707977294922
0.6598884463310242
-0.14214296638965607
-0.3972907066345215
-0.062077902257442474
0.3840802311897278
0.05794839933514595
-0.1528455764055252
-0.7234071493148804
0.28144940733909607
-0.327811062335968
-0.2694549560546875
0.04168715327978134
-0.154682919383049
-0.011592197231948376
-0.012408780865371227
-1.0157947540283203
0.28122496604919434
-0.1130000576376915
-0.3028206527233124
-0.05328788608312607
-0.1924934834241867
0.039879608899354935
-0.24230270087718964
-0.5455805063247681
-0.3216892182826996
-0.126883402466774
-0.4286689758300781
0.15584202110767365
-0.22288627922534943
0.1569131314754486
-0.7592571973800659
0.7405155301094055
-0.7272278070449829
-0.3456738591194153
0.14379867911338806
-0.4041382670402527
-0.4636145234107971
-0.2455647885799408
-0.14928346872329712
-0.5835516452789307
-0.08362064510583878
0.37351179122924805
0.06884558498859406
-0.608650803565979
-0.15003474056720734
-0.5993836522102356
-0.3519679605960846
-0.19293686747550964
-0.47576189041137695
0.18591836094856262
-0.048232629895210266
0.14465202391147614
0.15201565623283386
-0.9747611284255981
-0.12061301618814468
-0.479844868183136
-0.6730700731277466
1.2314965724945068
-5.96679162979126
2.880247116088867
0.6601942777633667
-3.0390725135803223
2.0355381965637207
-1.2469587326049805
-0.47763901948928833
0.6057473421096802
-0.9009578824043274
0.012982678599655628
-0.055136870592832565
-0.4751513600349426
-0.09973561763763428
0.1976485401391983
0.18160776793956757
-0.24945569038391113
0.38552048802375793
-0.9366347193717957
0.2518136203289032
0.25884753465652466
-0.5851597189903259
-0.1662903130054474
-0.9642354846000671
0.08915802091360092
0.787448525428772
-0.13566991686820984
-0.7252596616744995
-0.8119624853134155
0.6070689558982849
0.008672666735947132
-0.5972195863723755
0.4681687355041504
-0.1635601818561554
-0.3877634108066559
0.3786688446998596
-0.07525714486837387
0.4571838974952698
0.41126546263694763
-0.9309810400009155
-0.38750171661376953
0.46865159273147583
-0.3384617865085602
0.26852846145629883
-0.26857104897499084
0.014585256576538086
-0.2348896563053131
0.5007442235946655
0.1505962312221527
-0.5629900097846985
0.15250352025032043
0.0873660296201706
0.04834948852658272
0.10388598591089249
0.12847237288951874
-0.35134080052375793
0.48760271072387695
-0.4565221667289734
-0.0654139369726181
0.2928920388221741
-0.1836373209953308
0.5406649112701416
-0.49112287163734436
0.19392958283424377
-0.15974587202072144
0.3364236056804657
-0.14686524868011475
0.3178679943084717
-0.6356003880500793
-0.09383705258369446
0.46440595388412476
-0.47413864731788635
-0.5073388814926147
0.06363490968942642
0.05405649542808533
-0.013044333085417747
-0.1394622027873993
-0.3948698043823242
0.013022685423493385
-0.14375445246696472
-0.2663187086582184
-0.1614019125699997
-0.11040570586919785
-0.019526982679963112
-0.41343656182289124
-0.08152665942907333
-0.1874573528766632
-0.1916120946407318
-0.0784262865781784
-0.07928023487329483
-0.4444545805454254
-0.36714720726013184
-0.16253860294818878
-0.8245169520378113
-0.13724824786186218
0.4436355531215668
-0.4477744698524475
-0.2573036551475525
-0.35956183075904846
-0.9837394952774048
-3.0693137645721436
3.393913745880127
-0.3055777847766876
-2.4313549995422363
0.8291371464729309
-0.36364418268203735
-0.4404236674308777
0.9665168523788452
-0.12235169112682343
-0.8931185007095337
0.47774749994277954
0.36501115560531616
-0.5277948975563049
0.12644991278648376
-0.2179441899061203
-0.3490951955318451
0.8345826864242554
-0.43201857805252075
0.5716462731361389
0.5053954124450684
-0.0240038875490427
-0.7398000359535217
1.0050859451293945
0.25916633009910583
-0.36205998063087463
-0.3760662376880646
0.342526376247406
-0.7648438215255737
0.34291625022888184
0.4103446900844574
-1.4095795154571533
0.7987750768661499
0.2005363404750824
-1.676321029663086
0.7733005285263062
0.838025689125061
-0.6311125159263611
0.4251503050327301
-0.00783152598887682
-0.1542210578918457
-0.3787172734737396
-0.6134320497512817
0.4069686830043793
0.3207334876060486
-0.1761382818222046
-0.06386461108922958
-0.4840313494205475
-0.19868886470794678
-0.31744688749313354
-0.7152048945426941
0.2166144847869873
-0.32316169142723083
0.6904045939445496
-0.09176645427942276
-0.9256159663200378
0.14988751709461212
-0.16049084067344666
-0.33226436376571655
-0.13548144698143005
-0.5389026403427124
-0.8701719045639038
0.6505589485168457
-0.3522964119911194
-0.3208778202533722
0.24807557463645935
-0.9530165791511536
0.46987804770469666
-0.8846739530563354
0.006724715232849121
0.6620172262191772
-0.5582691431045532
0.013843441382050514
-0.4035699963569641
-0.6574881672859192
0.2904217839241028
-0.35119980573654175
-0.34235209226608276
0.4990103840827942
-0.543576717376709
-0.0004221200942993164
-1.447906494140625
-0.4159095287322998
-0.0907796174287796
0.26619720458984375
-0.3804207444190979
-0.6646007895469666
-0.38955530524253845
-0.1531354933977127
-0.3440917730331421
-0.09867426007986069
-0.6620388031005859
-0.47027239203453064
0.6005662679672241
-0.9480756521224976
-0.3669132590293884
-0.2973557114601135
-0.4310093820095062
0.15773950517177582
-1.2089016437530518
-0.11311911046504974
-2.7140116691589355
0.5079383850097656
0.8464905023574829
-2.3740944862365723
0.222849041223526
1.4639079570770264
-1.8979641199111938
0.6976287961006165
-0.010571909137070179
-1.1706808805465698
0.7381691932678223
-0.6349968910217285
0.059275515377521515
0.16613706946372986
-0.28432148694992065
0.6519681811332703
-0.3958415985107422
0.335706889629364
-0.03285001590847969
-0.10579566657543182
-0.401935338973999
0.1629340648651123
0.18080171942710876
-0.2029552459716797
0.08512942492961884
-0.37572211027145386
-0.4024021029472351
0.3253738582134247
0.16755957901477814
-0.0768623799085617
-1.2473604679107666
0.18097758293151855
0.9212754964828491
-0.23869368433952332
0.014306837692856789
0.03348672389984131
-0.3830300271511078
-0.22455742955207825
-0.08715424686670303
-0.0228910930454731
0.7056311964988708
-0.350058376789093
0.11768318712711334
-0.3314935564994812
-1.063538670539856
0.6616677045822144
0.0012494802940636873
-0.6968008875846863
0.5239854454994202
0.5113529562950134
-0.7272969484329224
-0.7641905546188354
0.4804565906524658
-0.09944070875644684
0.19046372175216675
-0.12487306445837021
-0.04058875888586044
-0.195221945643425
0.7856759428977966
-0.6579723954200745
-0.012635594233870506
0.39160099625587463
-0.24027585983276367
-0.1863013207912445
0.43039101362228394
-0.5833268165588379
0.32772767543792725
0.30771374702453613
-0.416294664144516
0.5767003297805786
-0.13347645103931427
0.28103107213974
0.2092243731021881
0.18698911368846893
-0.0012372791534289718
-0.057867955416440964
0.06565093994140625
0.2294754534959793
0.4082375466823578
-0.6158106327056885
0.18674613535404205
0.2578105032444
-0.12465997785329819
0.6095750331878662
-0.05660352110862732
-0.32470703125
0.32310616970062256
-0.20091839134693146
0.19894245266914368
-0.2134161740541458
-0.2642424404621124
-0.04144543409347534
-0.29480278491973877
-0.08820931613445282
0.24167534708976746
0.28409647941589355
0.09627175331115723
0.6671180129051208
-0.8420900106430054
-0.32455164194107056
-1.4579404592514038
2.4634389877319336
-0.3290092349052429
-3.2346408367156982
2.4188008308410645
-1.332693338394165
-0.24039311707019806
1.2545188665390015
-0.08440189063549042
0.40667375922203064
-0.8959841728210449
-0.03932642936706543
0.36109358072280884
-0.6711810231208801
-0.7803555727005005
0.15417766571044922
-0.6774619817733765
-0.18945035338401794
-0.21715012192726135
0.7974023222923279
-0.7334415316581726
-0.5860122442245483
0.3324812948703766
0.018129777163267136
-0.26885515451431274
0.005723762325942516
0.14761409163475037
0.007510662078857422
0.2636013627052307
-0.44827157258987427
-0.3221105933189392
-0.15114732086658478
0.025087546557188034
-1.0394079685211182
0.21878662705421448
0.06986036151647568
-0.46545037627220154
0.43895426392555237
0.8327282071113586
-0.4649881422519684
0.09953804314136505
-0.11446633189916611
-0.6155611872673035
0.588945209980011
0.1599382907152176
-0.15106086432933807
-0.5800890922546387
0.07130374759435654
-0.007099771406501532
0.2944638133049011
0.06893396377563477
0.27374953031539917
0.37158337235450745
-0.5501753091812134
0.0010009289253503084
-0.211094468832016
0.12520447373390198
0.8637436032295227
0.8187388181686401
-0.8692588806152344
0.1938096582889557
0.5397469401359558
0.11189641803503036
-0.6092256903648376
0.037808608263731
0.18764416873455048
-0.32498034834861755
-0.2459910362958908
-0.22854462265968323
-0.23248958587646484
-0.24401617050170898
-0.011254772543907166
-0.4389343857765198
0.34783902764320374
0.23637428879737854
-0.3553873300552368
1.2133439779281616
-1.2073806524276733
-0.03302020579576492
0.544797420501709
-0.9271831512451172
0.4690515995025635
-0.3454025387763977
-0.7238027453422546
-0.1504935324192047
0.37802013754844666
-0.5636562705039978
-0.5672924518585205
-0.11228613555431366
-0.40344366431236267
0.07641610503196716
-0.033019982278347015
0.21556690335273743
-0.40748849511146545
-0.15009984374046326
-0.23182502388954163
0.4231674075126648
-1.0571587085723877
-0.4823075234889984
0.06919411569833755
0.7960135340690613
-5.935120582580566
2.6651430130004883
0.7972065210342407
-2.700317859649658
1.8254321813583374
-0.8592190742492676
-0.2618522644042969
0.7025893330574036
-0.8853119611740112
0.0732135996222496
0.22790344059467316
-0.7314035296440125
0.09652657806873322
0.9262263178825378
-0.33985528349876404
-0.1695280820131302
0.42123326659202576
-0.6076711416244507
-0.05504245683550835
-0.04095101356506348
-0.17479273676872253
0.3658181428909302
-1.0608782768249512
-0.2673967480659485
0.7230657339096069
0.57989102602005
-0.5637399554252625
-1.1944538354873657
0.28209877014160156
0.2682967782020569
-0.39628711342811584
0.46436017751693726
0.14314325153827667
-0.4731976389884949
-0.38771766424179077
0.15640178322792053
0.42981576919555664
0.32364436984062195
-0.9144245386123657
-0.3058462142944336
0.6204637885093689
-0.557257354259491
0.19027219712734222
-0.13737852871418
0.10500852763652802
-0.08631155639886856
0.2927250266075134
-0.05098217725753784
-0.02998175658285618
-0.11895132064819336
0.12292034924030304
-0.46897125244140625
0.4122653007507324
-0.3664749562740326
-0.3588399887084961
0.48866137862205505
-0.2648584246635437
-0.11474855244159698
0.07608599960803986
-0.2859688401222229
0.6301735043525696
0.11562802642583847
-0.5482792854309082
0.9275749921798706
-0.6570783853530884
0.31646156311035156
0.6095773577690125
-0.3547880947589874
0.17923101782798767
0.0836733803153038
0.021231234073638916
0.3194434940814972
-0.036287467926740646
-0.31707334518432617
-0.1638195961713791
0.09891994297504425
0.04092959314584732
0.10973690450191498
-0.08595244586467743
0.12263412773609161
0.39341655373573303
-0.07546605914831161
0.0546158142387867
-0.10829975455999374
-0.5542904734611511
0.1250889003276825
0.4473790228366852
-0.5024023652076721
0.20412671566009521
0.00908517837524414
0.8988229036331177
-0.245753675699234
-0.6308906674385071
0.09447638690471649
-0.09137493371963501
0.14848823845386505
0.18470890820026398
-0.7469273209571838
-0.9603248834609985
-1.5805219411849976
2.7118914127349854
-0.4563078284263611
-2.611614227294922
2.4145283699035645
-1.2511529922485352
-1.9714562892913818
1.3723300695419312
-0.20925498008728027
-0.3703092634677887
-0.35079312324523926
-0.016450930386781693
0.29434719681739807
-0.7963885068893433
0.8317356109619141
0.5579947829246521
-0.6091346740722656
0.42955881357192993
0.21936602890491486
-0.1715831756591797
-0.20819731056690216
0.7356557250022888
-0.10928221046924591
0.08777453750371933
0.5243934392929077
-1.078966498374939
0.49832218885421753
0.5667695999145508
-1.1010081768035889
0.8310473561286926
0.04375438764691353
-0.882926344871521
0.7912863492965698
-0.08189745247364044
-0.5169144868850708
0.6512249112129211
0.2559622824192047
-0.1894063949584961
0.6540787816047668
0.2681344449520111
-0.22194060683250427
0.11001624912023544
0.2589508593082428
-0.49811339378356934
0.38748955726623535
-0.7548920512199402
-0.38820362091064453
0.49691885709762573
0.027675867080688477
-0.4954521059989929
-0.09221963584423065
0.11415233463048935
-0.15345367789268494
0.1443895846605301
-0.3064664900302887
-0.10839955508708954
-0.09443135559558868
0.1509905755519867
-0.832288920879364
-0.07526703178882599
0.3799270689487457
-0.4621546268463135
0.5022844076156616
-0.01120910607278347
-1.6663768291473389
0.3267002999782562
-0.07178940623998642
0.4538012444972992
-0.773488461971283
-0.2287386953830719
-0.2798745036125183
-0.4787268042564392
-0.210656076669693
-0.11108054965734482
-0.30392175912857056
0.1787148118019104
0.42239680886268616
-0.9414491653442383
0.5030630230903625
-0.11500384658575058
-0.44551753997802734
-0.0786183625459671
-0.14320555329322815
0.0260027889162302
-1.2653038501739502
0.8838340044021606
-0.05556129664182663
0.17912182211875916
-0.46930360794067383
0.3957315683364868
-0.5717883706092834
-0.5053358674049377
0.007086413912475109
0.2982367277145386
-0.14646096527576447
-0.5010285377502441
0.0804598331451416
0.8392475247383118
-0.8099607229232788
-0.06095414236187935
-2.5430710315704346
0.5720016360282898
0.41779810190200806
-1.6111656427383423
0.03273667022585869
1.4299585819244385
-1.1701138019561768
0.030646204948425293
0.0923895612359047
-0.7723235487937927
0.5843684673309326
-0.24039492011070251
-0.5569719672203064
0.44344204664230347
0.025980543345212936
0.46103543043136597
0.4541488587856293
-0.48304659128189087
-0.14022447168827057
0.5697951316833496
-0.5631517767906189
-0.34404945373535156
0.1147080659866333
-0.5450681447982788
0.13462114334106445
-0.5845705270767212
-0.48042306303977966
0.6598235964775085
0.3230664134025574
-0.9059440493583679
-0.8564062118530273
0.37005865573883057
-0.2981800138950348
-0.22177675366401672
0.1570650041103363
0.3762405514717102
-0.13810567557811737
-0.5091291666030884
-0.20205409824848175
0.4358087480068207
0.9564186930656433
-1.3894455432891846
-0.5496819019317627
1.7126054763793945
-1.0544154644012451
0.034467507153749466
0.725430965423584
-0.38008633255958557
0.12873117625713348
0.20106497406959534
-0.25813138484954834
0.22354599833488464
0.48483172059059143
-0.35137560963630676
-0.15699727833271027
0.12997272610664368
0.39149758219718933
-0.2120751142501831
0.2642391324043274
-0.37830671668052673
0.1610603779554367
0.37126120924949646
-0.0552612766623497
0.011683499440550804
0.3162408471107483
-0.38231390714645386
-0.6307111382484436
0.7497897148132324
0.4135398864746094
-0.0331418514251709
0.06935258209705353
-0.19408674538135529
0.3286006450653076
0.5269940495491028
-0.30346402525901794
0.07087592780590057
0.4064904749393463
-0.3704228103160858
-0.39090701937675476
0.04048442840576172
-0.07222197204828262
0.21250727772712708
0.03191111236810684
0.277066707611084
-0.08422528952360153
-0.10477068275213242
0.6020838618278503
0.1666674017906189
-0.040885746479034424
0.48075994849205017
-0.40104860067367554
0.19627591967582703
-0.2396329641342163
0.6823181509971619
0.18334870040416718
-0.352774441242218
0.12576110661029816
0.03318149223923683
-0.34035664796829224
-0.49458616971969604
-1.5212321281433105
2.8706552982330322
-1.0209193229675293
-2.8408889770507812
2.5268099308013916
-0.8690537214279175
-1.9054495096206665
1.6430091857910156
-0.2964198887348175
-0.3691222667694092
-0.3859797418117523
0.343606561422348
-0.20910987257957458
-0.04772048071026802
0.2317497730255127
0.3591512143611908
-0.2660718560218811
-0.017719030380249023
-0.3553963601589203
0.26118725538253784
-0.4290800988674164
0.22028517723083496
-0.14680442214012146
-0.2165655642747879
0.05171193927526474
-0.6997412443161011
-0.038216687738895416
0.25611740350723267
-0.08565573394298553
-0.02952098846435547
0.17450657486915588
-0.28391820192337036
-0.3837645649909973
0.4332895278930664
-0.45825663208961487
0.18289461731910706
0.6161168813705444
-0.536302924156189
0.005350685212761164
0.08583879470825195
-0.29471659660339355
-0.9663979411125183
0.18589362502098083
0.1437825709581375
-0.49049416184425354
-0.10569782555103302
-0.1211233139038086
-0.6052605509757996
-0.4215278625488281
0.2166052758693695
0.2769039273262024
-0.9359728097915649
0.3428378999233246
-0.04123115539550781
-0.5342890024185181
0.0718911662697792
0.24006839096546173
1.0408207178115845
-0.8481718897819519
-0.14077329635620117
-0.03171997144818306
0.45453253388404846
-0.44420069456100464
0.04101400449872017
-0.11822142452001572
-0.14211829006671906
-0.5267406702041626
0.6005869507789612
-0.5229619741439819
-0.33586323261260986
0.6878063082695007
-0.3749855160713196
-0.41738587617874146
-0.06595733016729355
0.28685465455055237
-0.39569467306137085
0.08240783214569092
-0.44030943512916565
-0.79093337059021
0.9143692851066589
-0.6753084063529968
0.5614843964576721
-0.5800338387489319
-0.3424622416496277
-0.08875993639230728
0.055106163024902344
0.04142747074365616
-0.5548784136772156
-0.5001838803291321
0.501983106136322
-0.14158841967582703
-0.8367723226547241
0.35515546798706055
-0.539286196231842
0.2903803586959839
1.120330810546875
-1.2662628889083862
-0.3224610686302185
-0.11739398539066315
0.27755147218704224
0.87957364320755
-5.977506160736084
2.81774640083313
1.5363898277282715
-3.285231113433838
1.963375449180603
-0.6684787273406982
-0.8424283862113953
0.8831394910812378
-0.5454140305519104
-0.091605044901371
0.4039861261844635
-0.6012873649597168
0.15447433292865753
0.3862396776676178
0.10693597793579102
-0.3031843304634094
0.352017879486084
-0.8544152975082397
0.4291430413722992
-0.029273534193634987
-0.17514435946941376
0.008083099499344826
-1.0125001668930054
0.2480182647705078
0.3433568477630615
0.49310582876205444
-0.8450101613998413
-0.9998246431350708
0.6663378477096558
-0.05583028867840767
-0.3866332173347473
0.33104047179222107
0.6304966807365417
-0.7286285161972046
0.102011539041996
-0.6743646860122681
0.4018668234348297
-0.2086767703294754
-0.4826188087463379
0.8757417798042297
-0.1861133873462677
-0.576134204864502
0.7612566947937012
-0.4726954996585846
-0.11619148403406143
0.8830393552780151
-0.49643582105636597
0.05270101875066757
-0.1904997080564499
0.12274384498596191
0.17255184054374695
-0.09955000877380371
0.037058331072330475
-0.13251052796840668
-0.01719023659825325
0.9029895663261414
-0.5254760980606079
-0.04403773695230484
0.37643641233444214
-0.24610073864459991
0.690284252166748
-0.913288414478302
0.45788851380348206
0.5042075514793396
-0.17122693359851837
0.3162943720817566
-0.14317835867404938
-0.7271104454994202
0.9671473503112793
-0.1301027089357376
-0.27359873056411743
-0.039822448045015335
-0.17748650908470154
0.19304968416690826
0.021695232018828392
0.2492775171995163
0.29022520780563354
0.04787455126643181
-0.581515908241272
0.20087015628814697
0.23560082912445068
-0.33255261182785034
0.2693634629249573
-0.35865622758865356
0.4533642828464508
-0.1787119209766388
0.11763563007116318
0.1274922490119934
-0.13573260605335236
0.2105511724948883
-0.159425750374794
0.41644302010536194
0.16281068325042725
-0.053624898195266724
-0.21838787198066711
-0.2765848636627197
0.4425758421421051
-1.0841304063796997
-0.7296940088272095
-1.3220707178115845
2.920933246612549
-0.8932666778564453
-2.7169106006622314
1.9966742992401123
-1.1807286739349365
-1.4032050371170044
1.3065522909164429
-0.20528069138526917
0.09763660281896591
-0.30350062251091003
-0.14409060776233673
0.23935231566429138
-0.28273361921310425
0.36980944871902466
0.44017744064331055
-1.2305712699890137
0.5622807741165161
0.02505660057067871
-0.39663079380989075
-0.2663787007331848
0.8707038164138794
-0.2596372961997986
-0.30943721532821655
0.521178126335144
-0.2759760320186615
0.5619990229606628
0.006431484129279852
-0.025344466790556908
0.024452637881040573
0.03678178787231445
-0.4692624509334564
0.7133375406265259
-0.3781927525997162
-0.332256942987442
0.3430871069431305
0.12405328452587128
-0.5057655572891235
0.11995229870080948
-0.31396347284317017
-0.2506793141365051
0.497377872467041
-0.14735260605812073
-0.5618066191673279
0.01667203940451145
-0.38289135694503784
0.2768250107765198
0.012568521313369274
-0.5055912733078003
0.5304633378982544
-0.6495782136917114
-0.27349013090133667
-0.21513581275939941
-0.2852328419685364
0.10361733287572861
-0.14638614654541016
-0.10987472534179688
0.2802315056324005
-0.12164316326379776
-0.7509480714797974
0.146664097905159
-0.08648071438074112
0.6503092050552368
-0.3745073676109314
-0.3365035653114319
-0.15996184945106506
-0.10775737464427948
0.18916693329811096
-0.4857545495033264
-0.6725000143051147
0.15550248324871063
-0.3441012501716614
-0.06904749572277069
0.3346838653087616
-0.43037185072898865
0.2643143832683563
0.4491415023803711
0.4328455328941345
-0.07758836448192596
0.17711381614208221
-0.1843089610338211
-0.27412149310112
0.02900104597210884
-0.4534681439399719
-0.10939435660839081
0.10218268632888794
0.3583293557167053
0.05245828628540039
-0.4631012976169586
-0.03334622457623482
0.40262308716773987
0.485140860080719
-0.1501290500164032
-0.7640997171401978
0.47404104471206665
0.5946694612503052
-0.7307754158973694
-0.029661763459444046
-0.49212446808815
-0.968518853187561
-2.588590621948242
0.5956511497497559
0.6296514868736267
-1.9392799139022827
0.05930392071604729
1.2051678895950317
-1.552370309829712
0.02907458506524563
0.5852271318435669
-0.9371858835220337
0.21963731944561005
0.1313839703798294
-0.3878907859325409
0.024275565519928932
-0.2525777220726013
0.5199462175369263
-0.32449597120285034
0.17409667372703552
-0.5039896965026855
0.3682352602481842
-0.33394917845726013
-0.029322361573576927
-0.2945888340473175
0.14228320121765137
-0.5326285362243652
-0.20988304913043976
-0.6860992312431335
0.1397068053483963
-0.632956862449646
-0.06721232086420059
-0.09835801273584366
-0.2568364441394806
1.0475380420684814
0.6716535091400146
-1.1729495525360107
-1.0660136938095093
0.8230565190315247
-0.13569071888923645
-0.6090341806411743
1.0412094593048096
0.6853013038635254
-0.97319096326828
-0.14685691893100739
0.32358482480049133
-0.007590842433273792
-0.08687108755111694
-0.008106624707579613
0.39439862966537476
-0.2885242700576782
-0.4056447148323059
0.7268692851066589
-0.6231642961502075
-0.18879392743110657
0.6146016120910645
-0.539201557636261
0.08402426540851593
0.8535518646240234
-1.0459864139556885
0.44160324335098267
0.3833081126213074
-0.3735097646713257
0.4673728346824646
-0.3244190812110901
-0.699695348739624
-0.049561094492673874
-0.010554647073149681
0.25957491993904114
0.09902612119913101
0.24239444732666016
0.5065540075302124
-0.27864164113998413
-0.5649533867835999
0.011660432443022728
-0.3384127914905548
0.4303554594516754
0.4071563184261322
-0.3538426458835602
-0.0949539765715599
0.40192121267318726
-0.2524133026599884
0.16877123713493347
0.13852068781852722
-0.19682684540748596
0.28841301798820496
0.251250684261322
-0.09210421144962311
-0.42507562041282654
0.4854344427585602
0.13695615530014038
-0.8033044934272766
0.5739288330078125
0.3650534749031067
-0.01656649075448513
-0.2244938611984253
0.5442370176315308
-0.21978966891765594
-0.1479654312133789
-0.019889449700713158
0.1386003941297531
-0.8847503662109375
-1.7430412769317627
2.2845282554626465
-0.5290600061416626
-1.690704107284546
1.2705562114715576
-0.8200981020927429
-1.0107488632202148
1.199417233467102
-0.8289816975593567
-0.2933940589427948
0.11556477844715118
0.0802457332611084
-0.7380002737045288
-0.024375056847929955
-0.03886871412396431
-0.7723444700241089
0.5943835973739624
0.004845666699111462
0.03891296312212944
-0.3483358323574066
-0.21376267075538635
0.4183122515678406
-0.587419331073761
-0.7026423811912537
-0.2076341211795807
0.08520593494176865
0.14978790283203125
0.061679936945438385
-1.0214335918426514
-0.4065636694431305
0.38162460923194885
-0.06109914928674698
-0.3074101507663727
0.24027566611766815
0.027640342712402344
-0.012111472897231579
-0.07132206112146378
-0.31450772285461426
0.0008496284717693925
-0.1018378734588623
-0.5213888883590698
0.06534652411937714
1.0140736103057861
-1.1819008588790894
0.1587260216474533
0.7330805063247681
-0.6198011636734009
0.8093492388725281
0.19709071516990662
0.6113933324813843
-0.1945921927690506
-1.0181998014450073
1.283951997756958
-0.36723437905311584
-0.4577041566371918
0.18249759078025818
-0.23126283288002014
-0.3635557293891907
-0.1420394480228424
-1.1629596948623657
0.6448790431022644
0.41160792112350464
-0.4415344297885895
0.1183045357465744
-0.6513039469718933
-0.09896793216466904
0.004546475596725941
-0.08186636120080948
0.2850348651409149
-0.8955613970756531
-0.16164331138134003
0.33705368638038635
-0.2495483160018921
-0.14552421867847443
0.1691836565732956
-0.4640815854072571
-0.33044305443763733
0.24399729073047638
-0.21953853964805603
-0.4759308695793152
-0.5561202168464661
0.5559089183807373
-0.02094748057425022
-0.5780088305473328
-0.030188273638486862
-0.9028688669204712
-0.5062466859817505
-0.016428863629698753
-0.31878677010536194
-0.23957256972789764
0.819362461566925
-1.0384820699691772
0.717265784740448
-0.5087752938270569
-0.397657573223114
0.5740116834640503
-0.37137922644615173
0.03256211429834366
-0.4056020677089691
-0.3443264961242676
-2.349541664123535
0.35652095079421997
0.6913677453994751
-2.0921123027801514
0.1132781058549881
1.3814362287521362
-1.2413866519927979
-0.013998294249176979
0.8367706537246704
-1.1139713525772095
0.08781242370605469
0.397614061832428
-0.6025186777114868
0.4357070028781891
0.08697273582220078
0.3090473413467407
-0.2332932949066162
-0.2388182133436203
-0.3463227152824402
0.31489983201026917
-0.4753867983818054
-0.038877010345458984
0.14888885617256165
-0.2487291544675827
0.11090026050806046
-0.7160143852233887
-0.32218414545059204
0.5988271832466125
0.23334546387195587
-0.4732832908630371
-0.9855016469955444
0.7151327133178711
0.2825319170951843
-0.09989068657159805
-0.21106569468975067
0.3575555384159088
0.48434978723526
-0.7290173768997192
-0.1584693044424057
0.9853271245956421
-0.11204037815332413
-0.4906359314918518
-0.183492511510849
0.006929325871169567
0.06033439561724663
0.18954798579216003
0.37599843740463257
-0.23783686757087708
0.2799866199493408
0.4974997639656067
-0.8781667947769165
-0.4643726348876953
0.4696122705936432
-0.5133826732635498
0.11607048660516739
0.3895840048789978
-0.5330861210823059
-0.3609623610973358
0.2615423798561096
-0.0689212754368782
0.08645510673522949
-0.06766080856323242
-0.07892000675201416
0.4065471589565277
0.07120181620121002
0.02324485406279564
-0.04013695567846298
-0.27869144082069397
0.22963738441467285
0.04240092262625694
-0.10765299946069717
0.43763652443885803
0.15390801429748535
-0.33463403582572937
-0.01474067848175764
0.24403910338878632
-0.24266724288463593
-0.1347416490316391
0.9486953616142273
-0.71757972240448
0.08084370195865631
0.34986406564712524
-0.05934279039502144
-0.20958276093006134
0.6702434420585632
-0.7111919522285461
-0.350436270236969
0.5071856379508972
-0.004265040159225464
-0.27174288034439087
0.4709935188293457
-0.4782988429069519
0.3547337055206299
-0.6746370792388916
0.35659849643707275
0.49134546518325806
-0.06701143085956573
-0.1921391785144806
0.2392454892396927
-1.1473255157470703
-1.618377923965454
2.873647689819336
-1.265657663345337
-2.560143232345581
2.22236967086792
-1.2712385654449463
-0.7749079465866089
1.0882999897003174
-0.47326236963272095
0.7392924427986145
-0.8802679181098938
-0.28291091322898865
0.04796948283910751
-0.8272244334220886
0.4869028627872467
-0.23503287136554718
-0.12831267714500427
0.05283079296350479
-0.4561918377876282
0.28356465697288513
-0.47184157371520996
0.048245955258607864
0.32321324944496155
-0.6097978353500366
0.2844541668891907
0.2194414585828781
0.08793459087610245
-0.5633403062820435
0.023210620507597923
-0.027805233374238014
0.08138646930456161
0.015835952013731003
-0.3768910765647888
0.11323966830968857
-0.10785122215747833
-0.2317793369293213
-0.33962830901145935
-0.7365992665290833
0.051412057131528854
-0.011739348992705345
-0.6751960515975952
0.08633623272180557
-0.6914342641830444
0.5144027471542358
0.3781339228153229
-0.47555190324783325
-0.024126101285219193
-0.513414204120636
-0.28307095170021057
-0.24412211775779724
-0.284097284078598
0.2151237428188324
0.26572537422180176
-0.35444462299346924
0.18224191665649414
-0.8673421144485474
-0.4196464419364929
0.9390726089477539
0.3370170295238495
-0.1946088671684265
-0.017087172716856003
-0.5077231526374817
0.22410063445568085
0.01179723720997572
-0.895707905292511
-0.19523759186267853
0.6578994989395142
-0.2535797953605652
1.003933310508728
-0.650488018989563
-0.5509393811225891
-0.3253159523010254
-0.6142956018447876
0.8419159054756165
-0.9028169512748718
-0.2324710637331009
-0.10641305148601532
-0.16725663840770721
0.48084935545921326
-0.09566140174865723
0.19091510772705078
0.10345449298620224
0.6296493411064148
-0.6463362574577332
-0.26681071519851685
0.7587908506393433
-0.9664865732192993
0.10876739025115967
-0.2514927387237549
0.31706470251083374
-0.14663252234458923
-0.4744183421134949
0.36891648173332214
-0.00228135590441525
-0.06792008876800537
-0.025399649515748024
-0.470308393239975
-0.09056537598371506
-0.6371021866798401
-1.1564624309539795
-3.136104106903076
3.2964508533477783
0.16011163592338562
-3.090580701828003
1.3502624034881592
0.6359280943870544
-1.5024220943450928
0.2929607033729553
0.23660413920879364
-0.4888353943824768
0.08502242714166641
0.25266528129577637
-0.6308311223983765
0.5460760593414307
0.1364010125398636
0.3906238377094269
-0.5956003665924072
0.6091617345809937
-0.03344721719622612
-0.3030087947845459
-0.02308964729309082
0.2034737765789032
-0.8210417032241821
0.15405452251434326
0.5135517120361328
-0.5282877683639526
0.011097478680312634
-0.15343818068504333
-0.44060343503952026
0.04764745384454727
-0.941224217414856
0.6635595560073853
-0.34179404377937317
-0.048434268683195114
0.15977153182029724
0.5888413190841675
-0.6178910136222839
-0.43030038475990295
0.7170788049697876
-0.3064658045768738
0.07726295292377472
-0.03908741474151611
0.2302943915128708
-0.2808975577354431
-0.7371752858161926
0.16152827441692352
0.14904312789440155
-0.09994213283061981
0.5954742431640625
0.006194067187607288
-0.7561966180801392
0.5056387186050415
-0.1076723113656044
-0.6346451640129089
0.21252994239330292
-0.07773227989673615
0.11397595703601837
0.5078172087669373
0.2922753691673279
0.1254468411207199
0.4569980502128601
0.07734818756580353
-0.3201882541179657
0.304356187582016
-0.05964615195989609
-0.43279752135276794
-0.06254671514034271
0.38153231143951416
-0.054018281400203705
-0.07199456542730331
-0.24615547060966492
-0.1315910965204239
-0.009804409928619862
-0.02226092852652073
0.007222032640129328
0.30521535873413086
0.8304983377456665
-0.6787040829658508
0.36598286032676697
0.36271148920059204
-0.5484845638275146
0.005580449011176825
-0.03794817999005318
0.03850763291120529
-0.18453152477741241
0.08472473919391632
-0.05789077281951904
-0.027865540236234665
-0.0713571161031723
0.4593335688114166
-0.1938612163066864
-0.11395730078220367
-0.026676123961806297
0.4371875822544098
-0.09690169990062714
0.23314359784126282
-0.7435776591300964
0.35223132371902466
-0.4032832682132721
-0.7043353319168091
-1.5925356149673462
2.0162405967712402
-0.15993407368659973
-2.4542157649993896
1.8573919534683228
-0.5550583600997925
-1.1548768281936646
0.7346668839454651
0.5043025016784668
0.27776065468788147
-0.9217096567153931
-0.22777552902698517
-0.0021491050720214844
-0.17308592796325684
0.3463532328605652
-0.03998885303735733
-0.29594889283180237
0.19226980209350586
-0.4110490381717682
0.8005473017692566
-0.9845027923583984
0.3616832196712494
0.1880078762769699
-0.40380391478538513
-0.11158990859985352
-0.107635498046875
-0.26547616720199585
-0.2939547598361969
-0.8162444829940796
-0.4866071343421936
0.4535628855228424
-0.7484528422355652
-0.3456953167915344
-0.08771796524524689
0.11838579177856445
-0.6116437315940857
0.37180295586586
0.17245149612426758
-0.5641344785690308
-0.17271819710731506
0.2127038985490799
-0.6523286700248718
0.8615812063217163
-0.32293733954429626
-0.29515504837036133
0.8307400941848755
-0.3843410611152649
-0.15483812987804413
-0.532502293586731
0.031426332890987396
0.6633527874946594
-0.7318600416183472
-0.4771116375923157
0.06099062040448189
0.5765060186386108
-1.0094903707504272
0.2882271707057953
-0.36487260460853577
-0.6302074790000916
0.5209726095199585
-0.3960579037666321
-0.844687283039093
0.07826890796422958
0.10058822482824326
-0.11117253452539444
0.20171253383159637
-0.541889488697052
-0.3237941265106201
0.05832657963037491
-0.15614041686058044
-0.5391315221786499
0.8666003942489624
-0.4909399151802063
0.011873197741806507
0.09649433940649033
-0.20457974076271057
0.5393694639205933
-0.04062843322753906
-0.17423716187477112
-0.34143418073654175
0.1457877904176712
-0.6083939671516418
0.32371050119400024
0.4529293179512024
-0.15735402703285217
-0.4698387086391449
0.04522294923663139
0.13097599148750305
-0.20894034206867218
0.31008949875831604
-0.03840358182787895
-0.6024753451347351
-0.13862299919128418
0.19790640473365784
0.3486509323120117
0.5299174189567566
-0.5716013312339783
-0.7290083765983582
-0.5608361959457397
-0.7106603980064392
-4.105954170227051
3.089057445526123
0.8746182322502136
-3.7975311279296875
1.3780391216278076
0.6573816537857056
-1.5479350090026855
0.5865797996520996
0.22022394835948944
-0.9699400663375854
-0.02961738035082817
-0.20336779952049255
-0.235470250248909
-0.1397842913866043
0.49501198530197144
-0.12062575668096542
0.49131450057029724
-0.7136822938919067
-0.16317717730998993
0.2710055112838745
0.01927764341235161
-0.3646770119667053
0.15725812315940857
-0.46716856956481934
0.7329621911048889
-0.415479838848114
-0.3042733073234558
0.2500126361846924
-0.3283199667930603
0.23620381951332092
-1.1708587408065796
0.36059796810150146
0.6119756102561951
-0.6663681268692017
-0.4465089738368988
0.8855149149894714
-0.4652201533317566
0.0667184367775917
-0.15228140354156494
0.1823757439851761
0.38079190254211426
-0.6150686144828796
-0.11028443276882172
0.28231263160705566
-0.6936231851577759
0.7234090566635132
-0.18798740208148956
-0.1818186342716217
0.42403221130371094
0.35954809188842773
-0.7949026226997375
-0.04036533832550049
-0.05751848220825195
-0.3644217550754547
0.19440889358520508
0.01036522351205349
-0.2546394467353821
0.12082560360431671
-0.050939060747623444
0.07550258934497833
-0.2153572291135788
-0.390878826379776
0.07448975741863251
0.7380105257034302
-0.23609313368797302
0.4014734625816345
-0.12103946506977081
-0.13268475234508514
-0.3300949037075043
0.6361384987831116
-0.6480711698532104
0.062485985457897186
0.10218185186386108
-0.44975733757019043
-0.3417794108390808
0.28713035583496094
0.24571505188941956
0.15177491307258606
-0.5169792771339417
0.5345801115036011
-0.021613191813230515
-0.32663804292678833
-0.12467652559280396
0.48161792755126953
-0.3590744435787201
-0.1809714138507843
0.19157753884792328
0.30682605504989624
0.2066236287355423
-0.365864098072052
0.02095760777592659
0.0608670599758625
0.3812331557273865
-0.846511721611023
-0.43270644545555115
0.3192850947380066
0.33930477499961853
0.4565151631832123
-0.28623247146606445
-0.8658188581466675
-1.812721610069275
2.4979758262634277
-1.1604297161102295
-2.549006700515747
2.6083767414093018
-1.6516411304473877
-0.4207614064216614
1.5174819231033325
-0.2863175868988037
0.9861830472946167
-1.1923778057098389
0.10287918895483017
0.7265141606330872
-0.8270114660263062
-0.33292388916015625
-0.12147216498851776
0.5660179853439331
-0.1645215004682541
0.08247480541467667
-0.29986533522605896
-0.564361035823822
0.475843608379364
0.017647266387939453
-0.31132131814956665
-0.2057575285434723
0.3640579283237457
0.09148750454187393
-0.258695513010025
-0.0378660187125206
-0.202955961227417
-0.005441904067993164
-0.9825531840324402
0.5332776308059692
0.09321832656860352
-0.9305393099784851
0.36091113090515137
0.3352961540222168
-0.8063710331916809
0.2829562723636627
-0.5276110172271729
-0.14373779296875
-0.406947523355484
0.33233681321144104
-0.17440442740917206
0.01174459420144558
0.5231125354766846
-0.19002088904380798
-0.7738047242164612
0.8654727935791016
-0.8150663375854492
-0.7930504083633423
1.0377651453018188
-0.2819999158382416
-0.5807434320449829
0.11820759624242783
-0.1196800246834755
-0.3409605324268341
-0.326310396194458
0.3403962552547455
0.7374688982963562
-0.995758056640625
0.6815584301948547
-0.2207355499267578
-0.16316278278827667
0.519149661064148
-1.1526529788970947
-0.6956679821014404
0.7892546653747559
-1.026986837387085
0.8287752270698547
-0.1537366360425949
-0.8636112213134766
0.22804825007915497
0.13045990467071533
-0.03200988844037056
-0.6380095481872559
0.5256214141845703
-0.38776761293411255
-0.32528114318847656
0.03137500211596489
-0.8030568957328796
-0.08665446937084198
0.25646668672561646
-0.5421644449234009
0.3123082220554352
0.4586629271507263
-0.680628776550293
0.008137512020766735
0.6675096750259399
-0.7010551691055298
-0.46169185638427734
-0.5936339497566223
-0.41088390350341797
0.7148030996322632
-0.6790552139282227
-0.8925260305404663
-0.12857761979103088
0.04717060178518295
-1.210383653640747
-0.07528369128704071
-4.261266231536865
3.691513776779175
-0.3973936438560486
-2.2910406589508057
0.7788314819335938
0.1440584659576416
-0.9369922876358032
0.00981745682656765
0.2626834511756897
-0.7196314930915833
0.1973523199558258
0.27194303274154663
-0.40588054060935974
0.5961477160453796
-0.15458349883556366
-0.3715117573738098
0.36875006556510925
-0.06007349491119385
-0.6798232197761536
0.4870226979255676
-0.34771713614463806
-0.6320266723632812
0.09056131541728973
-0.46551185846328735
0.2182481586933136
-0.8108404874801636
-0.43680325150489807
0.8622088432312012
-0.46522292494773865
-0.5931218266487122
-0.5085367560386658
-0.2975786328315735
0.395129531621933
0.12855282425880432
-0.6577150821685791
0.22429314255714417
0.021478604525327682
0.22366838157176971
-0.3879254460334778
0.23428435623645782
0.8356033563613892
-0.8553888201713562
-0.8107079267501831
1.2383301258087158
-0.42870545387268066
-0.5677183270454407
0.7146139144897461
0.06284956634044647
0.24988290667533875
0.2193789929151535
0.283948689699173
-0.021559620276093483
0.5399819612503052
-0.16568052768707275
0.0807763934135437
-0.04985017701983452
0.11911816895008087
-0.4198521077632904
0.4973078668117523
0.4452592730522156
-0.17257270216941833
0.43570584058761597
0.46872028708457947
-0.019137678667902946
0.051651883870363235
0.10898947715759277
-0.13457152247428894
0.14491848647594452
0.5648571848869324
-0.6513869166374207
0.5442789196968079
-0.3832632601261139
-0.25883954763412476
0.5977098345756531
-0.12929174304008484
-0.04622481018304825
0.5927793979644775
-0.9321334958076477
0.2844488024711609
0.27427107095718384
-0.10535949468612671
-0.16954128444194794
-0.4169982075691223
-0.2646605968475342
0.45149222016334534
0.1868322491645813
-0.2491643875837326
0.1875467747449875
-0.5693553686141968
-0.1468040645122528
-0.22439420223236084
-0.16192428767681122
0.15990689396858215
-0.1349545419216156
0.18995913863182068
-0.14572006464004517
0.05175568908452988
0.3427569568157196
-0.3151187598705292
-0.7095720767974854
-1.1144012212753296
0.5213470458984375
1.3569450378417969
-3.4639992713928223
2.761199474334717
-0.8933011293411255
-1.3581645488739014
1.0457305908203125
-0.38437706232070923
0.44264307618141174
0.016291523352265358
-0.7052937746047974
0.4053049087524414
-0.7812977433204651
-0.07868242263793945
-0.05201997607946396
0.13529261946678162
-0.22887620329856873
0.20767083764076233
-0.6476843953132629
-0.0537261962890625
1.4109718799591064
-0.3970274329185486
-0.5968637466430664
-0.4666551947593689
0.4192144274711609
0.029734324663877487
0.36222657561302185
-0.1369638442993164
0.02159852907061577
-0.4229156970977783
0.6202813386917114
0.8503761291503906
-0.2317148745059967
-1.0333130359649658
0.5034335851669312
0.4574003219604492
-0.16010913252830505
-0.2550867199897766
-0.1921192705631256
-0.5486747026443481
0.723883330821991
-0.07541485130786896
-0.48200446367263794
-0.2636679708957672
-0.21967843174934387
-0.43504220247268677
0.16242285072803497
0.06929416954517365
-0.49080872535705566
-0.14075970649719238
0.504052996635437
-0.14977817237377167
0.18493187427520752
0.010509634390473366
-0.1948927938938141
0.041268110275268555
0.4910874366760254
-1.1770696640014648
0.8915456533432007
0.038669634610414505
-0.20055833458900452
0.1972779780626297
-0.6462353467941284
0.5347155928611755
-0.24488799273967743
-0.6021219491958618
-0.7999663352966309
0.2341034859418869
-0.38180842995643616
-0.3542044162750244
0.6603913307189941
-0.5043716430664062
-0.6482215523719788
0.6927483677864075
0.6356891393661499
-0.5501022338867188
0.724059522151947
-0.19548216462135315
-0.434047132730484
0.011179757304489613
0.006329065654426813
0.03532068803906441
-1.0070632696151733
0.5888749361038208
0.3128523826599121
-0.8276187777519226
0.2668944299221039
0.02894744835793972
-0.2597416043281555
-0.09710729122161865
-0.0977218896150589
-0.4217197299003601
-0.06550153344869614
-0.2644326090812683
0.033198218792676926
-0.10686526447534561
-0.08679573237895966
-0.6314567923545837
-0.33166080713272095
-2.5637969970703125
0.7851543426513672
0.3086049258708954
-1.3932609558105469
-0.6951555013656616
1.4180951118469238
-1.4360439777374268
-0.09920792281627655
0.386182963848114
-0.37977319955825806
-0.10437697172164917
0.29983800649642944
-0.5898556709289551
0.09827613830566406
0.15404245257377625
0.2531752288341522
0.0728478878736496
-0.2234664261341095
-0.44327592849731445
0.39168715476989746
-0.6452242732048035
0.2733558118343353
-0.2644422650337219
-0.055542755872011185
0.3583274781703949
-0.880864143371582
-0.5501453876495361
0.6488591432571411
-0.07475519180297852
-0.26377248764038086
-1.3546006679534912
0.16291722655296326
0.5831849575042725
-0.3559499680995941
-0.261475145816803
0.1334400177001953
-0.057439327239990234
0.0245345588773489
-0.26588135957717896
0.20966772735118866
1.1202691793441772
-0.6763887405395508
-0.3847302794456482
0.7612197995185852
-0.5213461518287659
-0.11126307398080826
0.6523771286010742
-0.3164480924606323
0.2676745057106018
0.37311312556266785
0.047554753720760345
-0.542967677116394
0.467974990606308
0.21173200011253357
-0.5188616514205933
0.7873307466506958
-0.18110819160938263
0.24509310722351074
0.025400329381227493
0.11366858333349228
-0.22222666442394257
0.3897581398487091
0.1512426733970642
-0.7185015678405762
0.4474868178367615
-0.7588762640953064
0.09654426574707031
0.053136229515075684
-0.3230157494544983
0.09982822090387344
-0.30454882979393005
-0.19287465512752533
0.17049643397331238
0.34423351287841797
-0.10925837606191635
0.14260855317115784
-0.06908278167247772
-0.06502038240432739
0.03646116331219673
-0.10779911279678345
0.031629156321287155
-0.14911210536956787
0.08952553570270538
0.04371215030550957
0.05475635454058647
-0.2950762212276459
0.2769569754600525
-0.13079941272735596
0.239002987742424
-0.03464080020785332
0.15217792987823486
0.04574878141283989
0.010739505290985107
-0.1844027042388916
0.0019384026527404785
-0.17735274136066437
-0.26303771138191223
0.2798965871334076
-0.5308724641799927
-0.8947507739067078
-1.4657466411590576
2.726017713546753
-0.7592288255691528
-3.3828647136688232
2.8695995807647705
-1.040890097618103
-1.1377747058868408
1.1085264682769775
-0.36644792556762695
0.780403733253479
-0.9443241357803345
0.3966950476169586
0.005543374922126532
-0.5884353518486023
0.40899747610092163
-0.34447285532951355
-0.9305615425109863
-0.1032305508852005
0.03960542753338814
0.06155891343951225
-0.548251748085022
0.04834108427166939
-0.16417713463306427
-0.6795941591262817
0.38616490364074707
0.04601592943072319
-1.3661085367202759
0.5637475252151489
-0.225785493850708
-0.309524804353714
0.27427053451538086
-1.3867719173431396
0.017611121758818626
0.02514967881143093
-0.06596703827381134
-0.04360241815447807
-0.12646059691905975
-0.5360767841339111
-0.06957335770130157
0.28458255529403687
-0.07615794986486435
0.1815154105424881
0.1118590384721756
0.11400852352380753
-0.6506199240684509
0.3777373433113098
-0.08890719711780548
-0.6710454821586609
0.16825728118419647
0.08834953606128693
-0.31834036111831665
-0.4836706221103668
-0.4789944589138031
0.23207278549671173
0.28791293501853943
-0.7021270990371704
0.22001810371875763
-0.03571658208966255
-0.5389761328697205
-0.29331254959106445
0.05773668363690376
0.46788811683654785
-0.12777051329612732
-0.33260947465896606
-0.28057989478111267
0.35250964760780334
-0.44135794043540955
0.3711179494857788
-0.42071324586868286
0.28088584542274475
0.17011642456054688
-0.8720139265060425
0.1758228987455368
-0.08411936461925507
-1.034205675125122
0.09272847324609756
0.43786540627479553
-0.09714476764202118
0.37387529015541077
-0.9186938405036926
-0.8605384826660156
0.3616511821746826
-0.12423527240753174
0.07292578369379044
0.06770689785480499
-0.89740389585495
0.35487011075019836
-0.6202400326728821
-0.4400458335876465
0.5845032930374146
-0.9189807772636414
-0.7845470309257507
0.4237458109855652
0.06744976341724396
-0.4646373391151428
-0.23169036209583282
0.015013432130217552
0.5799574255943298
-0.616778552532196
-0.10139638185501099
-2.868356704711914
0.4759038984775543
0.860477089881897
-2.4449973106384277
0.652403712272644
0.5239584445953369
-1.5867865085601807
0.14540627598762512
0.3716641664505005
-0.5726038813591003
0.5127078294754028
-0.011881756596267223
-0.11484289169311523
0.055928755551576614
0.17079758644104004
0.3731740117073059
-0.12818433344364166
-0.32715967297554016
0.35316726565361023
-0.22569210827350616
-0.11551044136285782
0.26090502738952637
-0.2781617045402527
0.027036499232053757
-0.048552632331848145
-0.24641939997673035
-0.49560707807540894
0.44742363691329956
-0.1912594735622406
-0.08499801158905029
0.2939736247062683
-0.7088807225227356
0.7769523859024048
0.3748413026332855
-0.9881328344345093
-0.677580714225769
0.4651579260826111
-0.2396647036075592
-0.10471440851688385
0.1677662879228592
0.38533735275268555
-0.4105910360813141
-0.26101818680763245
0.5766892433166504
-0.2864047884941101
0.2531248927116394
0.27550411224365234
0.2913908362388611
0.24607570469379425
-0.8873480558395386
0.30368438363075256
0.0032655238173902035
0.28407102823257446
0.10650110244750977
-0.23251047730445862
0.46506714820861816
0.40339604020118713
-0.5775793790817261
0.5062557458877563
-0.1053600087761879
-0.7296841144561768
0.6169408559799194
-0.7155567407608032
0.576442539691925
0.25520551204681396
-0.27585405111312866
-0.093974769115448
0.1998436003923416
-0.9156939387321472
0.6172147989273071
-0.41333404183387756
-0.049801457673311234
0.1485169231891632
0.2315398007631302
0.4845695495605469
0.27656084299087524
-0.039530087262392044
0.2308695763349533
0.2048644721508026
0.4848054349422455
-0.23772616684436798
-0.13515937328338623
0.4701310992240906
-0.11030405759811401
-0.2521125376224518
0.43562641739845276
0.5802624821662903
-0.15584246814250946
0.08297673612833023
-0.18144309520721436
0.3365840017795563
0.29997652769088745
0.3523082137107849
-0.17129598557949066
0.5262255668640137
-0.691020131111145
0.558333158493042
-0.2534340023994446
0.026371508836746216
-0.1904079020023346
-2.1141645908355713
2.631804943084717
-0.39913854002952576
-2.2219574451446533
2.1491832733154297
-1.117289423942566
-0.8888140916824341
0.9230149984359741
-0.9248543977737427
0.23081985116004944
-0.2602960169315338
0.08969683945178986
-0.7255673408508301
-0.3499375879764557
0.5649555325508118
-0.1303671896457672
0.12419776618480682
0.17001251876354218
-0.034722138196229935
-0.06682238727807999
-0.03632030636072159
-0.3764195442199707
0.06193862110376358
0.3279450535774231
0.173272043466568
-0.5052048563957214
0.1748954802751541
-0.016690682619810104
0.13488683104515076
-0.24611525237560272
0.34409961104393005
-0.008490371517837048
-0.4844091534614563
0.14751558005809784
0.018473338335752487
0.3395141661167145
-0.9303096532821655
0.13423895835876465
-0.5302533507347107
0.4679188132286072
-0.0778430923819542
-0.4176664352416992
0.3912867605686188
-0.35844749212265015
-0.32995539903640747
-0.005106925964355469
-0.2529054284095764
-1.0236716270446777
-0.399930477142334
0.2826054096221924
-0.44874054193496704
-0.1258397102355957
0.11365652084350586
-0.470386803150177
0.4043082296848297
-0.5556929707527161
-0.13653989136219025
0.8988723754882812
-0.9850541949272156
-0.18945932388305664
0.6805070042610168
-0.9001544117927551
0.7746087908744812
-0.6135691404342651
0.16854910552501678
0.1833648681640625
-0.5748252868652344
-0.5965511798858643
0.0075834752060472965
0.11548886448144913
-1.1579747200012207
0.3620314598083496
0.02613692358136177
-0.6123954057693481
0.29411473870277405
-0.11538104712963104
-0.13781850039958954
0.16571886837482452
0.19782209396362305
0.17890429496765137
-0.5684789419174194
0.0069427490234375
-0.8940166234970093
0.5834478735923767
-0.013750528916716576
-0.47575458884239197
0.1674402505159378
-0.9865323901176453
0.4673489034175873
0.4538577198982239
-0.5021204948425293
-0.4262775480747223
0.4190097451210022
-1.1130571365356445
-0.12851545214653015
0.1810929924249649
-1.3018786907196045
0.055805422365665436
0.3725370168685913
-0.29104676842689514
-3.2477118968963623
0.9090256690979004
0.8471102714538574
-2.0445828437805176
0.3173525333404541
0.9753810167312622
-1.5562782287597656
0.6206583976745605
-0.2901462912559509
-0.5583465099334717
0.8288936614990234
-0.48567238450050354
-0.136086106300354
-0.4090804159641266
0.5059048533439636
0.22931382060050964
-0.06733622401952744
0.023306816816329956
-0.07961069047451019
0.15709060430526733
-0.17665627598762512
-0.06744365394115448
-0.03988945484161377
-0.1374112367630005
0.04407346248626709
-1.19081711769104
-0.33639368414878845
0.3150796592235565
-0.5864130258560181
-0.5040220618247986
0.21228256821632385
-0.09735119342803955
0.5399484634399414
0.38620665669441223
-1.0722014904022217
-0.7192288637161255
-0.05133802816271782
-0.06857015937566757
0.0721595287322998
-0.029980206862092018
0.7714506387710571
-0.29654738306999207
-0.24160802364349365
0.04994409158825874
0.037881623953580856
-0.17253819108009338
0.6283342838287354
-0.1441505253314972
0.40417376160621643
-0.4712703824043274
-0.41609278321266174
-0.29258203506469727
-0.13012489676475525
0.41147661209106445
0.06816808134317398
0.057193078100681305
0.15943996608257294
0.46097463369369507
-0.20822134613990784
0.1676468700170517
-0.36433807015419006
0.30755433440208435
0.18001887202262878
-0.439220666885376
-0.6058017015457153
-0.07607857137918472
0.730303943157196
-0.1696031242609024
-0.03290684148669243
-0.32406163215637207
-0.1028381809592247
0.07074238359928131
0.4974815249443054
0.16426734626293182
-0.24491342902183533
0.6865099668502808
-0.6186264753341675
-0.4794199466705322
1.0666930675506592
-0.44794735312461853
0.2794936001300812
-0.1407793015241623
0.17160946130752563
-0.12070828676223755
0.22352728247642517
0.0018462538719177246
0.09398714452981949
0.0374576672911644
-0.01620817743241787
0.01602068543434143
-0.07432384788990021
-0.3356848359107971
-0.16439954936504364
-0.009368794970214367
0.052494071424007416
0.06826937198638916
0.28986304998397827
-0.7432554960250854
-0.18908831477165222
-0.7402364015579224
-2.7997336387634277
2.940488338470459
0.021939659491181374
-2.1976256370544434
1.063796043395996
-0.7577829360961914
-0.2636181712150574
1.314874291419983
-0.13767924904823303
-1.0113760232925415
0.0548921599984169
0.18127641081809998
0.34230393171310425
-0.31698644161224365
-0.39148369431495667
0.3341711163520813
-0.34477105736732483
-0.3371029794216156
-0.516363263130188
0.18864603340625763
0.3149929940700531
-0.39140018820762634
-0.157822847366333
0.3675708770751953
-0.09721608459949493
-1.5235860347747803
0.13226023316383362
0.47651010751724243
-0.6005926132202148
0.1774463653564453
-0.5901623964309692
0.2695249021053314
-0.13437695801258087
-0.9511030316352844
0.3883388042449951
0.2851787507534027
-0.07568855583667755
0.21743778884410858
-0.022443771362304688
0.019661521539092064
0.6573456525802612
0.1907270848751068
-0.4972802996635437
0.10733632743358612
-0.7989007234573364
1.3058286905288696
-0.0027172088157385588
-0.37517786026000977
0.3599167466163635
0.036241672933101654
-0.46823596954345703
0.12347068637609482
-0.6356557011604309
0.35858431458473206
-0.6946336030960083
-0.08951437473297119
0.5676285028457642
-0.6065070629119873
-0.38154762983322144
-0.1690874993801117
0.0075724124908447266
0.5604890584945679
-0.00011773109144996852
-0.8439489603042603
0.596261203289032
-0.6676780581474304
0.21274594962596893
0.26900821924209595
0.2628832459449768
-0.17235270142555237
-0.5813590288162231
-0.013615799136459827
0.21941041946411133
-0.23790951073169708
0.12575674057006836
-0.22475853562355042
-0.6542149782180786
0.04627709463238716
-0.17800411581993103
-0.9283124804496765
0.3579276204109192
-0.6560581922531128
0.1711566001176834
0.40575695037841797
-0.41560864448547363
-0.5429065227508545
-0.3526154160499573
0.386140912771225
-0.31569305062294006
0.4448149800300598
-0.27778369188308716
0.38936954736709595
-0.057258009910583496
-0.5129709243774414
-0.37049025297164917
-0.09370515495538712
0.11795332282781601
-1.182532548904419
0.2864759564399719
-0.3346061706542969
-3.0151638984680176
0.6870192289352417
0.3901117444038391
-1.73721182346344
-0.24802923202514648
1.4002406597137451
-1.5920032262802124
-0.28118252754211426
0.734040379524231
-0.4397760033607483
-0.2714335322380066
0.43622860312461853
-0.44774380326271057
-0.07717232406139374
0.46770915389060974
0.27941957116127014
-0.4539793133735657
-0.06334147602319717
0.20252728462219238
-0.4078134596347809
0.05500004440546036
0.10234484821557999
-0.4701541066169739
0.11478500068187714
-0.04925651475787163
-0.7374904751777649
-0.6508444547653198
0.7441404461860657
-0.10693947970867157
0.06821344792842865
-0.20613494515419006
-0.17519263923168182
1.0180246829986572
0.09497733414173126
-1.1963677406311035
-0.45579004287719727
0.32253187894821167
-0.02512993849813938
0.19799070060253143
-0.21665792167186737
0.4252549111843109
-0.49405771493911743
-0.5273899435997009
0.35933932662010193
-0.21664270758628845
-0.12124378979206085
0.6846631765365601
-0.3091811537742615
-0.08646704256534576
0.1628381758928299
-0.21317055821418762
-0.784165620803833
0.7655209302902222
-0.20514443516731262
0.04559028148651123
0.06025340408086777
-0.02258402109146118
0.06487525999546051
0.18524225056171417
-0.17100289463996887
0.10767686367034912
0.03251693397760391
-0.49727964401245117
0.5030389428138733
0.10937009006738663
-0.5390530228614807
0.12750819325447083
0.5029650330543518
0.4436132311820984
-0.532782256603241
-0.4643784463405609
0.553739607334137
0.12569336593151093
0.486381858587265
-0.012538671493530273
0.19624707102775574
0.3289104700088501
-0.33402949571609497
0.3004729747772217
-0.2354392260313034
-0.042937345802783966
0.5682869553565979
-0.1326533704996109
0.44123849272727966
-0.013759898953139782
0.13250315189361572
-0.21228256821632385
0.002524283481761813
-0.274172306060791
0.5573229789733887
-0.30017027258872986
-0.12342175096273422
0.3373664319515228
-0.4442240297794342
0.10553920269012451
0.19585676491260529
0.12540575861930847
0.5313675403594971
-0.4902765154838562
