-0.7542300224304199
-0.7542300224304199
1.833154320716858
0.8987696766853333
-1.1355440616607666
-0.4448413848876953
0.7504599094390869
0.24381980299949646
0.07677632570266724
0.1066952720284462
0.1736413538455963
-0.22323861718177795
0.48861393332481384
-0.08388681709766388
0.5421891808509827
-0.3139273226261139
0.6864703893661499
0.010050857439637184
-0.3584718406200409
0.2799009382724762
0.9904481768608093
-0.7459144592285156
0.1645534485578537
0.5587396621704102
-0.2810313105583191
0.20982599258422852
0.11587846279144287
-0.032170724123716354
0.32418134808540344
-0.3534788489341736
0.4198088049888611
-0.271060585975647
0.04883997514843941
-0.09828810393810272
0.18177732825279236
0.1336410492658615
-0.3526638448238373
0.6460450291633606
0.000970435154158622
-0.1428835690021515
-0.3076722025871277
0.4935262203216553
0.31717437505722046
-0.4404779374599457
-0.11990179866552353
0.3366364538669586
0.2926064133644104
0.059970736503601074
-0.49959009885787964
-0.16406822204589844
0.1917397528886795
0.12046565860509872
-0.3085925281047821
0.026502346619963646
-0.00362832541577518
-0.5002464056015015
0.23193693161010742
0.5213926434516907
-0.42749500274658203
-0.5109538435935974
0.811345100402832
-0.5156300663948059
-0.12032699584960938
-0.022553443908691406
0.48482275009155273
-0.08204072713851929
-1.1972206830978394
0.6394616961479187
0.195786714553833
-0.4179142117500305
-0.19269506633281708
-0.24175778031349182
0.7244065999984741
-0.6688308119773865
-0.09910287708044052
-0.1625548154115677
0.24571093916893005
0.11103743314743042
-0.428652286529541
-0.1992805302143097
-0.27962973713874817
0.1872616708278656
0.13045461475849152
-0.20669308304786682
-0.2767128348350525
-0.21934714913368225
0.1215292364358902
-0.015491259284317493
-0.46108612418174744
0.021164417266845703
0.12141315639019012
-0.11521154642105103
0.012940836139023304
-0.2047882080078125
0.1517166793346405
-0.42580777406692505
-0.2801147997379303
0.7126380205154419
-0.46042853593826294
-0.1691453605890274
0.08024370670318604
-1.9957482814788818
5.776636600494385
-3.396716594696045
-5.883176803588867
4.755802154541016
-0.40489673614501953
-2.0775692462921143
2.010721445083618
0.9311473965644836
-0.7974978089332581
-0.4052814841270447
0.561952531337738
-0.22888317704200745
0.1557183712720871
-0.07461734116077423
0.099054716527462
-0.04090719297528267
0.014258289709687233
0.00870590191334486
-0.10517094284296036
0.3277225196361542
-0.05194873735308647
-0.08823695033788681
0.1624073088169098
-0.11172442138195038
0.07258987426757812
-0.06612677872180939
0.03491654247045517
-0.038018085062503815
-0.06285975128412247
0.06060664728283882
-0.030526017770171165
0.17264576256275177
-0.21585026383399963
0.03639698028564453
0.14350338280200958
-0.0505446195602417
0.19739894568920135
0.10908999294042587
-0.04848279803991318
0.1351935863494873
0.045539237558841705
-0.11887283623218536
-0.10392723232507706
0.11090926826000214
-0.1733776330947876
0.21554720401763916
0.046381425112485886
-0.07168097794055939
0.07109985500574112
0.030375909060239792
-0.04292011260986328
-0.027724027633666992
-0.04548001289367676
0.18925723433494568
-0.13014617562294006
0.20259849727153778
0.1985791027545929
0.03565063327550888
-0.22905755043029785
0.026838969439268112
0.2848314642906189
-0.1758825033903122
0.08030705153942108
-0.289326012134552
0.025353049859404564
0.07699785381555557
-0.11610288918018341
-0.09728856384754181
-0.1934642344713211
-0.055948637425899506
0.48130592703819275
-0.04649834707379341
-0.018573332577943802
0.21116895973682404
0.30188506841659546
0.2116278111934662
-0.29641032218933105
-0.14618849754333496
-0.12538012862205505
0.16855557262897491
0.0770423412322998
-0.1460864245891571
0.19343984127044678
0.24983730912208557
-0.24501247704029083
-0.11485309898853302
0.08394274860620499
0.22394414246082306
-0.2570045292377472
0.2824479639530182
-0.38260164856910706
-0.04733448103070259
-0.2686763405799866
0.3257095217704773
-0.11412100493907928
0.07827155292034149
0.284804105758667
0.07289967685937881
-0.22830119729042053
-0.07938971370458603
2.995598077774048
-0.8565565347671509
0.8081064224243164
1.3756425380706787
-0.39406561851501465
0.20648975670337677
0.25133466720581055
0.035680122673511505
0.2350272238254547
0.24681544303894043
0.19413331151008606
0.05984652042388916
0.4564439654350281
-0.24832770228385925
0.68150794506073
-0.3318769931793213
0.3744474947452545
0.18468895554542542
-0.1099236011505127
0.35265612602233887
0.5029455423355103
-0.23887792229652405
-0.02544569969177246
0.30140990018844604
-0.07493984699249268
0.41165590286254883
-0.1480705440044403
0.0554516538977623
0.09384741634130478
0.3774147629737854
-0.0298368688672781
0.1966734379529953
-0.0872185230255127
0.5182099938392639
-0.4646177291870117
0.03435225412249565
0.7564564943313599
-0.23962005972862244
-0.12019143253564835
0.26655304431915283
-0.19944879412651062
0.13374479115009308
-0.14623761177062988
-0.011105013079941273
0.3665938377380371
0.08570685237646103
0.09995601326227188
-0.15566156804561615
-0.3990580439567566
0.4100441038608551
0.10683465003967285
-0.29113438725471497
0.22959697246551514
0.008701717481017113
-0.5210526585578918
0.2267899215221405
0.014726328663527966
0.11457765102386475
-0.11407022178173065
0.17108437418937683
-0.2466675043106079
-0.21907298266887665
0.35826343297958374
-0.513059139251709
0.24253325164318085
-0.33815431594848633
0.39988794922828674
-0.34666210412979126
-0.11924837529659271
-0.33895087242126465
0.663663923740387
-0.4347940981388092
-0.16051888465881348
0.21323063969612122
-0.3864937424659729
0.02872333861887455
-0.10217249393463135
0.25754937529563904
-0.48424744606018066
0.28416603803634644
0.08811704069375992
-0.11305618286132812
-0.08000127226114273
-0.25696420669555664
0.12959463894367218
-0.5680583715438843
0.02777780592441559
0.28465041518211365
0.012978315353393555
-0.5848811864852905
0.16327695548534393
-0.11219029128551483
0.07535841315984726
-0.034409068524837494
-0.03591358661651611
-0.15568839013576508
0.21976551413536072
-0.172247976064682
-0.3021792769432068
0.19410014152526855
0.44827231764793396
-2.3560657501220703
3.058560609817505
-1.9230892658233643
-0.3568266034126282
-0.13275590538978577
0.6727175712585449
0.10814070701599121
-0.42633873224258423
-0.08805394172668457
0.17000499367713928
0.1646922528743744
0.02721409872174263
-0.27082568407058716
0.23868823051452637
0.3286117911338806
-0.08935046195983887
-0.016081953421235085
-0.04923748970031738
-0.0250520221889019
0.15977811813354492
0.04229378700256348
0.04705190658569336
-0.027921389788389206
0.14769525825977325
0.2214771807193756
0.08201880753040314
0.21875841915607452
-0.0043392181396484375
0.0817587822675705
0.19034028053283691
-0.11053194850683212
0.2633598744869232
0.1759829819202423
0.13552574813365936
-0.07129211723804474
0.18972007930278778
0.072628453373909
-0.22780533134937286
0.12018322944641113
0.18073928356170654
-0.1021416187286377
-0.0022593021858483553
-0.0818578228354454
0.16458013653755188
0.24921493232250214
0.11898688971996307
-0.21742276847362518
0.007812547497451305
0.08070411533117294
0.12779565155506134
-0.08950839191675186
0.0525769479572773
-0.030963372439146042
0.04876313358545303
-0.26026099920272827
0.26916685700416565
-0.19720177352428436
-0.04477415233850479
-0.2974623739719391
0.059389449656009674
0.13435927033424377
-0.15935321152210236
-0.06406700611114502
0.020336341112852097
0.08506951481103897
0.2475435733795166
-0.08943405002355576
0.040781356394290924
0.06689967960119247
-0.038976382464170456
-0.2743050456047058
0.14681687951087952
0.27050796151161194
-0.43902310729026794
0.2787097692489624
0.025473451241850853
-0.08122949302196503
0.2239430844783783
0.25999680161476135
-0.02475876733660698
-0.05782628059387207
-0.17957548797130585
0.32331401109695435
-0.028858661651611328
0.03802447393536568
0.2051953822374344
-0.5666569471359253
0.300933301448822
-0.0551254041492939
0.40719684958457947
-0.22597265243530273
0.238307923078537
0.11835465580224991
0.12595386803150177
-0.1254705935716629
0.1346966028213501
0.22552716732025146
0.08216805756092072
-1.3919005393981934
6.079143524169922
-1.2828096151351929
-1.3929580450057983
1.457727074623108
0.6534156799316406
0.20633837580680847
-0.1901150941848755
-0.04047136381268501
0.7004786133766174
-0.09895610064268112
0.10343705117702484
0.08953137695789337
-0.031925369054079056
0.49333134293556213
0.3124913275241852
0.05983917787671089
-0.19275932013988495
0.04307253286242485
0.4751419126987457
-0.08322884887456894
-0.058207251131534576
0.33874648809432983
-0.08156392723321915
0.17427901923656464
-0.07539484649896622
-0.12551116943359375
0.45793381333351135
-0.3547733724117279
0.6694521307945251
-0.222895547747612
-0.313251793384552
0.009725379757583141
0.6776235699653625
-0.5110858082771301
0.1512773483991623
-0.02711961232125759
0.2994169592857361
-0.5585238933563232
0.3461974263191223
0.36836308240890503
-0.3335171937942505
0.11721210181713104
0.07752599567174911
0.07763161510229111
-0.3162649869918823
0.4855475425720215
-0.09676249325275421
0.04778864234685898
0.06004195287823677
-0.01967066526412964
-0.22187252342700958
-0.29734671115875244
0.20732907950878143
0.08129437267780304
-0.1753844916820526
-0.11812324821949005
-0.06717326492071152
-0.007114625070244074
-0.032504916191101074
0.0942373052239418
-0.21979181468486786
-0.030492138117551804
-0.33815476298332214
0.040303684771060944
0.11667783558368683
0.007717311382293701
-0.7528027296066284
0.27677667140960693
-0.2070130854845047
0.3126524090766907
-0.3798617720603943
0.11423033475875854
-0.07321272790431976
-0.34311583638191223
-0.4405273497104645
0.4422728419303894
-0.37275683879852295
0.004725960083305836
-0.3804737627506256
0.10591037571430206
0.15412196516990662
-0.6793586015701294
0.5958635210990906
-0.5758604407310486
-0.00384540855884552
0.007476734928786755
-0.5262832641601562
0.36210718750953674
-0.2277403324842453
-0.23073768615722656
0.05291278287768364
0.18119680881500244
-0.1500917673110962
-0.0786127820611
-0.26789379119873047
-0.08260111510753632
0.2002907246351242
-0.3637254536151886
-0.03803743049502373
0.4133685231208801
0.1446492224931717
-2.1788482666015625
3.3794758319854736
-2.4212801456451416
-0.03468986600637436
-0.5746846795082092
1.0166927576065063
-0.15146660804748535
-0.298302561044693
0.08116920292377472
0.2972957491874695
-0.20523686707019806
0.10034499317407608
0.061394356191158295
-0.14744338393211365
0.07683739811182022
-0.03983747959136963
0.05932333320379257
-0.06082630157470703
0.14310231804847717
0.007025098893791437
-0.15712690353393555
0.03260762616991997
0.3840806484222412
-0.38105446100234985
-0.13809947669506073
-0.24760742485523224
0.2606044113636017
0.19189099967479706
0.08355097472667694
-0.01750178262591362
0.26734641194343567
0.07849030196666718
0.05068717151880264
-0.38703012466430664
0.1592102348804474
0.02746260166168213
-0.06374921649694443
0.19862854480743408
0.13607218861579895
-0.07406773418188095
0.08819659054279327
0.09264655411243439
-0.20137915015220642
0.1587839424610138
-0.2126699686050415
-0.1026758924126625
0.2650001645088196
-0.21216396987438202
0.11699824035167694
0.19303154945373535
-0.2848338186740875
-0.09709520637989044
0.06513259559869766
0.08155171573162079
0.030667925253510475
-0.14682519435882568
0.001987505005672574
0.007080554962158203
0.11693616211414337
0.09455585479736328
-0.3262415826320648
0.14428913593292236
0.07730726897716522
-0.03544940799474716
-0.1543034315109253
0.3339294195175171
-0.07844033092260361
-0.15901526808738708
0.1975814402103424
0.0025682926643639803
0.22808818519115448
-0.42416372895240784
0.1702379286289215
-0.04576439782977104
0.07512708008289337
-0.41492193937301636
0.050684403628110886
0.020670032128691673
-0.2850297689437866
0.13682368397712708
-0.006343030836433172
-0.02027881145477295
-0.32711711525917053
0.25883424282073975
-0.29635292291641235
0.20362290740013123
-0.39289507269859314
0.508709192276001
-0.6317713260650635
0.01004948653280735
-0.10256614536046982
-0.17953746020793915
0.33988267183303833
-0.449749618768692
0.23625770211219788
-0.19794531166553497
-0.06375198066234589
-0.19268488883972168
-0.0430818572640419
2.926039218902588
-1.0720860958099365
0.8627074956893921
1.4329195022583008
-0.5431488156318665
0.1008002758026123
0.42545008659362793
-0.2254432886838913
0.3906067907810211
0.23108860850334167
0.2170223742723465
-0.276120662689209
0.5221222639083862
0.2333429604768753
-0.3692733645439148
0.16289210319519043
0.4887135624885559
-0.09864595532417297
0.1453939974308014
-0.05314800888299942
0.23917314410209656
-0.14221005141735077
0.21121075749397278
0.2103162705898285
-0.21287545561790466
0.1343131959438324
0.37798991799354553
0.1812196522951126
-0.22050884366035461
-0.06279482692480087
0.4194611608982086
-0.06278147548437119
0.13072672486305237
-0.3163098692893982
0.4074110984802246
-0.03667471557855606
-0.1555974930524826
0.21885399520397186
0.11512219905853271
-0.06944284588098526
-0.3896474838256836
0.16765861213207245
0.11832926422357559
-0.3001890480518341
0.13210482895374298
-0.07938790321350098
0.2299390733242035
-0.2567395269870758
0.3530649244785309
-0.6139348149299622
0.4657956063747406
-0.24227747321128845
-0.22971324622631073
-0.03866281360387802
-0.10652854293584824
0.06456923484802246
0.023610830307006836
0.2310127466917038
-0.39626672863960266
-0.3577980697154999
0.20230300724506378
-0.2901749014854431
0.13295161724090576
-0.09629537165164948
-0.42890986800193787
0.17817972600460052
0.21731825172901154
-0.08923331648111343
-0.3750598728656769
-0.2990803122520447
0.05536884069442749
0.23164872825145721
-0.07464544475078583
-0.8007782101631165
0.08010145276784897
0.45228004455566406
-0.3810606598854065
-0.13235625624656677
0.00685508269816637
-0.23874787986278534
0.33306723833084106
-0.23801788687705994
-0.12601040303707123
-0.22774848341941833
0.317660391330719
-0.14364668726921082
-0.5991311073303223
0.1573374718427658
0.12378473579883575
0.06182726472616196
-0.1290309876203537
-0.37754490971565247
0.28902512788772583
0.21214930713176727
-0.35721126198768616
-0.24697177112102509
0.3185737729072571
-0.07822827994823456
-0.3859006464481354
0.5993831753730774
-1.1036434173583984
-0.02493598498404026
1.4047092199325562
-1.9496803283691406
0.2815910279750824
-0.25047844648361206
0.2618366777896881
-0.054352473467588425
0.08556020259857178
0.16310079395771027
0.275625079870224
-0.37652531266212463
-0.0738670825958252
0.2361447513103485
0.060190487653017044
-0.10466375201940536
0.06799998134374619
0.028987836092710495
0.05417444556951523
0.0012152909766882658
-0.32907238602638245
0.2057655155658722
0.13109926879405975
0.11703195422887802
-0.2551151216030121
0.33660033345222473
-0.07755470275878906
0.08340434730052948
0.09516775608062744
-0.13276509940624237
0.2419634610414505
0.27038902044296265
-0.21043749153614044
-0.1298270970582962
0.02019810676574707
0.3533584773540497
-0.10842575877904892
0.2462843358516693
0.17217183113098145
-0.039080142974853516
-0.0897543877363205
-0.08297405391931534
0.16358375549316406
-0.01649918593466282
0.010905194096267223
0.35546261072158813
-0.10174980014562607
0.08370790630578995
0.14479056000709534
-0.035647012293338776
-0.23534664511680603
0.04744594171643257
-0.033234596252441406
0.39822953939437866
0.0647297352552414
-0.15629920363426208
0.011639833450317383
0.0157625675201416
0.1736164093017578
-0.004728985019028187
0.05334024503827095
0.037551164627075195
-0.305664598941803
0.04507143422961235
0.2650979161262512
-0.21401171386241913
0.34372490644454956
-0.10860614478588104
-0.221208855509758
-0.05405788496136665
0.256451278924942
-0.4112203121185303
0.07920761406421661
-0.09319953620433807
-0.2476908266544342
-0.048098135739564896
0.0994950532913208
0.08782081305980682
-0.33656442165374756
0.13378946483135223
0.13809089362621307
0.06523718684911728
-0.04913463443517685
0.10885705798864365
0.1607028990983963
-0.17984232306480408
-0.18114586174488068
-0.2843417227268219
0.04950752109289169
-0.05970416218042374
0.04196281358599663
0.09472699463367462
0.0719490498304367
0.536059558391571
-0.27508941292762756
-0.06635455787181854
0.0935652032494545
0.1661292016506195
0.01645221747457981
0.0432005412876606
2.9111886024475098
-1.198541283607483
0.9265338182449341
1.3591593503952026
-0.3499630391597748
-0.28289347887039185
0.6114608645439148
0.09381388872861862
0.3217770457267761
0.12170026451349258
0.14807653427124023
-0.24440407752990723
0.5643917918205261
0.015890706330537796
-0.06989222764968872
0.2776845395565033
0.13360075652599335
0.1619994193315506
0.08080670982599258
0.18228228390216827
-0.4484553337097168
0.6105321645736694
-0.03591897338628769
0.11993519961833954
0.036608289927244186
0.1122729554772377
0.3381025195121765
0.09999406337738037
-0.30358466506004333
0.04428114742040634
0.44147950410842896
-0.28579607605934143
0.12994208931922913
0.2719302177429199
-0.3658908009529114
-0.14509907364845276
0.18198570609092712
0.48279261589050293
-0.09482316672801971
0.18854114413261414
-0.5019603371620178
0.2314000129699707
0.44888439774513245
-0.3252217173576355
-0.0009086608770303428
-0.07636983692646027
-0.05333452299237251
0.038079310208559036
-0.029143739491701126
-0.007576107978820801
-0.03858332708477974
0.05032858997583389
-0.11906697601079941
-0.28933459520339966
0.31262192130088806
-0.07230484485626221
-0.13508224487304688
-0.02810058556497097
0.001888227416202426
-0.039345502853393555
0.05339968204498291
0.0025077343452721834
-0.3451935350894928
-0.367329478263855
0.4318654537200928
-0.5353935956954956
-0.2044055163860321
0.28044384717941284
-0.25487929582595825
0.046173978596925735
-0.03573795408010483
-0.15859627723693848
-0.2660644054412842
-0.046590544283390045
0.2645705044269562
-0.17807111144065857
-0.1696287989616394
-0.038292109966278076
0.017334867268800735
-0.5004761219024658
0.4515853524208069
0.025196870788931847
-0.5822402834892273
-0.0676708072423935
0.5020055770874023
-0.6277526617050171
-0.44510984420776367
0.13927042484283447
0.32877907156944275
-0.515780508518219
-0.168456569314003
-0.027000833302736282
-0.41056132316589355
0.5297048687934875
-0.2618933320045471
-0.4312514364719391
0.3342248499393463
-0.019043970853090286
-0.5110179781913757
0.5457684993743896
-0.9792623519897461
0.37326398491859436
-2.5157110691070557
3.683666229248047
-2.504840850830078
0.11357662826776505
0.8215376734733582
-0.12809157371520996
-0.08847470581531525
-0.2056378424167633
0.4058688282966614
-0.24675802886486053
0.28278979659080505
-0.21748456358909607
-0.09677819907665253
0.02574312686920166
0.10354602336883545
-0.1843198835849762
0.3679564297199249
0.005295848939567804
-0.1404656618833542
0.008044624701142311
0.007009363267570734
0.2136496603488922
-0.46857142448425293
0.5503919720649719
-0.2504052221775055
0.25504404306411743
-0.148762509226799
0.26380807161331177
-0.23763246834278107
0.07632849365472794
-0.19420194625854492
0.2503884434700012
0.18633809685707092
0.1027618870139122
-0.15430669486522675
0.17341724038124084
-0.19779662787914276
0.03619873523712158
0.24328961968421936
-0.3182901442050934
0.0005268097156658769
0.11592359840869904
0.24743369221687317
0.1817040890455246
-0.10851693153381348
-0.1656198501586914
-0.0405079610645771
0.24717387557029724
-0.041121482849121094
-0.08212070167064667
-0.3601818084716797
0.1578465700149536
-0.00951232947409153
0.038125179708004
-0.2589896321296692
0.22153052687644958
0.2545924782752991
-0.3272066116333008
0.04810290411114693
-0.019960546866059303
0.05364375188946724
-0.17901797592639923
-0.1762843132019043
0.040664054453372955
-0.1385461390018463
-0.04471540451049805
0.23354537785053253
0.1358991116285324
-0.4914955198764801
0.005054282955825329
-0.10360481590032578
-0.12045498192310333
0.06406871974468231
0.13433662056922913
-0.1021667942404747
0.27702897787094116
-0.4410300850868225
0.09556122124195099
0.19000473618507385
0.4324733316898346
0.030950451269745827
-0.06399092823266983
0.13131189346313477
-0.32444867491722107
0.22415709495544434
0.028365278616547585
-0.19661203026771545
-0.041253089904785156
0.011043881997466087
0.12227573245763779
0.20506802201271057
0.21758870780467987
-0.2782641351222992
-0.13790778815746307
0.01699524000287056
-0.15825125575065613
0.2725663185119629
-0.06773276627063751
2.8496806621551514
-1.2254186868667603
1.167749047279358
1.404020071029663
-0.5012828707695007
0.08221828192472458
0.5204991102218628
-0.03786080330610275
0.10101243108510971
0.3172641396522522
0.10027085244655609
0.29446810483932495
0.02460324764251709
0.029929542914032936
0.40731683373451233
0.25396043062210083
-0.20545175671577454
0.25194472074508667
-0.014819490723311901
-0.11917243152856827
0.6912480592727661
0.2970823049545288
-0.19947285950183868
0.27650389075279236
0.05118521302938461
-0.3458431363105774
0.6405823826789856
-0.16004279255867004
0.11436803638935089
-0.12921175360679626
0.3564423620700836
-0.10907821357250214
-0.09116590023040771
-0.014969492331147194
0.5499319434165955
-0.26433148980140686
0.17006555199623108
0.12380673736333847
-0.08250024169683456
-0.12134356796741486
0.22804054617881775
0.09154550731182098
-0.4165395200252533
-0.1771656572818756
0.2882412374019623
-0.19102735817432404
-0.007795763202011585
0.1653016060590744
-0.5796670913696289
0.6519191861152649
-0.45379018783569336
0.12293872982263565
-0.28945618867874146
-0.2505325675010681
0.173153355717659
0.12793520092964172
0.13397088646888733
-0.2619096040725708
-0.13895374536514282
-0.09128648042678833
0.043356943875551224
0.005208849906921387
0.08272667974233627
-0.559742271900177
0.33951976895332336
0.13003996014595032
-0.8187680244445801
0.04614097997546196
0.31646156311035156
-0.27357548475265503
-0.30926066637039185
0.06533429771661758
0.5426374673843384
-0.9649990200996399
0.29554054141044617
-0.2709159553050995
-0.2511940002441406
-0.3131043016910553
0.31746330857276917
-0.1241908073425293
-0.3158281743526459
0.032151199877262115
-0.33203455805778503
-0.1126854419708252
-0.027763713151216507
-0.2205822914838791
-0.012695884332060814
-0.4516207277774811
-0.017179667949676514
0.23235198855400085
-0.269341379404068
0.026578927412629128
-0.01895369216799736
-0.4155697226524353
0.2366320639848709
-0.42153865098953247
-0.20499157905578613
0.3292255103588104
-0.282551109790802
0.30149587988853455
-1.185063362121582
0.3791200518608093
-2.6197216510772705
3.7669243812561035
-2.67130708694458
0.4406503140926361
0.5804706811904907
0.07521023601293564
-0.5550116896629333
0.15471728146076202
0.4224730432033539
-0.2716948986053467
-0.17973268032073975
0.27696388959884644
0.05925331264734268
0.004995203111320734
0.2693793475627899
-0.2792983055114746
0.43833866715431213
-0.12169761955738068
-0.23216481506824493
0.046733953058719635
0.17687173187732697
0.02749032899737358
-0.2462683618068695
-0.2798420786857605
0.31182971596717834
0.31281375885009766
-0.21002420783042908
0.07480287551879883
-0.10407552868127823
0.0467713363468647
0.053314805030822754
0.034127283841371536
-0.14128360152244568
0.19734938442707062
-0.0007963180541992188
0.0032405375968664885
0.030866146087646484
-0.17905697226524353
0.1722627431154251
-0.1199396625161171
-0.24319620430469513
-0.22302882373332977
0.2706053555011749
0.0868593230843544
-0.0848635658621788
0.1187676191329956
-0.08213086426258087
0.03725171089172363
-0.16035246849060059
0.2213979959487915
0.2043410837650299
-0.08061771094799042
0.1027490645647049
-0.1837180107831955
-0.05721747875213623
-0.07765249907970428
0.23052453994750977
0.21239891648292542
-0.30530181527137756
0.09091873466968536
-0.10385837405920029
0.15624871850013733
-0.1768241822719574
0.16237516701221466
0.10734877735376358
0.3311285972595215
-0.14028091728687286
-0.026375627145171165
-0.17785802483558655
0.020285774022340775
0.16718773543834686
-0.33734941482543945
-0.15688271820545197
0.2125815451145172
-0.3703283667564392
0.5334687829017639
0.028966521844267845
0.036928605288267136
0.2702277600765228
-0.386197566986084
-0.3454083800315857
0.1411629170179367
0.29433614015579224
0.0882505401968956
-0.32828837633132935
0.1701844036579132
-0.38651043176651
0.20430047810077667
-0.2899276316165924
0.2974213659763336
-0.07841193675994873
0.47452855110168457
0.04391894489526749
0.01769990846514702
-0.03938689082860947
-0.25808173418045044
0.2553224563598633
1.1143537759780884
1.610805869102478
-1.9618107080459595
2.185012102127075
1.688089370727539
-1.211982011795044
-0.15497180819511414
0.6827747821807861
0.09498582035303116
0.1680547297000885
-0.026064515113830566
0.2901949882507324
0.16767728328704834
0.3625815808773041
-0.24324901401996613
-0.15863609313964844
0.7069267630577087
-0.15433338284492493
0.21262292563915253
-0.024393057450652122
0.2850545048713684
-0.07095830142498016
-0.13669392466545105
0.6216135025024414
0.05380365997552872
-0.22984591126441956
0.3294864296913147
0.11800112575292587
-0.309372216463089
0.5082974433898926
0.014200138859450817
-0.07733495533466339
0.24942760169506073
-0.1299884021282196
-0.11928534507751465
0.5107518434524536
-0.3800655007362366
-0.2564614713191986
0.44904017448425293
-0.3608527183532715
-0.08317947387695312
0.3491354286670685
-0.07997925579547882
-0.08673346042633057
-0.04901857301592827
0.31871944665908813
-0.06822049617767334
-0.35065776109695435
0.18100428581237793
0.20786014199256897
-0.4057771563529968
0.3984105587005615
-0.221180722117424
-0.3380811810493469
0.3752312660217285
-0.20879490673542023
0.019543027505278587
-0.3978358209133148
0.16881541907787323
0.33804428577423096
-0.17184016108512878
-0.1679520159959793
-0.27304524183273315
-0.16811636090278625
0.186171293258667
-0.10529804229736328
-0.2732427716255188
-0.23650407791137695
0.3369705379009247
-0.26114293932914734
0.1780879944562912
-0.0934160053730011
-0.3833809494972229
0.14352360367774963
-0.15515737235546112
-0.12500400841236115
0.30393120646476746
-0.11129514873027802
-0.5888288617134094
0.1649671196937561
0.351816326379776
-0.5914875864982605
-0.05063159018754959
0.09960522502660751
-0.5240542888641357
0.10407650470733643
0.19345541298389435
-0.06010652706027031
-0.5011997222900391
0.4920918941497803
-0.6002210378646851
0.2679594159126282
-0.16106835007667542
-0.3923397660255432
-0.015775609761476517
-0.21067361533641815
0.09663499891757965
0.20734043419361115
-0.28431442379951477
-0.19848573207855225
0.47094202041625977
0.31129035353660583
-2.6660823822021484
3.6969547271728516
-2.512600898742676
0.1715478152036667
-0.4492569863796234
0.469859778881073
0.19595304131507874
-0.4392574429512024
0.08398964256048203
0.23511092364788055
-0.06991109997034073
0.17960307002067566
-0.024747872725129128
0.02040266990661621
0.08951856940984726
-0.22689113020896912
0.0873783603310585
0.24366512894630432
-0.09555058181285858
0.10694761574268341
-0.09560680389404297
0.04228410869836807
0.2207370549440384
0.1485683023929596
-0.1469871550798416
-0.23942196369171143
0.04291520267724991
0.3358369469642639
-0.12074174731969833
-0.11147203296422958
0.014923453330993652
-0.19422940909862518
-0.04301862791180611
0.06338629871606827
0.08404541015625
0.07931523025035858
-0.019487380981445312
0.08434548228979111
-0.05800776556134224
-0.04123985767364502
0.16945958137512207
0.08504078537225723
-0.08900360763072968
0.11245012283325195
-0.1723802089691162
0.19942697882652283
0.037825487554073334
-0.19161872565746307
0.16818633675575256
-0.02980947494506836
0.1442326307296753
0.11413192749023438
-0.2598733901977539
-0.0944424644112587
0.39607399702072144
-0.29569584131240845
-0.20752227306365967
0.45086580514907837
-0.26555007696151733
0.1885232925415039
0.18003758788108826
-0.01949901506304741
-0.16433373093605042
-0.40370041131973267
0.16367344558238983
-0.09092874825000763
0.16126403212547302
-0.42101818323135376
0.0893259048461914
0.01976022683084011
0.15393492579460144
-0.19888663291931152
0.001009178115054965
-0.13551096618175507
-0.0024100779555737972
0.17371229827404022
0.03188643604516983
-0.33016008138656616
0.09700588881969452
-0.10245957225561142
-0.0033715248573571444
0.1680448055267334
0.18910753726959229
-0.20411796867847443
-0.36567410826683044
0.44668158888816833
0.1690315306186676
-0.02820129320025444
0.21200935542583466
-0.29808300733566284
0.20288605988025665
0.1608235090970993
-0.09688961505889893
0.022589515894651413
0.38582688570022583
-0.08739829063415527
-0.021791458129882812
-0.05657043308019638
1.087087631225586
1.6568653583526611
-1.7931201457977295
2.2768568992614746
1.199353814125061
-1.4170091152191162
-0.13604636490345
1.1473109722137451
-0.33789730072021484
0.2103874385356903
-0.20437964797019958
0.4389919340610504
0.4157014489173889
-0.2146245539188385
0.11815347522497177
0.425131231546402
0.30278316140174866
-0.3556153178215027
-0.1484428197145462
0.6023356914520264
-0.16490042209625244
0.33765730261802673
-0.2664135694503784
0.1533389836549759
-0.20392665266990662
0.09441511332988739
-0.09162483364343643
0.45955342054367065
0.12445466220378876
-0.18724508583545685
-0.16788320243358612
0.4754137396812439
-0.12230633199214935
-0.12465818226337433
0.11504478752613068
-0.17223839461803436
0.26200851798057556
0.08078797161579132
0.08454358577728271
-0.27447372674942017
0.155472069978714
0.11691921949386597
-0.3351006507873535
0.2604548931121826
-0.4616527557373047
0.36992979049682617
-0.20849481225013733
0.12942203879356384
0.16457924246788025
-0.18566188216209412
-0.6930285692214966
0.41076231002807617
0.18464410305023193
-0.16818957030773163
-0.09046182781457901
-0.30658257007598877
0.3272205591201782
-0.2209068238735199
-0.22764351963996887
0.07981393486261368
-0.4734629988670349
-0.08498358726501465
-0.19200697541236877
-0.04148144647479057
-0.20849362015724182
0.130536288022995
-0.5698589086532593
0.15948116779327393
0.23736977577209473
-0.3970887064933777
-0.2489604502916336
-0.17349773645401
0.07007496058940887
0.5712767839431763
-0.7378188371658325
-0.16052086651325226
0.21100330352783203
0.16347762942314148
-0.6840662360191345
0.006227815058082342
0.2055167257785797
-0.3393711447715759
0.1287340223789215
-0.08261509239673615
-0.3348388671875
0.11220519244670868
-0.3120079040527344
-0.08337228000164032
0.24470515549182892
-0.1348571479320526
-0.4048948884010315
-0.3698783814907074
0.48582059144973755
0.01660614088177681
-0.2015371024608612
-0.3511591851711273
-0.15927046537399292
-0.0897296816110611
0.4083320200443268
-0.24085557460784912
0.3082103729248047
-1.062776803970337
0.05434773117303848
1.0204603672027588
-1.1332025527954102
0.019858980551362038
-0.051921844482421875
-0.1421724259853363
0.2273469865322113
0.1482636034488678
-0.2261236608028412
0.11318559944629669
-0.030478453263640404
0.1701871156692505
-0.194035142660141
-0.012152289971709251
-0.07160422950983047
0.16170009970664978
-0.04581189155578613
-0.07555460929870605
0.0036962509620934725
0.08135797828435898
-0.08399133384227753
0.3024601340293884
0.07197055965662003
-0.11881456524133682
0.1990848332643509
-0.06265787780284882
0.022797131910920143
0.4918414056301117
-0.06325564533472061
-0.051638174802064896
0.018523072823882103
-0.09693698585033417
-0.009750628843903542
0.2131737768650055
-0.18178391456604004
0.09042243659496307
-0.024802159518003464
0.32730257511138916
-0.07637853920459747
0.19468525052070618
-0.06055908277630806
-0.02911996841430664
-0.12190518528223038
0.07236693054437637
0.26640990376472473
-0.03998274728655815
-0.02722158469259739
0.07398901134729385
-0.172210693359375
-0.27610692381858826
0.23858413100242615
-0.02267460897564888
-0.2629903256893158
-0.05309135839343071
-0.028951335698366165
0.3068634569644928
-0.39428839087486267
0.10336804389953613
0.03594036027789116
0.15995225310325623
0.11176156997680664
-0.21417546272277832
0.010290289297699928
-0.17814402282238007
-0.1135651096701622
0.2584725022315979
-0.14644941687583923
-0.07151217758655548
0.05624747276306152
0.05887927860021591
-0.24744363129138947
0.3681083619594574
-0.20623473823070526
-0.5204499959945679
0.14755144715309143
0.016176532953977585
0.20417387783527374
0.21611075103282928
-0.027065038681030273
0.02807588502764702
-0.053720999509096146
-0.1283530294895172
-0.13050422072410583
0.08912515640258789
-0.011484956368803978
0.19412557780742645
0.18038621544837952
-0.29131394624710083
0.05477943271398544
0.35280662775039673
-0.11385035514831543
0.08294699341058731
-0.014949465170502663
0.34105587005615234
-0.7338964939117432
0.3220065236091614
0.1684737652540207
-0.27143970131874084
0.4069858491420746
2.991676092147827
-1.1866568326950073
0.9908232688903809
1.4256607294082642
-0.2637433707714081
-0.4795547425746918
0.35159724950790405
0.6273208856582642
-0.00839993916451931
0.3286842107772827
0.08584582805633545
0.07511936128139496
0.5197514891624451
-0.03430873155593872
-0.40078553557395935
0.6136879920959473
-0.1667262762784958
0.19911840558052063
0.15212507545948029
0.26696258783340454
0.30547085404396057
-0.21980419754981995
0.41382914781570435
-0.10928042978048325
-0.03585009649395943
0.0359463207423687
0.2326570302248001
-0.21866583824157715
0.2812384068965912
-0.20465758442878723
0.3888605833053589
-0.05276482179760933
-0.029468249529600143
0.40281254053115845
-0.3436209559440613
0.1486087590456009
0.12471771240234375
-0.19265668094158173
0.2871223986148834
0.0941120833158493
-0.08412294089794159
-0.14291207492351532
0.4291607737541199
-0.430622398853302
0.0925883799791336
0.2670954763889313
-0.2728518843650818
-0.1282859742641449
0.30143165588378906
-0.28019747138023376
-0.15725383162498474
0.4759674072265625
-0.5053180456161499
-0.15518422424793243
0.32360440492630005
-0.1583310067653656
-0.22781571745872498
0.0442873015999794
-0.16713504493236542
-0.006611895747482777
0.10084714740514755
-0.42752447724342346
-0.15872064232826233
0.3115012049674988
-0.4155203402042389
-0.29488426446914673
0.3407275080680847
-0.08177347481250763
-0.19173167645931244
-0.4647967219352722
0.2940623164176941
-0.2077086865901947
-0.015423178672790527
-0.1747981607913971
0.008623627945780754
-0.319987416267395
0.22509637475013733
-0.2156040221452713
-0.4249280095100403
0.3438457250595093
0.029387831687927246
-0.29954400658607483
-0.23652514815330505
0.3008563220500946
0.15591295063495636
-0.4947015345096588
0.07253898680210114
0.02407747507095337
-0.43267783522605896
0.29871493577957153
-0.16745224595069885
-0.3237888813018799
0.30699557065963745
-0.2025352269411087
-0.3439076542854309
-0.21147474646568298
0.457672655582428
-0.0010513782035559416
-0.4144503176212311
0.4558042585849762
-1.438284158706665
1.0729137659072876
-3.317124128341675
3.8089442253112793
-2.5116755962371826
0.560102105140686
0.5271439552307129
-0.08158497512340546
-0.12866640090942383
0.24871878325939178
-0.037261962890625
0.055609941482543945
0.018416976556181908
-0.04374384880065918
-0.0425076000392437
0.2158239185810089
-0.22171807289123535
0.20153991878032684
-0.2999768853187561
0.2658252418041229
0.0020436285994946957
-0.018122196197509766
0.0612897165119648
0.277927428483963
-0.18610072135925293
-0.14079561829566956
0.3747921884059906
0.11124362796545029
-0.18353371322155
-0.17736582458019257
0.04194638878107071
0.1026020273566246
0.20680728554725647
0.12539634108543396
-0.29098543524742126
0.0015673160087317228
0.12523958086967468
-0.24903030693531036
0.0462377555668354
0.2811872959136963
-0.01952343061566353
-0.23311901092529297
0.10515306144952774
-0.13057425618171692
0.3134651780128479
-0.2925039231777191
0.04289526864886284
0.15238356590270996
-0.09415121376514435
-0.09503419697284698
0.218614861369133
0.007385635282844305
0.03783359378576279
-0.017971325665712357
-0.20037834346294403
-0.039403580129146576
0.13051459193229675
-0.3936561942100525
0.014148330315947533
0.1360575407743454
0.26402050256729126
-0.0413639061152935
0.009421110153198242
-0.3026468753814697
0.29797589778900146
0.19716086983680725
-0.3639783263206482
0.09945855289697647
-0.07205319404602051
-0.11265559494495392
0.171416237950325
-0.18443641066551208
-0.04376969486474991
0.0820106491446495
0.10854160785675049
-0.08205483108758926
-0.07859249413013458
0.04580340534448624
0.12432384490966797
-0.35357850790023804
0.007498502731323242
-0.16083908081054688
-0.3873203694820404
0.44136667251586914
0.06354687362909317
-0.552550196647644
-0.02713623084127903
0.04666294902563095
-0.0744655579328537
-0.22878293693065643
0.4158645272254944
-0.22574682533740997
-0.31191515922546387
0.46405133605003357
0.12336482852697372
-0.26845335960388184
-0.1947527378797531
0.23515507578849792
0.5139309763908386
-0.39272427558898926
3.164422035217285
-1.371065378189087
0.6390610933303833
1.8363443613052368
-0.5643181204795837
0.01258821226656437
0.3442009389400482
0.3459623456001282
-0.23252634704113007
0.06502785533666611
0.149118110537529
0.45963841676712036
-0.04594232887029648
0.044989585876464844
-0.022304272279143333
0.30607110261917114
0.25554853677749634
-0.22090978920459747
0.052080534398555756
0.30283886194229126
0.10317478328943253
0.06534774601459503
0.025872325524687767
0.4465155601501465
0.3305003046989441
-0.71281898021698
0.1199251189827919
0.7091088891029358
-0.19482216238975525
0.0005570411449298263
0.1096949577331543
0.22167500853538513
-0.14270539581775665
0.10169243812561035
0.1426742970943451
0.15456175804138184
-0.2111758440732956
-0.4743877351284027
0.6200843453407288
0.06633000075817108
0.09286405891180038
-0.2881699204444885
-0.12441118061542511
-0.07327701896429062
0.05768280103802681
-0.09027538448572159
0.11701478809118271
-0.2894076704978943
0.2324032038450241
-0.20928318798542023
-0.019777441397309303
0.0029710293747484684
0.1780516654253006
-0.29299116134643555
-0.18966369330883026
0.13042068481445312
0.31014102697372437
-0.1108899861574173
-0.19205904006958008
0.45580053329467773
-0.7146358489990234
-0.1216798797249794
-0.44914111495018005
0.5831926465034485
-0.22245296835899353
0.013710218481719494
-0.2982778549194336
-0.07538989931344986
0.24076414108276367
-0.39179906249046326
-0.16366107761859894
0.15597108006477356
-0.44689542055130005
-0.053972166031599045
-0.32292312383651733
-0.14388331770896912
0.3306744694709778
-0.024536514654755592
-0.6447225213050842
0.17508628964424133
-0.08153997361660004
-0.0018346518045291305
-0.19435453414916992
0.1875048577785492
-0.17215323448181152
-0.5712070465087891
0.5087045431137085
-0.21072666347026825
-0.39721181988716125
-0.14824959635734558
0.2168872356414795
-0.2452920377254486
-0.34940406680107117
0.10480912774801254
-0.2822055518627167
-0.41073447465896606
-0.015606319531798363
0.7923291921615601
-0.5611149072647095
0.30241137742996216
-1.592397689819336
1.2630417346954346
-3.316957950592041
3.6450412273406982
-2.225139617919922
0.4026181101799011
0.6156535148620605
0.06713094562292099
-0.19854974746704102
0.12222661823034286
-0.07883243262767792
-0.19285941123962402
0.37268394231796265
0.252796471118927
-0.29576221108436584
-0.10679881274700165
-0.047190021723508835
0.3406616151332855
-0.14464831352233887
0.0479918010532856
0.2516633868217468
0.08150656521320343
0.0317227840423584
-0.18401303887367249
0.1256444901227951
0.07508726418018341
-0.14582419395446777
0.1691598892211914
-0.050551604479551315
-0.19267041981220245
0.30250197649002075
0.017623376101255417
-0.18222752213478088
0.2782084047794342
-0.013535642996430397
0.02505974844098091
0.0008863449329510331
0.023865938186645508
-0.23325495421886444
0.3875986933708191
0.06027808040380478
-0.15304890275001526
-0.2758663296699524
-0.13182182610034943
-0.025525856763124466
-0.018957113847136497
-0.16779956221580505
0.034931350499391556
-0.24104037880897522
0.15243425965309143
-0.3380197584629059
-0.05301785469055176
0.19134724140167236
-0.22098422050476074
-0.28886809945106506
0.27004948258399963
0.12885384261608124
-0.3389952778816223
-0.296273410320282
5.0067901611328125e-06
0.3578072488307953
0.16777627170085907
-0.24861320853233337
-0.25302833318710327
0.23063573241233826
0.22134561836719513
-0.19164299964904785
-0.04231371730566025
-0.10973386466503143
-0.13661065697669983
0.02431330643594265
0.0037980556953698397
-0.07455692440271378
0.018486594781279564
0.04653317853808403
0.08884172141551971
-0.2447681427001953
-0.12971797585487366
0.006789279170334339
0.2050495147705078
-0.13490109145641327
-0.06040234491229057
-0.03102703019976616
0.3231508433818817
-0.3727191388607025
0.5412260293960571
0.4109506607055664
0.14185631275177002
0.1387576162815094
-0.0900600403547287
0.26416733860969543
0.12247395515441895
-0.23220308125019073
0.024789858609437943
0.1642168015241623
0.03431522846221924
0.25168076157569885
0.4133049547672272
0.03463578224182129
0.2969246208667755
3.106842517852783
-1.1228705644607544
1.3503824472427368
1.1867810487747192
-1.2167439460754395
-0.04114878177642822
0.7188940048217773
0.22791600227355957
-0.1885281503200531
0.09120326489210129
0.12059400230646133
0.21821527183055878
0.3988773822784424
0.2572784423828125
-0.49256831407546997
0.04634452983736992
0.35491061210632324
0.423403263092041
-0.009296166710555553
-0.03592388704419136
0.2501133978366852
-0.23260168731212616
0.9484471082687378
-0.4010440707206726
-0.05274675041437149
0.07629487663507462
0.06694614887237549
0.29318708181381226
0.30426910519599915
-0.3609893321990967
0.06317369639873505
0.24739818274974823
0.2256491482257843
-0.0919070690870285
-0.2448430359363556
0.41450875997543335
0.020516658201813698
-0.560627818107605
0.5657870173454285
0.19760024547576904
-0.2411489188671112
-0.007337331771850586
-0.30975252389907837
0.49934062361717224
-0.11933300644159317
-0.3384978771209717
0.11585154384374619
-0.18646326661109924
0.19905149936676025
0.19857147336006165
-0.30747658014297485
-0.03486580774188042
0.07607841491699219
0.016655778512358665
-0.11790890991687775
0.17706885933876038
-0.1494665890932083
-0.25548869371414185
-0.11830184608697891
0.30317923426628113
-0.24710312485694885
0.16659224033355713
-0.35710084438323975
0.02072625234723091
0.18192870914936066
-0.42665600776672363
0.1933542788028717
-0.01288540381938219
-0.12935873866081238
-0.1247708648443222
0.0417947880923748
-0.03410955145955086
-0.3436092734336853
0.05334717035293579
-0.05260133743286133
-0.4331734776496887
0.29302141070365906
-0.5194611549377441
0.018020665273070335
0.32864728569984436
-0.20097514986991882
-0.34753936529159546
-0.06895329058170319
0.2698093056678772
-0.3479606509208679
-0.17369583249092102
-0.12093814462423325
-0.1814713478088379
0.04795872047543526
-0.020372409373521805
0.02484118938446045
-0.12940077483654022
-0.29892784357070923
0.2395838499069214
0.19832783937454224
-0.2674301266670227
0.24662387371063232
-0.5382283926010132
-0.1258237659931183
0.4312558174133301
0.13994507491588593
-2.34587025642395
3.732344150543213
-2.3749518394470215
-0.2420511245727539
-0.19432997703552246
0.6067229509353638
-0.10474748909473419
-0.4548160433769226
0.5228883028030396
0.17360815405845642
-0.2593996524810791
-0.12220144271850586
0.3539394736289978
-0.1952933371067047
0.0024095536209642887
0.16880109906196594
-0.11432304233312607
0.25302380323410034
0.2001553326845169
-0.015281367115676403
-0.030814075842499733
0.38435930013656616
-0.0008578300476074219
-0.1487569808959961
0.10522405803203583
0.1861010491847992
-0.3998771011829376
0.1639769822359085
-0.2916245758533478
0.18099284172058105
0.17312292754650116
0.16242727637290955
0.06164564937353134
0.08166036754846573
0.06102409213781357
0.08849625289440155
0.040854476392269135
-0.07416615635156631
0.002463388489559293
-0.0900806412100792
-0.17712315917015076
0.20988336205482483
0.07817833125591278
0.03205833584070206
-0.03940282016992569
-0.15940804779529572
0.17177338898181915
-0.19266481697559357
-0.03006148338317871
-0.006325197406113148
-0.10264911502599716
0.16010895371437073
-0.11045689880847931
0.31105831265449524
0.0623684898018837
0.10149574279785156
0.027569198980927467
-0.043985746800899506
-0.3126552700996399
-0.13643236458301544
0.12265577167272568
0.09523306041955948
0.04686594009399414
-0.036031126976013184
-0.12567563354969025
0.061554692685604095
-0.21982645988464355
0.46184906363487244
-0.13764147460460663
-0.13513894379138947
0.08987708389759064
0.16677959263324738
-0.030295396223664284
0.13032376766204834
-0.4974760413169861
0.3505219519138336
0.011446619406342506
-0.18661455810070038
-0.06475639343261719
-0.22990009188652039
-0.2546393871307373
0.15685579180717468
0.3098549246788025
0.16625013947486877
-0.1887645721435547
-0.13952302932739258
-0.27651748061180115
-0.14196868240833282
0.311897337436676
-0.31185299158096313
0.08155880123376846
-0.36584216356277466
-0.007794999983161688
0.1520005762577057
-0.0473691001534462
0.09245562553405762
0.12701396644115448
0.01781458780169487
-0.7557799220085144
3.8845055103302
-0.8642085790634155
-0.2493581771850586
1.4487496614456177
0.025667661800980568
-0.24215812981128693
0.17768648266792297
0.5373792052268982
0.2774166166782379
0.01110009290277958
-0.45946627855300903
0.5109877586364746
0.13364508748054504
0.18397210538387299
-0.13478600978851318
0.1914871484041214
0.2680218815803528
0.08605058491230011
-0.08449113368988037
0.1494751274585724
0.027600526809692383
0.13556058704853058
0.40425530076026917
-0.48116573691368103
0.4297231137752533
0.32810741662979126
-0.33914706110954285
0.14731132984161377
0.10302324593067169
0.016904806718230247
-0.09678249061107635
0.26139387488365173
-0.2032497376203537
0.22414855659008026
0.38653668761253357
-0.22506017982959747
-0.20562295615673065
0.12078151851892471
0.3615926206111908
-0.04258709028363228
-0.2006998062133789
0.10518474876880646
-0.36302775144577026
0.41727739572525024
-0.23441055417060852
-0.008809280581772327
-0.22505640983581543
0.4712607264518738
-0.2603432238101959
-0.58819979429245
0.6352546215057373
-0.05807309225201607
-0.10603046417236328
-0.4169708788394928
0.037638306617736816
0.11621053516864777
0.016127001494169235
-0.2567861080169678
-0.4960396885871887
0.15901318192481995
0.037752531468868256
-0.1522420346736908
-0.35248640179634094
0.2533533573150635
-0.21642732620239258
0.20316894352436066
-0.04503744840621948
-0.15256144106388092
-0.013173279352486134
-0.34789592027664185
-0.12265992164611816
0.3857712149620056
-0.3500959277153015
-0.12487069517374039
-0.1412164866924286
0.31519225239753723
-0.33013638854026794
0.05890995264053345
-0.12409188598394394
0.08436073362827301
0.008204448036849499
-0.8602493405342102
0.4393874704837799
0.17599834501743317
-0.25136274099349976
-0.1355334222316742
0.373039186000824
-0.41500335931777954
-0.12791907787322998
0.11882355064153671
-0.15939483046531677
-0.5058615803718567
0.8177635073661804
-1.1643623113632202
0.48478156328201294
-0.14012321829795837
-0.1223132386803627
-0.20686225593090057
-0.183396577835083
0.6078699827194214
-1.284139633178711
0.2720767855644226
-2.560232639312744
3.9142508506774902
-2.8943212032318115
0.5520862936973572
0.7941164374351501
-0.3096742033958435
-0.27392300963401794
0.29199671745300293
0.3336404860019684
-0.16264238953590393
-0.18911270797252655
0.1361554116010666
0.03755192831158638
-0.2739853262901306
0.2663739323616028
0.1356925666332245
0.07221221923828125
-0.17125673592090607
0.02198047563433647
0.17130684852600098
-0.26393717527389526
0.12878885865211487
-0.06756124645471573
0.27442482113838196
-0.1698276549577713
0.14528194069862366
-0.19151392579078674
0.3061635494232178
0.16591958701610565
-0.2445596158504486
-0.035199545323848724
0.3322632610797882
0.30909937620162964
-0.6253399848937988
0.2414402961730957
-0.0181745532900095
0.12357337772846222
-0.04632921144366264
0.32317960262298584
-0.23513713479042053
-0.07024359703063965
0.18405833840370178
0.04661159589886665
-0.002545690629631281
0.017354201525449753
-0.03830676153302193
0.22570309042930603
0.08606486022472382
0.12376432120800018
-0.23887452483177185
-0.15860910713672638
0.11538896709680557
-0.03823361545801163
-0.21371760964393616
0.23856794834136963
0.14718541502952576
-0.10109233856201172
-0.16314387321472168
0.09171972423791885
0.062016915529966354
-0.029404163360595703
-0.15418919920921326
0.1305878609418869
-0.015780305489897728
0.13970887660980225
0.07154612243175507
0.14060254395008087
0.20422601699829102
-0.2165757715702057
0.12560634315013885
0.12393388897180557
0.18939881026744843
0.14237117767333984
0.09207181632518768
-0.26138973236083984
-0.25579380989074707
0.30364006757736206
-0.1583511084318161
0.012960195541381836
0.16252312064170837
-0.12732653319835663
0.06770171970129013
-0.04843611642718315
0.031961966305971146
-0.07253678143024445
0.16163873672485352
-0.1913503110408783
-0.3178173899650574
0.2822719216346741
-0.0799427479505539
-0.09651503711938858
0.02094421349465847
-0.11359300464391708
-0.02201230451464653
0.3779812455177307
-0.2224683314561844
0.01429128646850586
-0.052337646484375
3.145137310028076
-0.9738593101501465
0.9177625775337219
1.2104454040527344
-0.22654041647911072
0.1964828073978424
0.2199413776397705
-0.17758135497570038
0.5123863816261292
0.2297685444355011
-0.32622992992401123
0.6381582021713257
0.019100520759820938
-0.10336215794086456
0.18198710680007935
-0.2949141263961792
0.6715227365493774
0.11241669952869415
-0.30528226494789124
0.28553512692451477
-0.009469819255173206
0.32209113240242004
0.08585624396800995
-0.023619960993528366
0.3484669327735901
0.09781341254711151
0.008036327548325062
-0.09881190955638885
0.06087012216448784
0.4182273745536804
-0.086029052734375
0.04027543216943741
-0.32991641759872437
0.48771029710769653
0.17876653373241425
-0.6140021085739136
0.18716582655906677
-0.054419517517089844
0.22881393134593964
0.0023596524260938168
-0.028574442490935326
-0.05858571454882622
-0.2863229811191559
-0.02225341834127903
-0.008208083920180798
0.020946716889739037
-0.06751661002635956
0.38584330677986145
-0.35091647505760193
-0.15337932109832764
0.04188337177038193
-0.000131392473122105
-0.28584524989128113
0.07815802097320557
-0.24751386046409607
0.17231766879558563
-0.24653840065002441
0.06934869289398193
0.029291128739714622
-0.055119775235652924
-0.030528366565704346
-0.7998038530349731
0.6356030702590942
-0.17004747688770294
-0.009775239042937756
-0.47843408584594727
-0.05488849803805351
-0.3554401993751526
0.7948554158210754
-0.3090876042842865
-0.40798917412757874
0.006790971849113703
-0.037040792405605316
0.13191907107830048
-0.37920689582824707
-0.14518246054649353
0.11028832197189331
-0.06756618618965149
-0.05258331447839737
-0.009603427723050117
-0.712064266204834
0.24482282996177673
0.06055281683802605
0.10136277973651886
-0.17933732271194458
0.04393909126520157
-0.3227490484714508
0.09537731111049652
-0.2755124568939209
0.011343628168106079
-0.2001800835132599
0.3405715525150299
-0.43498629331588745
0.18994924426078796
-0.4781368672847748
0.0527280792593956
0.2495829164981842
-0.0016247511375695467
-0.35702186822891235
0.4333071708679199
0.34216469526290894
-2.486651659011841
3.1510612964630127
-1.5949785709381104
-0.6602681279182434
-0.019277071580290794
0.5785887837409973
0.10911731421947479
-0.32494011521339417
0.055487822741270065
-0.13452205061912537
0.12203550338745117
0.1932324469089508
-0.2897562086582184
0.1740325391292572
-0.055438946932554245
0.1967419683933258
-0.16412636637687683
0.0459655299782753
0.04837746545672417
0.025008201599121094
-0.05803065374493599
-0.09496083110570908
0.17959623038768768
-0.022584056481719017
-0.07225270569324493
0.015132451429963112
0.05747199058532715
-0.2640090882778168
0.20281819999217987
0.020282220095396042
-0.14836621284484863
0.20158572494983673
-0.40945324301719666
0.3860073387622833
0.14554361999034882
-0.01489567756652832
0.004359531216323376
0.2616451382637024
0.041120123118162155
0.08982596546411514
0.046163130551576614
0.026462173089385033
0.022208165377378464
0.4347037374973297
-0.24216575920581818
0.046682119369506836
0.23454272747039795
-0.13963547348976135
0.07287297397851944
0.27851614356040955
-0.04000072553753853
0.2425817996263504
-0.002383327577263117
0.06966109573841095
0.08265946060419083
0.07218904793262482
-0.1264834702014923
0.05025153234601021
0.1924963891506195
-0.2623176574707031
0.1930527687072754
0.22587840259075165
-0.29025375843048096
0.33872056007385254
-0.4134659767150879
0.12050442397594452
0.14937162399291992
0.18121056258678436
-0.2898859679698944
0.12600556015968323
0.14870747923851013
0.345600426197052
-0.09875140339136124
0.1827470362186432
0.08324184268712997
0.08342389762401581
0.28672653436660767
0.3904512822628021
-0.19391432404518127
-0.16696195304393768
0.1939878910779953
-0.14201827347278595
0.035286664962768555
0.19026103615760803
0.019455671310424805
-0.10118667781352997
0.530653178691864
-0.2073785364627838
0.1719297170639038
0.13454246520996094
-0.21689243614673615
-0.14360685646533966
0.35865432024002075
0.10428955405950546
-0.25347742438316345
0.08491158485412598
0.21088187396526337
0.24300380051136017
-1.5406384468078613
5.987069606781006
-1.4321978092193604
-1.485452651977539
1.5697625875473022
0.5863648056983948
0.2071291208267212
-0.4799104630947113
0.5286673307418823
0.126323863863945
0.007273495197296143
0.1158987283706665
-0.0538967028260231
0.2837361991405487
0.35266342759132385
-0.19619764387607574
0.07208454608917236
0.31770652532577515
0.10852889716625214
-0.07892890274524689
0.3280138373374939
0.2261979579925537
-0.41842833161354065
0.4999620020389557
-0.05964883416891098
-0.17340216040611267
0.8467726707458496
-0.5079944729804993
0.31799590587615967
-0.3917493522167206
0.34778884053230286
0.09591803699731827
-0.1575680524110794
0.2632486820220947
0.08013000339269638
-0.5449955463409424
0.47597789764404297
-0.00887284241616726
-0.09971854835748672
-0.3826543390750885
0.40978893637657166
-0.032392166554927826
0.058327626436948776
-0.20163369178771973
0.15102282166481018
0.03729603439569473
-0.05298612266778946
-0.22994399070739746
0.43814754486083984
-0.16666662693023682
-0.05433602258563042
-0.16463927924633026
-0.17240817844867706
0.28326958417892456
-0.3086484372615814
-0.08575122058391571
-0.1946566104888916
0.4427897334098816
-0.24548693001270294
-0.05614461749792099
-0.17513595521450043
0.06654850393533707
-0.5179445147514343
-0.1940859854221344
0.13934776186943054
-0.03151340410113335
-0.1334615796804428
-0.07126060128211975
-0.38692644238471985
0.35164710879325867
-0.38003307580947876
0.17058411240577698
-0.1847817301750183
-0.37039798498153687
0.34637564420700073
-0.6890668272972107
0.12380125373601913
0.03498305007815361
0.039474599063396454
-0.5136259198188782
-0.03539251536130905
-0.23356840014457703
-0.009667908772826195
0.31241291761398315
-0.15634271502494812
-0.3561170697212219
0.2873906195163727
0.07927954196929932
-0.614327609539032
0.11607295274734497
0.10108213126659393
0.27245545387268066
-0.26288849115371704
-0.43747520446777344
-0.006916173733770847
0.2227458953857422
0.20038053393363953
-0.44164329767227173
-0.12369249016046524
0.19635862112045288
0.4095068871974945
0.053049661219120026
-2.08674955368042
-1.0911962985992432
3.870168685913086
-3.389120578765869
1.0797477960586548
0.3396662473678589
-0.10552892833948135
-0.04280497878789902
0.08324835449457169
0.041109226644039154
-0.15101322531700134
0.15318326652050018
-0.07921576499938965
0.07135085761547089
-0.014532089233398438
0.012458419427275658
-0.11612188816070557
0.0022312640212476254
0.20933349430561066
0.21832862496376038
-0.21636052429676056
-0.04100546985864639
-0.02249455451965332
-0.04601254314184189
-0.19793358445167542
0.11117873340845108
0.250557541847229
0.0477297306060791
-0.4249603748321533
0.33438271284103394
0.15211601555347443
-0.09256748855113983
-0.008264923468232155
-0.20744618773460388
0.029280399903655052
0.01959085464477539
-0.2055138349533081
0.030672907829284668
-0.03993368148803711
-0.08329727500677109
0.0015426159370690584
-0.048218440264463425
-0.03027973137795925
0.021618414670228958
0.12166738510131836
-0.18299007415771484
0.18013623356819153
0.0593334436416626
0.5030165314674377
-0.03167552873492241
0.2514292597770691
-0.2588491439819336
0.1848306655883789
-0.03283519670367241
-0.11783862113952637
0.2251177281141281
0.08673777431249619
-0.08075547218322754
-0.05072002485394478
-0.33214712142944336
0.3867652416229248
-0.3577825427055359
-0.05065112188458443
0.08365607261657715
0.03403868526220322
-0.3509765863418579
0.12718439102172852
0.16867263615131378
-0.15984144806861877
0.01456375140696764
-0.19769291579723358
-0.017861509695649147
0.12089395523071289
0.08864212036132812
-0.04957947880029678
-0.11420273780822754
-0.06260919570922852
0.03773965686559677
0.10694718360900879
-0.24027006328105927
0.015984058380126953
-0.18151751160621643
0.3633020520210266
0.4612933099269867
0.22419019043445587
-0.03066387213766575
-0.14512357115745544
0.2537188231945038
0.04574687406420708
0.03450212627649307
-0.11255864799022675
0.3025694489479065
-0.17640765011310577
-0.10184226185083389
0.2892433702945709
0.32209205627441406
0.1945112645626068
-0.16972661018371582
-0.5486081838607788
3.612295627593994
-0.28796133399009705
0.4950663447380066
1.1508214473724365
-0.4432297646999359
0.09100784361362457
0.5427187085151672
-0.006070454604923725
0.20490173995494843
0.03439287096261978
0.4122999608516693
0.3411497175693512
0.05452389270067215
-0.3022738993167877
0.1684950888156891
0.4091199040412903
0.18225878477096558
-0.05651354789733887
0.4050844609737396
0.06551052629947662
-0.29806578159332275
0.43751874566078186
0.23797067999839783
-0.1421639621257782
0.2701210379600525
0.16690698266029358
0.17012274265289307
-0.2820967733860016
0.48572486639022827
-0.38852670788764954
0.19925884902477264
0.31901124119758606
-0.2739247679710388
0.3539466857910156
-0.1703490912914276
0.19735947251319885
-0.09438810497522354
0.004858732223510742
0.18848209083080292
0.08306916058063507
0.1340549737215042
-0.20069940388202667
0.22349771857261658
-0.08504293113946915
0.2894055247306824
0.032520223408937454
-0.3504383862018585
0.22272317111492157
-0.2197951376438141
0.10382892936468124
-0.041381072252988815
-0.1712067872285843
0.23963391780853271
-0.30789196491241455
0.15997759997844696
-0.030675077810883522
0.07928106933832169
0.20125266909599304
-0.515492856502533
0.2952991724014282
-0.2852073311805725
0.4116428792476654
-0.5525648593902588
0.1643158197402954
-0.24316973984241486
0.21736276149749756
0.03544994071125984
-0.7665358781814575
0.40974029898643494
-0.30034002661705017
0.2962239384651184
-0.11964468657970428
-0.13193747401237488
-0.14387774467468262
0.2692902088165283
-0.21125347912311554
-0.13032756745815277
-0.23250393569469452
-0.004303267691284418
-0.08114644140005112
0.2446964681148529
-0.4164349436759949
-0.14723628759384155
0.3332102298736572
-0.5550410747528076
0.11570747196674347
0.3784308433532715
-0.3159259259700775
-0.2074148952960968
0.13284029066562653
0.4284256100654602
-0.3652229309082031
-0.484480082988739
0.09397760778665543
0.08801522105932236
0.021546149626374245
-0.643014669418335
0.4106330871582031
0.05283498764038086
0.28020748496055603
-0.22803573310375214
-2.4286091327667236
3.774178981781006
-1.9639297723770142
-0.37771743535995483
0.14827880263328552
-0.13152284920215607
0.4012867510318756
-0.20653557777404785
0.17351703345775604
-0.17856869101524353
0.11781676113605499
-0.0711745023727417
0.1400676965713501
0.24677717685699463
-0.1417856216430664
0.002764153527095914
0.31207412481307983
-0.12921901047229767
-0.3651524484157562
0.03557443618774414
0.5090214610099792
-0.21619081497192383
0.05710332468152046
0.011398148722946644
0.15780416131019592
-0.09735117107629776
0.3855714201927185
-0.3351300358772278
-0.23049278557300568
0.453878790140152
0.3533426821231842
-0.4541672170162201
0.09252186119556427
0.006466674618422985
0.40090781450271606
-0.0207806583493948
-0.2129860818386078
0.5333508253097534
0.1836763173341751
-0.111760713160038
-0.20489081740379333
0.24044819176197052
0.12186793982982635
-0.06826434284448624
0.1881803721189499
-0.09616605937480927
0.3420213758945465
-0.048127103596925735
0.14081458747386932
0.13803820312023163
-0.26823005080223083
0.025176238268613815
-0.14775605499744415
0.1329231709241867
0.22287873923778534
-0.30522918701171875
-0.18410071730613708
0.20947420597076416
-0.009073114022612572
-0.03844399377703667
0.3261811137199402
0.0718468651175499
-0.047153376042842865
0.06563778221607208
-0.16076955199241638
-0.16533403098583221
-0.3609686493873596
0.25345999002456665
-0.04829349368810654
-0.2457444667816162
-0.28507915139198303
0.1020621508359909
0.11605849117040634
-0.3579374849796295
0.010860061272978783
0.016987944021821022
-0.19645681977272034
0.20499522984027863
0.05045602470636368
0.0904606357216835
-0.060425709933042526
0.11906681209802628
0.20096051692962646
-0.13467881083488464
-0.17564210295677185
-0.2514772415161133
-0.12031467258930206
-0.1236661896109581
0.0920560359954834
0.43900832533836365
-0.24201789498329163
-0.2591095566749573
0.3500380516052246
0.24297218024730682
0.32198867201805115
0.25873929262161255
-0.1818033754825592
0.18854281306266785
1.3418853282928467
1.719821572303772
-2.2819008827209473
2.9765288829803467
1.4424059391021729
-1.9021075963974
0.47106045484542847
1.1127864122390747
-0.4644336700439453
0.4440264105796814
0.3002491593360901
-0.21825866401195526
0.03848595544695854
0.5509164333343506
-0.013063132762908936
0.22657498717308044
0.35622379183769226
-0.42364415526390076
0.2895806133747101
0.41757574677467346
0.23391754925251007
-0.3457520008087158
0.1488078385591507
0.444772869348526
-0.18551501631736755
0.45043325424194336
-0.12944845855236053
0.16506993770599365
0.041974008083343506
-0.08336007595062256
0.16914796829223633
0.08695121109485626
0.1379532814025879
-0.028814148157835007
0.15606999397277832
0.1308586299419403
0.049417804926633835
-0.013244152069091797
0.23447950184345245
-0.5051470398902893
-0.02578716352581978
0.16243669390678406
-0.048763372004032135
0.13523821532726288
-0.23030488193035126
0.1106814369559288
0.008154058828949928
-0.2434493601322174
0.6511675119400024
-0.598794162273407
0.23554763197898865
-0.22069671750068665
-0.09837798774242401
0.09860780090093613
-0.055994533002376556
0.15645575523376465
-0.18925729393959045
-0.06703748553991318
-0.12545844912528992
-0.2976278066635132
0.19499945640563965
0.19657273590564728
-0.5110166668891907
-0.038031600415706635
0.13048836588859558
-0.08551523834466934
0.018465638160705566
-0.28332096338272095
0.03425190597772598
0.009041381068527699
-0.3061675429344177
0.1561989039182663
-0.3882018029689789
-0.061993133276700974
0.25004950165748596
0.22653356194496155
-0.8467506170272827
0.22154565155506134
0.13199453055858612
-0.3287539482116699
0.22227200865745544
-0.3507917821407318
0.16384786367416382
-0.5156887769699097
0.30034828186035156
-0.19323326647281647
-0.15674957633018494
0.04603732377290726
-0.13179004192352295
0.2230226695537567
-0.5555415153503418
-0.08990713953971863
0.22005502879619598
0.2382909059524536
-0.46995505690574646
-0.3558622896671295
0.1789361983537674
0.05803842470049858
0.26191437244415283
-0.494698703289032
0.23116977512836456
-1.105713129043579
1.0565296411514282
-3.2797980308532715
3.9161014556884766
-1.8844544887542725
-0.12076330184936523
0.5842520594596863
-0.08232641220092773
-0.19864264130592346
0.13913948833942413
0.25964245200157166
-0.20753702521324158
0.1275928020477295
-0.0514068603515625
0.05860018730163574
0.27789193391799927
0.0043426514603197575
-0.1318219155073166
-0.124996617436409
0.12500837445259094
-0.03521714359521866
-0.08222658932209015
0.17453423142433167
-0.24174296855926514
0.19407355785369873
-0.08257975429296494
0.12779191136360168
0.2459113597869873
-0.0725499615073204
-0.14829692244529724
-0.21752607822418213
0.5298284292221069
-0.3374674916267395
-0.1455214023590088
0.20020738244056702
0.07491309940814972
0.19846110045909882
-0.362973153591156
0.1631925106048584
0.038782358169555664
-0.03553652763366699
-0.04814481735229492
0.22982744872570038
0.03832259029150009
-0.16242480278015137
-0.13129480183124542
0.4173285961151123
-0.19620628654956818
-0.13922806084156036
-0.059518001973629
0.21655115485191345
0.21794700622558594
-0.18112878501415253
-0.08236964046955109
0.2557275891304016
0.24075689911842346
-0.36193719506263733
0.16007331013679504
-0.03332095220685005
-0.09187247604131699
0.19867677986621857
-0.3554498255252838
0.08177752792835236
0.18255755305290222
-0.30799102783203125
0.22026276588439941
-0.12611989676952362
0.3207594156265259
0.11682434380054474
0.08002634346485138
-0.22850875556468964
0.2672788202762604
0.37889301776885986
-0.2483176290988922
-0.390092134475708
-0.1610550582408905
-0.07943210750818253
0.18601946532726288
-0.23677869141101837
-0.32891881465911865
0.22143128514289856
0.04120161384344101
0.04397172853350639
-0.023421144112944603
-0.24218055605888367
0.41055622696876526
0.31031617522239685
-0.10807795822620392
-0.02997770346701145
0.1883554905653
0.2971614599227905
-0.18576093018054962
-0.4170207977294922
0.016213655471801758
-0.24787279963493347
0.1927787810564041
0.12941327691078186
0.3262861967086792
-0.3551674485206604
-0.04121122509241104
2.9882309436798096
-1.2444393634796143
1.0108425617218018
1.5015332698822021
-0.7356188893318176
0.19811183214187622
0.4120069444179535
0.1421508938074112
-0.061022985726594925
0.08972030878067017
0.29017359018325806
0.6357993483543396
-0.19783659279346466
-0.1259630173444748
0.29306691884994507
0.3179655075073242
-0.05734067037701607
-0.24779002368450165
0.7514460682868958
-0.09319213777780533
-0.003933954052627087
0.16017580032348633
0.11961883306503296
0.06463222205638885
0.13238731026649475
0.15509872138500214
0.48532262444496155
-0.2916216552257538
-0.18829016387462616
0.1983700543642044
0.2705298960208893
0.08841802924871445
0.1047588363289833
0.26173877716064453
-0.12674292922019958
-0.043759774416685104
0.09403934329748154
-0.06905658543109894
-0.02433319017291069
-0.1599515974521637
0.11722324043512344
0.12502029538154602
-0.1510142832994461
0.32383379340171814
-0.4485141634941101
-0.01878075674176216
0.37875741720199585
-0.3171719014644623
-0.1688566654920578
0.19236457347869873
-0.20826828479766846
0.14999644458293915
-0.12771780788898468
-0.4154127240180969
0.04214887693524361
0.19648325443267822
-0.5540007948875427
0.20007531344890594
0.13359704613685608
-0.43480008840560913
-0.20744538307189941
0.006822037510573864
0.5853228569030762
-0.3531471788883209
-0.35275691747665405
0.28265485167503357
-0.4278532564640045
0.48684948682785034
-0.5640336871147156
-0.06942276656627655
0.12637674808502197
-0.056501783430576324
-0.0922374352812767
-0.5950962901115417
0.09673086553812027
-0.10454622656106949
-0.008536482229828835
0.1670495569705963
-0.5975772142410278
-0.05977439880371094
0.3507375717163086
-0.3186931908130646
-0.4569057822227478
0.5416585803031921
-0.07212938368320465
-0.330963671207428
-0.21669964492321014
0.18108151853084564
0.49852195382118225
-0.9051491618156433
-0.0866563469171524
0.28361475467681885
-0.08171121776103973
0.2378968447446823
-0.9821987152099609
0.04084549471735954
0.32423990964889526
0.43726053833961487
-0.4991611838340759
-0.5486220121383667
-0.5560580492019653
-0.3514145314693451
1.505558967590332
-1.142006516456604
-0.3739926218986511
0.834394097328186
-0.12474975734949112
-0.37577760219573975
0.3737163245677948
0.008237361907958984
0.024955416098237038
0.03529524803161621
0.01031348668038845
0.33715441823005676
-0.3049454092979431
0.027445387095212936
0.22843365371227264
0.31618863344192505
-0.217564195394516
-0.22568145394325256
0.14089687168598175
0.35553550720214844
-0.24528583884239197
-0.15284287929534912
0.21903905272483826
0.04772935062646866
-0.1984071284532547
0.09395952522754669
0.3276609182357788
0.19259802997112274
-0.16658344864845276
-0.1914336234331131
0.12712180614471436
0.20832040905952454
-0.2112315595149994
-0.06003770977258682
0.24852311611175537
0.01086411438882351
-0.062488652765750885
-0.19983991980552673
0.3229949474334717
-0.017613481730222702
-0.04182593896985054
-0.05975594371557236
0.016188621520996094
0.022568369284272194
-0.020450066775083542
-0.1442461460828781
0.1088416799902916
0.20493516325950623
0.0481598861515522
-0.2052597552537918
0.15026168525218964
-0.22561784088611603
0.10145187377929688
-0.04478015750646591
0.007569265551865101
0.14475640654563904
-0.13217143714427948
0.08881108462810516
0.08014822006225586
0.1909392774105072
0.21486802399158478
-0.07893829047679901
0.0951964408159256
-0.23035359382629395
0.15703549981117249
0.2802983224391937
0.0184310432523489
-0.1200890988111496
-0.04071474075317383
-0.12863688170909882
0.31372907757759094
-0.21809427440166473
0.3016565442085266
0.17986448109149933
0.2419184148311615
-0.1062837615609169
0.06957297027111053
-0.35255011916160583
0.2806531488895416
-0.011284088715910912
0.18766120076179504
-0.612420916557312
0.1904377043247223
-0.17553062736988068
-0.267007976770401
-0.16141775250434875
0.08347110450267792
0.2855588495731354
-0.48509660363197327
-0.07591581344604492
0.15707990527153015
0.2797265648841858
-0.355360209941864
-0.41990718245506287
0.32000240683555603
-0.6633931398391724
0.009678984060883522
-0.22819706797599792
3.265064239501953
-1.1716840267181396
0.8373405337333679
1.5101938247680664
-0.7277621626853943
0.045853711664676666
0.4196390211582184
-0.18413260579109192
0.36507001519203186
0.03293227031826973
0.04752392694354057
0.09787774085998535
0.05068162828683853
0.5244364142417908
-0.2186015099287033
0.04673147201538086
-0.06244006007909775
0.1163320317864418
0.13232366740703583
0.27693426609039307
0.29903751611709595
0.04153211787343025
-0.3454670310020447
0.12935610115528107
-0.0013005733489990234
0.21345281600952148
0.07772624492645264
-0.25123244524002075
0.2775922119617462
-0.060936830937862396
0.003903460456058383
0.04002056270837784
0.10149946063756943
-0.05782458931207657
0.01613302156329155
-0.08548416942358017
0.3064629137516022
-0.12868940830230713
0.2731933891773224
0.04764609411358833
-0.3940736651420593
0.2871006429195404
-0.47556382417678833
0.6040855646133423
-0.14743180572986603
-0.011618256568908691
0.07350518554449081
-0.2811157703399658
-0.033930111676454544
-0.02060728147625923
0.31966692209243774
-0.1504932940006256
-0.31415969133377075
0.1761941909790039
-0.2628384232521057
0.06666622310876846
0.10381977260112762
-0.49075230956077576
-0.07137727737426758
-0.18342915177345276
0.16942211985588074
-0.23194053769111633
-0.23325148224830627
-0.02008337900042534
0.18111303448677063
-0.3278358280658722
-0.03267699480056763
-0.10448477417230606
0.24427521228790283
-0.30332234501838684
-0.013937687501311302
0.2282753884792328
-0.19000239670276642
-0.5022224187850952
0.04299189895391464
0.2668282389640808
-0.7289162874221802
0.26326942443847656
0.23577341437339783
-0.2200307846069336
-0.29129695892333984
0.13133403658866882
-0.033832140266895294
-0.22387030720710754
-0.01873781345784664
-0.03383774682879448
-0.4403480589389801
-0.10274212062358856
0.1668344885110855
-0.0902949795126915
-0.28153306245803833
-0.5098649263381958
0.6512137651443481
-0.698822021484375
-0.09989901632070541
-0.17483723163604736
0.4257553219795227
-0.4048217833042145
-0.5906400680541992
0.7081900835037231
0.005974101833999157
-2.4282100200653076
3.478598117828369
-2.1143956184387207
-0.6806497573852539
-0.200882226228714
0.733517050743103
0.17853593826293945
-0.48060768842697144
-0.01177744846791029
0.4133168160915375
-0.2899300158023834
-0.06081423908472061
-0.05277447775006294
0.018106555566191673
-0.06064615398645401
-0.1927720606327057
0.12214634567499161
0.009772944264113903
-0.1399119794368744
0.13464513421058655
0.21857912838459015
-0.08809880912303925
-0.2757224142551422
-0.11521311104297638
0.21109125018119812
0.10112776607275009
-0.3281434178352356
0.43285441398620605
-0.18660183250904083
0.09963426738977432
0.03688955307006836
0.03248186036944389
-0.020992040634155273
0.01664881780743599
-0.10624027252197266
0.17876267433166504
-0.3030048906803131
0.2785813510417938
0.22370903193950653
0.07038426399230957
-0.20322422683238983
0.24811990559101105
-0.05046524852514267
0.1560128629207611
0.09538459777832031
-0.020084142684936523
0.02110462263226509
-0.2859591543674469
0.10322032123804092
0.03748970106244087
-0.03287940099835396
0.12073977291584015
-0.1888478696346283
-0.160603329539299
-0.006626939866691828
0.2587199807167053
0.031853627413511276
0.04889807850122452
-0.24581532180309296
-0.059937428683042526
0.3242514133453369
0.18454527854919434
-0.11023235321044922
0.21939893066883087
-0.018753862008452415
-0.14525830745697021
-0.11690845340490341
0.24623629450798035
-0.0421539768576622
-0.0021143436897546053
-0.08783416450023651
0.27997124195098877
-0.4800090789794922
0.1464298963546753
-0.20617440342903137
-0.179701566696167
-0.1580333709716797
-0.11917891353368759
-0.05312554910778999
-0.015210533514618874
0.005687999539077282
-0.26924043893814087
0.0669565200805664
-0.046567726880311966
0.011687660589814186
0.31307435035705566
-0.1407519280910492
0.07503409683704376
0.46876969933509827
0.013273906894028187
-0.03310408443212509
0.0976715087890625
0.22602128982543945
-0.014127397909760475
0.020867586135864258
0.11502835899591446
0.13171057403087616
-0.027765441685914993
-0.350407212972641
4.2653913497924805
-1.3808377981185913
0.7030986547470093
1.3444665670394897
-0.1658274382352829
0.09096561372280121
0.13521024584770203
0.5179256796836853
-0.18922582268714905
0.2807766795158386
0.21575486660003662
0.23908281326293945
0.29942750930786133
-0.29859861731529236
0.4729999899864197
0.11084413528442383
-0.3816215693950653
0.359261155128479
0.2870278060436249
0.23704293370246887
-0.05142710357904434
0.4291466772556305
-0.17428120970726013
0.1316070556640625
0.3348097503185272
-0.13997693359851837
0.2515909671783447
0.3974681496620178
0.03780825063586235
-0.0489308126270771
-0.18449895083904266
0.6263689994812012
-0.4538561701774597
0.31885260343551636
0.024002980440855026
0.0067188977263867855
0.041214920580387115
-0.011886214837431908
-0.18855342268943787
-0.09650067985057831
0.5210698246955872
-0.04265396669507027
-0.005863642785698175
-0.06182820722460747
-0.12543714046478271
0.15090695023536682
0.1181466355919838
-0.08766055107116699
-0.19987614452838898
0.08204593509435654
0.08410622924566269
-0.41520825028419495
0.5925080180168152
-0.6060579419136047
0.23856332898139954
-0.0026123523712158203
-0.39422178268432617
0.24043050408363342
0.14065952599048615
-0.08127157390117645
-0.5064449310302734
0.23859062790870667
0.03407374769449234
-0.361503541469574
-0.255058616399765
-0.032698966562747955
0.3144516944885254
-0.3013152480125427
-0.34687602519989014
-0.08605030924081802
0.24362628161907196
0.09761825948953629
-0.7329408526420593
0.06306757777929306
0.3759271502494812
-0.347820520401001
-0.35386720299720764
0.23154504597187042
-0.17601092159748077
-0.00845609325915575
-0.18850180506706238
-0.3105964660644531
0.34321674704551697
-0.19812360405921936
-0.1581321656703949
-0.21591714024543762
0.3426387310028076
-0.298719584941864
-0.042973197996616364
-0.32604196667671204
-0.02327325940132141
0.18644265830516815
0.002970027970150113
-0.5858475565910339
0.6354981660842896
-0.10611486434936523
-0.5090427398681641
0.4354170858860016
-0.44584131240844727
0.36210381984710693
0.27571266889572144
-2.5032217502593994
-0.7771299481391907
3.5037741661071777
-3.4233577251434326
0.34282511472702026
1.0866867303848267
-0.6923345327377319
-0.062027789652347565
0.8965190052986145
-0.05242209509015083
-0.1747206747531891
-0.12058167159557343
-0.08962175995111465
0.21720269322395325
-0.034306954592466354
-0.28722497820854187
0.043303512036800385
0.2336316555738449
-0.21788553893566132
0.17937390506267548
-0.337546169757843
0.20330440998077393
0.10023198276758194
-0.2999388575553894
-0.11711187660694122
0.16655921936035156
-0.12347368896007538
-0.026186775416135788
0.15138837695121765
0.09933841228485107
-0.040664054453372955
0.040882658213377
-0.09462924301624298
0.027696847915649414
0.18450990319252014
0.06062335893511772
0.10591578483581543
0.001002836273983121
0.22596189379692078
-0.21620389819145203
0.2644406259059906
0.11437296867370605
-0.33660849928855896
-0.10195370018482208
-0.24968624114990234
0.33087387681007385
0.23008379340171814
-0.19622334837913513
0.17009134590625763
0.17738449573516846
-0.00961768627166748
0.028630351647734642
-0.09264159202575684
-0.07365808635950089
0.14657887816429138
-0.28164663910865784
0.01029295939952135
0.2851954996585846
-0.08598935604095459
0.23607249557971954
-0.39034152030944824
-0.05334486812353134
0.2026500701904297
0.0812775120139122
0.35227862000465393
-0.2360014021396637
0.05346279218792915
-0.07796716690063477
-0.14935049414634705
0.014507198706269264
0.03117051161825657
0.3771629333496094
-0.21293845772743225
0.13498373329639435
-0.15871600806713104
-0.11264777183532715
-0.011087680235505104
0.06429052352905273
-0.2566138803958893
-0.04961276054382324
0.192450612783432
0.2868700921535492
-0.04131131246685982
-0.3826782703399658
0.32122915983200073
-0.12756642699241638
-0.25226688385009766
0.8252840042114258
-0.28747597336769104
0.443881094455719
-0.2575082778930664
-0.0038903236854821444
0.43619847297668457
0.048657942563295364
-0.0281617883592844
0.007669353391975164
0.07293887436389923
0.1278863400220871
-0.2124149352312088
3.1277198791503906
-1.3167508840560913
0.9015579223632812
1.5617117881774902
-0.29955944418907166
-0.20812764763832092
0.5267757177352905
-0.016772378236055374
0.3669663965702057
-0.047635722905397415
0.17219524085521698
0.19528067111968994
0.17755579948425293
-0.028912996873259544
0.050175249576568604
0.26710212230682373
0.27998724579811096
0.14768217504024506
0.21735242009162903
-0.24822446703910828
0.36729931831359863
0.1769849956035614
-0.045108892023563385
0.1961515247821808
-0.29323363304138184
0.5333635210990906
-0.3112565875053406
-0.25155842304229736
-0.03680839389562607
0.48971810936927795
-0.19131533801555634
-0.019942570477724075
0.2801923453807831
0.027565550059080124
-0.18128950893878937
-0.1458042562007904
-0.030648160725831985
-0.22057509422302246
1.0046107769012451
-0.6656869649887085
0.18972405791282654
-0.06022606045007706
-0.09989406913518906
-0.02192692831158638
0.025174856185913086
0.006689238362014294
-0.19747939705848694
-0.022708941251039505
0.2687337398529053
-0.09139750152826309
0.2592879831790924
-0.4426179528236389
-0.17502517998218536
0.16069070994853973
0.12591221928596497
-0.0028915167786180973
-0.48954614996910095
0.02941875532269478
0.1650230586528778
-0.4459570050239563
0.4595619738101959
-0.19383826851844788
-0.6922454833984375
0.15037353336811066
0.37209823727607727
-0.41558775305747986
-0.41713055968284607
0.011870026588439941
0.49068504571914673
-0.6267616748809814
0.14168348908424377
-0.3450005054473877
0.08070532977581024
-0.08524297177791595
-0.459941565990448
-0.03151707723736763
0.22665193676948547
-0.14560852944850922
-0.5264605283737183
0.23660755157470703
0.26163798570632935
-0.6136296987533569
-0.15761253237724304
0.39294832944869995
-0.5833674669265747
0.4605076313018799
-0.6775265336036682
-0.2826780676841736
0.502742350101471
-0.10202436149120331
-0.28630509972572327
-0.42193087935447693
0.4530200958251953
-0.3955755829811096
-0.2117290496826172
-0.07769880443811417
-0.1169963926076889
-0.21358540654182434
-0.18508024513721466
0.5508027672767639
-1.1959502696990967
0.8075672388076782
-2.848231554031372
2.7033870220184326
-0.366665780544281
-0.6380208134651184
0.029410887509584427
0.6937316060066223
-0.3454490303993225
0.0653013214468956
0.34322667121887207
-0.10176105797290802
0.05627722665667534
0.05588073655962944
-0.1768680065870285
0.21569208800792694
-0.10617055743932724
0.0012736320495605469
0.07705459743738174
-0.19922569394111633
0.3200467526912689
-0.13404445350170135
0.044455815106630325
0.010960245504975319
-0.457072913646698
0.44263124465942383
-0.16052508354187012
0.061475276947021484
0.14384262263774872
-0.05608654022216797
-0.0016720294952392578
0.11450059711933136
0.07366089522838593
-0.08637313544750214
-0.053885698318481445
0.2751985788345337
0.0666445717215538
-0.07890768349170685
0.13515253365039825
-0.15059523284435272
-0.13871411979198456
0.3319026827812195
-0.1357409954071045
-0.3839813768863678
-0.06556782871484756
0.2826550006866455
0.20858435332775116
0.08410344272851944
-0.031374454498291016
-0.09854049980640411
-0.04204404354095459
-0.12123560905456543
0.19205017387866974
0.2791879177093506
-0.3525664210319519
-0.04894895479083061
0.21653051674365997
-0.15363764762878418
-0.2814158797264099
0.1454770863056183
-0.08112978935241699
-0.19116444885730743
0.10096464306116104
0.38859787583351135
0.08475804328918457
-0.16125497221946716
0.24493785202503204
-0.25044170022010803
0.14382243156433105
0.10121402889490128
-0.08323154598474503
-0.08097589015960693
0.47291478514671326
-0.21884675323963165
0.05387554317712784
-0.138967365026474
-0.15215714275836945
0.17949147522449493
0.10954494774341583
-0.07635088264942169
0.169216588139534
0.11680779606103897
-0.5022295117378235
0.2117268145084381
0.030399274080991745
0.26380953192710876
-0.4977750778198242
0.2892347276210785
0.11344103515148163
-0.3643108606338501
0.07415547221899033
0.3259285092353821
-0.02512187883257866
-0.35886043310165405
0.14405255019664764
0.3442232310771942
-0.1390027105808258
-0.062082815915346146
0.8163518905639648
-0.26628080010414124
3.3541252613067627
-0.11566531658172607
0.4051804542541504
1.1536598205566406
0.07388931512832642
-0.29689040780067444
0.4159638285636902
-0.0539468452334404
0.3535916805267334
0.3386761248111725
-0.15240323543548584
0.13997402787208557
0.0897025465965271
0.1119384765625
0.060826826840639114
0.14819449186325073
0.0089107695966959
0.27478843927383423
0.15430939197540283
0.07967738807201385
0.31347766518592834
-0.44648152589797974
0.14498481154441833
0.2881518006324768
0.06401379406452179
-0.09477617591619492
0.36220183968544006
-0.12812349200248718
0.22092334926128387
0.21207766234874725
-0.2102055847644806
0.10566253960132599
0.01046521682292223
0.14290133118629456
0.04050543159246445
0.2105131596326828
-0.0534786581993103
-0.4980835020542145
0.5400537252426147
0.07005975395441055
-0.08850238472223282
0.09205178916454315
-0.17075829207897186
0.199782133102417
-0.112116739153862
0.13849672675132751
0.056183408945798874
-0.34647178649902344
0.3072654604911804
-0.35116681456565857
-0.15064755082130432
0.44159001111984253
-0.16930389404296875
-0.39200785756111145
0.3611491024494171
-0.28217560052871704
-0.10723628848791122
0.33405396342277527
-0.4356892704963684
-0.1609003245830536
-0.02796344831585884
0.01591043546795845
-0.23298415541648865
-0.09388778358697891
-0.2527396082878113
0.41542500257492065
-0.09829193353652954
-0.32956597208976746
0.16093707084655762
-0.45860758423805237
0.06745386868715286
-0.02207777462899685
0.13670289516448975
-0.5191811323165894
-0.013558161444962025
-0.028117859736084938
0.30524006485939026
-0.5411121845245361
0.7990908622741699
-0.5662041306495667
-0.2525378465652466
0.36849871277809143
-0.27803507447242737
0.3436545133590698
-0.7956996560096741
0.07767363637685776
0.32461017370224
-0.46801477670669556
0.2538849115371704
-0.7837487459182739
0.4010826647281647
0.23494663834571838
-0.6261229515075684
0.24805784225463867
-0.10389664024114609
-0.667566180229187
0.4517194330692291
0.11906658113002777
